/*--------------------------------*- C++ -*----------------------------------*\
| =========                 |                                                 |
| \\      /  F ield         | OpenFOAM: The Open Source CFD Toolbox           |
|  \\    /   O peration     | Version:  v2012                                 |
|   \\  /    A nd           | Website:  www.openfoam.com                      |
|    \\/     M anipulation  |                                                 |
\*---------------------------------------------------------------------------*/
FoamFile
{
    version     2.0;
    format      ascii;
    class       volScalarField;
    location    "0.45";
    object      p;
}
// * * * * * * * * * * * * * * * * * * * * * * * * * * * * * * * * * * * * * //

dimensions      [1 -1 -2 0 0 0 0];


internalField   nonuniform List<scalar> 
6576
(
-429.015
-453.508
-420.264
-428.371
-436.43
-415.866
-415.999
-401.16
-422.748
-420.194
-417.693
-410.041
-396.851
-412.513
-319.837
-338.659
-374.27
-369.906
-342.077
-334.406
-378.266
-406.337
-414.643
-486.527
-314.086
-270.686
-196.498
-456.917
-460.354
-455.774
-448.456
-438.411
-400.115
-302.608
-285.663
-300.337
-328.723
-325.071
-319.228
-321.159
-358.69
-402.527
-351.264
1628.04
1274.6
1752.79
1408.14
1554.74
1808.71
1834.72
1586.48
1725.04
-3.64895
-4.22268
-3.42583
-4.03845
-4.909
-5.51952
-4.26133
-2.90068
-3.28132
-2.95685
-2.79466
-2.8443
-2.82229
-2.90533
-1.68717
-1.87165
-1.97954
-1.99785
-1.90039
-2.25555
-2.10406
11.44
10.9661
10.9263
10.8384
11.3047
11.1266
10.8203
8.97024
8.73819
9.53156
10.1191
9.77688
9.91773
9.5967
190.312
88.8862
63.6766
64.8996
92.7535
123.884
187.817
266.812
266.814
308.51
251.256
259.679
309.71
337.229
651.111
811.208
597.923
686.954
673.512
590.028
539.914
1812.03
1806.52
1800.63
1737.15
1842.86
2101.05
-3.13081
-2.86677
-2.57545
-2.58084
-2.41032
-2.37485
-2.79066
-20.0252
-12.4854
-98.8863
-132.692
-112.858
-15.1267
9.40892
-2.07574
-3.21766
-2.65237
-3.10642
-4.22229
-2.47085
-5.13524
-7.22533
-6.79321
-7.38456
-4.64325
-5.16423
-4.81311
-5.11587
-6.31294
-5.17936
-7.89002
-4.07541
-2.68831
-4.33901
-4.05061
-8.82033
-9.65489
-10.486
-8.47516
-12.0459
-12.0248
-9.76657
-5.52588
-5.01494
-3.87982
-5.00908
-4.49023
-3.24838
-2.75612
-3.56383
-3.72156
-5.43415
-5.91015
-5.28739
-5.35732
-6.33576
-6.36115
-5.62364
-4.29562
-4.10679
-3.8008
-4.26013
-4.12395
-3.55029
-3.70483
-3.64796
-3.53939
-3.8988
-3.89872
-3.81492
-3.91409
-3.95361
-3.7592
-4.09694
-3.96293
-3.97278
-3.80509
-3.83159
-3.67091
-3.81276
-3.86617
-3.80526
-3.90044
-5.20336
-3.89192
-4.53592
-4.3453
-4.83359
-4.1474
-4.0013
-2.66874
-3.34519
-3.82037
-4.52484
-3.84523
-4.49816
-4.81575
-4.10111
-5.49445
-2.82425
-0.650999
-2.71003
-5.09516
-5.38043
-3.35914
-3.31268
-3.37929
-3.3843
-3.33165
-3.35025
-3.4168
-3.50088
-3.42396
-3.52856
-3.4907
-3.52951
-3.61351
-3.56622
-3.80837
-3.83878
-3.84428
-3.764
-3.79054
-3.77575
-3.77792
-4.35099
-4.14882
-4.32031
-4.11667
-4.06952
-4.2807
-4.28375
-5.11467
-5.61952
-5.59823
-4.94439
-4.72976
-5.05585
-4.89349
-5.29549
-5.37527
-9.00276
-10.3033
-11.446
-7.08956
-8.49292
-8.56716
-9.95041
-11.0972
-14.5167
-14.9964
-7.61931
-6.53767
-10.9719
-12.4993
914.967
910.547
773.609
1082.31
797.188
717.179
1343.76
726.248
1238.96
1100.13
1111.73
1040.05
972.881
664.682
878.434
408.868
-168.248
-116.566
-12.111
-60.805
6.40617
-114.208
-201.138
-106.102
-192.802
1061.56
1006.65
1046.35
96.8498
319.921
-156.127
378.895
320.157
11.4046
187.431
3.51961
3.11478
3.22989
3.32138
3.68359
3.61494
3.32475
6.67843
1.92489
1.48959
5.56191
3.67882
2.93956
2.60136
2.72123
2.74455
-0.321671
-0.177171
-1.01922
0.00424769
1.27013
0.997652
0.756639
-183.499
-184.092
-183.5
-184.263
-184.057
-183.072
-182.942
-181.758
-183.161
-183.832
-183.378
-185.375
-184.352
-184.21
-183.268
-181.98
-174.656
-170.169
-159.814
-171.935
-169.93
-164.918
-163.422
-160.214
-166.385
411.055
787.922
355.253
415.885
506.352
260.193
493.726
1184.96
1044.42
1083.18
1187.87
958.771
364.363
855.952
1082
1388.08
-166.073
-174.705
-148.378
-149.625
-157.55
-188.159
-194.146
-183.356
-184.338
-183.392
-183.38
-184.952
-183.559
-183.154
-1.07827
-1.68317
-1.52469
-1.50154
-1.96567
-1.38022
-1.83099
-1.63863
-1.43629
3.18358
5.12503
5.04943
4.85065
4.3556
3.32561
2.76218
7.13876
8.09167
6.9166
8.13283
8.58417
7.87616
8.21398
7.39266
7.38953
14.3242
14.2267
13.7285
12.3219
13.9646
14.6254
14.1828
21.0125
5.73282
-51.9521
38.0383
9.04175
5.20646
-6.72933
-5.48745
-4.89649
-4.725
-5.66973
-5.02851
-5.05101
-4.68534
-4.08375
-3.79652
-3.43628
-3.13058
-3.31988
-2.77563
-2.82446
-4.49799
-4.15445
-3.20625
-5.17311
-5.42891
-4.42148
-3.62407
-6.37368
-4.55886
-6.51634
-6.22585
-5.5627
-6.59923
-6.30373
-6.95097
-6.5679
-4.53013
-4.13235
-0.187454
-10.2793
-6.58538
-3.3511
-4.16063
2.68456
-5.3368
3.9318
-2.37265
3.68878
-12.5909
-3.49115
8.71239
9.20489
9.88804
4.87999
0.00616806
5.12752
1.00256
-3.08177
12.2841
11.3754
13.057
-8.32016
25.3297
28.4779
3.61463
-4.95515
12.1322
-2.26483
-9.66285
7.23585
0.208993
-9.17973
26.3149
17.6659
-1.3876
-11.2251
2.82269
-7.9177
-13.0778
-11.3103
-11.6244
-2.94519
-2.42905
-9.70033
-14.604
-15.1179
-9.26802
-10.3064
-15.2103
-15.2524
-13.0308
-14.6883
-4.35056
-15.4029
-2.82491
-3.70157
-4.70952
-2.69278
-2.27894
-2.85693
-2.56884
-3.28104
-3.18335
-2.96694
-2.30734
-3.837
-1.96363
-2.15842
-2.97463
-2.41688
-2.28624
-1.41377
-2.87741
-2.17315
-2.90859
-2.80612
-2.51679
-2.60913
-2.91973
-2.64992
-2.63301
-2.32464
-2.75219
-2.6414
-2.68651
-2.64427
-2.64315
-2.50547
-3.01068
-3.18937
-3.10964
-3.30072
-3.15891
-3.22319
-3.12016
-3.52299
-3.33807
-3.43542
-3.57963
-3.42223
-3.31626
-3.42196
-3.91597
-3.73421
-3.55774
-3.80176
-3.69689
-3.73358
-3.89558
-5.10757
-5.1358
-4.74601
-5.05349
-5.33649
-4.27086
-4.10157
-4.19053
-4.09976
-4.20042
-4.11889
-4.22047
-3.75686
-3.57573
-3.6158
-3.79317
-3.63143
-3.62665
-3.74981
-2.62919
-2.3432
0.236639
-3.79143
-0.397001
-3.11314
-4.22149
1.25916
1.29664
1.25999
1.37097
1.31742
1.31246
1.35931
1.29129
1.18123
1.25998
1.43619
1.29055
1.37725
1.23608
1.18258
1.30847
1.99192
2.10242
2.00442
1.97712
1.90185
1.91943
1.83865
3.32964
3.54149
4.55397
4.11848
3.71001
4.69351
4.1679
9.01553
-0.720553
4.71673
3.43008
8.6689
-17.0937
15.3746
-60.8625
-27.9477
-25.0853
-9.41464
0.00688592
-13.9094
3.84133
-180.156
-178.855
-180.555
-181.961
-181.213
-181.251
-181.495
-174.657
-167.431
-188.054
-197.305
-194.931
-171.96
-178.428
-194.482
-190.204
-142.115
-216.162
-163.912
-198.846
-279.578
-238.607
-269.779
-115.456
-67.0288
-191.128
-165.244
-194.611
-174.744
-169.9
-178.976
-144.282
-185.146
-158.666
-158.303
-137.31
-109.142
-122.742
-157.239
-149.609
-169.81
-214.101
-216.198
-200.885
-334.597
-242.68
-236.129
3.66436
-42.0975
-39.2138
-119.611
-148.02
-167.625
-184.833
-173.327
-160.334
-171.144
-141.125
-163.753
-125.792
-54.473
-99.3576
-124.096
-97.7585
206.129
230.576
214.401
-181.189
-176.894
-179.273
-178.813
-176.183
-177.015
-179.261
-31.9229
-184.168
-76.1817
-174.002
-169.347
527.694
89.5691
132.373
507.53
-298.804
22.6536
610.667
685.205
660.246
1209.16
-78.9688
1.15013
-26.035
30.0794
-53.2373
18.7483
-68.9748
286.304
195.482
148.868
135.957
259.616
-0.395046
-54.8178
42.2649
-10.5305
447.346
325.791
276.106
-196.145
-228.487
-231.827
-180.335
-194.619
-131.436
-19.8104
-186.295
-173.101
-145.751
94.1489
51.3135
36.5002
28.0276
4.77977
-110.293
-29.7205
47.8202
-23.6541
-19.0041
-223.963
-145.583
168.719
-54.4382
-78.6459
13.8442
-154.824
-190.618
-33.1964
-130.732
-140.683
-123.148
-119.964
-183.398
-186.124
-178.886
-200.757
-178.875
-155.681
-194.866
-155.017
-157.668
-140.263
-119.212
-182.955
-153.926
-153.859
16.5721
-15.6411
18.6106
10.7938
-7.04108
5.90058
-6.23687
-23.8322
-27.098
-45.3831
-67.2722
-44.8218
-48.3322
-46.1968
-50.7639
-25.2233
-36.6192
-30.5488
-36.4178
-42.2956
-8.269
-2.21431
1.17682
-10.8766
4.69714
6.53843
3.78829
-1.31406
0.219307
0.541662
-1.74632
0.441006
1.75868
-0.932912
0.144029
-0.768079
-0.872073
-0.0971001
-1.51305
26.7402
28.3625
24.8385
23.8825
25.507
21.1096
19.7808
-1.17752
-1.094
-0.738927
-2.76485
-3.35804
-3.3501
-2.65516
-1.27884
-0.511216
-1.41862
-1.67027
-1.22702
-1.64302
-2.08019
-3.57672
-4.26276
-4.20044
-3.68408
-5.35347
-21.1609
-21.2624
-18.021
-21.6281
-22.2834
-21.8819
-20.4298
-13.9099
-13.0081
-18.1933
-8.70631
-12.6272
-15.7361
-11.3189
5.16344
5.28974
3.69573
5.26258
5.60336
6.21688
3.83813
14.2306
-15.8586
1.02427
15.0473
-16.3611
-4.21282
10.3412
12.6258
-8.47734
12.245
5.41959
3.97201
-2.46795
7.49716
-11.0729
3.05067
-3.07918
-5.69684
5.50683
4.28979
-12.9542
-7.78253
-8.29791
-17.7319
-25.0253
-20.5538
-2.55429
-2.59257
-22.4623
17.1414
10.9883
-9.18477
-20.3615
-14.3544
8.59249
5.81735
-11.6969
1.57732
-1.69033
-2.19101
-1.30593
-1.02197
-1.66301
-1.45537
-0.958359
-2.55795
-1.71572
-0.896679
0.192542
-0.772597
0.103699
0.835233
-2.45109
-2.30376
-2.34412
-2.44916
-1.77085
-2.41582
-2.39347
-2.57575
-1.96655
-2.26112
-3.31041
-2.75208
-2.7704
-2.55187
-2.70623
-2.82771
-2.69216
-2.51913
-2.75844
-2.92059
-2.53469
-2.60994
-2.76815
-2.7527
-2.91311
-2.61146
-2.6863
-2.70275
-2.64122
-2.8444
-2.76624
-2.91507
-2.83185
-2.74786
-2.84593
-2.90649
-2.91845
-2.87107
-2.88799
-2.95047
-2.89264
-2.87283
-2.89492
-2.74313
-3.0314
-2.87505
-2.80934
-2.96369
-2.78818
-2.84456
-2.83931
-2.8522
-3.57784
-3.55532
-3.78371
-3.48775
-3.44755
-3.60139
-3.51051
-3.76136
-3.77427
-3.74301
-3.79466
-3.70142
-3.74951
-3.66804
-3.945
-3.91455
-3.97576
-4.06835
-3.92545
-4.10482
-3.52897
-2.9527
-4.22029
-5.30212
-4.79585
-5.21577
-6.90888
-4.68964
-5.1674
-5.04929
-5.18398
-5.35243
-4.81456
-4.63167
-5.81049
2.92767
2.49313
2.58089
2.88965
2.51583
2.53986
2.66982
2.61042
2.73129
2.21367
2.12548
1.90537
2.36554
2.54583
2.36083
2.06272
2.51131
2.32428
2.19151
2.15042
2.34474
2.54342
2.25719
3.25881
3.35247
3.30572
3.14535
3.45282
3.16457
3.44145
3.42653
3.1173
4.18368
4.05363
4.14114
3.84923
3.97457
4.12317
4.09535
27.9427
-103.918
29.9862
38.2728
-14.4272
239.872
52.629
-0.769968
-124.479
36.9443
-110.298
54.0452
12.0274
13.4075
-129.148
-34.0918
132.6
-62.4751
-56.9069
-32.6489
-8.47515
41.6529
24.9518
-129.916
-92.5221
-131.671
-104.513
28.8801
-143.952
-45.2207
-119.484
14.0167
-80.9527
-353.495
-147.229
-295.87
-103.056
-149.274
-134.548
-184.799
-185.574
-183.549
-183.132
-183.475
-183.937
-184.267
-13.1109
-160.088
-120.938
-65.5745
-41.284
-126.581
-77.9727
-86.327
-143.677
-88.9273
80.0361
-247.091
-62.2585
-127.383
43.2007
-43.5653
-13.7833
-15.4048
1.03407
74.9894
27.9751
6.77498
22.248
42.7839
-47.3734
-33.1206
73.8661
11.7871
26.9711
149.127
55.5387
-32.6991
-20.4304
-41.4348
-62.2204
-57.6522
-59.1408
-46.497
-47.0839
-50.2578
-40.6277
-43.9791
-52.7648
-33.4522
-22.6713
-6.0499
-23.9903
-15.2819
-38.9867
-39.7466
167.596
205.365
271.064
258.806
219.033
199.622
157.678
111.763
91.3005
194.274
173.398
209.372
152.854
145.122
21.9435
29.6354
28.8781
-4.0914
5.57739
26.5571
26.0124
-0.516724
-73.9112
40.9754
25.0287
11.3262
17.6506
3.5907
10.1823
6.65771
10.6644
11.3906
10.595
10.293
10.2241
11.2889
11.389
11.0257
11.0162
11.1037
10.7084
10.783
9.12471
9.38122
10.5821
10.2801
10.184
9.34632
9.59959
-6.99493
-5.7467
-6.72303
-9.54106
-9.48949
-7.79798
-8.32228
-18.6577
-20.9695
-23.1977
-16.7848
-13.5999
-17.6082
-19.3424
-14.9777
-17.4081
-10.7888
-8.29206
-10.8024
-15.9309
-15.3211
-4.58033
-2.00778
-5.37872
3.27077
-0.153916
-4.92649
-1.96686
3.18471
3.78022
4.95176
4.00078
3.62906
3.82795
4.11327
5.44185
6.83097
5.01658
4.12333
4.56515
3.21152
3.30937
3.9399
3.09549
9.93514
9.01152
-3.89019
-1.17672
-9.57686
-3.394
-7.32961
2.22872
3.75953
-2.75555
0.972988
2.0817
15.5708
-0.0171248
9.89338
2.80546
6.5225
8.92725
-2.57319
-9.95059
4.419
-13.5747
20.1163
14.7236
-8.49412
3.60422
-0.766592
-1.22369
12.5078
10.6145
8.88807
-7.00378
5.79684
6.58719
-9.83572
6.85534
14.4119
-7.9431
-8.23701
-12.0253
-8.04993
-9.57255
-10.5891
-13.2677
-6.1722
-6.98731
-4.47097
-6.1735
-5.82887
-1.89573
-3.05811
-2.51523
-4.93677
-2.49178
-3.90297
-4.89021
-6.75802
-6.30597
-6.45006
-4.9824
-5.89318
-5.93216
-5.35811
-2.0646
-2.34636
-3.03845
-1.59381
-2.44399
-2.42235
-1.51738
-2.62591
-2.74476
-2.64092
-2.70866
-2.49087
-2.5494
-2.55757
-2.59761
-2.58066
-2.61022
-2.61075
-2.62869
-2.98855
-2.84245
-3.00663
-2.95583
-3.22767
-3.02064
-3.17842
-2.49572
-2.5196
-2.60337
-2.59383
-2.64834
-2.81515
-2.68512
-2.7396
-2.6287
-2.67931
-2.91589
-2.97537
-2.88885
-2.83944
-2.8749
-2.87468
-2.89936
-2.93475
-2.91928
-2.84958
-2.89372
-2.86975
-2.84997
-2.85182
-2.85389
-2.84188
-2.82289
-2.91814
-2.90135
-2.9389
-2.85944
-2.87529
-2.90447
-2.87284
-2.89801
-2.84674
-2.80454
-2.95423
-2.92122
-2.94287
-2.96895
-2.95359
-2.98429
-2.97984
-2.89377
-2.95849
-2.96009
-2.9728
-2.92479
-2.974
-2.9778
-2.973
-2.99731
-3.00016
-2.99244
-3.00407
-3.00573
-3.00331
-3.13891
-3.0598
-3.13973
-3.07188
-3.14583
-3.07748
-3.1181
1.91729
2.11347
2.22154
1.88589
1.67134
1.88372
2.05537
2.48626
2.59539
2.59632
2.36211
2.64583
2.26383
2.45445
1.8808
1.66208
1.55594
1.67797
1.54082
1.6069
1.38027
2.50695
2.46923
2.68186
2.36457
2.11601
2.3797
2.34496
2.46789
2.41316
2.5506
2.53988
2.54563
2.50249
2.7717
2.74769
2.65475
2.41293
2.39737
2.44963
2.41493
2.37672
2.39608
2.40798
2.56011
2.76524
2.815
2.86718
2.93475
2.91192
2.84833
2.73281
2.5718
3.22371
3.31984
3.00986
3.33804
3.39798
3.26519
3.43604
3.35815
3.11668
3.0816
3.21433
2.86238
3.26473
3.28601
3.21194
3.08661
3.62972
3.62642
3.64671
3.5997
3.60046
3.61279
3.61692
3.57608
3.57915
3.43236
3.43131
3.41741
3.41082
3.50891
130.414
59.3707
110.655
53.1878
37.1656
51.7783
85.596
76.2608
45.348
102
92.7384
90.5252
132.234
95.2278
153.282
183.615
125.189
127.118
201.378
119.505
144.505
127.978
89.359
20.4257
166.497
135.381
99.8683
18.1728
186.525
185.335
151.006
237.053
228.222
241.388
243.44
242.756
232.442
106.621
208.344
207.421
146.326
121.955
-71.9405
-94.2215
-33.1232
-58.6075
58.8048
-4.71233
216.646
-134.984
23.9121
-77.3907
-29.833
56.1237
-162.803
-199.153
-156.842
-179.559
-176.282
-150.321
-160.582
-8.9994
-59.4656
-30.8425
-19.1493
-17.515
-11.2824
-4.8686
58.3977
2.33057
-25.3773
257.577
631.216
584.213
483.903
407.206
442.736
440.794
181.794
523.162
444.029
303.572
304.747
301.48
298.723
300.466
304.241
300.887
330.455
339.785
320.919
301.475
318.76
337.863
332.054
-11.5201
-13.7875
-15.6588
-6.44568
-8.23009
-11.8564
-9.45242
-9.35687
7.2417
0.510602
11.0716
11.2576
-6.35393
-21.8219
-3.2052
-8.51147
5.28369
2.71112
6.89853
4.90511
4.36399
20.9167
6.85138
1.90869
3.73268
2.95932
2.44227
4.39484
-4.81309
3.1015
-3.0528
-8.70988
8.33796
7.70732
5.62783
7.41536
6.91975
0.826786
6.2067
4.25652
5.01799
8.55023
7.66191
8.84273
7.66378
7.99024
8.50961
8.26659
9.01212
5.13563
14.0883
3.90334
7.52145
15.4013
14.2048
14.0996
-2.94175
2.74181
-3.6808
1.10925
0.659319
3.64747
70.1278
114.313
83.9189
102.069
171.817
119.941
89.7079
7.48968
5.19609
13.7624
22.373
17.1258
11.3516
42.6329
93.1242
172.255
120.816
129.449
192.465
-2.05162
24.5096
27.72
5.12131
8.7258
204.262
98.5949
197.931
43.9762
98.5802
16.8871
14.2372
8.85074
-1.61537
4.63215
-0.616614
4.44406
1.27327
2.96228
3.401
3.13124
4.14659
4.65497
-1.06611
2.97147
-3.81179
-5.3919
-4.46956
-0.74473
-3.62368
-3.87538
-7.19704
-2.54436
-1.13733
0.748815
-5.00117
-2.23676
-18.6147
-19.9606
-16.5416
-18.4653
-15.2471
-10.4674
-15.5818
-7.03359
-8.9198
-8.52458
-9.38471
-8.52393
-9.36558
-8.63746
-3.18292
-3.33269
-3.85282
-3.50031
-3.26379
-4.34413
-3.80051
-3.27093
-3.31727
-3.37494
-3.32929
-3.2815
-3.33545
-3.38869
-2.917
-2.95009
-2.93116
-3.00007
-2.9656
-3.00744
-3.00688
-3.00416
-3.01848
-3.05444
-2.99338
-2.95702
-2.99156
-2.96485
-2.98655
-2.95003
-3.00948
-3.01801
-3.01376
-3.00256
-3.00219
-3.01841
-3.03126
-2.90616
-3.20235
-2.83409
-2.9386
-2.93925
-2.68661
-3.17701
-2.83006
-3.0637
-6.25025
-3.13686
-5.54891
-5.54738
-3.16086
-6.95999
-5.0932
-5.45497
-236.662
-50.7017
-48.0175
-29.9233
-54.7921
47.751
-1.67862
-2.00774
-0.49691
-0.797804
-1.92105
3.03232
1.29926
0.0689947
-3.90192
-1.83896
-0.558125
-4.45253
1.50181
-1.15918
-1.78228
-2.14536
-2.30532
-2.45219
-2.31733
-2.14024
-2.07778
-0.788218
-1.80088
-1.6455
-2.57302
-2.42999
-3.01472
-2.62574
1.47096
1.23477
1.22023
1.34728
1.00636
0.644983
1.21256
-0.898112
-0.190298
-0.794893
-0.555964
-0.96628
-1.19256
-0.552772
-0.854364
-1.57688
1.63576
1.61872
1.42707
1.46016
1.03624
1.43115
1.65837
1.56995
1.55563
1.14854
1.27882
1.44062
1.04699
1.33025
1.93678
1.81984
2.21378
1.98974
2.25059
2.27835
2.55789
3.85206
3.59979
3.78712
3.81206
3.85455
3.79935
3.90571
3.41755
3.44447
3.31649
3.26389
3.10971
3.27028
3.39063
25.6125
26.3431
26.6299
17.7113
9.74194
6.85272
15.4248
15.0599
54.1182
11.0438
-39.8412
5.08019
19.1919
16.8229
-18.9061
13.5646
30.046
-8.29749
-4.74362
-60.2304
-35.5488
-20.2349
20.9923
233.601
154.851
192.047
166.343
159.818
189.343
171.248
149.655
254.49
169.713
255.036
207.673
259.636
181.443
182.526
184.7
190.853
151.932
167.971
155.082
120.325
220.121
122.359
99.3242
188.951
209.374
162.166
229.961
245.434
238.372
207.136
178.875
195.382
195.055
244.888
208.811
173.562
-14.7601
-8.22565
-30.2938
-29.139
-14.3427
-45.6173
-36.4582
96.3295
103.669
96.2661
184.148
111.666
193.876
143.573
293.655
257.597
307.412
240.592
265.394
304.211
253.406
345.492
335.831
340.294
309.836
304.136
318.005
324.26
1195.22
708.066
1585.11
691.086
839.165
926.2
1227.35
348.347
106.388
327.591
230.598
724.045
434.163
41.282
35.74
38.0107
37.842
33.7925
40.5542
40.6268
40.0572
29.7256
76.4369
37.1789
35.1641
75.8262
82.9436
153.588
220.948
105.468
263.309
252.87
157.554
207.106
426.46
308.829
401.05
391.014
413.468
312.135
379.343
261.177
244.518
262.036
407.069
281.704
352.336
271.793
288.156
264.115
261.031
176.72
25.5422
25.1206
142.092
175.501
87.4193
85.31
28.3368
16.9316
38.0255
29.8238
24.5472
14.2369
24.1612
23.5655
31.3804
33.7825
33.6737
36.0155
28.0955
22.8347
24.3698
22.7206
29.1074
16.6645
24.4784
19.5444
26.3752
-3.26052
-3.13583
-3.00013
-1.97382
-2.55946
-2.57735
-2.75619
-3.47015
-3.54788
-3.50761
-4.0776
-3.99262
-3.92846
-3.83238
-5.84544
-4.95505
-5.25613
-4.09563
-4.05302
-4.88653
-6.12319
-6.15594
-5.89827
-1.7236
-4.78684
-4.27452
3.91711
-5.82381
0.673253
33.9689
-20.341
-5.3185
-2.69316
-1.07232
-1.26337
-2.3349
-1.25754
-0.31335
-1.88286
-1.91934
-0.635077
0.488413
1.06841
0.685751
1.18706
1.23458
0.514615
-2.10835
-2.08595
-2.41852
-3.0625
-2.9578
-2.7739
-2.61297
-2.80158
-2.3962
-2.48812
-3.36043
-3.2151
-3.1146
-2.58575
-2.49976
-2.90754
-2.4098
-2.586
-2.31304
-2.80343
-2.97091
-2.83179
-2.95533
-2.85265
-2.7458
-2.61727
-2.18212
-2.35451
-2.61925
-2.26602
-2.4945
-2.91588
-2.80693
0.875112
0.342427
0.103108
0.548356
0.272133
0.385428
0.930945
1.81096
1.64436
2.3486
1.9088
1.77465
1.99997
2.47516
2.95201
3.12853
3.64475
2.76162
2.62276
2.76062
3.08322
3.47712
3.60525
3.23184
2.88629
3.08934
3.23311
3.13376
3.49083
3.35489
2.41416
2.72403
2.71847
2.4314
2.60567
2.75291
2.6744
4.29298
2.88484
1.53305
1.09458
0.0904575
3.12778
2.08491
5.32013
0.76486
1.39285
17.6044
9.81863
9.35202
2.20589
-1.2593
0.163707
2.07248
33.9788
-9.67994
1.39527
-0.470433
22.1482
11.7322
22.9716
29.1846
36.6441
5.24219
10.1343
37.5035
23.6083
27.7014
15.7393
16.0513
11.5963
-33.3709
199.399
8.56345
11.8872
13.8134
17.7995
19.9971
13.307
16.9769
41.7433
42.5598
44.2248
25.4688
19.8971
35.2156
33.8622
-0.807747
-1.07563
-1.73955
-0.0532761
-1.73977
-7.43772
6.62326
14.5894
7.80566
5.38984
17.9174
15.7705
3.17433
2.0229
2.45196
-9.27779
-4.8708
7.91113
7.10039
27.9062
3.6461
-6.67921
3.11306
-1.59891
50.6942
80.0842
56.1262
88.4409
55.6677
58.9399
27.7087
170.295
165.448
154.355
127.362
153.05
159.413
167.345
342.444
281.532
262.047
263.259
203.594
171.658
234.466
631.959
305.782
562.445
2730.69
1293.5
2384.15
2370.83
2807.7
3083.56
2259.23
2637.11
889.786
3124.01
2219.39
2578.67
2768.16
659.277
978.39
884.723
-141.203
520.377
-195.86
423.335
610.944
2916.78
1945.67
52.2882
385.434
404.082
382.182
462.104
132.934
197.061
-27.873
78.3009
383.403
186.906
203.372
151.114
178.34
132.597
137.358
110.743
-0.643404
-1.22613
-0.692697
-1.79833
-0.259609
1.02499
0.157005
-4.32796
-5.41393
-5.01692
-3.47418
-4.92664
-4.20929
-3.30463
12.7023
12.9967
9.96944
10.4526
15.0005
14.4146
12.0551
-0.838616
-6.77228
-8.61944
-5.46908
-4.79261
-7.44694
-6.30624
-2.2954
0.773119
-2.51207
7.92997
6.25571
4.35609
6.40473
-11.7314
-7.52258
-5.69107
-19.7019
-15.4803
-3.04818
-13.3572
1.24758
1.12874
1.2528
1.47062
1.09359
1.03965
1.26113
1.36844
1.63654
1.53886
1.44937
1.4144
1.47501
1.63104
1.45
1.35384
0.917403
0.50931
0.912158
1.38895
1.22366
0.769357
0.84322
-1.95048
-1.6289
-1.28318
-1.71445
-1.30367
-1.21919
-1.64587
-2.58794
-2.52025
-2.57902
-3.06252
-2.98504
-3.15175
-3.31032
-3.10455
-3.39948
-3.28784
-2.99559
-2.96052
-2.91917
-3.79753
-3.6771
-3.239
-3.82554
-3.45563
-3.47204
-3.39403
-3.18638
-3.30896
-3.61703
-3.63273
-3.66692
-3.65918
-1.59232
-1.48062
-1.22929
-1.44743
-1.36645
-0.855203
-1.05775
-1.03444
-1.15874
1.52553
1.14488
1.16257
1.36244
1.09653
1.26622
1.49346
2.18915
2.21378
2.34431
2.29668
2.20267
2.37175
2.13611
15.6569
9.35367
9.36135
1.66954
9.58062
0.776817
3.32547
-5.29425
8.71879
16.9204
8.69914
2.8804
10.0032
6.83548
-6.93809
7.6006
1.49343
3.97002
1.94846
2.40626
4.70146
1.43202
3.03142
-2.08248
12.5696
10.3582
3.58163
3.48772
3.51566
3.59204
3.54874
3.52647
3.57852
4.07143
4.36406
4.25329
4.48803
4.34469
4.25826
4.26899
4.41459
4.30312
4.63458
4.48451
4.40359
4.55037
4.65296
2.98425
3.17753
3.4278
2.58223
2.62724
2.65881
2.78596
2.04552
2.33506
2.4466
2.30228
2.46547
2.1445
2.35463
-1.73622
-1.50337
-2.86848
-1.13627
-0.779717
-1.40416
-1.91694
0.0587201
-0.910055
0.312619
-2.48659
-1.15039
0.267671
-0.692976
-1.53071
-2.03356
-1.51605
-1.17292
-1.72341
-5.53838
-5.1166
-7.12174
-7.89218
-7.4324
-10.0959
-10.7949
-6.68212
1.19162
0.971432
0.573193
-2.08422
0.129842
-2.77248
-3.16567
-3.33751
-2.89435
-1.03514
-3.92078
-4.45949
-4.41164
113.069
499.272
378.58
53.619
-135.407
-75.3687
-8.76537
15.3299
183.106
45.2988
318.777
-2.58114
17.0331
124.516
32.7189
-121.13
125.568
130.766
75.5536
51.8526
79.13
-49.4696
48.0815
-157.848
93.1998
7.23375
-382.775
-366.934
-347.062
-381.621
-390.444
-380.727
-381.485
-275.383
-99.9408
-109.486
-110.538
-237.437
160.656
-131.954
-111.188
-146.344
63.3947
162.336
-97.3707
179.822
-12.0139
-249.26
-259.743
87.067
310.118
98.237
164.181
89.515
-138.626
-63.4627
-52.7377
23.8916
-86.1867
86.4674
-166.303
-200.354
-119.037
-99.6307
-30.5531
-265.794
-146.068
-206.021
-175.703
2.99801
3.21114
3.15908
3.32169
3.27643
3.27643
3.20065
3.21178
2.91206
3.09897
3.04476
2.84062
3.10393
2.9666
-2.78975
-2.58606
-2.01035
-1.67683
-1.79218
-2.79451
-2.6354
-3.66285
-3.84156
-3.78059
-3.13129
-2.87352
-3.62493
-2.94197
-2.73121
-2.60325
-3.0716
-3.41885
-3.08564
-3.2728
-2.97971
-3.07098
-3.17126
-2.95305
-3.02054
-3.14781
-3.50706
-3.01704
-3.29058
-2.90233
-2.98638
-2.85779
-2.75787
-2.7729
-2.78954
-2.76407
-2.94464
-2.79871
-2.75123
-2.64086
-2.85887
-2.62244
-2.58528
-2.73064
-2.66244
-2.82304
-2.6239
-2.61137
-2.73715
-2.63654
-2.5657
-2.70274
-0.966954
-0.879756
-0.798428
-0.721009
-0.63842
-0.764981
-0.80579
2.09247
-0.2559
0.412574
-0.966494
2.14127
-0.717182
9.20476
1.21118
12.9388
3.18437
-1.45051
1.84706
3.39796
1.67521
6.75889
7.04344
1.86038
3.4079
3.15919
3.20217
3.46145
3.47459
3.32778
3.29127
3.16352
2.99125
3.08441
3.0766
3.13502
2.98046
3.10242
3.41721
3.40317
3.37654
3.2722
3.33152
3.29454
3.34516
3.51465
3.44259
3.52079
3.59696
3.5355
3.4604
3.5433
3.57419
3.52903
3.59193
3.58346
3.58741
3.55213
3.5084
3.82791
3.74118
3.77726
3.82666
3.8086
3.75715
3.6997
3.63843
3.67588
3.5978
3.66338
3.62553
3.5977
3.55731
2.90858
2.75565
3.12786
3.14258
3.29231
3.0946
2.92513
3.6938
3.57554
3.60897
3.62254
3.51374
3.51644
3.62924
3.52801
3.50981
3.17994
2.97551
2.91023
2.22339
2.79299
2.18443
2.22056
2.4052
2.07084
2.43192
1.91832
2.26482
3.38801
3.06411
3.13957
2.9141
2.5364
3.49403
3.33373
2.5335
2.48082
1.08689
-0.030903
-0.514496
0.599432
0.312964
-0.00599628
0.809333
3.03584
4.3387
3.63016
3.01442
3.18669
2.51382
2.57336
0.773612
-0.41912
0.141218
-0.418117
0.828028
1.48251
1.70729
2.53049
2.45457
0.800919
2.18311
2.17879
1.88125
2.46177
2.44339
2.95147
4.64897
3.86921
5.10687
4.74253
3.45762
36.3355
29.3104
87.9892
48.7087
52.1215
50.4409
46.5705
122.46
59.4664
-12.4317
374.648
253.685
357.696
198.674
132.523
344.779
228.946
12.9228
86.2821
39.6284
63.6717
-63.5319
81.655
156.291
360.786
246.182
390.424
306.42
355.128
458.232
556.114
393.473
365.625
213.5
-61.7962
53.6221
146.986
-144.932
-239.485
177.716
-1.15638
49.4918
77.3266
75.8537
71.1766
119.73
73.887
47.4754
472.108
479.744
412.155
482.681
484.545
479.77
451.781
82.5624
215.519
247.644
180.776
219.24
470.951
340.373
279.705
367.606
3.99989
51.9611
34.6436
27.9631
77.5371
135.766
42.4637
25.6648
106.104
-102.936
-27.339
-83.5785
-95.3667
-146.858
-51.1096
-97.8203
-361.084
-351.435
-247.399
-358.474
-367.593
-273.974
-323.102
-368.532
-375.08
-379.281
-360.027
-360.797
-381.545
-372.467
-370.268
-365.652
-369.419
-370.739
-369.809
-371.85
-369.883
-395.989
-421.95
-386.131
-374.471
-425.305
-392.94
-384.865
-266.888
-455.536
-392.225
-459.317
-515.204
-344.758
-430.785
-202.071
-87.5565
-472.778
-386.739
-454.6
-209.187
-363.66
-369.058
-341.443
-292.252
-335.344
-71.9363
-186.85
-431.435
-326.199
-176.084
69.9069
-441.646
-404.896
-452.509
-464.601
-436.913
-369.199
-379.242
-369.928
-369.734
-374.766
-369.291
-368.217
-367.557
-371.227
-371.251
-372.431
-371.219
-376.707
-371.978
-378.678
-376.016
658.611
489.165
597.741
286.114
559.977
544.118
227.439
1773.62
1814.59
1795.82
1148.03
1571.75
1743.21
1231.03
1264.57
1376.53
1394.1
1253.98
831.77
1130.57
1153.08
1204.21
1312.4
1548.9
1442.18
1487.25
1503.98
-321.408
-218.53
-289.767
-281.912
-335.413
-355.987
-323.154
-87.5425
-170.33
-139.38
-34.183
-55.3321
-190.684
-109.386
-134.388
-85.4961
-6.94486
-138.152
-148.101
-129.873
-95.1746
6.28319
6.21053
5.93365
5.72798
5.89487
6.50071
6.03915
7.58028
7.47631
8.53399
7.68847
7.20905
6.52253
8.44021
9.44689
9.20378
8.23641
7.7769
6.5812
9.09372
8.99977
7.56187
8.02145
10.7828
10.9568
13.7498
11.2623
10.2952
11.0435
12.2006
6.6846
38.7853
4.46708
22.7073
-38.5629
-3.83988
14.0222
-5.2401
-2.53053
10.4123
9.40861
-12.8758
7.81951
-6.52717
6.94223
7.86017
2.72929
23.785
-1.89908
23.222
19.8609
4.34799
0.729604
3.53996
2.63839
2.7834
5.75376
7.74047
3.05599
3.43648
2.91619
2.91229
2.84665
2.95061
2.9831
3.08012
2.77467
2.99804
3.05408
2.98641
2.65729
3.06004
2.79371
2.52855
2.36879
2.13195
2.0494
2.22856
1.87483
1.59573
1.93608
2.17762
0.824721
1.31978
1.39021
1.07724
0.818032
0.530762
0.995228
-0.64322
-0.866673
-0.235125
-0.428803
-0.679891
-0.533374
-0.2053
-0.777077
-0.679552
-0.718886
-0.550311
-1.00124
-0.887906
-0.619857
-1.28433
-0.957008
-1.33211
-1.2107
-1.46965
-1.91017
-1.61936
-1.91483
-2.00288
-1.78881
-1.53481
-1.80673
-2.51389
-2.57389
-2.46882
-2.14928
-2.54832
-2.43458
-2.34218
-2.88941
-2.65717
-2.64484
-2.67488
-2.38146
-2.58961
-2.83611
-2.73491
-2.77195
-2.64956
-2.51577
-2.6598
-2.85877
-2.81244
-2.90965
-2.8176
-2.74246
-2.4425
-2.71395
-2.68656
-2.73351
-2.98695
-3.02579
-3.51913
-2.65807
-3.76627
-3.26204
-3.6647
-3.64716
-3.1768
-2.48653
2.94255
-20.2139
5.67628
-2.89774
5.7442
6.67946
-3.38629
-2.42533
-35.1945
-8.48574
4.0646
0.194993
7.56696
3.29497
0.916271
-7.98241
-1.3042
-0.450201
-0.649972
-0.222735
-0.562955
-1.4708
-0.841598
-0.371826
-0.966671
-4.30146
-10.1622
-1.04823
-0.369171
0.636964
-3.65613
-2.92549
3.1397
2.75267
2.05358
1.8302
1.69769
2.46222
2.28549
1.78188
1.59372
1.6603
0.955943
0.988867
0.87099
1.22462
3.51839
3.29879
3.48514
3.71281
3.54382
3.59422
3.71063
3.63987
3.36305
3.37033
3.21746
3.29356
3.67614
3.7251
3.73543
3.56808
3.48452
3.65865
3.68066
3.92135
3.80148
3.89867
3.83832
3.90358
3.92018
3.91658
3.91206
3.8082
3.84661
3.83707
3.81121
3.77327
3.81671
3.3175
3.46868
3.46588
3.03918
3.23255
3.78373
3.73083
3.71915
3.71162
3.91242
3.73021
3.68833
3.66199
3.59911
3.51835
3.70899
3.67205
3.71881
3.70837
2.60318
2.78655
2.69386
2.50904
2.31811
2.73229
2.75361
1.68948
1.59009
1.51634
1.30519
1.26273
1.34631
1.25846
1.60353
1.64014
2.55528
2.39865
2.29685
2.25369
1.81462
2.14791
2.47046
1.26681
1.17962
1.23814
1.43796
1.45465
1.41267
1.34953
1.62739
1.2759
1.27173
1.37252
1.27184
1.8509
1.87743
2.2315
1.95898
2.01468
2.53005
2.32752
3.54333
3.20216
3.03563
2.96424
1.69898
3.53159
3.29293
5.77695
6.26492
6.11795
6.07081
7.10136
6.58283
6.7329
4.80515
6.8589
4.82852
4.69275
3.81518
5.55429
5.51736
7.67742
7.7672
8.01786
8.0562
7.67738
8.88555
8.27008
7.70973
7.46708
8.48009
7.7676
7.40716
9.78899
7.87266
9.75576
8.05593
9.11708
8.82533
9.45802
4.75934
3.59786
9.30913
1.63493
5.41166
6.10982
2.98842
406.416
346.797
379.729
705.712
566.416
656.914
470.192
511.052
447.271
536.83
498.813
579.145
489.996
711.225
663.286
666.337
603.188
667.471
665.985
568.036
618.643
650.562
764.33
709.949
626.641
708.699
-224.556
-183.333
-338.361
-316.468
-233.056
-376.114
-376.311
-318.12
-231.836
-311.854
-347.186
-300.331
-323.588
-390.358
-63.8461
60.2364
-1.90847
-212.128
-168.679
-434.32
-472.991
-375.161
-240.98
-423.98
-144.94
-71.5774
-67.0316
-326.457
-349.69
37.1745
143.237
-2.8479
-62.6619
-117.621
-48.7177
-35.304
-398.113
-380.644
-400.999
-399.083
-177.477
-312.567
240.831
166.935
111.309
363.867
694.86
562.431
291.835
284.082
438.9
336.252
417.309
492.233
572.496
485.539
502.476
678.778
539.337
581.979
775.292
751.878
749.089
970.493
787.375
326.339
471.854
513.509
564.454
421.607
420.083
479.318
597.49
329.559
467.2
481.408
407.95
371.483
682.904
708.581
756.269
503.004
594.149
654.429
700.546
767.861
758.1
664.939
579.057
550.804
490.446
575.781
690.738
629.966
545.409
185.99
255.776
273.061
207.581
435.069
70.6555
35.5388
22.8668
81.8895
153.148
30.8041
24.1307
35.8738
42.5863
42.6821
35.7103
40.5276
6.43507
3.7716
6.39766
12.1639
8.87069
2.75937
6.76534
4.45041
1.47363
3.94396
5.46923
5.72857
4.75842
5.63646
6.71586
5.87488
7.39655
7.62326
6.13514
7.85253
8.27566
8.42396
8.24158
8.01408
8.49097
8.42837
3.05278
7.37471
8.41958
7.07188
4.95639
6.71719
8.2037
8.40052
9.85562
10.1133
9.86734
10.721
9.47878
9.16902
36.2497
18.1758
43.0382
24.8201
29.5346
35.147
-7.9702
1.33843
1.32034
1.27725
1.21127
1.27405
1.31013
1.25862
2.19041
2.10235
2.23664
2.01704
1.92289
2.07959
2.14956
1.91201
2.13692
1.84765
2.19892
2.28001
2.03927
2.02597
2.61185
2.56862
2.62196
2.51353
2.53303
2.5833
2.58635
2.24217
2.47112
2.56555
2.60434
3.12494
2.7717
2.43145
3.6799
3.35284
3.65944
3.54859
3.5131
3.44007
3.58951
1.38112
1.6701
1.47811
1.26856
1.8179
1.61887
1.3139
0.255568
0.299055
0.286591
0.100133
0.193672
0.187659
0.0901836
-0.511422
-0.679252
-0.499056
-0.659146
-0.202607
-0.497076
-0.760559
-0.704631
-0.497953
-0.311263
-0.690172
-0.70427
-0.240873
-0.64326
-0.731473
-0.587949
-4.15107
-3.55926
-3.59665
-44.3347
-219.113
-84.2048
-63.8177
-63.019
-99.0531
-233.974
-144.896
-70.2035
1120.83
1690.7
1451.43
1335.82
1471.19
1436.29
1497.17
1543.35
1451.86
1312.45
1427.21
1435.45
1407.22
1461.3
1338.51
1452.04
1391.7
1134.12
1427.68
1615.36
1407.13
998.169
-47.6354
-32.4855
-79.7398
-34.7481
-45.7265
-31.8265
-16.5272
-22.1647
-8.04225
-6.30489
-288.202
-7.73131
-100.496
-2.25794
-1.56237
-1.73517
-3.37252
-1.69517
-5.44252
-3.14695
-247.253
-258.587
-193.694
-250.848
-277.202
-153.682
-176.59
-98.6988
-73.3287
-75.1652
-61.7561
-66.0576
-108.178
-43.2584
-1.95489
-3.18421
-2.18538
-313.317
-237.503
-288.393
-564.601
-581.289
-554.212
-555.656
-529.579
-555.836
-564.365
-539.73
-545.866
-531.095
-548.027
-548.185
-539.294
-525.953
-548.03
-562.964
-546.242
-527.783
-506.932
-571.937
-586.644
-577.186
-535.499
-566.369
-561.681
-587.988
-567.815
-555.589
-551.768
-574.971
-564.494
-556.412
-559.015
-557.537
-531.65
-548.963
-549.874
-569.534
-593.103
-578.302
-578.071
-567.664
-561.639
-506.766
-139.787
1.14814
-27.6765
-64.5421
-66.9093
24.4345
-68.2614
-214.173
-147.363
-149.002
-163.97
-183.586
-129.316
-167.351
-204.071
-178.943
-6.14948
-6.5234
-7.47065
-6.95799
-1.26564
-2.62999
-6.41151
-279.314
-229.626
-270.017
-181.622
-230.103
-198.708
-263.298
-164.385
-182.969
-247.505
-3.62194
-4.26354
-6.53184
-20.545
-20.3686
-22.1966
-37.6379
-15.7476
-28.115
-23.6768
-23.9648
-24.185
1883.78
2063.91
2082.41
1971.55
2085.32
2060.41
2067.1
2077.38
2013
1980.42
2118.01
2025.81
1798.16
2073.49
2137.81
-20.5184
-14.9599
-19.6557
-26.6032
-14.3849
-22.597
-3.12242
-2.83999
-2.74914
-3.46771
-0.351985
-1.21742
-3.53037
-4.47921
-3.0986
-3.5511
-3.40221
-3.42017
-11.2109
0.979951
2.46695
-5.45321
3.15626
3.70557
-1.01741
-1.81166
13.9983
14.3978
13.7535
14.3616
3.18915
2.97552
3.06546
3.00186
-4.29451
-4.42269
-3.98662
-4.08841
2.989
3.24961
3.67504
2.89217
3.09023
3.28658
3.27126
3.33508
1.03377
-0.911432
0.08461
-1.28028
-12.4417
-14.8981
-15.7053
-18.4358
3.55003
4.11224
3.63845
4.07374
-14.3895
-14.2693
-19.0533
-21.2428
-12.2952
-15.9919
-8.95719
-11.2514
9.31997
7.84679
8.38549
1.86001
1.96773
1.4981
1.65353
8.21755
7.18849
10.1866
9.10988
4.12584
4.59453
4.50392
5.08692
-2.74071
-0.712816
-7.26061
-6.10458
-4.80226
-3.34144
1.7603
6.02735
2.31962
2.15365
2.10627
1.91697
2.45766
-3.23495
1.80766
-1.34665
1.62208
1.41275
1.63359
1.43682
-3.2024
-3.22388
-2.82275
-2.80914
1.29127
1.52359
-1.13134
-0.227054
5.31954
39.5541
5.49139
24.4517
2.37369
2.31528
2.53838
2.43634
4.58941
4.7497
3.13409
4.83451
4.24453
4.24091
4.24635
4.30388
156.413
168.666
197.492
265.47
3.67862
3.67102
3.65845
3.65405
2.65278
2.84013
2.32202
3.75109
3.72974
3.77063
3.73232
-73.0234
-96.5293
-135.755
-165.814
32.1624
-1.2854
-18.692
-40.0451
-4.64541
-1.17588
-6.55693
-4.13543
93.827
180.66
177.228
312.245
-184.694
-184.78
-184.546
-184.048
1.68962
78.8029
30.2729
126.967
-0.239374
-0.525273
-0.142459
-0.396819
-1.64349
-1.78526
-2.17854
-2.33723
-1.04932
-1.4901
-1.66918
-1.84758
-2.22687
-4.73899
-3.17861
-2.93505
267.451
334.319
228.462
258.879
835.373
599.519
450.124
302.032
2.35406
2.40802
2.18721
2.18217
1.81851
1.96236
2.15383
49.4981
0.150895
-1.71294
-1.86709
-1.7254
-1.53719
-1.81526
-4.37243
-1.87569
-2.3798
-2.69449
9.64386
-5.23789
-0.990843
-3.34156
6.22912
4.19828
6.53685
10.1469
19.7479
19.2818
0.536615
-0.985183
-0.965633
64.8152
40.4811
-1.08739
-1.38311
-29.8795
-11.4926
-10.1309
-4.96174
-4.53704
-6.222
-4.07055
-7.4691
-5.11755
-5.74796
-4.74296
0.755698
2.56564
-16.4851
-2.23257
-5.11681
3.25186
412.993
-7.0146
260.423
4.70577
3.43208
152.889
2.32555
-101.105
-1.0867
693.467
3.53336
1.80413
1.55644
-222.988
481.885
1.4221
2.30441
29.5833
-4.03067
12.7613
3.33809
-3.91138
2.78753
3.46427
4.90532
-7.73581
0.860901
3.35043
345.896
8.16878
2.24125
2.9828
752.141
5.13751
1002.73
2.20148
143.117
-171.206
-183.399
-3.73967
62.0864
454.671
-100.042
-183.458
-127.069
-182.184
-148.831
-3.86016
-181.662
-106.591
-151.466
-182.111
-181.923
-181.37
-182.849
-182.925
-171.821
8.26981
-184.365
-185.293
-183.954
-182.193
-3.71964
-185.77
-185.377
-0.693114
-185.342
-185.99
-183.241
-184.779
1.99941
-183.221
-184.031
-180.984
-183.245
-185.119
40.8122
-179.193
-181.277
-59.7035
-16.6875
-1.96676
-180.645
-170.122
-164.656
-56.2568
21.7168
-183.321
121.329
-123.783
-182.654
-182.419
-182.581
8.20286
-52.5669
-108.387
1.84628
-85.9957
-156.742
-189.075
-185.996
-86.4717
-182.888
-181.882
0.264717
4.36622
7.43684
13.9202
20.7191
-67.493
0.16311
-2.8927
-5.83349
-179.91
1.07412
-1.58443
-0.447303
-1.15991
-1.55376
-102.78
-178.782
1.33937
24.0089
-36.336
0.793732
-7.91087
-134.385
-115.304
-86.4597
-180.029
-183.206
-185.078
0.995665
-139.519
-176.722
-183.943
-184.629
-120.159
-36.954
-363.227
7.61222
-33.3752
1.24906
-50.4056
0.900614
-177.547
-162.24
-94.0858
-55.7088
-14.8424
-2.6779
-0.221099
-171.08
3.76547
3.0618
-144.098
3.01459
144.73
-28.9009
361.196
-1.34987
2.31134
-3.93832
-0.27969
-0.582488
-7.13047
32.433
-0.743543
232.471
15.5106
-24.2078
335.535
16.5412
8.97244
-179.996
226.219
81.9981
268.93
-0.741824
-2.81036
-2.752
-183.621
-2.90873
-165.904
-90.1099
-10.258
-0.838894
1.30578
10.2154
139.916
-3.55753
-3.83865
-0.341969
-41.4375
-10.4183
57.6857
-2.4714
3.27083
1.96976
30.6985
-1.35074
3.43921
-39.2478
618.25
99.2714
-60.5003
-179.787
19.4339
34.221
-13.2314
50.2212
138.995
167.21
190.67
-361.292
6.55327
-1.11201
34.3005
3.91151
20.8331
20.6401
13.2843
10.9009
3.28721
-2.62859
37.0257
30.4189
48.0954
44.9044
59.5826
21.6892
102.069
104.266
231.022
39.2457
-182.337
1.63532
60.5447
95.1991
170.053
126.764
171.186
775.739
481.778
358.143
173
336.858
31.5598
127.911
260.833
-170.51
303.144
-61.6608
325.278
0.858298
-7.87021
405.196
74.2726
207.894
296.167
312.985
293.711
292.478
620.004
930.571
28.0256
321.263
5.77783
-88.5175
6.32825
2.20813
2.61779
2.86806
2.43466
3.58698
-15.1279
5.80959
6.37391
2.97058
2.51817
2.22216
6.6894
4.87552
2.93969
5.41837
3.87812
3.29649
3.07475
6.82375
5.88451
3.78175
34.9835
499.701
6.51771
3.93222
4.17354
3.97298
5.41829
8.86223
17.6579
13.716
-190.983
9.65872
19.4266
3.72667
14.1721
2.30952
-0.256889
12.9231
3.65573
22.0825
24.1036
15.8706
-399.707
37.439
16.5807
2.07272
10.784
7.94846
10.0819
22.1748
-10.7671
36.208
-371.754
333.482
-28.4556
34.5345
-1.38613
10.1395
2.71443
4.10543
10.3792
9.24712
9.6856
4.61111
3.86664
3.75876
-0.830194
-1.37672
2.81956
-0.272129
880.351
29.7075
1698.04
-2.47677
111.101
566.203
11.0206
356.602
5.50041
278.317
16.0455
-15.4042
-9.70867
20.799
27.9421
23.3879
38.5027
239.594
26.1493
36.4673
2.18279
-1.95535
-0.216148
15.3031
0.229741
1.87273
2.84478
24.3026
-67.6852
1.1672
1.84982
3.76899
2.80823
2.24099
1.71043
-5.50955
3.55371
0.672835
1.32726
2.47458
4.83762
-4.37528
5.64089
2.3904
34.3194
2.16308
3.42116
-1.13369
-8.57637
-230.767
2.43008
-3.94591
285.153
2.84384
2.33876
1.69241
2.00275
1.31401
1.99455
3.09703
-5.56288
2.02993
-3.23367
2.9963
3.18277
4.18804
22.7556
3.64241
4.03215
33.9978
311.886
3.48103
3.64469
4.39275
4.40757
2.48911
2.70492
3.68741
2.63099
3.76304
3.66431
-0.163979
3.6863
3.61439
3.63391
2.62338
1.96701
0.380117
1.21215
-3.01397
-2.2082
-2.0884
3.61083
0.970473
2.04923
8.44414
2.12331
3.35517
3.73053
3.10715
2.74583
2.41806
1.70715
4.2535
2.22477
0.100319
0.204872
17.317
3.24888
0.670366
17.7469
2.71694
4.4022
-22.0768
517.248
-62.1236
-2.17261
-12.8414
0.74671
1.37308
2.68638
-182.288
-184.583
-48.137
-142.933
-177.152
-165.254
-75.7059
-173.506
3.71542
3.59121
1.72123
-4.76866
-103.288
-19.6353
11.6425
-179.196
8.97517
-14.8554
5.75372
-0.676032
-3.87382
20.1547
70.1837
-39.0465
79.967
61.2564
30.8845
-362.283
129.964
125.725
-124.951
-122.149
124.162
117.359
126.679
2.89536
-173.991
1.94063
-175.245
158.957
-175.785
-179.738
28.874
8.45661
4.3601
4.09293
3.69931
3.69345
3.93857
1101.84
29.4771
4.16724
14.4674
3.25907
3.73821
3.73452
6.62897
-181.484
168.455
54.8172
3.70912
20.9562
3.09278
-185.861
2.83993
24.4503
2.81828
-152.128
163.662
3.32831
1.74108
3.17363
2.97095
2.77184
-180.162
3.6821
103.443
5.2151
15.3121
7.68976
353.04
-2.64808
3.5819
3.57997
3.562
3.57389
3.67152
3.45495
2.03728
3.60397
3.45413
0.623079
134.554
-5.46391
3.37842
3.42084
3.68711
3.46123
-183.792
3.11173
-1.31
74.8225
-175.086
-11.7048
39.7878
0.93018
4.8505
3.34896
-1.71708
2.80759
2.78715
1.96282
0.622062
0.738828
0.147861
-108.169
3.60068
3.70855
180.514
1.17342
4.4008
-9.44431
2.07762
0.470604
0.310507
1.02145
0.74524
3.24517
313.084
3.19176
0.880389
0.722765
3.73758
2.86968
-2.49642
1.49663
1.58698
0.466743
0.828045
3.13884
2.89491
1.94638
3.59648
1.97692
-0.0797033
0.0312214
0.501896
0.417435
3.78829
0.155426
-0.0890884
-1.55197
3.42181
3.37485
3.44973
2.87761
2.71471
-0.885535
1.93836
2.5837
4.08785
10.0804
-126.065
3.04794
2.86447
2.8891
4.01145
3.73445
3.70144
3.68133
3.39991
3.52475
3.56059
3.26731
2.86603
3.75825
24.0184
2.78242
912.366
3.15585
3.84477
1.65068
3.19292
3.57322
3.83962
4.26055
993.637
709.917
-7.77531
14.8241
-3.91383
-1.94274
-1.40448
-2.22884
3.72276
3.51475
3.63943
-1.27892
-2.15799
-2.674
-0.897884
-1.13896
-1.9737
-0.362928
-1.2539
1.40577
0.964918
-2.39807
-4.10054
10.2267
-0.112065
0.930286
-2.05454
-43.1734
-2.71328
-8.38078
-6.20797
-4.13757
-0.891276
0.352353
0.424036
-0.907449
1.04535
-1.44368
473.559
-0.495237
-0.644993
0.382474
-0.238595
-12.1498
-1.13868
-0.926562
-0.387769
-1.33326
-0.159896
0.373667
-2.01558
-2.30154
7.06665
-359.906
1.19062
3.07595
-4.68525
-4.03901
-3.29381
-3.16924
-2.12343
2.61586
3.47562
-3.25052
-3.95672
-0.46589
-2.64575
-3.61527
2.49788
-3.39797
3.13562
-1.52005
32.3498
-4.95911
-2.99457
-4.27904
-3.06195
-3.05361
-4.33271
25.5396
-3.28762
-4.44376
-2.28331
-0.96831
3.45463
-4.20587
-2.2588
-4.09496
-1.13863
112.473
0.268263
0.108614
0.566465
0.365582
-1.12449
-0.250744
1.83316
1.20502
-2.66517
-4.23794
10.7926
2.06852
0.423235
-107.178
3.42175
-0.634619
-6.93761
1.77283
-3.90881
3.53385
1.39109
0.266252
1.78301
1.45073
1076.54
69.4713
18.4635
-1.42504
-48.1448
12.4687
3.06605
-184.082
117.659
-1.09888
2.1398
-0.501489
-0.544604
-2.59433
87.7199
1.01995
-0.554908
361.287
-4.14224
0.794466
-3.09672
1.17113
69.6497
-44.1093
-167.788
-6.56274
2.47602
511.879
1.7291
1.92994
2.34846
1.55232
1.236
1.28082
0.555888
3.37208
1.16304
1.34579
2.54001
1.67206
2.35758
1.91869
2.71297
-3.30928
2.54079
1.08012
3.11162
2.17929
2.34486
2.0283
0.957125
-3.51121
2.42898
2.55826
1.89495
0.781995
1.73753
-1.90949
1.45625
1.54363
2.77836
-1.90283
2.25566
2.4259
0.535511
-4.34363
3.04695
-0.0449005
2.59385
3.1861
-3.75188
2.45245
0.389911
2.48429
2.91659
3.23858
3.12461
2.31636
3.14866
-184.529
-1.03357
1.88869
2.37402
-410.547
3.15929
1.74643
1.56787
3.79681
3.39242
0.191216
0.704114
2.65347
1.13591
20.2367
0.527013
3.00229
3.32948
1.70191
-180.994
2.78791
2.92318
1.82123
-0.0417613
3.23961
3.29722
5.99013
2.27869
2.75001
2.3462
1.59867
3.35091
-4.68931
-9.82291
2.30371
-4.36678
1.60241
5.70573
3.29462
26.459
1.90636
1.98843
2.6195
1.63159
313.936
2.73811
2.44035
-173.934
3.11732
1.96886
3.25701
3.98308
3.38888
-2.15432
-24.2682
0.819533
0.204506
2.70982
2.50479
10.0685
2.68696
2.6397
24.5082
34.437
18.5142
-79.6526
-2.87702
-8.60808
16.5849
-3.80812
15.8934
16.5796
10.9661
12.1498
11.2411
18.1732
19.0007
14.8601
16.0315
5.44172
10.4696
8.61314
8.96835
15.909
2.18742
10.8512
6.31358
7.06355
19.8476
2.19066
15.7668
15.9662
2.17121
4.60568
-3.86754
-2.66514
3.00958
-1.88338
17.9153
53.6144
-1.60739
-2.31401
-6.80516
-13.2049
3.05781
4.0866
-0.546355
-6.44107
-43.1941
2.96244
9.29453
2.72636
-2.89944
-0.424793
7.01668
-2.94809
-4.05976
2.16319
-0.267107
-3.3998
1.50129
-0.414501
-19.8195
-3.62377
2.28432
-5.19402
16.6215
6.35779
-3.75075
17.8151
16.6977
-0.460065
37.4855
3.09907
-0.278058
-3.19523
-3.90653
-3.09724
-2.94246
-3.52682
-3.94976
3.08421
-6.84255
1.34339
-4.07481
-3.93785
16.1061
-3.82582
-3.99148
-3.8503
-3.90081
6.05295
-4.15916
-4.6004
14.5963
-113.172
-2.76427
-1.63958
-2.55345
-1.67212
-2.32981
-3.24032
-2.85861
-3.83997
-4.35092
0.631787
-0.0529209
4.87923
4.0401
5.58962
6.96815
7.67284
7.46979
17.8315
6.76959
13.9505
10.5208
-169.335
-4.73428
1.69498
2.46319
2.6246
0.0549378
-24.162
-419.317
-0.331117
-1.17062
1.91988
0.201061
-4.04563
-8.72326
508.074
20.0425
2.9121
-3.03686
-3.307
-3.03372
11.6964
-5.80381
-2.57331
-4.19277
-3.03073
5.34881
3.82114
5.59179
5.39979
0.361939
2.94632
-137.504
314.308
3.2328
670.94
12.9861
5.30779
16.0125
-183.427
2.37041
-287.882
6.6378
-8.93176
-1.50875
-2.49427
9.67329
34.9321
-2.6829
0.364716
2.07755
-4.4605
-5.72555
4.05563
-7.98159
7.7054
18.0492
-1.17989
5.53997
15.0569
2.77339
-3.63954
5.29212
-0.769727
2.93192
45.3189
7.54308
-4.34962
-2.74546
-3.60411
-3.56089
-386.023
-1.54416
-3.46657
1.92795
-3.31533
-3.51322
-3.05582
-4.84785
-3.21409
-3.25302
-16.5629
-9.16268
-2.99921
-3.0291
-3.10444
-3.08624
-2.46367
-3.23041
-3.31697
8.32335
-3.07711
-80.4887
-3.16205
-3.06503
1.57245
-221.213
-2.57306
-2.5398
-325.404
3.48035
-2.78074
-2.73588
3.17526
37.1549
-2.74813
-3.6469
-165.534
-2.75336
3.6463
6.76453
-2.79416
-2.7296
-2.87364
-2.83442
-3.25395
-4.48106
-2.61202
-3.16034
-2.75451
-3.07577
-4.00998
-3.24294
-2.46939
-2.96683
-2.12797
-2.76672
-3.51709
-1.52087
3.52035
174.548
-2.33794
-2.6529
-1.56387
-3.25566
4.73069
0.796522
3.34738
-1.47023
-1.22086
-4.4575
296.295
1.57523
5.30522
9.66151
3.41124
3.46789
-21.9549
-2.60348
-20.2012
-0.647303
10.6013
-6.90851
2.50526
-119.063
13.0165
0.436198
8.22707
-1.49261
-3.32167
-1.68754
-2.11184
-30.785
-2.92179
15.4504
-11.0866
-20.1785
-9.71969
-24.0758
-19.5802
-3.61984
-2.79915
-0.704512
-2.02755
-2.93796
1.54574
-0.109602
-0.812679
0.280513
-0.539303
-2.38302
-1.11552
6.40792
2.95724
8.80834
1.05068
-22.8195
-1.65954
9.76387
-7.76837
-9.33189
-5.14202
2.06953
0.147257
-1.8789
0.406254
1.61236
-6.26724
12.4703
-2.6929
-4.9289
565.521
-5.10845
-4.83014
0.258321
-184.851
13.1039
-23.5228
-22.1017
-8.78553
-24.7028
-25.469
64.3143
-23.0467
-23.6434
-19.0539
-13.143
-1.55307
-14.7724
-3.64104
-23.2905
-25.3601
-18.6738
-8.89367
-9.98709
-23.8617
-343.154
-0.411219
1.49076
-13.3337
-330.322
-1.11247
-23.26
7.23121
-1.3975
2.09882
4.44156
-21.824
-2.75944
-4.39778
25.6017
-3.51114
-1.04044
-16.1857
2.5068
5.35245
13.1634
2.9493
-368.879
-10.8288
-2.77521
13.7316
-0.558991
12.9023
-3.8123
-364.493
10.9081
32.4748
31.3602
1.05891
-2.28869
25.0678
8.12223
32.8702
-25.0324
15.5445
-3.97324
2.98204
3.62573
422.575
160.857
-2.34716
36.131
3.67578
-1.61679
294.321
-1.62623
-89.1964
71.4694
167.918
32.5151
222.839
260.206
-21.8825
224.27
434.51
-61.5501
269.956
62.4719
200.851
64.7516
379.553
-15.2806
-8.62703
7.25092
3.73321
33.0716
38.6889
37.911
10.655
-9.42288
-3.2057
15.5242
3.71276
188.577
-7.59154
278.348
3.69541
-8.06104
-3.35109
20.0148
13.4807
17.9207
8.87992
-8.5988
-0.222317
-3.53146
48.5573
-2.42111
-5.56368
-1.24111
-4.75183
-0.963529
10.3946
-4.50915
-1.51829
-3.16143
-3.02038
-1.86404
-2.57467
-1.19518
-0.933469
-4.05117
-6.89394
-373.125
-2.5271
3.75967
-2.50542
-3.16335
435.355
-5.56674
-5.60987
-6.27293
5.79913
5.81205
6.20638
7.18738
6.95431
5.80678
4.86026
-1.17964
6.87336
3.89299
-2.58146
7.27965
-20.1367
0.55162
0.0556268
6.71176
-1.7646
-4.49621
-48.529
5.19015
-17.5239
-4.05772
-12.1921
-3.17655
-76.7503
5.30956
0.0297596
-0.148871
-359.399
-389.3
-6.58734
2.5932
-323.593
-375.285
-216.475
-392.128
-114.26
-163.42
-188.81
47.4781
15.401
-187.485
-2.64334
-7.1142
-352.2
2.02092
-1.67263
-6.8796
-56.583
-108.172
-288.554
3.36449
-5.15326
-153.505
6.27785
-306.801
-170.277
-114.096
12.0016
-281.233
9.68607
-164.923
13.4511
-0.183604
7.4755
-215.542
106.752
-307.042
-351.774
-374.054
-370.324
-364.214
-348.488
9.44068
1.09588
-321.957
-352.576
-88.2125
13.1852
-322.375
-132.409
-337.448
-93.516
-340.899
-280.527
-161.225
-336.592
-358.443
-369.476
-366.797
-359.939
2.65978
-357.721
-351.048
-69.2714
-300.274
311.811
-368.223
-280.266
-308.748
-371.567
-198.177
263.995
2044.87
1641.94
1855.9
294.678
7.88664
-317.08
-335.993
573.379
241.006
364.263
-0.487063
-238.907
-376.533
229.845
382.114
22.9441
18.3186
331.442
-584.538
170.461
-185.559
342.091
594.341
-15.8226
551.676
324.265
253.282
21.1438
159.555
55.7439
70.6025
294.154
2.38417
478.058
302.453
-136.378
267.46
6.1347
5.77291
5.21356
-83.0705
7.18147
209.355
-96.3996
13.4079
8.98478
5.85845
5.67172
-372.466
-1.40516
5.74379
-302.255
35.7823
-277.94
5.78837
6.34386
8.38698
6.69344
6.54872
419.319
-256.889
6.35143
-1.47171
6.30596
75.0848
5.17381
6.06443
6.17958
39.9993
18.5307
657.264
-17.7822
7.65233
8.27302
7.48578
7.98854
8.94866
32.277
551.537
43.3988
35.421
28.0661
46.133
6.62441
8.95161
14.024
12.879
27.9097
39.462
21.3574
7.62046
9.1076
8.84422
18.7318
17.8807
19.2286
20.674
8.62495
24.0761
11.7139
26.7109
8.28078
16.3936
22.236
9.42647
10.052
9.02459
9.14959
3.60918
165.095
684.258
0.302015
6.82634
8.95236
68.7479
47.2922
119.794
8.86524
-3.96472
25.3888
30.4904
23.5086
803.28
18.174
-3.63473
51.1212
155.703
8.08935
4.48151
45.4763
78.933
113.716
20.0414
-186.147
-12.108
5.22392
-60.3321
3.16655
56.3627
426.559
60.269
2.95309
10.7916
-3.31425
15.5999
29.8651
82.0801
10.1266
10.5503
76.643
21.4651
19.2246
217.163
106.256
192.743
1945.97
-0.958964
2.74257
372.931
776.908
198.797
457.917
65.7476
63.9176
232.07
359.222
3.48319
3.22959
2.2484
9.13885
18.1422
18.6782
19.0351
18.1712
-363.176
9.95713
21.0013
16.7877
28.9009
26.2646
-10.9314
2.42624
-5.84387
18.0947
28.2758
24.8695
31.0961
14.7706
20.6893
19.604
26.1431
29.6734
101.125
64.6094
21.423
38.4313
86.9469
6.51105
17.889
270.323
41.8496
0.915182
-356.518
7.99336
39.1062
3.76134
-185.512
126.943
15.2919
767.505
9.40283
9.56467
278.926
40.5194
50.8948
0.651128
-6.39395
318.646
-1.11812
-7.08932
12.2292
83.0278
10.4247
1.07515
76.7598
8.40898
44.6001
48.6102
10.7747
12.5099
11.7685
-1.76977
2.07988
10.4089
11.9823
9.06195
-17.8753
141.933
22.2029
8.61792
6.13572
8.10235
11.7162
7.20275
12.61
11.069
8.18149
11.7814
17.7384
331.998
15.1751
5.96625
5.60521
8.4762
14.986
15.4959
1.82625
2.02419
16.1262
15.3333
14.6199
10.559
34.1177
12.0765
28.8259
10.8539
13.8017
16.3278
13.8778
10.2184
1.39565
17.296
8.52549
11.2751
3.63162
5.32147
3.25965
4.58142
6.21671
10.5902
5.21219
10.1879
11.1656
5.42999
8.99379
8.26317
10.5035
6.72575
3.26139
5.11298
1.71994
-1.61562
0.403289
2.09717
11.5845
2.50378
14.3834
5.90513
-3.60628
350.074
6.55792
12.2751
-2.5074
-5.43312
36.3877
4.04422
4.20576
0.0785105
5.59869
-117.361
2.53384
5.52938
1.37927
-86.6872
4.73993
2.37634
4.55556
-1.78044
2.82564
-308.347
-325.651
226.125
8.43473
2.61397
8.70212
-0.085849
135.721
71.3948
7.17655
7.85217
1143.29
-16.3741
7.9977
9.55253
9.34199
3.4191
-2.16173
8.92458
3.97764
13.242
-3.14212
7.57119
-3.97909
-1.85418
8.85379
6.51191
7.87319
485.571
3.22547
1.17277
8.90663
1.70394
4.98414
1.3023
1.07277
1.00608
8.14719
-364.386
7.98131
6.7736
0.472692
-41.4304
7.27869
2.82313
14.2202
8.67396
38.2453
6.41761
-1.83688
1.23234
7.16551
-1.26785
23.2824
6.83446
11.2274
9.99609
5.24211
6.69304
9.53292
8.14747
1.48299
6.34069
7.41413
8.20753
10.2491
15.9431
9.45137
9.93078
15.1229
23.9323
10.9701
8.89037
15.5836
15.2122
8.99982
-0.212074
8.58896
-2.43697
-179.6
22.8476
168.531
102.935
4.85978
6.8076
40.8052
-0.859058
9.63218
-5.75781
21.1934
28.9809
269.277
0.933795
19.5584
1282.77
2.49108
6.90633
150.674
-8.90013
54.9147
244.591
18.4236
136.369
-3.13285
-29.0629
-2.00982
-373.928
-358.59
9.00229
123.872
124.483
-18.6233
54.4956
14.6949
74.1442
57.7232
9.11613
286.902
18.3199
8.71687
71.3678
21.702
-1.85426
14.3611
7.61294
3.43706
8.93943
8.34911
8.23137
2.08826
7.88832
-1.42954
-217.043
5.57517
10.6966
3.38717
8.16043
6.42018
5.88772
-0.238019
7.39133
-214.435
219.141
-366.981
6.47722
7.08354
6.35871
6.4733
407.238
237.199
9.22998
18.3857
10.1576
64.1104
9.9428
-8.18144
-144.226
498.59
81.5851
36.0144
76.6851
-5.60252
12.947
2.75839
111.457
324.339
883.909
40.1299
563.331
655.197
8.02866
6.15958
9.81166
-280.974
260.69
595.415
312.961
-289.917
436.389
1394.42
-127.292
-205.616
-350.634
11.4587
0.605748
1043.98
126.453
1.0902
-384.337
-174.556
3.78488
-393.467
998.252
-367.818
935.426
-3.70978
-367.296
1017.72
3.80268
-369.42
-198.186
0.716247
7.70923
0.681428
-20.978
1.63056
2.71334
5.0881
8.79869
6.48517
4.92781
7.63624
-7.56834
12.1318
8.702
7.36298
-1.19004
-1.23619
8.69454
-6.85475
-0.353937
-1.77126
-4.31568
-188.329
229.942
7.60345
-1.33488
-29.8864
15.3901
10.1637
-194.58
-407.275
-374.131
-4.82591
-23.4779
-8.71343
43.2808
-310.636
41.7684
-152.005
300.758
-2.73399
5.4349
-12.593
-16.4295
-2.92545
-2.21896
1.90947
-4.14007
4.98835
2.20737
1116.73
6.65621
69.6564
4.93701
3.00812
1.91621
-1.29373
-1.88033
11.9242
3.38856
-7.51675
9.44338
0.14506
10.346
59.4771
2.18383
-0.4451
2.5886
-3.08017
-23.0603
7.56153
-3.25621
5.57373
4.83682
3.8371
45.9378
1546.24
-0.944377
-5.48707
2.35222
-173.669
-3.63758
0.00535012
1.55042
-184.241
-11.5
-2.3085
-2.41203
3.42617
0.443865
-16.6475
-182.422
-34.2906
-6.25915
-0.058833
-176.619
16.0574
2.75436
-3.67687
-25.0795
-2.73474
1.89645
-3.14873
-1.35546
-2.86198
2.11393
3.9403
-1.70181
1.40612
2.94878
2.5766
2.0742
15.9703
-132.915
-4.62962
1.08285
-17.6113
3.91198
1.49008
1.43805
1.54941
3.42293
19.3486
-3.63498
-0.891411
21.6981
-2.33255
-2.16491
106.035
-3.77423
0.983992
12.2167
3.04424
-152.494
0.272383
2.37443
17.4075
-2.40708
-9.86855
37.3093
1.74968
-3.37225
58.2115
2.11482
4.51486
3.686
-0.266268
-88.046
15.0788
17.348
-3.09289
15.4822
2.11501
-2.01173
2.29829
2.23311
1.73297
18.631
-285.005
11.9845
2.98738
-0.713162
3.31944
1.19435
2.33111
-131.741
-0.916366
-1.02076
-2.71821
-3.56268
2.86569
-0.979942
-2.50699
-2.03603
-2.71358
-3.43834
-2.48108
-0.690368
-0.108622
-0.0561949
-0.332076
-2.33826
0.387495
5.67829
-2.13502
-19.794
-3.11824
-1.63873
-3.4832
11.969
48.3169
-1.82791
-1.37847
-320.967
-5.0315
3.65473
3.87727
3.6822
3.0126
3.72164
-3.90568
-179.153
3.46779
1.90863
12.3543
4.27367
6.24292
-2.92547
0.617714
2.546
3.43821
-3.0261
3.32657
1.27402
-1.51949
-6.45179
2.95815
13.9387
5.77076
2.47424
-7.07123
-0.336544
0.00221744
-1.26551
2.04189
1561.86
3.84771
1.85579
-7.47357
1.4742
-3.39909
2.7969
37.3531
2.44254
4.13574
3.51452
3.97474
-3.05595
3.52327
-175.185
0.842594
3.97331
2.30599
11.641
1.91162
138.782
175.013
3.7233
32.0348
3.63084
3.45771
2.86047
152.353
-3.6971
10.9916
155.934
-1.03899
-172.541
-31.6883
-11.7809
-3.25273
-61.6232
-4.99015
17.5904
3.26369
-168.758
-0.676538
0.396563
-187.709
-179.101
1.16171
99.9957
-148.09
1.2428
-7.47514
-1.91357
9.09638
-0.840283
-185.91
3.73203
5.0794
-185.819
4.88117
-182.754
3.01018
4.00095
1.98456
-20.1055
-181.345
0.955117
85.7524
4.45556
1.34287
-7.84802
3.27627
1.50326
4.44295
4.30242
2.86658
3.27013
2.03862
4.16463
3.01044
1.92282
1.74199
-6.23706
2.86734
5.2946
2.83573
-2.42348
4.63507
-2.35096
1.04978
-3.8319
-3.34157
23.1583
1.70655
1.36917
3.46915
-2.56899
30.5733
-18.5715
2.59463
-2.38574
-440.099
6.34897
10.7311
3.57763
22.791
20.2472
-2.09959
-0.928545
-3.17214
2199.45
104.524
284.217
263.21
113.421
1.98788
360.61
-4.01027
92.2916
1229.47
59.9321
134.055
-85.2824
1467.15
-2.41543
3.24271
3.55814
18.8475
-2.66469
2.73875
287.535
2.33227
134.578
-28.7712
350.262
-3.71604
-2.05839
15.3615
-186.876
6.53909
-184.048
-2.61471
221.533
-85.8415
86.0736
136.716
-182.145
0.635499
243.558
1.43826
163.16
153.456
459.496
-62.0895
278.839
208.307
195.775
-145.251
-1.88935
-5.99306
16.9285
-1.56682
-181.848
20.3943
-183.743
6.58624
-29.5282
-0.661888
-178.713
-115.613
-180.989
6.02059
-40.571
-2.76084
-69.3388
-3.62215
-38.0749
-3.54675
-164.638
0.737523
-175.748
-42.6114
-1.46323
-177.895
-144.13
11.3715
152.635
3.42147
1.62776
-181.137
12.3857
-20.5666
-3.05707
3.35585
20.6684
-1.44518
-173.547
461.422
-185.694
25.9692
-162.059
18.3924
-97.8228
-166.925
-41.8799
-1.65634
-3.02667
268.254
-179.151
-184.961
8.78424
-184.885
2.85671
-138.344
-67.0263
3.79698
-87.4682
-184.319
-10.9875
-41.0048
-104.419
210.789
-1.59259
14.7341
5.76027
10.2989
15.5712
34.887
-185.787
10.4585
3.46138
3.48337
3.70371
-131.015
7.10167
-176.842
3.47708
-0.671344
-2.98689
3.03404
1.89978
1.38958
-17.1465
3.66233
3.64163
3.66289
-0.00361549
4.63521
14.1057
0.449928
-42.5889
-4.37721
8.80216
6.59696
3.16847
4.36575
-378.524
20.2274
-3.22484
11.5849
10.7173
-3.35215
5.37825
3.10375
-7.07563
-0.858006
-2.33804
11.0241
-3.01791
-21.2498
-130.765
16.0991
-11.8665
1.98184
-17.5301
19.0579
8.82195
2.56596
-3.45889
-3.45821
-4.0028
7.64105
1.41041
-9.28327
-10.7128
8.65096
8.71637
44.3077
-7.22802
5.59787
-2.01539
40.03
-0.49554
-1.1818
364.441
-2.54509
-3.1421
1.28263
-1.12761
-4.703
1.56614
-3.04043
7.75401
-44.5492
-369.786
0.109661
-48.7961
-1.30192
8.02021
4.29372
33.5042
4.32287
-3.21368
-7.22541
-14.8801
9.87842
3.28805
-365.99
-0.410441
3.48086
8.65212
-9.10713
10.7339
-205.52
0.0384863
-8.34315
-3.81674
-0.34472
1.89726
-1.24807
-72.0113
34.397
-3.49346
4.60426
-2.12604
2.40793
0.986156
-448.5
1.21927
4.53601
4.92128
-2.40826
-26.791
1.70869
481.716
1.29473
2.59859
-2.91299
-74.8216
2.28784
5.86833
13.2701
-6.43135
-383.153
-0.96636
-3.36968
1.74047
3.42937
-183.695
-155.519
-0.546572
-182.222
-163.99
555.581
8.61949
2.30014
-4.06587
14.936
-3.86667
-1.85375
-1.88486
0.082434
-150.603
1.74334
8.87753
0.827456
-45.0152
4.67415
-15.0557
18.4436
11.5137
-9.98482
2.3275
-7.06855
2.67251
)
;

boundaryField
{
    FrontBackPlanes
    {
        type            symmetry;
    }
    wallz
    {
        type            calculated;
        value           nonuniform List<scalar> 
97
(
-424.387
-372.635
-456.651
-301.977
1805.12
1005.52
320.719
357.178
1085.07
2.52802
26.9017
-12.0151
-136.581
-200.885
-40.9467
328.371
-226.485
54.5422
13.329
2.90068
-2.86487
-61.4703
15.3973
-354.73
83.8986
-39.0949
-26.66
9.16358
7.0113
13.8627
152.447
231.682
-95.9138
62.0685
588.524
118.63
29.1076
-6.72482
151.713
261.239
1589.76
112.904
260.368
10.1531
-0.470443
27.8085
3130.63
889.64
2921.05
-30.2338
10.0241
8.75398
3.97001
23.8099
80.3209
97.329
-250.762
166.263
0.412559
9.54937
46.3513
364.866
-135.553
-474.576
-369.908
1772.59
1742.51
-1.56452
7.56696
350.504
661.057
656.921
-3.06745
-373.69
-400.999
165.852
362.812
750.96
515.987
684.718
1439.24
1616.43
-80.5607
-310.881
-550.338
-565.735
-160.328
2029.56
2139.48
-20.9684
705.754
71.7745
4.78392
1108.3
680.628
-11.1733
337.262
)
;
    }
    outlet1
    {
        type            calculated;
        value           nonuniform List<scalar> 
31
(
-2.94451
-2.943
-2.943
-3.48047
-2.95502
-2.94757
-2.94786
-2.94404
-2.943
-2.943
-2.943
-2.943
-2.943
-2.943
-2.943
-3.03216
-2.97338
-2.95362
-2.94408
-2.94591
-2.943
-2.943
-2.943
-2.943
-2.943
-2.943
-2.943
-344.209
-2.943
-2.943
-38.5557
)
;
    }
    inlet1
    {
        type            calculated;
        value           nonuniform List<scalar> 2(-591.559 -598.018);
    }
}


// ************************************************************************* //
