/*--------------------------------*- C++ -*----------------------------------*\
| =========                 |                                                 |
| \\      /  F ield         | OpenFOAM: The Open Source CFD Toolbox           |
|  \\    /   O peration     | Version:  v2012                                 |
|   \\  /    A nd           | Website:  www.openfoam.com                      |
|    \\/     M anipulation  |                                                 |
\*---------------------------------------------------------------------------*/
FoamFile
{
    version     2.0;
    format      ascii;
    class       volScalarField;
    location    "0.45";
    object      p_rgh;
}
// * * * * * * * * * * * * * * * * * * * * * * * * * * * * * * * * * * * * * //

dimensions      [1 -1 -2 0 0 0 0];


internalField   nonuniform List<scalar> 
6576
(
2756.74
2731.37
2740.04
2745.1
2761.62
2769.02
2744.31
2748.3
2763.58
2753.84
2795.66
2778.74
2767.36
2776.27
2744.5
2750.23
2717.08
2743.53
2746.81
2793.77
2725.36
2784.08
2788.06
2740.75
2773.14
2804.25
2853.89
2767.02
2726.72
2731.3
2750.91
2711.8
2750.1
2773.12
2765.5
2787.69
2761.76
2789.98
2746.67
2769.31
2733.42
2726.45
2753.13
1715.23
1405.5
1857.95
1499.48
1622.87
1894.54
1938.14
1658.78
1787.01
-0.721133
-1.29295
-0.487451
-1.1299
-2.00751
-2.60739
-1.34703
0.0274324
-0.379489
-0.0629061
0.0861438
0.0627868
0.105822
-0.00350309
1.05874
0.900536
0.805788
0.800616
0.871804
0.569195
0.69441
13.6663
15.1037
12.9391
13.098
13.2516
13.1174
12.8551
17.2936
18.0081
20.8727
18.7403
18.2047
23.8117
18.2482
506.991
432.904
411.28
434.373
433.206
467.994
506.187
343.059
352.896
375.391
317.31
316.972
392.155
394.475
656.413
828.869
621.755
702.344
678.815
613.213
557.549
1830.2
1831.21
1805.12
1768.3
1858.81
2116.96
-0.220254
0.070087
0.335108
0.345492
0.516011
0.525181
0.109374
873.108
2351.69
2535.95
2518.68
2286.91
2756.43
2739.69
0.850589
-0.291328
0.284489
-0.206412
-1.32228
0.439683
-2.22471
-5.39037
-4.97112
-5.53585
-2.82143
-3.36869
-3.01755
-3.29394
-4.35967
-3.23915
-5.96308
-2.14848
-0.78758
-2.43834
-2.12368
-6.75761
-7.6053
-8.39702
-6.46497
-10.0095
-9.96205
-7.73003
-3.46319
-2.92598
-1.83027
-2.95954
-2.41441
-1.21198
-0.745986
-1.51429
-1.69829
-3.2795
-3.71608
-3.1196
-3.24208
-4.19424
-4.19336
-3.48213
-2.12877
-1.91367
-1.6471
-2.11956
-1.95711
-1.436
-1.56427
-1.5074
-1.4251
-1.52082
-1.49447
-1.45008
-1.54925
-1.5625
-1.4075
-1.77152
-1.62438
-1.60795
-1.32202
-1.36166
-1.16156
-1.35595
-1.43565
-1.32218
-1.44364
-2.73343
-1.40885
-2.02658
-1.88852
-2.40308
-1.69061
-1.51824
-0.0980929
-0.761413
-1.26287
-1.99361
-1.28771
-1.94065
-2.28452
-1.27652
-2.69617
-0.0390424
2.09476
0.062028
-2.29684
-2.60841
-0.683344
-0.623753
-0.716651
-0.747934
-0.668998
-0.687599
-0.780435
-0.912676
-0.809489
-0.953501
-0.902506
-0.967584
-1.07786
-1.0043
-1.3428
-1.41263
-1.39185
-1.2853
-1.33811
-1.3496
-1.32549
-1.99927
-1.78397
-1.99488
-1.73868
-1.66525
-1.92899
-1.90576
-2.85492
-3.39917
-3.35161
-2.64522
-2.45687
-2.76982
-2.63374
-3.06201
-3.11551
-6.85247
-8.19239
-9.3078
-4.95239
-6.3295
-6.45603
-7.81196
-9.15502
-12.5613
-13.0689
-5.71769
-4.60973
-9.04287
-10.5966
920.896
924.022
788.985
1092
814.421
751.667
1362.93
774.005
1258.27
1167.3
1167.63
1108.33
1040.42
743.091
980.327
494.602
12.0389
-78.731
207.197
141.253
223.982
44.4357
41.3321
111.596
40.1171
1111.09
1073.05
1124.96
261.095
440.537
-16.3068
486.211
439.571
142.83
333.15
4.77114
4.37876
4.45671
4.55248
4.88511
5.53247
4.76156
632.243
170.882
3.64559
291.698
29.7473
5.35635
4.76793
4.67053
4.83855
2.22864
7.90941
2.14818
12.8295
4.62279
19.6979
11.9298
-182.863
-183.438
-182.916
-183.539
-183.38
-182.345
-182.161
-181.126
-182.449
-183.146
-181.762
-184.505
-183.672
-183.479
-182.588
-181.35
-174.091
-169.646
-159.198
-171.319
-169.372
-115.148
-44.4462
-82.4152
-154.282
415.998
793.048
357.178
444.04
528.669
281.494
514.986
1190.62
1053.08
1085.07
1197.32
971.976
420.131
895.661
1113.87
1402.87
-147.656
-168.182
-134.356
-135.964
-79.9814
-152.922
-153.667
-182.866
-183.802
-182.925
-182.929
-184.549
-182.837
-182.71
1.49422
0.777902
0.972341
3.56439
1.6502
1.08437
4.37255
0.822542
1.09693
12.5726
18.7894
14.4331
19.3472
23.873
34.7356
18.1545
9.81708
9.37579
8.53192
9.40188
10.1388
9.15915
9.46905
11.8988
9.81864
16.9415
46.9866
187.872
14.4646
15.6803
16.3115
15.907
1488.06
1485.43
1453.04
1276.73
1415.65
1459.61
1472.97
-3.11814
-2.51404
-2.31627
-3.31355
-2.64606
-2.66842
-2.27647
-1.65212
-1.34313
-0.969709
-0.674799
-0.838379
-0.311516
-0.344688
-1.97615
-1.59347
-0.618072
-2.65841
-3.01038
-1.98904
-1.08262
-3.83283
-1.61447
-2.82971
-3.70532
-2.53666
-3.91394
-3.83328
-3.83914
-4.08414
2.20767
3.47436
6.73016
-4.4709
12.6727
2.22958
1.31382
232.615
277.946
17.6307
715.72
238.125
575.265
426.719
13.36
13.5642
135.002
16.5304
311.538
9.55068
792.304
887.937
899.097
890.239
718.694
891.437
916.75
911.927
892.649
802.836
853.942
896.832
859.01
879.711
850.683
893.907
648.86
586.081
798.896
793.696
888.105
-4.44357
-9.5772
-7.84889
-7.14614
0.659366
1.64089
-5.22171
-11.1119
-11.696
-5.61777
-6.77845
-11.6484
-11.8047
-9.20467
-11.2415
-0.880446
-11.9949
0.0750226
-0.842677
-1.24848
0.280534
0.623233
0.060142
0.321308
-0.410572
-0.179645
-0.0185206
0.624214
-0.907337
0.952226
0.747407
-0.0779499
0.441906
0.599818
1.84947
0.0535777
0.757809
0.0328385
0.0984856
0.387853
0.305975
-0.00466348
0.030403
0.0342445
0.316397
-0.0587325
0.0783562
-0.00618597
0.0625951
0.0372468
0.148571
-0.448645
-0.652966
-0.532445
-0.710596
-0.542892
-0.660124
-0.531325
-0.941777
-0.714373
-0.839583
-1.01231
-0.82902
-0.69467
-0.827637
-1.45406
-1.259
-1.06903
-1.31342
-1.18278
-1.21831
-1.40727
-2.84781
-2.91546
-2.49939
-2.75432
-3.06359
-2.02425
-1.88124
-1.93079
-1.82688
-1.90126
-1.87228
-1.94759
-1.5847
-1.42985
-1.45678
-1.59474
-1.45928
-1.4545
-1.55138
-0.457041
-0.196823
2.39667
-1.59222
1.77525
-0.940934
-2.02303
3.01609
3.03387
3.03784
3.07296
3.03999
3.06271
3.09025
2.92142
2.85043
2.90302
3.06166
2.91585
2.98297
2.86742
2.83864
2.93825
3.52037
3.60409
3.54619
3.47878
3.44573
3.46191
3.44873
5.30881
5.56953
6.59124
6.18416
6.04783
16.9737
6.18137
1105.55
282.613
356.001
1074.44
983.126
1041.33
710.174
974.364
1042.33
976.609
1095.63
1014.71
1062.42
1106.31
-175.899
-165.504
-160.849
-177.868
-172.093
-177.31
-165.944
-44.8774
-11.1737
-11.6993
-16.7274
-70.5632
44.3685
-16.0975
-110.693
-165.382
206.96
-39.5214
136.345
164.525
31.958
139.266
62.0585
213.876
274.235
29.0653
-95.0196
47.2625
67.5061
83.0912
-52.051
-71.0529
-101.031
-83.5157
77.1189
112.922
55.7101
126.356
7.78591
109.734
-61.5422
56.801
39.9689
65.8862
-55.9323
-23.7874
-148.554
202.067
171.972
177.404
94.8127
50.4468
-96.3245
-162.084
-148.885
-127.58
-155.4
-110.161
-129.714
57.6361
68.34
29.7343
-7.07292
94.318
324.578
331.216
360.375
-180.471
-175.905
-178.721
-178.212
-175.638
-176.282
-178.736
109.218
-142.272
68.7647
-173.351
-101.985
574.901
170.105
224.857
608.417
-204.609
33.7467
667.365
699.771
688.833
1219.77
-43.3598
26.8045
-5.45352
37.1831
-35.9656
36.5025
-20.1671
301.634
203.806
166.648
166.26
271.77
45.4653
-34.1289
69.4313
20.1635
467.022
328.371
298.091
-188.91
-218.356
-226.485
-160.478
-162.685
-115.746
-4.12162
-171.882
-138.315
-134.99
104.912
54.5422
66.0977
49.8132
23.429
-69.5699
-3.4474
83.6061
9.47069
-8.06231
-193.712
-109.545
179.66
-24.1934
-36.3303
40.225
-128.864
-161.753
6.13296
-101.062
-121.307
-94.6721
-71.6531
-115.168
-179.505
-172.966
-160.175
-153.043
-111.243
-158.989
-81.6996
-102.212
-75.3847
-77.2694
-131.01
-72.2294
-84.8555
336.675
334.931
342.282
358.926
369.624
356.921
396.256
455.84
431.489
464.534
362.928
412.799
435.449
411.432
423.948
474.92
422.325
421.624
442.433
404.25
463.618
1.35569
199.35
81.1897
113.683
271.145
18.1606
243.491
11.5702
4.00885
0.011611
22.0145
30.9358
17.7119
14.2057
10.1191
0.785442
13.1137
0.20822
36.7359
87.3405
37.4495
34.22
84.4333
49.4756
45.574
0.753781
0.850471
1.16611
-0.780971
-1.40043
-1.4188
-0.697583
0.652461
1.39381
0.52582
0.287309
0.704281
0.314562
-0.0963339
-1.51404
-2.1738
-2.1509
-1.67394
-3.31703
-18.9618
-19.0695
-15.7869
-19.4424
-20.1586
-19.7375
-18.2356
-11.6982
-10.8364
-15.9997
-6.48842
-10.4693
-13.5507
-9.1073
7.55899
8.02825
6.10769
7.63692
8.01921
8.66995
6.30831
1176.34
987.268
589.071
1178.52
1160.62
1153.46
846.641
91.3621
157.296
526.805
38.9872
485.457
388.897
635.858
406.872
1136.79
259.849
1128.03
1126.98
263.809
677.471
771.708
810.753
1116.8
714.625
-1.2019
349.766
713.681
593.271
52.5391
41.0709
391.85
699.724
611.315
471.834
853.191
708.138
712.068
4.96696
1.5033
4.671
2.78956
1.36196
3.10272
3.78007
0.327767
1.08782
1.89561
2.99708
1.98168
2.90577
3.81315
0.335485
0.499364
0.481463
0.323772
0.975815
0.357112
0.405749
0.321878
0.944282
0.623456
-0.53748
0.0342446
-0.0224597
0.274154
0.0945198
-0.0532499
0.10705
0.380446
0.154023
0.018498
0.34919
0.30149
0.144648
0.16013
0.0221676
0.298532
0.222211
0.19264
0.243107
0.0819542
0.160118
0.0218003
0.0682292
0.152219
0.064657
0.00410127
0.00558755
0.0267366
0.00537001
-0.0263849
0.00516879
0.00738955
0.0115796
0.0442072
-0.273033
-0.0768227
0.00699491
-0.124025
0.0116518
-0.0671702
-0.0229768
-0.0214624
-1.0159
-0.980135
-1.24798
-0.872031
-0.859217
-1.03932
-0.922128
-1.30017
-1.29994
-1.25554
-1.3072
-1.18768
-1.26205
-1.1543
-1.58016
-1.56285
-1.65034
-1.6641
-1.54748
-1.72247
-1.1729
-0.583493
-1.83795
-2.8935
-2.41351
-2.80715
-4.64915
-2.46772
-2.91727
-2.75015
-2.91111
-3.06643
-2.55483
-2.39822
-3.55077
4.97749
4.51885
4.64401
4.95278
4.57197
4.64297
4.77619
4.68805
4.82123
3.96156
3.87718
3.63214
4.08748
4.27367
4.08615
3.76294
4.23331
4.05758
3.8645
3.83496
4.00564
4.23813
3.92284
4.78552
4.84537
4.85423
4.67976
4.95894
4.7836
5.01058
4.95907
4.70681
6.91098
6.38846
6.93728
6.26658
6.35048
6.86134
6.43889
653.545
538.608
674.205
697.711
511.883
765.968
555.667
532.454
400.9
546.647
244.536
484.334
356.654
378.044
208.72
491.288
626.207
469.949
458.35
498.212
522.262
475.981
444.283
298.552
322.101
281.617
352.043
429.698
315.757
371.045
363.071
429.56
398.807
-33.5987
207.001
73.0912
144.267
-0.777206
16.1582
-184.122
-184.851
-182.827
-182.437
-182.891
-183.307
-183.59
13.3504
-139.803
-75.259
-43.242
-25.4898
-106.564
-58.4422
-58.8751
-116.012
-61.8811
83.8986
-223.909
-39.5901
-115.249
55.3344
-39.0949
17.4941
15.888
17.8869
98.6052
53.8574
43.1769
35.5795
53.1846
-18.6217
1.13678
97.926
22.8073
45.2633
159.528
77.6697
-26.66
12.7845
-22.1264
-50.991
-33.4959
-47.063
-42.8591
-15.9235
-44.1753
-38.141
-40.943
-49.177
-29.8324
-5.86534
0.315808
-16.5716
-12.757
-34.429
-36.7105
394.248
399.582
354.039
338.129
295.487
284.693
264.301
483.257
488.415
552.958
396.199
447.502
394.185
394.81
305.326
42.6537
617.984
62.7746
655.658
101.172
111.131
90.1481
294.409
812.938
785.58
794.697
408.684
396.83
32.3317
19.6663
16.4308
17.2329
16.789
33.0354
21.1951
13.1625
13.4086
12.8774
12.8687
16.7798
15.3186
14.6697
18.1791
18.2271
19.7323
45.0772
29.3242
24.6548
26.9239
-5.15098
-3.91596
-4.86615
-7.65046
-7.63032
-5.94058
-6.43764
-16.7119
-19.0104
-21.213
-14.8525
-11.6943
-15.671
-17.3837
-13.0153
-15.4193
-8.83948
-6.32948
-8.8647
-13.9421
-13.3577
-2.51323
0.00731615
-3.36035
5.29945
1.85885
-2.60151
0.200989
5.44531
6.06958
6.99172
6.2605
5.8963
6.09699
6.43765
8.29724
9.3528
7.34334
6.37061
6.76324
5.53037
5.59955
6.19542
5.42569
865.554
795.388
919.359
653.151
440.075
697.627
615.925
800.57
30.8871
435.882
925.337
1256.36
819.01
450.208
562.444
567.125
578.917
580.557
526.26
523.032
498.812
1058.85
1079.63
1072.78
576.124
65.7992
1045.83
815.938
534.198
568.894
576.369
686.078
1066.17
258.238
910.623
633.983
1186.6
-3.27447
-4.23223
-8.06
-4.43802
-2.3549
-6.70392
-8.65033
-3.64743
-2.73586
-0.831506
-3.60734
-3.3401
4.02696
1.15155
2.07596
-0.369296
2.19388
0.752733
1.39501
-4.18105
-3.77203
-3.88743
-2.39108
-3.34773
-3.57657
-2.88434
0.578416
0.211994
-0.142794
0.976695
0.185646
0.379058
1.1712
0.0544157
-0.0502892
0.0792631
-0.0414845
0.15003
0.280623
0.247212
0.194176
0.248607
0.192759
0.192463
0.148247
-0.351282
-0.179652
-0.330002
-0.263927
-0.564357
-0.357843
-0.541401
0.309003
0.309911
0.186721
0.211315
0.180969
-0.0118826
0.0937682
0.153472
0.251224
0.226905
-0.0225156
-0.0553769
0.000388423
0.0276536
0.0185247
0.00256246
-0.0496328
-0.0267718
0.0151036
0.032141
0.0308872
0.0285713
0.0397142
0.0465005
0.0181515
0.00838637
0.0536565
0.00984311
0.0266293
-0.00040639
0.0422625
0.0264092
0.00774279
0.0130867
0.0081945
0.0463207
0.0753801
-0.0278718
0.00512907
-0.00600175
-0.0688788
-0.0535218
-0.0737031
-0.0692561
-0.0208582
-0.111856
-0.0740393
-0.126172
-0.051874
-0.0748029
-0.104893
-0.0489881
-0.0995774
-0.106809
-0.0684266
-0.106336
-0.125519
-0.0968184
-0.336105
-0.230708
-0.350059
-0.269061
-0.369298
-0.248382
-0.315288
4.65347
4.93361
5.48959
5.22337
4.79756
4.96864
5.35878
5.3778
5.52695
5.75947
5.60068
5.63353
5.50214
5.59914
4.71735
4.13718
4.16934
4.13993
4.02905
4.66883
4.12938
4.81568
4.82143
4.99524
4.63751
4.46019
4.6267
4.62996
4.75194
4.65838
4.73004
4.73062
4.71174
4.73815
4.97444
4.93419
4.86957
4.54448
4.55949
4.5928
4.5523
4.54219
4.50718
4.54709
4.63527
5.05458
4.76589
4.83123
4.92709
4.87286
4.83553
4.67505
4.54724
5.18305
5.30403
4.97294
5.55909
5.35062
5.20047
5.38855
5.32925
5.06431
4.91326
5.32237
4.92728
6.05144
6.07669
5.2324
5.35544
5.46111
6.40893
5.88654
5.36005
5.84493
6.76241
5.84763
5.22329
5.21058
5.10301
5.06777
5.28257
5.08815
5.13003
986.837
1127.97
1470.51
1453.73
1106.65
1411.87
1463.39
1502.39
1446.67
1472.18
1410.4
1516.17
1300.71
1467.25
1432.09
1330.85
1235.28
1371.66
1428.3
1373.03
1331.54
802.05
980.958
912.785
700.514
761.69
962.464
572.855
808.792
1137.01
1147.37
1095.3
1108.69
876.211
892.078
771.806
1124.78
652.225
806.773
733.523
767.864
737.001
445.758
547.164
489.311
505.456
646.148
590.259
808.275
443.776
526.094
428.749
419.114
483.479
-44.4792
-158.936
-50.5561
-149.579
-168.445
-103.915
-132.24
1.37594
-56.8182
-23.966
4.25379
-13.9034
-9.12702
0.530767
62.0685
9.49961
-13.2452
269.28
642.918
588.524
514.084
431.272
458.036
463.504
204.398
558.271
473.764
304.497
305.593
302.511
299.871
301.812
305.236
302.032
332.967
372.962
364.713
307.758
320.037
339.641
371.717
-9.00451
-0.444518
-12.109
-4.08312
-5.95815
-6.98757
-5.58475
49.8187
54.8957
46.3088
278.74
53.0742
127.882
62.5521
18.6095
17.8984
7.65001
4.94837
9.13145
6.70535
5.97764
366.434
116.471
5.49883
5.41095
18.3151
3.99261
5.99967
2.90023
7.21224
0.246717
-7.19357
10.0447
11.4307
10.6856
8.80281
12.6769
29.2054
13.328
30.2247
9.71599
31.0608
19.0653
9.87645
32.672
17.5469
22.4267
9.29603
10.7639
6.91497
15.8314
5.682
9.27374
17.1547
15.9318
17.6433
1.80905
6.48491
3.5991
15.8343
12.0407
12.6932
1534.35
1576.08
1616.21
1400.41
1823.48
1665.1
1407.03
1509.22
879.934
1315.21
1533.22
1549.86
1530.71
1540.11
1386.21
1709.83
1417.03
1716.56
1846.07
939.052
912.747
903.275
1168.7
1514.95
1762.56
1731.42
1841.88
1713.19
1640.58
574.738
46.5789
70.8867
30.863
1245.26
443.423
457.473
448.309
5.16035
5.64133
5.36827
6.30238
6.83895
1.39602
5.06321
-1.75398
-3.04137
-2.48555
1.49123
-1.03701
-1.62787
-5.04776
-0.22276
1.01165
3.07289
-2.86166
-0.037729
-16.5103
-17.8847
-14.478
-16.378
-13.1408
-8.38602
-13.5299
-4.6226
-6.56774
-6.20206
-7.14705
-6.24767
-7.05549
-6.30681
-0.699456
-0.823215
-1.38276
-1.04324
-0.780591
-1.91343
-1.34359
-0.608267
-0.64147
-0.738559
-0.666632
-0.592563
-0.672772
-0.752309
-0.0107932
-0.057022
-0.0512417
-0.106717
-0.0459602
-0.11847
-0.139812
-0.110804
-0.14265
-0.204899
-0.08543
-0.0227769
-0.10989
-0.0384983
-0.0601994
-0.0131626
-0.109419
-0.117954
-0.103184
-0.0919857
-0.095997
-0.125359
-0.151355
0.00176879
-0.268114
0.0607059
-0.0306598
-0.0576076
0.221324
-0.283978
0.0761136
-0.183854
-3.48263
-0.384205
-2.76814
-2.77978
-0.419537
-4.19235
-2.29936
355.079
1685.85
2729.48
2745.37
2737.23
2685.19
2766.61
11.2404
0.866745
12.4501
2.07525
3.87247
8.95857
214.198
5.34259
86.7719
1.00123
4.72369
1.15715
678.719
1.96708
1.09831
1.03036
0.600763
0.44696
0.74649
2.58747
0.819983
9.78852
3.81332
6.70806
0.581162
8.97818
4.17747
9.27717
3.90168
3.69182
3.69197
3.80427
3.48962
3.15556
3.69745
1.71769
2.39949
1.78148
1.98099
1.59744
1.42345
2.03785
1.70908
1.01313
3.96125
3.97048
3.79207
3.83821
3.44066
3.8092
4.01014
3.91733
3.87674
3.50907
3.62625
3.76176
3.42092
3.67799
4.21054
4.1193
4.47387
4.26358
4.49836
4.52597
4.77914
5.89724
5.63182
5.79288
5.84409
5.91286
5.83139
5.91146
5.16522
5.21926
5.05113
4.98553
4.83796
4.99168
5.14291
864.544
879.091
880.698
1043.88
876.194
923.737
1258.86
1343.61
1337.03
1304.43
1378.28
1378.97
858.707
1059.5
943.43
1267.93
1418.04
1412.17
1388.81
1357.79
1192.16
1422.25
1265.91
1366.29
1278.53
1414.7
1313.26
1492.56
1507.04
1445.01
1263.24
1398.84
1293.3
1487.48
1408.88
1463.55
1406.69
1447.98
1480.67
1471.57
1336.11
1402.49
1369.94
1386.72
1460.28
1387.4
1390.88
1388.64
1396.86
1413.32
863.596
857.77
865.105
1378.07
1087.68
861.296
1389.27
1437.32
1178.58
1232.15
401.934
436.655
411.982
441.374
418.101
399.432
387.538
372.789
422.313
273.089
370.165
328.829
501.093
476.811
296.047
260.207
311.463
275.004
367.747
375.224
273.607
346.796
337.32
341.479
311.203
308.028
319.187
325.228
1207.81
720.684
1589.76
723.296
871.703
950.772
1251.92
373.872
112.904
353.657
256.664
759.885
478.888
42.8309
38.6537
42.1347
39.3912
35.5068
92.5413
115.283
313.993
296.428
442.383
675.512
1047.65
1197.92
1569
1669.01
1578.13
1592.21
1778.06
1744.24
1619.73
1747.92
1931.48
1826.82
1944.99
1883.05
1863.39
1804.17
1897.33
1788.31
1827.97
1811.06
1975.21
1874.32
1936.04
1849.86
1804.86
1783.85
1756.75
930.857
760.784
621.857
1768.16
1775.62
1589.85
1416.25
48.5633
46.2487
57.8828
61.396
112.736
66.4392
127.013
25.2813
33.0271
35.5768
35.4169
37.6913
29.8471
24.5152
25.9994
24.3367
30.6974
18.3333
26.121
21.1867
27.9912
-1.2022
-1.09067
-0.968112
0.0585843
-0.553642
-0.571551
-0.724118
-1.35929
-1.41076
-1.35734
-1.96672
-1.8555
-1.76507
-1.69506
-3.57258
-2.69532
-2.95699
-1.87531
-1.80643
-2.33187
-3.74997
-3.78628
-3.3554
0.618795
-2.48738
-2.0151
1373.54
1354.39
2435.76
2343.35
1748.22
111.899
2104.34
1.81293
1.59366
0.551195
2.47559
2.5936
0.946925
1.4464
4.37196
9.69823
3.71397
11.062
9.98807
6.38296
9.26122
0.771487
0.820194
0.474494
-0.0066242
0.220644
0.282374
0.602946
0.760232
0.803668
1.21318
-0.448991
-0.188354
0.279765
0.352219
0.424919
0.0569869
0.513729
0.416765
0.634703
0.164003
-0.0234421
0.112718
-0.0438526
0.0587599
0.162684
0.326137
0.591669
0.393256
0.167157
0.533687
0.279535
-0.116568
0.0188896
3.30129
2.80803
2.55557
3.00082
2.75087
2.83789
3.35713
4.1715
3.99174
4.66969
4.25618
4.14828
4.34732
4.79624
5.21202
5.37543
5.86542
5.0347
4.92212
5.03389
5.33085
5.61954
5.7206
5.38664
5.05685
5.29675
5.39254
5.32234
5.62004
5.51255
4.61585
4.8965
4.88108
4.63239
4.78526
4.90157
4.84923
114.901
64.9571
705.878
179.966
326.869
4.98374
103.42
1024.34
1119.06
340.188
1127.6
1135.44
851.319
556.707
421.327
530.653
328.442
842.386
1052.56
1055.33
930.366
1114.84
1098.24
1235.78
880.959
1126.99
460.106
515.362
721.827
1264.8
1291
1298.53
1274.59
1064.27
1383.07
1453.17
43.9829
41.4586
42.6295
219.746
145.027
225.961
68.6632
1326.18
1301.04
758.445
851.487
517.93
1296.98
1222.42
0.881607
0.581883
0.013589
4.78462
1.84842
286.043
262.823
255.931
165.861
17.8617
274.102
512.389
9.4938
7.95327
8.3279
86.3541
85.7739
303.116
235.962
359.49
131.207
315.336
63.9251
1.92052
516.815
520.248
378.344
433.851
372.276
417.169
213.667
367.791
390.255
511.997
524.166
409.071
422.844
380.64
461.72
436.856
387.831
470.848
431.181
355.552
477.574
669.616
329.739
587.192
2742.38
1321.48
2417.45
2423.98
2832.05
3095.68
2294.39
2669.68
916.303
3130.63
2265.71
2602.37
2794.6
672.624
991.736
889.64
-106.781
554.798
-170.714
434.378
636.344
2921.05
1969.03
1231.9
1541.44
1586.06
1507.03
1662.7
1336.13
1351.3
1150.15
1170.77
1523.15
1544.26
1581.1
1482.92
1574.69
1502.88
1518.58
1467.01
0.626501
0.010173
0.533004
-0.578953
0.938045
2.22356
1.39539
-2.99194
-4.07989
-3.70909
-2.19108
-3.61329
-2.89838
-2.02288
14.7203
15.0121
11.9696
12.4109
16.9625
16.3715
14.0137
1.33139
-4.71737
-6.26894
-3.3353
-2.60051
-4.81534
-3.96102
2.25437
6.38299
0.831266
138.482
8.94453
7.8651
18.9049
-3.85067
-1.94712
-1.42612
-16.8711
-11.366
-0.131663
-10.4962
3.87391
3.72583
3.8715
4.04829
3.66376
3.62982
3.83411
4.19017
4.45953
4.44124
4.68726
4.65106
4.6002
5.04038
4.89439
4.83355
3.65006
3.2822
3.6582
6.03961
3.944
3.54213
3.58924
0.887126
1.21323
1.55172
1.09522
1.49823
1.55542
1.15561
0.315941
0.434865
0.377667
-0.158971
-0.0549028
-0.256076
-0.379127
-0.199597
-0.489264
-0.403932
-0.083116
-0.0217048
-0.00481361
-0.886141
-0.778858
-0.301857
-0.940457
-0.544788
-0.561201
-0.46767
-0.249516
-0.382605
-0.706442
-0.722133
-0.766279
-0.759082
1.12731
1.21272
1.45092
1.25906
1.31376
1.78559
1.60933
1.61949
1.52147
3.84771
3.50651
3.51209
3.71321
3.4713
3.61769
3.82482
4.43398
4.4323
4.6023
4.51522
4.45001
4.61659
4.40726
819.712
822.246
825.254
902.172
898.266
471.042
215.748
906.309
908.788
915.829
897.251
902.946
903.166
888.442
859.673
908.374
325.584
876.572
856.863
875.009
870.95
325.181
863.978
314.744
558.504
1111.26
5.35968
5.23949
5.25431
5.37025
5.30131
5.25199
5.33038
5.47685
5.72209
5.7915
5.796
5.67908
5.62179
5.577
8.52483
5.80511
6.81993
6.82301
5.80894
6.5002
6.9954
4.20711
4.46963
4.64044
3.76507
3.83676
3.86838
3.96879
3.21608
3.64439
3.56804
3.46003
3.62609
3.2517
3.48853
8.71066
9.1301
7.28184
4.78608
1.58429
5.01269
8.57176
4.42443
7.20456
4.80758
1.62657
3.77171
4.63328
3.54812
5.91067
5.36474
1.74251
6.07258
1.02648
-1.6686
-1.18196
-3.32071
-3.79249
0.0675378
-6.28349
-6.0639
51.9715
61.3075
49.5869
14.9903
12.3688
6.13535
3.26167
16.9124
62.2598
31.0619
24.351
9.63567
1.03757
36.1778
153.119
549.862
408.137
65.3185
-103.063
-36.8309
19.4416
58.914
194.806
77.6367
356.049
24.6092
23.8099
171.953
46.306
-97.443
138.508
143.706
80.3209
85.2243
112.504
-24.599
58.8952
-135.885
97.329
16.0295
104.307
352.027
520.005
-361.943
-141.992
-298.711
-39.6242
355.184
461.309
522.236
535.054
317.469
741.698
430.024
847.379
807.742
1040.74
750.12
502.428
917.342
597.088
380.305
287.108
621.262
1223.17
856.022
1124.14
804.156
530.003
799.148
615.477
895.531
540.425
727.602
1000.02
797.008
1059.19
752.322
1159.3
344.673
927.348
813.676
1006.22
5.44897
6.23482
5.55989
5.69579
5.60954
6.0907
5.6118
6.27053
6.00291
5.97685
6.10387
5.93504
6.12725
6.02461
-0.170504
0.00691628
0.569471
0.890335
0.801263
-0.175148
-0.0420514
-0.767946
-0.960783
-0.872657
-0.350352
-0.131994
-0.857078
-0.147887
0.0365969
0.138352
-0.303618
-0.519376
-0.159908
-0.381212
-0.101282
-0.218817
-0.271802
-0.027324
-0.115831
-0.26938
-0.595596
-0.0792945
-0.379113
0.0345416
-0.0600247
0.0685701
0.152724
0.137687
0.110535
0.136003
-0.0384349
0.0943555
0.128696
0.267104
0.0753676
0.272386
0.296397
0.177325
0.245518
0.105072
0.277934
0.282572
0.190959
0.265295
0.315107
0.204345
1.69932
1.81392
1.81495
1.93827
1.93599
1.8335
1.82392
636.983
624.055
635.306
500.204
159.773
564.427
839.422
816.965
843.168
51.5802
338.328
827.251
344.381
342.049
653.834
896.426
875.771
5.46214
5.25366
5.27096
5.50397
5.54197
5.42369
5.36571
5.23833
5.09636
5.14608
5.15233
5.18534
5.09521
5.20301
5.35443
5.36667
5.32691
5.26835
5.31431
5.30605
5.35733
5.46611
5.40608
5.4605
5.5606
5.52521
5.44908
5.50543
5.45299
5.38158
5.43136
5.3834
5.41362
5.40465
5.33461
5.7127
5.59843
5.62723
5.71468
5.67868
5.83478
5.57572
6.70868
5.39314
5.38637
5.96288
6.73764
5.55541
5.21827
4.57115
4.44578
4.83176
4.86026
4.98244
4.75715
4.61526
5.46807
5.24588
5.18943
5.21566
5.14018
5.15056
5.22354
5.05682
5.00271
4.74226
4.54385
4.54143
3.74867
4.271
3.62382
3.68177
3.83127
3.60644
3.90557
3.4106
3.71145
4.80261
4.4556
4.56745
4.36185
4.004
4.93817
4.77643
3.99606
3.9525
3.62912
10.8837
4.92355
20.037
16.4169
19.4084
11.9675
19.7055
10.674
15.0196
9.09727
30.1664
25.5011
13.1089
14.3454
16.2929
16.2541
14.2568
16.4673
14.9843
16.1743
7.38939
9.5576
5.56975
7.26063
7.49559
6.96415
15.6685
10.1166
16.1465
12.4508
61.0509
29.6497
35.5604
23.835
82.7264
220.008
475.738
253.47
328.049
524.549
139.44
161.281
108.502
16.1662
386.21
285.653
395.782
246.967
160.402
356.342
260.923
49.8988
113.185
46.3513
110.732
-37.6157
94.7107
180.774
364.866
266.256
400.934
335.477
389.749
471.119
575.674
417.504
376.132
242.482
-47.4131
61.9803
161.221
-135.553
-211.754
207.452
26.2216
110.828
153.582
142.163
94.713
183.166
117.972
102.972
502.899
496.378
448.332
522.981
519.809
500.585
619.568
230.379
456.303
370.164
392.451
448.187
626.151
585.585
532.401
564.648
74.028
376.4
348.567
345.128
422.694
398.62
134.044
184.562
418.217
365.333
453.961
423.785
317.8
266.032
393.429
329.552
-350.445
-276.631
-147.766
51.6212
-276.476
178.345
81.7031
-339.01
-352.714
-336.109
-93.878
115.298
191.54
-218.928
-344.521
-351.532
-345.484
-355.625
-354.151
-352.797
-355.265
-54.8067
38.9722
-222.308
194.839
283.396
-100.155
-228.421
200.69
11.0467
62.8513
20.6773
165.475
177.782
135.002
253.078
380.434
136.699
280.983
59.6928
388.291
223.716
211.532
158.797
194.915
156.119
406.506
339.35
191.159
281.428
331.433
623.497
267.055
192.641
269.501
141.153
277.547
302.101
74.9785
-354.731
-353.707
-359.256
-356.585
-353.165
-353.861
-358.034
-359.13
-359.567
-358.603
-361.633
-358.372
-366.062
-362.905
795.405
660.307
808.488
451.892
866.716
691.462
385.409
1834.35
1870.1
1860.96
1264.01
1677.1
1847.56
1336.71
1372.78
1481.61
1493.37
1360.32
954.546
1278.5
1231.44
1316.81
1376.57
1613.43
1493.75
1544.62
1571.8
119.909
204.854
121.811
-0.221368
-306.196
-346.748
-56.3959
369.645
247.902
356.052
371.024
347.821
229.489
316.862
429.4
482.673
514.423
380.542
360.266
420.387
434.263
8.09597
11.2853
7.1584
6.93942
7.07968
8.45046
7.27721
31.4615
21.7124
21.9653
32.8169
9.80103
20.2825
34.1628
12.082
14.7162
10.7947
17.0604
9.74353
12.5742
26.7721
25.3281
37.2886
48.4409
34.3251
44.5029
48.5437
46.8235
48.3189
29.4801
1436.8
1440.52
874.834
25.5359
829.328
1551.73
907.874
1544.5
1385.74
1004.74
975.704
1306.02
1582.93
1549.04
1436.01
1253.79
1552.12
1708.72
1216.1
1734.76
705.739
44.4356
856.402
56.1236
4.49914
28.8445
252.427
885.592
5.05706
5.68336
4.87427
6.43714
4.78695
5.06943
5.45034
5.15638
4.79781
5.06745
5.20987
5.03615
4.72726
5.139
4.94239
4.76981
4.43786
4.37868
4.3094
4.44919
4.14874
3.89526
4.20931
4.42524
3.20723
3.68924
3.74651
3.45962
3.2267
2.93942
3.37761
1.84435
1.64712
2.23938
2.05871
1.8339
1.9542
2.25599
1.84181
1.91306
1.86059
2.01602
1.59137
1.73098
1.97276
1.39588
1.68379
1.33496
1.48265
1.24998
0.870778
1.12217
0.852975
0.791205
0.979002
1.20672
0.96108
0.359029
0.325315
0.417245
0.697365
0.324604
0.438343
0.504463
0.0483372
0.254291
0.26663
0.214626
0.468624
0.286755
0.0862456
0.161166
0.137263
0.23338
0.347459
0.229701
0.064517
0.110848
0.0267812
0.092556
0.154554
0.408524
0.163349
0.203879
0.170076
-0.0492106
-0.11432
-0.607665
0.0972715
-0.961899
-0.470918
-0.888233
-0.842311
-0.395659
0.263371
915.689
901.081
917.562
909.789
909.823
913.985
426.348
910.835
661.106
129.02
798.993
783.433
802.496
794.327
201.805
384.704
1.31844
2.14596
1.93644
2.32416
2.00574
1.16996
1.75441
2.20014
1.69511
699.939
685.64
230.945
4.5193
308.577
239.925
708.293
5.36063
4.99987
4.31394
4.13289
3.97236
4.71013
4.55897
4.03471
3.8597
3.93943
3.26569
3.28176
3.18057
3.5088
5.71786
5.47244
5.64463
5.85926
5.71704
5.76744
5.91014
5.75547
5.51905
5.51303
5.41332
5.46445
5.73008
5.76599
5.80252
5.66144
5.5516
5.7258
5.77402
5.97529
5.86857
5.93948
5.90539
5.99693
6.01353
5.98365
5.89592
5.76578
5.79106
5.74237
5.74252
5.70458
5.77429
5.26207
5.45263
5.42411
4.99175
5.34834
5.72915
5.66214
5.66367
5.66983
5.89636
5.6878
5.62283
5.69613
6.44642
5.95807
5.69945
5.55878
5.91736
5.76526
4.59553
4.80977
4.95976
4.68268
4.37491
5.0339
5.02766
3.46534
3.34488
3.25738
3.00177
2.98602
3.06918
3.00762
3.35353
3.41558
4.3158
4.1328
4.05065
4.04062
3.57838
3.90842
4.25737
2.89681
2.84892
2.88115
3.0586
3.05352
3.0453
2.98462
3.27795
2.92338
2.94566
3.04766
2.92317
3.43566
3.44698
3.78851
3.57124
3.58097
4.09207
3.91685
9.03643
7.23993
6.29994
8.82391
8.74145
14.4315
22.7102
7.5329
7.7684
7.9289
7.76102
9.00043
9.3311
9.45822
37.5974
30.8589
38.7445
38.9644
37.3471
30.3652
19.7225
9.1829
9.06413
9.39288
9.37538
9.02648
10.3245
10.1562
9.86036
17.8464
26.7244
9.06451
9.39378
33.0404
30.1716
42.6319
13.1653
10.851
39.2828
19.255
64.7578
30.6349
50.1057
47.1174
10.6502
11.4563
94.0566
424.507
350.504
394.321
716.974
577.662
661.057
499.308
541.93
470.739
560.227
534.756
605.63
531.1
721.963
692.973
701.709
617.608
678.333
689.484
577.283
644.026
656.921
799.301
731.809
652.075
750.576
360.422
379.129
248.629
65.5489
255.936
24.6055
14.8445
123.542
365.762
153.257
161.517
287.285
103.325
194.934
288.88
402.039
334.427
350.391
346.333
199.407
198.478
67.437
203.932
193.357
158.864
214.313
487.944
267.585
44.7125
220.871
337.872
192.84
180.382
94.3755
156.671
159.295
-137.775
-140.941
-161.299
-58.4854
45.4176
-76.4361
417.038
360.789
306.637
510.516
825.669
769.614
452.593
469.488
587.292
442.351
552.454
550.647
698.143
522.433
547.331
704.481
579.325
610.968
810.808
774.05
750.96
981.737
803.324
334.184
475.879
515.987
575.99
444.174
445.597
489.247
619.514
361.942
481.982
493.237
427.804
406.071
684.718
719.057
779.037
518.615
648.991
665.016
708.646
785.656
774.873
677.137
696.749
713.293
684.014
636.781
738.101
727.708
694.386
446.247
525.033
444.751
415.413
621.285
127.517
218.188
65.7546
426.591
405.924
38.3882
32.2382
43.1964
54.8809
49.3588
43.5661
47.6945
27.9376
21.3713
23.6406
39.6981
37.2877
31.1455
36.0306
5.6089
2.5742
5.08314
6.68603
6.90675
5.89806
6.81426
10.1016
15.3738
9.87291
8.96308
7.42879
9.62709
13.8553
14.055
14.0318
9.8329
10.5794
10.296
9.43043
8.91121
24.0723
8.61192
7.04754
22.1386
19.8676
15.6203
16.4725
16.6969
32.499
17.2251
32.3196
31.4146
750.78
258.502
1061.1
1055.33
1006.21
1041.04
964.706
3.07462
3.06909
3.05273
2.93345
2.96994
3.03231
3.00709
4.38286
4.3029
4.48178
4.13024
3.8653
4.25779
4.32273
3.80821
4.13283
3.65842
4.2051
4.31389
4.0189
4.12635
4.67479
4.61841
4.71129
4.55537
4.56292
4.64626
4.623
4.54135
4.74402
4.82568
4.85166
5.34565
5.01857
4.70437
5.82615
5.5257
5.81887
5.74731
5.68631
5.63931
5.76246
3.78979
4.03935
3.8605
3.65138
4.17418
4.00128
3.7226
2.7571
2.79428
2.80121
2.68012
2.7365
2.73301
2.67023
2.07875
1.9512
2.07806
1.9667
2.40043
2.10396
1.92114
1.95109
2.12304
2.22832
1.88818
1.87226
2.29615
1.9201
1.85823
1.97541
-1.25683
-0.663852
-0.689439
188.106
-129.67
3.83696
24.2367
24.1342
689.178
569.179
667.105
645.41
1166.27
1716.85
1480.34
1345.79
1487.88
1457.51
1507.97
1550.75
1468.52
1323.83
1438.59
1439.24
1427.88
1474.88
1368.85
1474.77
1429.64
1179.49
1446.71
1637.88
1446.47
1042.93
677.453
770.728
732.094
167.669
40.6183
738.342
763.925
61.4749
171.205
-3.31529
55.3928
96.4937
667.186
0.685006
1.34508
1.16395
16.2874
467.228
-2.50749
-0.24
2769.65
2733.94
2796.17
2741.67
2690.94
2799.56
2801.03
2830.47
2829.45
2814.6
2814.9
2836.99
2742.31
2833.69
0.976991
-0.233058
0.892402
2680.88
2793.26
2717.99
2731.25
2739.13
2734.26
2728.72
2730.23
2740.01
2756.06
2769.22
2738.51
2723.76
2731.4
2735.34
2740.13
2728.9
2723.2
2732.84
2735.91
2717.51
2738.36
2733.97
2743.84
2728.73
2724.31
2718.01
2726.8
2732.43
2728.03
2728.79
2757.19
2745.45
2731.35
2723.02
2695.84
2725.99
2723.2
2730.46
2721.36
2726.27
2737.38
2727.61
2727.84
2677.63
2720.52
2738.53
2082.91
875.362
2857.7
2834.15
2805.32
2897.03
2777.91
2763.35
2805.79
2841.08
2830.39
2835.14
2824.11
2810.45
2765.89
2815.38
-3.22141
-3.62164
-4.57667
-4.07734
1.64133
0.298097
-3.50974
2743.57
2768.89
2724.23
2800.33
2776.22
2799.78
2759.56
2831.47
2849.46
2784.9
-0.684202
-1.35214
-3.6204
342.172
456.352
339.892
281.3
-6.09328
227.808
-10.5796
34.3251
446.272
1943.84
2102.32
2120.44
1983.56
2115.36
2098.19
2082.93
2087.97
2043.18
2000.23
2132.34
2029.56
1865.49
2100.27
2172.83
474.012
889.609
153.842
11.8837
-5.87263
52.8476
-0.665546
-0.396288
-0.2615
-1.08974
2.10542
1.84061
-1.13862
-0.241403
-0.497313
-0.962935
-0.735217
-0.766316
2348.26
2321.24
2224.42
2327.96
5.23677
14.696
1408.77
1339.61
17.6031
17.675
23.2021
33.5452
5.65351
5.00438
5.09833
5.0167
-1.90338
-2.04464
-1.52979
-1.64466
4.76252
5.45969
30.6452
6.83095
5.42104
5.56603
5.55833
5.59874
2.46029
0.524307
1.44449
0.150826
-10.466
-12.9326
-13.6643
-16.408
5.18161
5.70183
5.2745
5.66667
-12.0734
-11.9866
-16.8437
-19.0638
-10.0854
-13.7581
-6.68799
-8.92705
29.5132
8.88506
9.38367
3.62381
3.69204
3.24873
3.36475
10.8676
337.439
62.4393
414.14
5.565
5.99415
5.97509
6.504
-0.980181
1.03457
-5.43416
-4.2915
-2.98905
-1.52836
3.52083
7.77474
4.3646
4.12466
4.28769
3.96805
98.4626
527.142
3.07519
137.478
3.48892
3.24245
3.48725
3.25102
-0.495015
-0.524176
-0.049714
-0.0400638
12.8368
10.0008
9.16886
15.0945
30.843
93.6583
38.6507
43.5336
4.48799
4.53317
4.60129
4.45984
6.68808
7.06014
5.2097
10.0167
6.18786
5.94688
6.0992
6.17505
181.569
177.205
316.574
274.21
5.47864
5.47544
5.59383
5.45161
4.82059
5.02119
4.5565
5.62985
5.60849
5.68881
5.66363
0.924109
274.749
-119.282
-17.2902
76.5854
13.4252
5.17706
-27.7787
-2.3773
1.0547
-4.25229
-1.79995
198.314
354.98
228.983
337.443
-183.69
-183.706
-183.566
-182.998
280.506
506.742
593.921
555.782
2.32259
2.0761
2.40636
2.19142
1.063
0.908085
0.593648
0.421818
1.67887
1.23739
1.0053
0.849258
106.02
109.299
-0.298258
-0.0577492
1061.15
1476.06
870.779
1216.92
1076.59
882.502
680.407
572.107
4.53512
4.578
4.42073
4.43247
4.10794
4.21395
4.38912
1606.1
1487.82
0.981058
0.0300208
2.0706
0.351216
34.8829
10.5566
0.936658
0.568556
0.183593
256.138
64.1983
145.088
8.5892
29.811
37.9917
46.5912
689.704
326.336
423.841
6.17246
1.94297
1.98275
375.012
396.519
352.22
369.598
387.057
-9.20866
-7.83376
-2.59839
-2.16521
-3.82962
-1.54868
-5.06945
-2.72084
-3.37581
-2.35603
7.28688
4.50055
-14.5402
5.48017
-2.73874
5.32769
427.889
-5.14817
324.739
6.14959
5.80254
485.372
4.19917
481.066
1398.57
2032.78
5.38585
4.2486
4.08727
-168.005
498.029
3.24011
4.56719
129.144
-1.63954
309.255
5.37209
-1.63851
5.57976
5.29094
7.27929
-5.38709
3.45107
6.17301
384.649
25.2134
3.96176
5.05887
860.864
7.26229
1088.1
4.12478
283.012
-163.334
-177.012
-1.25657
71.7745
506.484
-77.0328
-182.726
-103.245
-181.694
-109.742
449.379
-118.462
-44.5846
-91.8726
-180.697
-180.686
-168.495
-182.336
-106.441
197.485
30.4135
-59.9496
-17.1997
-182.942
-157.81
-1.22341
-184.816
-184.276
2.00063
-184.478
-184.532
-182.332
-184.149
4.36258
-177.721
-182.887
-172.179
-182.232
-184.139
90.3364
-98.1752
373.743
698.744
754.839
-0.00915872
163.782
440.431
629.823
741.42
31.8715
-182.269
153.976
524.137
-181.943
-181.975
-180.118
22.3948
614.348
545.451
109.817
607.071
431.7
-165.863
-185.17
515.06
-182.209
-178.315
3.01642
6.28824
544.344
341.262
227.281
520.962
298.239
620.174
190.938
-171.401
53.0868
0.0114271
1.27622
0.531267
0.168872
394.129
118.366
762.322
471.532
511.394
3.25063
1.8023
-123.522
590.828
-48.9922
-173.35
-181.423
-179.476
683.784
-57.8223
-163.931
-183.313
-183.929
-109.296
-33.0899
-352.095
19.6125
-31.9271
3.07525
-40.9783
3.27035
-146.353
-105.05
468.21
-14.3301
-12.6925
0.105456
684.95
-165.436
5.32503
4.55664
-31.4451
4.50646
163.285
-0.322685
362.491
0.536418
4.43443
-1.69172
1.68348
1.27449
-4.77569
39.9965
2.07291
269.931
125.148
-21.1724
339.402
353.078
256.112
-179.416
311.289
356.139
391.911
13.1755
-0.927704
5.87728
-182.941
0.921559
292.317
459.115
492.383
1.89859
658.645
507.821
1409.29
-0.969349
1.90302
81.3695
413.449
57.3733
1378.72
3.79898
5.22211
7.79579
466.124
251.361
474.292
3.66061
1804.38
461.809
316.327
-179.294
217.548
456.842
449.582
180.302
146.178
174.472
197.203
-350.655
38.4565
1.63914
98.3174
5.94793
34.9126
64.3445
70.791
50.3146
5.42874
0.0386619
757.083
85.6858
609.581
160.654
193.848
333.983
222.327
231.605
357.813
94.2471
-181.1
4.34108
69.7975
104.442
202.293
244.088
373.945
898.378
566.298
573.885
313.893
414.866
44.4967
264.614
265.611
-111.321
308.778
-38.4322
351.498
7.30142
-6.01768
436.351
1438.65
373.466
299.717
313.806
325.413
297.806
777.452
1054.28
2502.7
342.405
23.6107
-72.1075
10.1799
3.86831
4.2415
4.41401
3.99249
5.03938
-12.8744
7.20824
7.76338
4.59522
4.18294
57.4065
8.39565
6.39813
4.45953
6.85232
7.50398
5.37031
4.72518
10.0797
252.263
5.45137
1336.89
515.439
10.0896
235.888
6.18893
27.4795
16.6056
344.89
25.8817
70.7479
417.593
13.1425
1066.66
1251.55
22.5333
4.58353
925.887
17.6562
5.78425
49.2856
35.2634
17.7625
-313.283
40.9975
1223.88
4.44915
348.357
11.1138
11.5818
93.0938
-8.37841
77.3234
-38.3419
1790.3
-21.4875
610.238
18.201
13.1019
218.907
5.51821
16.4137
10.9762
11.1749
8.67668
922.038
5.29194
30.8324
1.39588
4.98764
5.74036
936.8
441.144
1754.57
0.321697
1387.87
587.981
15.0256
1564.32
8.93881
1672.21
70.2424
180.177
-7.31272
1129.21
32.7807
415.909
474.047
1849.53
85.0781
499.118
6.65094
6.61733
15.1775
30.924
5.15795
16.3359
21.7461
69.9162
-2.41443
7.03739
3.64739
5.72679
4.25531
3.89134
3.44679
-0.871259
4.95339
18.735
2.45904
20.7536
6.59505
1364.76
10.009
3.81563
56.4564
3.73936
4.733
5.54633
-5.71232
317.124
3.95306
-1.50226
526.375
4.96167
3.9229
3.32417
3.65591
2.96201
3.652
4.57304
-3.21104
3.49564
-0.53993
4.40691
4.7892
5.48279
27.3041
5.25711
5.74501
1549.66
1907.72
5.12599
208.096
7.21033
7.21613
4.09627
4.2319
5.68429
4.6069
5.52021
5.32285
425.402
5.44097
6.71336
6.80872
5.30169
5.33801
64.5132
6.64035
-0.241287
0.485046
-0.157094
6.68486
3.10804
3.21557
9.41891
4.47675
5.02941
7.83699
4.26102
3.97251
5.93038
3.87965
6.44359
3.50025
29.8709
6.54159
450.748
6.64621
7.68151
582.141
8.576
7.14481
1046.35
1824.06
956.165
2.20461
962.913
174.579
3.75109
4.67677
-181.098
-183.691
827.951
232.232
-91.3951
635.342
891.814
-57.0466
76.0999
6.74083
3.04439
540.59
858.662
666.88
23.4479
528.462
10.6672
871.475
198.02
0.348444
-1.1132
1187.51
1249.38
1015.27
1299.53
1267.84
1104.84
-25.5097
762.833
144.217
134.755
453.781
1172.92
1528.12
1332.27
5.32466
-164.037
3.60844
-165.449
675.024
-67.1628
-170.385
88.6251
9.32451
17.7556
16.699
9.02851
5.27317
5.44961
1108.3
95.6641
18.0786
1115.42
6.25905
5.34562
8.1185
254.625
-167.241
1409.41
1326.27
5.47965
2460.32
366.262
-184.974
479.653
859.883
233.04
160.401
1316.09
9.67747
3.61947
7.10042
15.0207
8.3126
-176.056
5.65283
291.27
40.743
17.5727
371.004
1816.65
0.0076158
5.27147
5.44861
5.38825
6.8284
7.71764
5.17692
442.227
5.45542
5.45071
2.47555
1392.4
-4.16656
5.42396
5.17577
5.72444
5.38482
-182.93
192.82
1.46758
372.182
23.8734
-9.38956
1207.45
180.105
132.899
5.16227
0.861234
4.96766
4.96501
4.24902
3.09052
3.20179
2.65643
815.117
5.41378
405.069
1444.23
10.7813
8.21446
622.577
4.37465
2.93266
2.78791
3.39988
3.15191
5.37408
1637.02
5.26126
3.23564
3.11193
5.87942
5.01164
0.279182
3.88778
3.96499
2.94986
3.27175
5.38649
5.16785
4.29815
5.44901
7.51143
2.40343
2.52748
2.98502
2.90056
5.91685
2.59913
2.36776
0.996888
5.4845
5.41127
5.47301
5.01913
4.8431
31.545
4.21227
4.81833
5.42786
18.6595
1060.19
5.59315
4.11085
4.68387
5.6638
6.95795
6.10634
6.20228
5.92225
5.25558
6.59471
5.10609
4.60093
5.66272
29.1378
4.84521
947.965
5.19332
5.80236
4.0024
5.3614
5.50453
5.91545
73.5875
1038.82
755.131
-5.73878
16.6984
-1.03283
0.829453
1.30205
0.582763
6.45745
4.86236
6.21987
1.41444
0.60106
0.137605
1.76933
1.56753
0.837911
2.19903
1.45535
335.819
47.9192
0.400397
-1.65656
11.3672
2.37889
3.37399
1.82697
-34.1146
0.150884
-6.51513
-4.35527
-0.183429
1.76266
2.79823
2.92468
1.75613
3.42455
1.22339
820.874
2.10633
1.01791
2.87873
2.32337
-9.78595
1.55468
1.63539
2.16105
1.26815
2.38892
2.86993
0.586348
0.391895
8.17152
247.814
3.58177
5.15864
-2.32884
-1.58185
-0.495114
-0.857243
0.439077
4.90214
5.34125
-0.554586
-1.07932
2.12235
0.231552
-0.734773
34.9298
-0.530639
5.48033
1.17513
49.7469
-2.8176
-0.114142
-1.50387
-0.393389
-0.386151
-1.55755
686.857
-0.410323
-1.62914
0.423661
1.58057
4.49684
-1.40637
0.329764
-1.22791
1.52299
1409.69
2.81844
2.69827
3.1288
2.96733
1.52982
2.31264
5.02537
3.70198
0.0413236
-1.43874
46.9751
5.37207
3.43803
-8.6316
5.61949
2.01972
-4.5742
4.32958
-1.14895
5.45634
4.27444
4.43803
4.3317
3.94896
1102.43
2432.17
2418.34
117.028
2321.89
1947.22
5.22369
327.726
160.953
7.19752
4.38107
2.42449
2.47627
2.0369
1382.66
11.5502
2.39899
400.04
-1.2747
3.25131
-0.282547
2.88042
517.972
2858.94
2799.04
-4.31608
4.69109
626.311
3.60862
3.97594
4.68089
3.27609
2.99817
3.02929
6.44083
5.10296
2.88659
3.0736
14.0104
4.07468
4.23335
3.83044
4.73777
-0.496856
4.75302
3.63085
4.83359
4.3588
4.32696
4.30123
3.33536
-0.600872
4.59685
4.68672
4.16788
3.17345
4.0893
0.849559
3.84743
3.88289
5.19067
6.71148
4.64838
4.7155
2.99272
-1.4664
5.22833
2.41202
4.91442
6.20405
-1.26882
5.40006
3.26376
4.63871
5.1578
5.73437
5.98936
4.49742
5.68754
-183.365
1.93559
5.24474
4.55122
-15.9904
5.60466
1414.31
1556.32
5.8595
5.71419
2.89389
4.04725
5.68619
3.85742
22.0975
1518.48
5.14244
5.4875
1324.44
-171.617
4.70947
5.12264
3.67755
1410.69
5.63591
5.39867
6.8143
4.11462
4.85191
4.23778
3.22317
5.87326
64.367
98.3319
4.27129
-2.0939
3.43276
1470.12
5.36844
1246.02
4.52392
3.61231
5.19804
3.29121
349.576
4.52709
4.8792
-157.568
55.1825
4.42959
5.54871
6.23154
5.57358
0.51276
-22.2052
1316.2
26.8214
5.15291
4.35376
884.399
5.82834
4.61411
1257.45
1692.35
76.9811
229.853
-0.161191
1584.66
18.4381
-1.31191
18.2198
20.6939
13.5588
14.099
38.395
20.0299
41.4798
18.9099
17.8158
1759.69
1553.63
337.133
10.9639
19.9637
4.05652
1836.17
8.25884
1896.84
1796.96
4.72143
17.5512
17.7361
4.40473
6.58241
1450.13
1258.64
7.97444
0.888806
615.987
1969.65
0.994167
0.0881328
1265.63
411.366
734.268
5.75067
2257.31
1.92092
2081.02
5.00194
2058.47
4.87077
-0.547736
3.94055
38.4424
0.528715
-1.99632
4.3353
856.32
-1.32343
3.85331
1.72181
2211.94
-0.919898
4.29588
1373.28
22.4604
8.87092
-1.58298
19.711
2019.32
1.57689
1758.28
5.38729
1.74575
-1.13248
-1.67307
-1.02142
-0.879778
-1.38532
-1.59806
5.43392
-1.58393
4.08406
-1.82821
-1.55987
18.8594
-1.4347
-1.70546
-1.39348
-1.73303
37.8187
-1.80745
-2.24868
420.103
833.187
-0.741006
0.471292
-0.582726
0.246034
-0.372237
-1.1771
-0.822203
-1.3963
-2.06491
2.48426
1.81269
6.73234
5.6666
7.22946
8.94393
9.67622
9.46724
21.1169
8.59579
15.9696
72.5188
-90.3914
-0.576149
3.53007
4.28938
4.4771
1.92055
561.324
2756.36
1.60059
1.53661
3.51021
3.16542
-1.58883
-7.15548
532.768
2840.64
5.38691
-0.172795
-0.429741
-0.327334
13.7421
-3.00551
0.185616
-1.39441
-0.219221
8.04201
6.47494
8.25872
31.4323
3.0289
5.23442
1080.31
1515
5.63256
680.628
24.1755
2158.89
2556.12
-182.237
1939.95
-198.055
7.90793
-6.05435
0.461989
0.159552
2674.86
2621.39
1389.8
2652.45
11.2809
2214.25
2108.65
6.20042
614.361
2429.43
19.9317
1.31628
2526.16
2426.96
5.33524
-1.07764
43.3347
13.7025
4.97601
928.509
9.53241
-2.11615
-0.709059
-1.05532
-0.998961
-366.748
0.962199
-0.865227
4.47667
-0.647958
-0.925014
-0.283655
-1.02925
-0.520819
-0.559669
-14.637
-7.30523
-0.200753
-0.270136
-0.332307
-0.274684
1.49327
-0.523953
-0.649958
9.73774
-0.212996
2835.57
-0.36365
-0.187757
4.2788
2782.51
0.309068
0.328523
2776.56
5.33284
-0.00659128
-0.0280625
5.24761
622.72
0.133995
-1.09776
71.0291
0.0355739
5.60249
11.9266
-0.100218
0.0436869
-0.0091273
-0.0224264
-0.591357
905.074
0.160299
-0.401328
0.109642
-1.01309
-1.56614
-0.569608
0.396373
-0.377813
0.670497
1.54274
-0.953606
1.04592
5.54722
1371
0.250509
0.00125423
1.00081
-0.56235
9.09187
4.77187
5.07742
1.16252
1.39592
0.131238
1595.47
4.54977
6.3525
46.1449
7.48012
612.431
-19.905
0.0765475
252.567
2.04457
13.5448
24.8335
4.31016
783.154
16.2723
2.30181
224.633
1.15074
-0.838069
2.10621
0.771625
2251.5
-0.372898
407.643
-9.21801
-18.2166
-5.2475
-22.0517
-17.6015
-1.08421
-1.05177
1.00352
-0.302835
-1.17745
3.26687
1.75246
0.934692
2.04102
1.28689
-0.569957
0.61854
7.06274
4.77029
10.8217
2.87688
-20.7816
1.10004
11.485
-5.7976
-7.16201
-3.18438
3.80077
1.79113
-0.0992712
2.28368
3.53595
-4.54293
14.2835
-0.669637
-2.74797
626.797
-2.7567
-2.49153
1.40927
-155.277
14.9917
-21.4992
-19.9598
-6.48674
-22.6789
-23.3396
73.0598
-20.9817
-21.5146
-16.8463
-11.2171
1.03544
-12.6957
-1.066
-21.2132
-23.2965
-16.5261
-6.57617
-7.69331
-21.7321
-309.898
2.77976
3.31948
12.1166
382.569
292.533
-21.1149
22.8718
12.3817
3.69678
35.8909
-19.7478
-0.0639153
-1.83017
41.6358
-0.922881
1.51325
2.8492
4.12358
133.132
213.459
5.0083
295.782
-3.93522
-0.0154221
15.4395
1.25469
14.6452
-1.09317
-353.114
12.5265
34.8867
32.9762
2.87197
-0.544857
26.7233
57.8209
1003
-22.9825
189.688
-1.18583
10.227
5.45211
1953.54
1558.89
0.0491855
162.703
5.51531
-0.286919
1768.64
3.43774
1119.86
1393.81
1495.18
1304.88
1379.7
1642.85
79.2676
1319.37
1569.71
532.522
1542.71
782.067
1783.71
873.889
423.265
1145.68
1279.65
25.4624
5.58572
34.622
40.2333
39.422
1337.87
206.758
-0.497353
1326.27
5.53899
1621.7
-4.33139
400.171
5.53493
-6.64241
-1.94619
21.5523
14.9985
19.5235
10.3327
-7.06633
2.43199
-0.943269
1010.74
-0.830261
-3.77533
0.121613
74.736
0.358287
11.9486
-3.15452
-0.150467
-1.91641
-1.74001
-0.520478
-1.18223
0.0461406
0.348976
-2.62779
-5.5569
-356.161
-0.99022
5.7832
-1.0357
-1.57607
454.687
-3.81836
-3.81013
-4.92094
6.91285
7.5719
7.17968
8.08835
7.73994
7.11562
7.53437
0.390769
7.96514
5.34721
0.223057
8.35015
722.321
1.71505
1.21978
7.99403
14.566
78.8296
1025.37
10.6026
361.255
20.0463
372.72
379.186
832.296
14.1879
7.68608
0.992173
348.421
-324.397
-4.31442
4.58322
398.965
-110.918
571.188
-195.561
756.505
731.296
776.798
1333.99
17.3794
579.307
0.0644883
-5.76386
584.103
4.80214
-0.43673
290.815
1116.6
999.911
337.199
5.41222
-3.70509
851.25
7.10129
210.658
1008.22
433.814
53.0916
677.704
23.2344
327.218
19.4375
0.940668
8.26209
330.398
1552.9
331.164
199.044
7.12525
-82.4003
-336.242
77.2913
586.122
2.21892
260.694
-258.477
922.553
14.8275
111.995
343.557
-151.865
354.974
375.553
-246.78
2.83026
-328.176
-349.041
-356.86
-352.582
-349.549
4.77524
-348.317
-341.895
408.993
213.858
315.801
-353.231
-223.971
-191.593
-356.197
-154.295
436.571
2070.59
1672.93
1881.65
338.264
9.66919
301.169
-313.231
907.847
572.012
737.323
1.36623
30.5445
-301.186
343.828
445.497
381.381
256.455
549.94
86.7961
424.778
-83.0946
375.877
623.374
-13.8967
626.738
406.866
314.99
338.095
425.916
101.503
142.286
316.869
4.52592
516.187
568.094
-84.7027
429.25
6.95412
6.48404
5.88553
514.059
273.673
595.279
483.732
278.096
399.755
7.05865
16.2171
28.4297
104.392
6.52054
210.68
399.105
368.052
6.57851
6.98296
28.494
147.362
7.28928
784.473
-66.6272
7.05182
467.768
7.11881
340.152
10.6855
6.84361
6.73213
54.9819
27.6908
733.512
616.152
10.5929
10.2142
14.1668
11.2419
9.65451
399.071
676.048
65.0527
59.2247
52.6906
63.6259
7.26235
30.5082
42.7954
40.3386
51.7133
60.8003
43.9032
29.3135
9.81554
9.61621
52.2336
52.09
23.2097
26.6743
9.41057
29.8007
31.4481
36.8253
9.14116
17.8615
56.6666
38.155
44.1407
9.72983
43.7608
5.75085
206.111
738.102
37.0064
7.52119
9.6709
80.4047
55.2406
181.634
9.65031
-1.69185
30.0483
70.8888
44.3913
847.348
30.9547
26.9573
63.6463
187.042
9.70441
373.848
64.7781
139.046
125.115
62.7069
-185.33
18.0426
21.8253
-48.3049
14.5734
64.6897
457.672
78.9992
20.4781
35.2377
-1.86914
29.605
73.5745
129.845
42.7701
12.0614
93.8532
25.8645
29.4036
264.359
454.436
291.74
2013.43
2.10825
5.07518
420.642
820.141
236.889
580.643
185.923
97.3147
237.396
488.35
5.64929
5.27324
120.565
10.2184
18.83
19.3104
19.7169
18.8778
-352.539
21.7681
22.7896
18.329
35.8773
32.0275
3.29631
4.76376
-1.39917
19.1434
45.3121
25.9461
35.0662
15.9294
29.4709
20.4034
28.2795
32.3925
192.64
99.7623
23.0871
95.7104
102.166
9.6186
45.8518
520.034
591.134
251.94
-340.321
10.0712
687.405
5.16178
-184.695
440.506
73.5839
1025.7
759.234
11.1144
373.341
51.043
119.51
7.82141
770.474
486.448
4.91952
12.5163
41.1932
119.484
69.9316
3.89913
1429.3
16.7282
203.845
729.623
13.8771
92.6182
69.5112
-0.436264
7.68574
20.9953
141.644
1154.89
205.875
182.587
973.715
11.2317
7.89378
51.7857
13.5898
29.0593
14.8586
121.464
35.7018
278.189
21.609
577.23
17.3505
133.895
228.767
26.2836
18.8193
39.4701
1245.02
3.83724
18.4676
25.4806
23.0339
12.5217
1746.42
28.1056
35.8329
12.6613
25.5055
723.195
16.8222
19.3233
4.05343
46.3742
11.7822
20.2404
7.01794
6.56009
4.60422
5.94455
7.56744
13.5075
6.6444
11.9633
13.4403
6.75486
10.8207
9.18131
12.6846
8.34195
4.82123
6.68615
3.23979
0.341958
1.85648
3.8478
15.3077
3.9703
582.351
7.42499
-1.05751
1823.46
8.0265
559.882
0.357189
-4.10749
48.5865
5.28668
5.71781
1.23987
7.08091
688.413
508.459
6.97972
3.00585
936.333
5.76056
3.83472
5.68569
-0.574521
4.4697
565.971
170.967
1161.53
9.43983
4.09415
9.59365
15.045
448.319
363.621
25.9898
20.4819
1173.58
-14.4559
9.66216
31.5957
15.6032
38.2269
0.637489
10.2878
7.91837
23.0608
-1.74056
9.12161
-2.12658
-0.579251
9.66959
7.65908
9.19378
500.249
4.28133
3.54199
9.73162
3.45381
6.1999
2.98829
3.45504
2.74669
9.13188
-208.263
9.50196
7.92761
1.90198
1514.15
9.03532
4.17048
17.0749
9.55218
563.117
7.25833
0.0555657
2.80552
8.72538
0.191246
24.7802
8.35751
13.0308
12.3874
7.25673
7.78647
11.2613
9.27187
2.59184
7.50144
8.4267
9.88692
45.6419
18.1661
12.3804
16.4965
18.3375
214.922
697.051
33.144
20.0218
17.3268
10.6743
2.21729
9.32846
-0.977496
-166.058
1156.27
253.362
781.742
11.6079
7.52554
538.565
1.0591
12.8742
-3.47175
23.8383
46.6944
288.696
2.05573
23.5457
1326.15
4.49591
10.0171
222.043
4.03156
70.6085
277.276
28.7286
188.062
27.7345
-20.1944
0.342984
4.999
2755.64
12.8031
143.096
137.861
-10.1012
80.2966
54.2666
143.013
113.298
10.3116
323.46
19.0263
9.48864
94.1158
53.804
0.799756
42.0467
18.856
5.36169
9.75112
9.28093
9.00375
5.51775
8.91901
1.15878
190.898
15.1594
18.6355
4.78635
8.89278
7.09754
6.5125
0.921414
8.12349
634.315
299.597
-355.601
7.21244
37.3148
8.89649
7.1643
424.843
521.152
13.8944
19.3236
18.1409
98.6852
2426.27
39.2242
-22.8588
522.394
114.837
45.1056
121.487
243.863
450.328
4.70445
282.446
350.553
954.865
195.98
741.041
793.502
9.87179
6.83556
626.724
461.261
489.175
900.97
326.319
-54.0677
467.783
1451.47
327.393
244.921
-281.952
13.3141
2.79279
1165.8
459.951
229.059
287.355
133.905
6.00555
137.885
1151.01
-284.918
1108.78
7.43852
-354.928
1146.21
81.0198
-41.1276
-152.791
1.82158
8.58643
4.8196
508.74
11.7666
3.95578
22.3971
9.49612
7.92031
6.38101
8.66446
-6.08578
16.5735
9.3676
8.63846
0.1657
0.629444
9.54634
-5.23447
1.17924
14.5658
-2.81195
-129.562
1651.26
9.23001
0.131652
1253.4
16.8581
11.587
880.851
185.269
-225.15
-2.56664
630.451
4.23302
578.479
674.248
43.2663
917.993
1582.91
3.15114
67.1747
-10.3203
-14.277
2.00339
-0.392185
3.97743
-1.99567
353.302
4.71664
1135.3
35.7573
445.893
8.41881
5.05426
3.56161
0.395657
0.862056
83.0635
5.95431
-5.44085
35.4686
2.60427
1897.42
147.326
1306.24
5.48871
3.72681
-0.281747
1145.34
19.7925
-0.707475
7.15304
5.95669
5.38792
71.6275
1590.06
1.81507
-3.14846
4.6696
-166.911
-0.928491
13.0902
3.40711
-152.133
-9.56518
0.740094
0.404421
4.97854
2.92713
-14.715
-177.651
447.657
-3.91862
2.43776
-167.106
18.8331
5.14334
-0.969372
-23.0028
0.142747
4.27896
-1.01995
1.2066
-0.207665
4.69851
5.19188
0.965642
6.99267
5.04719
329.75
3.9038
1402.62
50.7495
41.9055
4.3078
-15.6722
6.26628
3.14035
3.8973
4.13761
5.5369
1045.89
-1.08618
1.02683
459.804
0.53919
1.88044
135.639
-1.42635
3.42783
837.73
5.23428
2658.64
2.7164
4.72762
24.2762
0.0765967
1938.79
1926.13
3.37861
-1.0337
1363.35
4.37202
376.534
5.65768
2.21707
2683.42
17.7925
26.9041
-0.333892
17.3935
4.402
0.786736
4.83487
4.46918
4.07157
2642.68
2780.09
13.7654
5.2007
2.01776
5.65508
5.35278
4.32641
435.923
11.0187
1.74726
-0.57566
-0.98764
4.55001
2105.37
0.357173
0.565802
0.150586
-1.25743
0.396222
1.80597
2.46006
2.6244
2.1687
0.473342
2.87709
6.51204
0.676587
-17.8228
78.711
1.11763
-0.667954
14.0701
133.271
0.873578
1.33237
2756.39
-3.19214
5.50724
5.90059
6.69368
5.25975
5.28762
-1.67223
-161.28
5.12878
4.31733
14.4321
5.60805
7.93533
-0.153368
3.0619
4.79931
5.56668
-0.161959
5.28092
3.04038
1.49485
308.858
5.10215
16.3108
7.58381
4.48905
-5.23103
2.28743
1.85469
0.665788
5.10898
1582.43
5.67938
4.18326
-5.29264
5.45087
0.045203
4.95122
1317.19
4.62601
160.699
6.33062
5.71147
-0.334398
5.14436
-60.4971
3.18876
5.78734
4.4569
14.1237
3.05477
1344.32
1483.12
4.95781
1299.51
65.1722
4.89776
4.96787
1028.29
-1.16147
13.171
1374.13
1.51066
-97.9331
823.317
720.954
-0.546288
945.033
-2.44827
54.6212
12.4284
-112.178
1.92676
2.89553
114.907
-169.582
9.94067
1211.92
656.795
4.0389
1012.23
0.649015
10.9762
1.14476
-185.21
5.18531
1065.36
-14.3352
106.928
-181.587
4.97225
5.44034
1097.47
775.511
-164.948
3.82908
106.467
11.3466
3.69891
-5.61385
4.64211
3.79371
33.9398
5.65699
4.8305
1427
3.99626
10.2227
6.68161
3.54012
3.35263
-0.974481
4.40558
6.8519
5.16639
0.164668
6.03444
0.198274
2.28651
-1.27001
-0.687693
64.4108
3.27678
3.02765
4.80373
-0.28009
89.0891
-16.5047
4.04031
1.63785
2772.43
30.5177
29.2063
5.28637
993.853
1362.53
0.397658
1.75204
-0.399987
2241.02
563.086
476.856
380.273
535.712
3.67217
390.59
-1.52716
100.583
1331.62
224.865
164.668
686.239
1505
620.107
5.47627
5.32155
31.6697
0.148755
4.46183
324.889
4.251
203.298
-16.0308
423.727
465.735
1.65359
454.558
-128.787
8.19454
108.798
0.144631
476.43
397.965
111.707
330.404
-176.103
890.466
468.666
20.1385
464.361
172.096
472.248
221.327
302.26
251.176
260.955
-140.733
-0.0381572
-3.85954
154.88
6.84004
-180.588
320.309
-182.67
7.15152
572.003
8.27993
-160.386
-92.3125
-180.29
7.72856
521.726
-0.0543504
-54.5512
-1.03398
615.764
-1.7316
-90.7448
3.50565
246.434
663.534
1.1907
-168.524
185.831
13.371
213.246
4.83466
3.6181
-180.717
16.0045
-18.51
-0.981252
5.45585
24.4763
1101.34
260.123
504.66
-185.017
187.428
-96.3851
609.756
339.653
-143.618
551.671
0.0232677
-0.267646
288.822
-176.467
-184.355
10.6758
-183.691
4.99996
156.104
-26.6591
5.71542
723.266
-148.237
-8.61953
46.9764
53.9697
334.849
0.935127
16.462
7.06366
15.8821
48.3564
694.019
-183.671
50.6798
6.28336
7.69407
5.26969
731.992
91.9205
538.842
5.29015
1.89053
-0.648307
118.205
4.15453
3.73321
33.9092
6.33853
6.43855
5.79516
11.363
6.57258
16.465
3.0512
2650.19
-1.56273
140.567
50.0788
4.85081
6.365
-215.279
1173.36
-0.531547
2279.98
12.5898
-0.694884
6.59416
5.04273
-4.69451
1.62513
-0.500963
30.2321
-0.206331
-19.0755
468.095
17.8105
-9.72697
4.32075
1265.59
22.1567
15.9241
4.74718
-0.844436
-0.843757
-1.66423
19.5865
2.52042
-7.41449
1071.42
10.2523
9.61546
75.6013
-5.47446
7.74723
-0.675205
102.962
358.841
0.372127
596.766
1201.23
-1.06625
2.6908
21.0707
-2.31183
3.20839
-0.1763
9.11041
870.761
-347.063
3.19096
2762.08
-0.0828479
8.95167
24.8184
35.2475
5.86438
-0.507263
-4.9392
-12.8394
100.786
5.22727
-343.119
2.30342
5.2416
37.0527
-7.6798
12.6268
477.315
2.63973
707.127
-1.3205
1.59426
3.12628
1419.55
1158.87
102.384
-1.36509
6.46993
0.932727
3.87176
3.37848
2764.03
2.84076
6.528
243.078
217.615
371.086
3.52589
1660.17
3.59723
4.17421
-0.101375
88.5054
3.48864
93.3807
70.0697
-4.12502
-365.392
31.7873
-1.49299
2.91571
4.93544
-182.694
586.9
3.93789
-79.0095
-23.8766
617.492
342.589
4.61753
1289.05
26.7833
268.206
0.932135
0.0858523
14.9426
749.635
658.827
10.5526
3.22235
30.0399
6.59306
-12.7971
23.1762
21.2504
-6.31939
3.93396
-4.40669
4.95856
)
;

boundaryField
{
    FrontBackPlanes
    {
        type            symmetry;
    }
    wallz
    {
        type            fixedFluxPressure;
        gradient        uniform 0;
        value           nonuniform List<scalar> 
97
(
2763.58
2717.08
2731.3
2787.69
1805.12
1073.05
440.537
357.178
1085.07
232.615
648.86
793.696
112.922
65.8862
177.404
328.371
-226.485
54.5422
1176.34
1136.79
713.681
469.949
429.56
-33.5987
83.8986
-39.0949
-26.66
865.554
578.917
1072.78
1147.37
1124.78
547.164
62.0685
588.524
1417.03
903.275
1412.17
1263.24
1463.55
1589.76
112.904
1811.06
851.319
930.366
880.959
3130.63
889.64
2921.05
1150.15
825.254
908.374
876.572
23.8099
80.3209
97.329
380.305
1124.14
635.306
839.422
46.3513
364.866
-135.553
136.699
211.532
1834.35
1847.56
910.835
802.496
350.504
661.057
656.921
334.427
67.437
-161.299
360.789
510.516
750.96
515.987
684.718
1439.24
1637.88
732.094
2680.88
2735.91
2720.52
2831.47
2029.56
2172.83
474.012
2032.78
71.7745
658.645
1108.3
680.628
614.361
1823.46
)
;
    }
    outlet1
    {
        type            fixedValue;
        value           uniform 0;
    }
    inlet1
    {
        type            fixedFluxPressure;
        gradient        nonuniform List<scalar> 2(-0.0177057 -0.00958252);
        value           nonuniform List<scalar> 2(2743.84 2737.38);
    }
}


// ************************************************************************* //
