/*--------------------------------*- C++ -*----------------------------------*\
| =========                 |                                                 |
| \\      /  F ield         | OpenFOAM: The Open Source CFD Toolbox           |
|  \\    /   O peration     | Version:  v2012                                 |
|   \\  /    A nd           | Website:  www.openfoam.com                      |
|    \\/     M anipulation  |                                                 |
\*---------------------------------------------------------------------------*/
FoamFile
{
    version     2.0;
    format      ascii;
    class       vectorField;
    location    "constant/polyMesh";
    object      points;
}
// * * * * * * * * * * * * * * * * * * * * * * * * * * * * * * * * * * * * * //


2593
(
(0 0.3 0)
(0.01 0 0)
(0 0 0)
(0.01 0.3 0)
(0 0.3 -0.16)
(0.01 0.3 -0.16)
(0 0.34 -0.16)
(0.01 0.34 -0.16)
(0 0.34 -0.1800942535)
(0.01 0.34 -0.1800942535)
(0 0.3 -0.1800942535)
(0.01 0.3 -0.1800942535)
(0 0.3 -0.35)
(0 0 -0.35)
(0.01 0 -0.35)
(0.01 0.3 -0.35)
(0.01 0.3 -0.01062203026)
(0 0.3 -0.01062205887)
(0 0.2892850037 0)
(0.01 0.2892850037 0)
(0 0.2892850037 -0.01062192917)
(0.01 0.01071403217 0)
(0 0.01071403217 0)
(0 0 -0.0106116209)
(0.01 0 -0.01061162758)
(0.01 0.01071403408 -0.01061165619)
(0 0.01071403217 -0.01061167908)
(0.009999999046 0.2892850037 -0.0106218996)
(0 0.3 -0.1490092773)
(0.01 0.3 -0.1490092773)
(0.01 0.309949707 -0.16)
(0 0.3099493713 -0.16)
(0 0.309937439 -0.1700362854)
(0 0.2998888855 -0.1700157013)
(0 0.2892481995 -0.1596368256)
(0 0.2892650757 -0.1489224701)
(0 0.289238678 -0.1699824371)
(0.01 0.2892650757 -0.1489224701)
(0.01 0.2892481689 -0.1596368256)
(0.01 0.2998886719 -0.1700156708)
(0.01 0.3099373474 -0.1700362701)
(0.01 0.2892386169 -0.1699823761)
(0 0.3299803162 -0.16)
(0.01 0.3299803162 -0.16)
(0.01 0.34 -0.1700467682)
(-9.729089254e-19 0.34 -0.1700468903)
(0 0.329980011 -0.1700460968)
(0.01 0.3299799805 -0.1700460815)
(0.01 0.3299797974 -0.1800942535)
(0 0.3299798279 -0.1800942535)
(0 0.3099423523 -0.1800942535)
(0.01 0.3099418945 -0.1800942535)
(0.01 0.3 -0.1909043579)
(0 0.3 -0.1909043121)
(0 0.2892642822 -0.1909525299)
(0 0.289247345 -0.1803342896)
(0.01 0.2892472839 -0.1803344269)
(0.01 0.2892642822 -0.190952713)
(0 0.3 -0.3393995972)
(0.01 0.3 -0.3393995972)
(0 0.2892851257 -0.35)
(0 0.2892850952 -0.3393995667)
(0.01 0.2892851257 -0.35)
(0 0.01071404362 -0.35)
(0.01 0.01071404362 -0.35)
(0 0 -0.3393981323)
(0 0.01071404171 -0.3393981934)
(0.01 0 -0.3393983765)
(0.01 0.01071403694 -0.3393982849)
(0.01 0.2892850952 -0.3393995667)
(0.01 0.2785702209 -0.3393995667)
(0.01 0.2785702515 -0.35)
(0.01 0.3 -0.3287991943)
(0.01 0.2892850647 -0.3287991943)
(0.01 0.2785701599 -0.3287991943)
(0.01 0.2678552856 -0.3287991943)
(0.01 0.2678553467 -0.3393995667)
(0.01 0.2892850037 -0.3181987915)
(0.01 0.2785700684 -0.3181987915)
(0.01 0.2678551636 -0.3181987915)
(0.01 0.2571404114 -0.3181987915)
(0.01 0.2571405029 -0.3287991943)
(0.01 0.2785699463 -0.3075984192)
(0.01 0.2678549805 -0.3075984192)
(0.01 0.2571401978 -0.3075984192)
(0.01 0.2464254761 -0.3075984192)
(0.01 0.2464256592 -0.3181987305)
(0.01 0.2678547974 -0.2969980774)
(0.01 0.2571399231 -0.2969981384)
(0.01 0.2464252472 -0.2969980774)
(0.01 0.2357106476 -0.2969980774)
(0.01 0.235710907 -0.3075983582)
(0.01 0.2571395874 -0.2863978271)
(0.01 0.2464249115 -0.2863978882)
(0.01 0.2357103729 -0.2863978882)
(0.01 0.2249959259 -0.2863978271)
(0.01 0.2249961853 -0.2969979553)
(0.01 0.2464245605 -0.275797699)
(0.01 0.2357099915 -0.2757977295)
(0.01 0.224995636 -0.275797699)
(0.01 0.2142813568 -0.2757974854)
(0.01 0.2142816162 -0.286397644)
(0.01 0.2357095642 -0.2651979065)
(0.01 0.224995285 -0.265197876)
(0.01 0.2142810516 -0.2651976929)
(0.01 0.2035668793 -0.2651973267)
(0.01 0.2035671234 -0.2757972107)
(0.01 0.2249948425 -0.2545984039)
(0.01 0.2142807312 -0.2545982056)
(0.01 0.2035665894 -0.2545977478)
(0.01 0.1928525543 -0.2545970306)
(0.01 0.1928527679 -0.2651967773)
(0.01 0.2142803345 -0.2439991608)
(0.01 0.2035663147 -0.2439985504)
(0.01 0.1928523407 -0.2439976654)
(0.01 0.1821383514 -0.2439965363)
(0.01 0.1821385193 -0.2545961456)
(0.01 0.20356604 -0.2333999329)
(0.01 0.1928521271 -0.2333986816)
(0.01 0.1821381683 -0.233397171)
(0.01 0.1714242096 -0.233395462)
(0.01 0.1714243317 -0.2439951935)
(0.01 0.1928518982 -0.2228002625)
(0.01 0.182138031 -0.222798172)
(0.01 0.1714241028 -0.2227959442)
(0.01 0.1607101746 -0.2227935638)
(0.01 0.1607102661 -0.233393631)
(0.01 0.1821378937 -0.2121994934)
(0.01 0.1714240112 -0.2121965485)
(0.01 0.160710083 -0.2121935425)
(0.01 0.1499961243 -0.2121905975)
(0.01 0.1499961853 -0.222791214)
(0.01 0.1714239197 -0.2015971527)
(0.01 0.1607100372 -0.2015933838)
(0.01 0.149996109 -0.2015897522)
(0.01 0.139282135 -0.2015863953)
(0.01 0.139282196 -0.2121877594)
(0.01 0.1607100067 -0.1909929199)
(0.01 0.1499960785 -0.1909886017)
(0.01 0.139282135 -0.1909846039)
(0.01 0.1285681458 -0.1909809265)
(0.01 0.1285681763 -0.2015832214)
(0.01 0.149996048 -0.180386795)
(0.01 0.1392821045 -0.1803821869)
(0.01 0.1285681458 -0.1803780212)
(0.01 0.1178541718 -0.1803742981)
(0.01 0.1178541794 -0.1909775848)
(0.01 0.1392821045 -0.169779007)
(0.01 0.1285681458 -0.1697743988)
(0.01 0.1178541794 -0.1697702942)
(0.01 0.1071401749 -0.1697666779)
(0.01 0.1071401672 -0.1803709564)
(0.01 0.1285681763 -0.1591699066)
(0.01 0.1178541794 -0.1591655121)
(0.01 0.1071401749 -0.1591616211)
(0.01 0.09642617035 -0.1591582336)
(0.01 0.09642618561 -0.1697634583)
(0.01 0.1178541794 -0.1485597992)
(0.01 0.1071401978 -0.1485557861)
(0.01 0.09642617035 -0.1485522461)
(0.01 0.08571218109 -0.1485491638)
(0.01 0.08571218109 -0.1591552582)
(0.01 0.1071401901 -0.1379490204)
(0.01 0.09642618561 -0.1379454498)
(0.01 0.08571218109 -0.137942337)
(0.01 0.07499815369 -0.1379396515)
(0.01 0.07499815369 -0.148546524)
(0.01 0.09642618561 -0.1273378601)
(0.01 0.08571218109 -0.1273347702)
(0.01 0.07499815369 -0.127332077)
(0.01 0.06428413391 -0.1273297958)
(0.01 0.06428412628 -0.1379373627)
(0.01 0.08571218109 -0.1167264252)
(0.01 0.07499815369 -0.1167238464)
(0.01 0.06428414917 -0.116721611)
(0.01 0.05357010651 -0.1167197342)
(0.01 0.05357011032 -0.1273278885)
(0.01 0.07499815369 -0.1061148911)
(0.01 0.0642841568 -0.1061127701)
(0.01 0.05357011032 -0.1061109924)
(0.01 0.04285608673 -0.1061095276)
(0.01 0.04285608292 -0.1167181931)
(0.01 0.0642841568 -0.09550332642)
(0.01 0.05357011032 -0.09550164032)
(0.01 0.04285609055 -0.09550026703)
(0.01 0.03214208221 -0.09549918365)
(0.01 0.03214206696 -0.1061083527)
(0.01 0.05357012177 -0.08489177704)
(0.01 0.04285610962 -0.08489051056)
(0.01 0.03214208603 -0.08488950348)
(0.01 0.0214280529 -0.08488877106)
(0.01 0.02142804527 -0.09549837494)
(0.01 0.04285612106 -0.07428025818)
(0.01 0.03214208603 -0.07427936554)
(0.01 0.02142805672 -0.07427869415)
(0.01 0.0107140274 -0.07427825928)
(0.01 0.0107140255 -0.08488827515)
(0.01 0.03214208603 -0.06366881561)
(0.01 0.02142806053 -0.06366822815)
(0.01 0.01071403027 -0.06366784286)
(0.01 0 -0.0636676178)
(0.01 0 -0.07427799988)
(0.01 0.02142806435 -0.05305739212)
(0.01 0.01071403217 -0.0530570488)
(0.01 0 -0.05305680847)
(0 0 -0.05305701447)
(0 0 -0.06366764069)
(0.01 0.01071403217 -0.04244604111)
(0.01 0 -0.04244591141)
(0 0 -0.04244589233)
(0 0.0107140274 -0.04244606781)
(0 0.01071402645 -0.05305716324)
(0.01 0 -0.03183463669)
(0 0 -0.03183453941)
(0 0.01071402645 -0.03183472824)
(0 0.02142805672 -0.03183496094)
(0 0.02142805672 -0.04244633865)
(0 0 -0.02122344208)
(0 0.01071403027 -0.02122336006)
(0 0.02142806053 -0.02122343445)
(0 0.03214208603 -0.02122361946)
(0 0.03214208603 -0.0318352623)
(0 0.02142806053 -0.01061174679)
(0 0.03214209366 -0.01061184216)
(0 0.04285612869 -0.01061197376)
(0 0.04285612488 -0.02122389221)
(0 0.02142806053 0)
(0 0.03214210129 0)
(0 0.04285613251 0)
(0 0.05357017517 0)
(0 0.05357016754 -0.01061214828)
(0.01 0.03214210129 0)
(0.01 0.04285613251 0)
(0.01 0.0535701561 0)
(0.01 0.06428421783 0)
(0 0.06428421021 0)
(0.01 0.04285613251 -0.01061196232)
(0.01 0.05357016754 -0.01061214161)
(0.01 0.06428420258 -0.01061235332)
(0.01 0.0535701828 -0.02122422028)
(0.01 0.06428420258 -0.02122463417)
(0.01 0.0749982605 -0.02122513199)
(0.01 0.07499824524 -0.01061259747)
(0.01 0.07499824524 0)
(0.01 0.08571228027 -0.0106128788)
(0.01 0.08571230316 0)
(0 0.08571229553 0)
(0 0.0749982605 0)
(0 0.08571229553 -0.01061288166)
(0 0.07499824524 -0.01061260128)
(0 0.06428419495 -0.01061235905)
(0 0.07499824524 -0.0212251358)
(0 0.06428419495 -0.02122464561)
(0 0.0535701561 -0.02122423172)
(0 0.06428419495 -0.03183679199)
(0 0.0535701561 -0.03183617401)
(0 0.04285612869 -0.03183566856)
(0 0.0535701561 -0.04244794083)
(0 0.04285612488 -0.04244726944)
(0 0.03214208603 -0.04244673157)
(0 0.04285612869 -0.05305858612)
(0 0.03214208221 -0.05305793762)
(0 0.02142806053 -0.05305745697)
(0 0.03214209366 -0.06366883087)
(0 0.02142805862 -0.0636682663)
(0 0.01071403122 -0.0636678772)
(0 0.02142806053 -0.07427871704)
(0 0.01071403313 -0.07427828217)
(0 0 -0.07427800751)
(0 0.01071403503 -0.08488828278)
(0 0 -0.08488798523)
(0.01 0 -0.08488798523)
(0 0 -0.09549752045)
(0.01 0 -0.09549752045)
(0.01 0.01071402454 -0.09549783325)
(0.01 0 -0.1061065979)
(0.01 0.0107140274 -0.1061069183)
(0.01 0.02142804909 -0.1061074982)
(0.01 0.01071402359 -0.1167155075)
(0.01 0.02142804527 -0.1167161102)
(0.01 0.03214206696 -0.1167169952)
(0.01 0.02142804527 -0.1273241653)
(0.01 0.03214205933 -0.1273250732)
(0.01 0.04285608292 -0.1273263245)
(0.01 0.03214206314 -0.1379326019)
(0.01 0.04285608292 -0.1379338379)
(0.01 0.05357011032 -0.1379354248)
(0.01 0.04285608292 -0.1485407715)
(0.01 0.05357011032 -0.1485423431)
(0.01 0.06428414917 -0.1485442505)
(0.01 0.05357011032 -0.1591486359)
(0.01 0.06428414917 -0.1591504822)
(0.01 0.07499816895 -0.1591526794)
(0.01 0.06428414917 -0.1697561035)
(0.01 0.07499815369 -0.169758194)
(0.01 0.08571218109 -0.1697606506)
(0.01 0.07499815369 -0.1803630829)
(0.01 0.08571218109 -0.180365387)
(0.01 0.09642618561 -0.1803680115)
(0.01 0.08571218109 -0.1909695129)
(0.01 0.09642617035 -0.1909718933)
(0.01 0.1071401749 -0.1909745941)
(0.01 0.09642618561 -0.2015752869)
(0.01 0.1071401978 -0.201577652)
(0.01 0.1178541794 -0.2015802917)
(0.01 0.107140213 -0.2121802979)
(0.01 0.1178542252 -0.2121826019)
(0.01 0.1285682068 -0.2121850891)
(0.01 0.117854248 -0.2227845154)
(0.01 0.1285682373 -0.2227866364)
(0.01 0.1392822266 -0.2227888947)
(0.01 0.1285682678 -0.2333880005)
(0.01 0.1392822876 -0.2333898621)
(0.01 0.1499962616 -0.2333917389)
(0.01 0.1392823334 -0.2439907379)
(0.01 0.1499963379 -0.2439922638)
(0.01 0.1607103424 -0.2439937592)
(0.01 0.1499964142 -0.2545928345)
(0.01 0.1607104492 -0.2545940247)
(0.01 0.1714244843 -0.2545951538)
(0.01 0.1607105408 -0.2651944275)
(0.01 0.1714245911 -0.2651953125)
(0.01 0.1821386871 -0.2651960754)
(0.01 0.1714247131 -0.2757955933)
(0.01 0.1821388245 -0.2757961731)
(0.01 0.1928529663 -0.2757967834)
(0.01 0.1821389771 -0.2863965149)
(0.01 0.1928531189 -0.2863969116)
(0.01 0.2035673523 -0.2863973389)
(0.01 0.192853302 -0.2969973145)
(0.01 0.2035675354 -0.2969975586)
(0.01 0.2142818451 -0.2969977722)
(0.01 0.2035677032 -0.3075979614)
(0.01 0.2142820129 -0.3075981445)
(0.01 0.2249964142 -0.3075982666)
(0.01 0.2142821503 -0.3181985474)
(0.01 0.2249965973 -0.3181986084)
(0.01 0.2357110901 -0.3181986694)
(0.01 0.2249967194 -0.3287990723)
(0.01 0.2357112427 -0.3287991333)
(0.01 0.2464258118 -0.3287991333)
(0.01 0.2357113342 -0.3393995056)
(0.01 0.2464259338 -0.3393995056)
(0.01 0.257140625 -0.3393995667)
(0.01 0.2464259796 -0.35)
(0.01 0.257140625 -0.35)
(0.01 0.2678554382 -0.35)
(0 0.257140625 -0.35)
(0 0.2678554077 -0.35)
(0 0.2785702209 -0.35)
(0 0.2678553467 -0.3393995667)
(0 0.2785701904 -0.3393995667)
(0 0.2678552856 -0.3287991943)
(0 0.2785701904 -0.3287991943)
(0 0.2892850647 -0.3287991943)
(0 0.3 -0.3287991943)
(0 0.2785700684 -0.3181987915)
(0 0.2892850037 -0.318198822)
(0 0.3 -0.318198822)
(0.01 0.3 -0.318198822)
(0 0.2892849426 -0.3075984497)
(0 0.3 -0.3075984497)
(0.01 0.3 -0.3075984497)
(0.01 0.2892849426 -0.3075984497)
(-6.505213035e-19 0.3 -0.2969980164)
(0.01 0.3 -0.2969980164)
(0.009999999046 0.2892848206 -0.2969980164)
(0.01 0.2785697632 -0.2969980774)
(0.01 0.3 -0.286397583)
(0.009999999046 0.2892846985 -0.286397644)
(0.01 0.278569519 -0.2863977051)
(0.01 0.2678544617 -0.2863977661)
(0.01 0.2892845154 -0.2757971497)
(0.01 0.2785692139 -0.2757973022)
(0.01 0.2678540955 -0.2757974854)
(0.01 0.2571392212 -0.2757976074)
(0.01 0.2785687866 -0.2651968384)
(0.01 0.2678535461 -0.2651971436)
(0.01 0.2571386719 -0.2651975098)
(0.01 0.2464240265 -0.2651977539)
(0.01 0.2678528748 -0.2545968933)
(0.01 0.25713797 -0.2545974884)
(0.01 0.2464234009 -0.2545979919)
(0.01 0.2357090454 -0.2545983124)
(0.01 0.257137146 -0.2439976959)
(0.01 0.2464226837 -0.2439986115)
(0.01 0.2357084503 -0.2439991913)
(0.01 0.2249943542 -0.2439993744)
(0.01 0.2464218445 -0.2333998566)
(0.01 0.2357077942 -0.2334007568)
(0.01 0.2249938812 -0.2334010315)
(0.01 0.214279953 -0.2334007568)
(0.01 0.2357071381 -0.2228035583)
(0.01 0.2249933472 -0.2228038635)
(0.01 0.2142795715 -0.2228032379)
(0.01 0.2035657501 -0.2228019867)
(0.01 0.2249928894 -0.2122081757)
(0.01 0.2142792206 -0.212206955)
(0.01 0.203565506 -0.2122049103)
(0.01 0.1928517151 -0.2122023468)
(0.01 0.2142789001 -0.2016119995)
(0.01 0.2035652924 -0.2016086578)
(0.01 0.1928516083 -0.2016049347)
(0.01 0.1821378021 -0.2016010437)
(0.01 0.2035651245 -0.191013092)
(0.01 0.1928514557 -0.1910077362)
(0.01 0.1821377106 -0.1910025482)
(0.01 0.1714238892 -0.1909976044)
(0.01 0.1928513641 -0.1804102631)
(0.01 0.1821376343 -0.1804035645)
(0.01 0.1714238281 -0.1803974457)
(0.01 0.1607099609 -0.1803918762)
(0.01 0.182137619 -0.1698035736)
(0.01 0.1714238281 -0.1697963409)
(0.01 0.1607099609 -0.1697899475)
(0.01 0.149996048 -0.1697841492)
(0.01 0.1714238129 -0.1591939087)
(0.01 0.1607099609 -0.1591867523)
(0.01 0.149996048 -0.1591804657)
(0.01 0.1392821045 -0.1591748657)
(0.01 0.1607099762 -0.1485821228)
(0.01 0.1499960785 -0.1485754242)
(0.01 0.139282135 -0.1485695496)
(0.01 0.1285681763 -0.1485643616)
(0.01 0.1499960938 -0.1379689941)
(0.01 0.1392821655 -0.137963028)
(0.01 0.1285681763 -0.1379577484)
(0.01 0.1178541946 -0.137953125)
(0.01 0.1392821655 -0.1273552628)
(0.01 0.1285682068 -0.1273500443)
(0.01 0.1178542252 -0.1273454437)
(0.01 0.1071401901 -0.127341423)
(0.01 0.128568222 -0.116741272)
(0.01 0.1178542252 -0.1167368317)
(0.01 0.107140213 -0.1167329025)
(0.01 0.09642618561 -0.1167294388)
(0.01 0.1178542404 -0.1061272354)
(0.01 0.107140213 -0.1061235352)
(0.01 0.09642619324 -0.1061202621)
(0.01 0.08571218109 -0.1061173859)
(0.01 0.1071402206 -0.09551335907)
(0.01 0.09642619324 -0.09551032257)
(0.01 0.08571218872 -0.09550763702)
(0.01 0.07499816132 -0.09550531006)
(0.01 0.09642620087 -0.08489974213)
(0.01 0.08571220398 -0.08489728546)
(0.01 0.0749981842 -0.0848951416)
(0.01 0.0642841568 -0.08489331818)
(0.01 0.08571221161 -0.07428633881)
(0.01 0.07499819946 -0.07428443146)
(0.01 0.0642841568 -0.07428279114)
(0.01 0.05357014465 -0.07428140259)
(0.01 0.07499819946 -0.06367324448)
(0.01 0.0642841568 -0.06367181396)
(0.01 0.05357015228 -0.06367060471)
(0.01 0.04285612869 -0.06366961288)
(0.01 0.06428418732 -0.05306044006)
(0.01 0.05357015228 -0.0530594101)
(0.01 0.04285612869 -0.05305856323)
(0.01 0.03214208603 -0.05305789948)
(0.01 0.05357014847 -0.04244792175)
(0.01 0.04285612869 -0.04244723892)
(0.01 0.03214209366 -0.04244669724)
(0.01 0.02142806435 -0.04244629288)
(0.01 0.04285612106 -0.03183564568)
(0.01 0.03214209747 -0.03183522797)
(0.01 0.02142806625 -0.03183493042)
(0.01 0.01071403503 -0.03183473587)
(0.01 0.03214209747 -0.02122358894)
(0.01 0.02142807007 -0.02122337341)
(0.01 0.01071403408 -0.0212232132)
(0.01 0 -0.02122305489)
(0.01 0.02142806816 -0.01061171913)
(0.01 0.03214209747 -0.01061182308)
(0.01 0.02142806625 0)
(0.01 0.04285612869 -0.02122387123)
(0.01 0.0535701828 -0.03183615875)
(0.01 0.06428418732 -0.04244875717)
(0.01 0.06428418732 -0.03183678627)
(0.01 0.07499822998 -0.04244973373)
(0.01 0.0749982605 -0.03183753395)
(0.01 0.08571227264 -0.0424508667)
(0.01 0.08571228027 -0.03183838654)
(0.01 0.08571228027 -0.02122570229)
(0.01 0.0964263382 -0.03183934784)
(0.01 0.09642633057 -0.02122635269)
(0.01 0.0964263382 -0.01061320305)
(0.01 0.1071403885 -0.02122707367)
(0.01 0.1071404037 -0.01061357212)
(0.01 0.1071403885 0)
(0.01 0.09642633057 0)
(0 0.1071403885 0)
(0 0.09642635345 0)
(0 0.1071403885 -0.01061357021)
(0 0.0964263382 -0.010613204)
(0 0.1071403885 -0.02122706604)
(0 0.0964263382 -0.02122634697)
(0 0.08571228027 -0.02122570229)
(0 0.09642632294 -0.03183934021)
(0 0.08571228027 -0.03183837891)
(0 0.07499824524 -0.03183753014)
(0 0.08571228027 -0.04245085907)
(0 0.07499822998 -0.04244972992)
(0 0.06428420258 -0.04244876099)
(0 0.07499822998 -0.05306164932)
(0 0.06428419495 -0.05306045151)
(0 0.0535701561 -0.05305942154)
(0 0.06428418732 -0.06367180634)
(0 0.0535701561 -0.06367060471)
(0 0.04285612869 -0.06366962051)
(0 0.0535701561 -0.07428139496)
(0 0.04285612869 -0.07428025818)
(0 0.03214209366 -0.07427936554)
(0 0.04285612869 -0.08489048767)
(0 0.03214208603 -0.08488950348)
(0 0.02142806435 -0.08488877106)
(0 0.03214209366 -0.0954991684)
(0 0.02142806244 -0.09549837494)
(0 0.01071403408 -0.09549784851)
(0 0.02142805862 -0.1061075058)
(0 0.01071403217 -0.1061069183)
(0 0 -0.1061065979)
(0 0.01071403027 -0.1167155075)
(0 0 -0.1167151337)
(0.01 0 -0.1167151337)
(0 0 -0.1273231812)
(0.01 0 -0.1273231812)
(0.01 0.01071402454 -0.127323555)
(0.01 0 -0.1379306641)
(0.01 0.01071402454 -0.1379310455)
(0.01 0.02142804527 -0.1379316559)
(0.01 0.01071402264 -0.1485380096)
(0.01 0.02142804909 -0.14853862)
(0.01 0.03214206696 -0.1485395355)
(0.01 0.02142804527 -0.159144989)
(0.01 0.03214206696 -0.1591458893)
(0.01 0.04285608673 -0.15914711)
(0.01 0.03214207458 -0.169751709)
(0.01 0.04285609818 -0.1697528687)
(0.01 0.05357011032 -0.1697543335)
(0.01 0.04285608673 -0.1803580627)
(0.01 0.05357011032 -0.1803594513)
(0.01 0.06428414917 -0.1803611145)
(0.01 0.05357011032 -0.1909640656)
(0.01 0.0642841568 -0.1909655762)
(0.01 0.07499815369 -0.1909674072)
(0.01 0.0642841568 -0.2015695801)
(0.01 0.07499816895 -0.2015712433)
(0.01 0.08571218109 -0.2015731506)
(0.01 0.0749981842 -0.2121746063)
(0.01 0.08571218109 -0.2121763)
(0.01 0.09642619324 -0.2121782074)
(0.01 0.08571219635 -0.2227790985)
(0.01 0.09642619324 -0.2227807312)
(0.01 0.1071402206 -0.2227825165)
(0.01 0.09642621613 -0.2333829803)
(0.01 0.1071402435 -0.233384552)
(0.01 0.1178542709 -0.2333862152)
(0.01 0.1071402664 -0.2439863129)
(0.01 0.1178542862 -0.2439877319)
(0.01 0.1285683136 -0.2439892273)
(0.01 0.1178543243 -0.2545891418)
(0.01 0.1285683441 -0.2545903625)
(0.01 0.1392824097 -0.2545915833)
(0.01 0.1285683899 -0.2651914673)
(0.01 0.1392824554 -0.2651924438)
(0.01 0.1499964905 -0.2651934509)
(0.01 0.1392825012 -0.2757933044)
(0.01 0.149996582 -0.2757940979)
(0.01 0.1607106323 -0.2757948608)
(0.01 0.1499966583 -0.2863948364)
(0.01 0.1607107239 -0.2863954163)
(0.01 0.1714248352 -0.2863959961)
(0.01 0.1607108154 -0.2969961243)
(0.01 0.1714249573 -0.296996521)
(0.01 0.1821391449 -0.2969969482)
(0.01 0.1714250183 -0.307597168)
(0.01 0.1821392212 -0.3075974731)
(0.01 0.1928534393 -0.3075977173)
(0.01 0.1821393127 -0.3181980286)
(0.01 0.1928535309 -0.3181982117)
(0.01 0.2035678253 -0.3181983948)
(0.01 0.1928536072 -0.3287987671)
(0.01 0.2035679474 -0.3287988892)
(0.01 0.2142822723 -0.3287990112)
(0.01 0.2035679779 -0.3393994141)
(0.01 0.2142823334 -0.3393994446)
(0.01 0.2249968109 -0.3393995056)
(0.01 0.2142823944 -0.35)
(0.01 0.2249968414 -0.35)
(0.01 0.23571138 -0.35)
(0 0.2249968414 -0.35)
(0 0.23571138 -0.35)
(0 0.2464259491 -0.35)
(0 0.2357112885 -0.3393995056)
(0 0.2464259033 -0.3393995667)
(0 0.257140564 -0.3393995667)
(0 0.2464258118 -0.3287991638)
(0 0.2571405029 -0.3287991943)
(0 0.2464256592 -0.318198761)
(0 0.2571403809 -0.3181987915)
(0 0.2678551636 -0.3181987915)
(0 0.2571401672 -0.3075984192)
(0 0.2678549805 -0.3075984192)
(0 0.2785699463 -0.3075984497)
(0 0.2678547974 -0.2969980774)
(0 0.2785697632 -0.2969980774)
(0 0.2892848511 -0.2969980164)
(0 0.278569519 -0.2863977051)
(0 0.2892847595 -0.286397644)
(0 0.3 -0.286397583)
(0 0.2892845764 -0.2757971497)
(0 0.3 -0.2757970581)
(0.01 0.3 -0.2757970581)
(-6.505213035e-19 0.3 -0.2651963806)
(0.01 0.3 -0.2651963806)
(0.01 0.2892843628 -0.2651965637)
(0.01 0.3 -0.2545954285)
(0.01 0.2892839966 -0.2545957336)
(0.01 0.2785682068 -0.2545962372)
(0.01 0.2892834778 -0.2439945221)
(0.01 0.2785674133 -0.2439954529)
(0.01 0.2678519897 -0.2439965973)
(0.01 0.2785662537 -0.2333943024)
(0.01 0.267850769 -0.2333963776)
(0.01 0.2571360779 -0.2333983154)
(0.01 0.2678491516 -0.2227964172)
(0.01 0.2571347961 -0.2227998047)
(0.01 0.2464208832 -0.2228022156)
(0.01 0.2571333618 -0.212203125)
(0.01 0.2464198761 -0.2122067261)
(0.01 0.2357064056 -0.2122082367)
(0.01 0.246418869 -0.2016147919)
(0.01 0.2357057343 -0.2016158142)
(0.01 0.2249924316 -0.2016145935)
(0.01 0.2357052155 -0.1910270996)
(0.01 0.2249920654 -0.1910232239)
(0.01 0.2142786713 -0.1910183716)
(0.01 0.2249918213 -0.1804335785)
(0.01 0.2142785187 -0.180425293)
(0.01 0.2035650177 -0.1804174805)
(0.01 0.2142784576 -0.1698314056)
(0.01 0.2035649719 -0.1698209229)
(0.01 0.1928513641 -0.1698116913)
(0.01 0.2035650177 -0.1592220917)
(0.01 0.1928513641 -0.1592113495)
(0.01 0.1821376343 -0.1592020111)
(0.01 0.1928514252 -0.1486083832)
(0.01 0.1821376648 -0.1485983582)
(0.01 0.1714238586 -0.1485896912)
(0.01 0.1821377563 -0.1379923248)
(0.01 0.1714239044 -0.1379835052)
(0.01 0.1607100067 -0.1379757843)
(0.01 0.1714239807 -0.1273753967)
(0.01 0.1607100677 -0.1273678513)
(0.01 0.1499961243 -0.1273611603)
(0.01 0.160710144 -0.116758316)
(0.01 0.14999617 -0.1167519226)
(0.01 0.139282196 -0.1167462845)
(0.01 0.1499962158 -0.106141449)
(0.01 0.1392822266 -0.1061361618)
(0.01 0.1285682373 -0.1061314316)
(0.01 0.1392822723 -0.09552500153)
(0.01 0.1285682678 -0.09552066803)
(0.01 0.117854248 -0.09551679993)
(0.01 0.1285682983 -0.08490910339)
(0.01 0.1178542709 -0.08490562439)
(0.01 0.1071402359 -0.0849025116)
(0.01 0.1178542862 -0.07429375458)
(0.01 0.1071402588 -0.07429098511)
(0.01 0.09642623138 -0.07428852081)
(0.01 0.107140274 -0.06367895126)
(0.01 0.09642625427 -0.06367681122)
(0.01 0.08571222687 -0.06367489624)
(0.01 0.09642629242 -0.05306464386)
(0.01 0.08571224976 -0.05306304932)
(0.01 0.07499820709 -0.05306164932)
(0.01 0.09642630768 -0.04245215607)
(0.01 0.1071403122 -0.05306644821)
(0.01 0.1071403656 -0.04245359421)
(0.01 0.1071403809 -0.03184042931)
(0.01 0.1178544006 -0.04245518875)
(0.01 0.1178544312 -0.03184163284)
(0.01 0.1178544464 -0.02122786713)
(0.01 0.1285684814 -0.03184295464)
(0.01 0.1285685272 -0.02122874451)
(0.01 0.1285685425 -0.01061440468)
(0.01 0.1178544464 -0.01061397171)
(0.01 0.1285685425 0)
(0.01 0.1178544617 0)
(0 0.1285685425 0)
(0 0.1178544769 0)
(0 0.1285685425 -0.01061440277)
(0 0.1178544617 -0.0106139679)
(0 0.1285685272 -0.02122873878)
(0 0.1178544617 -0.0212278614)
(0 0.1285684967 -0.03184293938)
(0 0.1178544464 -0.0318416214)
(0 0.1071403809 -0.03184042168)
(0 0.1178544159 -0.04245518112)
(0 0.1071403656 -0.04245358276)
(0 0.09642632294 -0.04245214462)
(0 0.1071403503 -0.05306644058)
(0 0.09642631531 -0.05306463623)
(0 0.08571227264 -0.05306304169)
(0 0.09642629242 -0.06367679596)
(0 0.08571226501 -0.06367489624)
(0 0.07499822998 -0.06367323685)
(0 0.08571225739 -0.07428633118)
(0 0.07499822998 -0.07428442383)
(0 0.06428418732 -0.07428278351)
(0 0.07499821472 -0.08489511871)
(0 0.06428418732 -0.08489329529)
(0 0.0535701561 -0.08489175415)
(0 0.06428417206 -0.09550328827)
(0 0.05357015228 -0.09550160217)
(0 0.04285612869 -0.09550022888)
(0 0.05357014465 -0.1061109467)
(0 0.04285612106 -0.1061094894)
(0 0.03214208603 -0.1061083374)
(0 0.04285611343 -0.1167181702)
(0 0.03214209366 -0.11671698)
(0 0.02142806053 -0.1167161026)
(0 0.03214208221 -0.1273250427)
(0 0.0214280529 -0.1273241348)
(0 0.01071402645 -0.1273235397)
(0 0.0214280529 -0.1379316406)
(0 0.01071402645 -0.1379310303)
(0 0 -0.1379306641)
(0 0.01071402931 -0.1485380096)
(0 0 -0.1485376434)
(0.01 0 -0.1485376434)
(0 0 -0.159144043)
(0.01 0 -0.159144043)
(0.01 0.01071402264 -0.1591444092)
(0.01 0 -0.169749939)
(0.01 0.01071402454 -0.1697502747)
(0.01 0.02142804527 -0.1697508392)
(0.01 0.01071402454 -0.1803556366)
(0.01 0.02142804527 -0.1803561707)
(0.01 0.03214207458 -0.1803569794)
(0.01 0.02142804527 -0.1909610138)
(0.01 0.03214206696 -0.1909617767)
(0.01 0.04285608292 -0.1909627686)
(0.01 0.03214207077 -0.2015660706)
(0.01 0.04285608292 -0.2015670166)
(0.01 0.05357011032 -0.2015681915)
(0.01 0.04285608292 -0.2121708374)
(0.01 0.05357011032 -0.2121718597)
(0.01 0.0642841568 -0.2121731262)
(0.01 0.05357011032 -0.2227752075)
(0.01 0.0642841568 -0.2227762909)
(0.01 0.07499819183 -0.2227776031)
(0.01 0.0642841568 -0.2333791504)
(0.01 0.07499817657 -0.2333802948)
(0.01 0.08571221161 -0.2333815765)
(0.01 0.07499819946 -0.2439826965)
(0.01 0.08571222687 -0.2439838104)
(0.01 0.09642623901 -0.2439850006)
(0.01 0.08571225739 -0.2545858307)
(0.01 0.09642629242 -0.254586853)
(0.01 0.1071403046 -0.2545879822)
(0.01 0.09642628479 -0.2651885681)
(0.01 0.1071403351 -0.2651894836)
(0.01 0.1178543549 -0.2651904907)
(0.01 0.1071403656 -0.2757909241)
(0.01 0.1178543777 -0.275791748)
(0.01 0.1285684357 -0.2757925415)
(0.01 0.1178544312 -0.2863929138)
(0.01 0.1285684967 -0.2863935852)
(0.01 0.139282547 -0.2863942261)
(0.01 0.1285685577 -0.2969946594)
(0.01 0.139282608 -0.2969951782)
(0.01 0.1499967194 -0.296995636)
(0.01 0.1392826691 -0.3075960999)
(0.01 0.1499967804 -0.3075964355)
(0.01 0.160710907 -0.3075968018)
(0.01 0.1499968109 -0.3181972961)
(0.01 0.160710968 -0.3181975403)
(0.01 0.1714251099 -0.3181978149)
(0.01 0.1607109833 -0.3287983398)
(0.01 0.1714251709 -0.3287985229)
(0.01 0.1821393738 -0.328798645)
(0.01 0.1714252167 -0.3393992615)
(0.01 0.1821394196 -0.339399353)
(0.01 0.1928536682 -0.3393993835)
(0.01 0.1821394653 -0.35)
(0.01 0.1928536987 -0.35)
(0.01 0.2035679932 -0.35)
(0 0.1928536987 -0.35)
(0 0.2035679932 -0.35)
(0 0.2142823944 -0.35)
(0 0.2035679474 -0.3393994446)
(0 0.2142823334 -0.3393994446)
(0 0.2249968109 -0.3393995056)
(0 0.2142822723 -0.3287990112)
(0 0.2249967194 -0.3287990723)
(0 0.2357111816 -0.3287991333)
(0 0.2249965973 -0.3181986084)
(0 0.2357110748 -0.3181987305)
(0 0.2249964142 -0.3075982361)
(0 0.2357108917 -0.3075983582)
(0 0.2464254608 -0.3075984192)
(0 0.2357106476 -0.2969980774)
(0 0.2464252167 -0.2969980774)
(0 0.2571399231 -0.2969981384)
(0 0.2464248962 -0.2863978577)
(0 0.2571395874 -0.2863978271)
(0 0.2678544617 -0.2863977661)
(0 0.2571392212 -0.2757976685)
(0 0.2678540955 -0.2757974854)
(0 0.2785692444 -0.2757973022)
(0 0.2678535461 -0.2651971741)
(0 0.2785688171 -0.2651968689)
(0 0.2892843628 -0.2651965637)
(0 0.2785682068 -0.2545962372)
(0 0.2892839966 -0.2545957336)
(0 0.3 -0.2545954285)
(0 0.2892834778 -0.2439945068)
(0 0.3 -0.2439938507)
(0.01 0.3 -0.2439938507)
(0 0.3 -0.2333912659)
(0.01 0.3 -0.2333912659)
(0.01 0.2892826843 -0.2333925323)
(0.01 0.3 -0.2227864838)
(0.01 0.2892814636 -0.222789032)
(0.01 0.2785644226 -0.2227925873)
(0.01 0.2892791138 -0.2121831207)
(0.01 0.2785617371 -0.2121902008)
(0.01 0.2678470459 -0.2121974182)
(0.01 0.2785577698 -0.2015880585)
(0.01 0.2678445129 -0.2016017456)
(0.01 0.2571317444 -0.2016105194)
(0.01 0.2678417664 -0.1910154877)
(0.01 0.2571302795 -0.1910261688)
(0.01 0.246417984 -0.1910287933)
(0.01 0.2571291809 -0.1804547119)
(0.01 0.2464174042 -0.1804498291)
(0.01 0.235704834 -0.1804419708)
(0.01 0.2464171906 -0.1698736877)
(0.01 0.2357047272 -0.1698572998)
(0.01 0.224991745 -0.169843338)
(0.01 0.2357048645 -0.1592684174)
(0.01 0.2249918213 -0.1592499084)
(0.01 0.2142785187 -0.1592347717)
(0.01 0.2249920654 -0.1486504822)
(0.01 0.2142786407 -0.1486338959)
(0.01 0.2035651245 -0.1486200714)
(0.01 0.2142788849 -0.1380281219)
(0.01 0.2035652771 -0.1380142975)
(0.01 0.1928515472 -0.1380025177)
(0.01 0.2035654755 -0.1274050598)
(0.01 0.1928516998 -0.1273938446)
(0.01 0.1821378784 -0.1273839798)
(0.01 0.1928518982 -0.1167826385)
(0.01 0.1821380157 -0.1167735596)
(0.01 0.1714240875 -0.1167655029)
(0.01 0.1821381378 -0.1061612778)
(0.01 0.1714241791 -0.1061539536)
(0.01 0.1607102356 -0.1061473618)
(0.01 0.1714243011 -0.09554109955)
(0.01 0.1607102966 -0.09553521729)
(0.01 0.1499962921 -0.09552983856)
(0.01 0.1607103729 -0.08492205811)
(0.01 0.1499963531 -0.08491732025)
(0.01 0.1392823181 -0.08491301727)
(0.01 0.1499964294 -0.07430401611)
(0.01 0.1392823792 -0.07430026245)
(0.01 0.1285683289 -0.07429683685)
(0.01 0.1392824249 -0.06368692398)
(0.01 0.1285683746 -0.06368398666)
(0.01 0.1178543243 -0.06368133545)
(0.01 0.1285684204 -0.05307064819)
(0.01 0.1178543701 -0.0530684433)
(0.01 0.1285684662 -0.04245695114)
(0.01 0.1392824707 -0.05307307053)
(0.01 0.1392825317 -0.04245888138)
(0.01 0.1392825775 -0.03184439278)
(0.01 0.1499966125 -0.04246096802)
(0.01 0.1499966736 -0.03184592819)
(0.01 0.1499967041 -0.02123072433)
(0.01 0.1392825928 -0.02122970009)
(0.01 0.1499967346 -0.01061538601)
(0.01 0.139282608 -0.01061487007)
(0.01 0.1499967499 -2.032879073e-20)
(0.01 0.1392826385 0)
(2.710505431e-19 0.1499967499 0)
(0 0.1392826385 0)
(0 0.1499967346 -0.01061538219)
(0 0.1392826385 -0.01061486721)
(0 0.1499967041 -0.02123071671)
(0 0.139282608 -0.02122969437)
(0 0.1499966736 -0.03184592056)
(0 0.1392825775 -0.03184438515)
(0 0.1499966431 -0.04246095657)
(0 0.139282547 -0.04245887375)
(0 0.1285684662 -0.04245694733)
(0 0.1392825165 -0.05307305527)
(0 0.1285684357 -0.05307064819)
(0 0.1178543777 -0.05306843567)
(0 0.1285684052 -0.06368397903)
(0 0.1178543625 -0.06368132782)
(0 0.1071403122 -0.063678936)
(0 0.117854332 -0.07429374695)
(0 0.1071403046 -0.07429096985)
(0 0.09642627716 -0.07428850555)
(0 0.1071402893 -0.08490248108)
(0 0.0964262619 -0.08489971161)
(0 0.08571224213 -0.08489725494)
(0 0.09642623901 -0.09551029205)
(0 0.08571222687 -0.09550761414)
(0 0.07499819946 -0.09550526428)
(0 0.08571221161 -0.1061173553)
(0 0.0749981842 -0.1061148529)
(0 0.06428416443 -0.1061127243)
(0 0.07499817657 -0.1167238007)
(0 0.0642841568 -0.1167215652)
(0 0.05357013321 -0.1167196884)
(0 0.06428414917 -0.1273297653)
(0 0.05357012177 -0.127327858)
(0 0.0428561058 -0.1273262787)
(0 0.05357012177 -0.1379353943)
(0 0.0428561058 -0.1379338226)
(0 0.03214208221 -0.1379325714)
(0 0.0428561058 -0.148540741)
(0 0.03214208221 -0.1485395203)
(0 0.02142805481 -0.1485386047)
(0 0.03214208221 -0.159145874)
(0 0.02142805672 -0.159144989)
(0 0.01071403027 -0.1591444092)
(0 0.02142805481 -0.1697508392)
(0 0.01071402645 -0.1697502594)
(0 0 -0.169749939)
(0 0.01071402645 -0.1803556366)
(0 0 -0.1803553314)
(0.01 0 -0.1803553314)
(0 0 -0.1909602356)
(0.01 0 -0.1909602356)
(0.01 0.01071402264 -0.1909605255)
(0.01 0 -0.2015646667)
(0.01 0.01071402264 -0.2015649414)
(0.01 0.02142804909 -0.2015653839)
(0.01 0.01071402454 -0.2121689606)
(0.01 0.02142804527 -0.2121693573)
(0.01 0.03214208221 -0.2121699829)
(0.01 0.0214280529 -0.222772934)
(0.01 0.03214208603 -0.2227735443)
(0.01 0.04285608673 -0.2227742615)
(0.01 0.03214208603 -0.233376709)
(0.01 0.04285609436 -0.2333773804)
(0.01 0.05357011795 -0.2333781738)
(0.01 0.04285612106 -0.2439802246)
(0.01 0.05357014465 -0.2439809113)
(0.01 0.0642841568 -0.2439817505)
(0.01 0.05357015228 -0.2545833893)
(0.01 0.06428418732 -0.2545841064)
(0.01 0.07499821472 -0.2545849152)
(0.01 0.06428418732 -0.2651862488)
(0.01 0.07499823761 -0.2651869507)
(0.01 0.08571227264 -0.2651877136)
(0.01 0.0749982605 -0.2757888489)
(0.01 0.08571228027 -0.2757894592)
(0.01 0.09642631531 -0.2757901917)
(0.01 0.08571229553 -0.2863911438)
(0.01 0.0964263382 -0.2863916931)
(0.01 0.1071403885 -0.2863923035)
(0.01 0.09642636871 -0.2969931641)
(0.01 0.107140419 -0.2969936829)
(0.01 0.1178544617 -0.2969941406)
(0.01 0.1071404495 -0.3075949402)
(0.01 0.1178545074 -0.3075953369)
(0.01 0.1285685883 -0.3075957336)
(0.01 0.117854538 -0.3181965027)
(0.01 0.1285686035 -0.3181967773)
(0.01 0.1392826996 -0.3181970825)
(0.01 0.128568634 -0.3287978516)
(0.01 0.1392827301 -0.3287980347)
(0.01 0.1499968414 -0.3287982178)
(0.01 0.1392827606 -0.3393990173)
(0.01 0.1499968719 -0.3393991089)
(0.01 0.1607110138 -0.3393991699)
(0.01 0.1499969025 -0.35)
(0.01 0.1607110596 -0.35)
(0.01 0.1714252167 -0.35)
(0 0.1607110443 -0.35)
(0 0.1714252319 -0.35)
(0 0.1821394501 -0.35)
(0 0.1714251862 -0.3393992615)
(0 0.1821394196 -0.339399353)
(0 0.192853653 -0.3393993835)
(0 0.1821393738 -0.328798645)
(0 0.1928536072 -0.3287987671)
(0 0.2035678864 -0.3287988892)
(0 0.1928535156 -0.3181982117)
(0 0.2035678101 -0.3181983948)
(0 0.2142821503 -0.3181985168)
(0 0.203567688 -0.3075979309)
(0 0.2142819977 -0.307598114)
(0 0.2035675049 -0.2969975586)
(0 0.2142817993 -0.2969977722)
(0 0.2249961853 -0.2969979553)
(0 0.2142815552 -0.286397583)
(0 0.2249959106 -0.2863977661)
(0 0.2357103577 -0.2863978271)
(0 0.2249955902 -0.2757976685)
(0 0.2357099609 -0.2757977295)
(0 0.2464244995 -0.2757977295)
(0 0.2357095337 -0.265197876)
(0 0.246423996 -0.2651977539)
(0 0.2571386719 -0.2651975098)
(0 0.2464234009 -0.2545979919)
(0 0.2571379395 -0.2545974884)
(0 0.2678528748 -0.2545968933)
(0 0.2571371155 -0.2439976959)
(0 0.2678519897 -0.2439965973)
(0 0.2785674133 -0.2439954376)
(0 0.267850769 -0.2333963776)
(0 0.2785662537 -0.2333943024)
(0 0.2892826843 -0.2333925323)
(0 0.2785644226 -0.2227925415)
(0 0.2892814331 -0.2227890167)
(0 0.3 -0.2227864838)
(0 0.2892790527 -0.212183075)
(0 0.3 -0.2121771851)
(0.01 0.3 -0.2121771851)
(0 0.3 -0.2015575104)
(0.01 0.3 -0.2015575562)
(0.01 0.289274292 -0.2015718231)
(0.01 0.2785524292 -0.1909918671)
(0.01 0.2785471802 -0.1804291534)
(0.01 0.2678395386 -0.1804528503)
(0.01 0.2785450134 -0.1699483643)
(0.01 0.2678387146 -0.1699185181)
(0.01 0.2571288147 -0.169894043)
(0.01 0.2678396606 -0.1593722076)
(0.01 0.2571292419 -0.1593243256)
(0.01 0.2464174042 -0.1592922211)
(0.01 0.2571303101 -0.1487307892)
(0.01 0.246418045 -0.1486968384)
(0.01 0.2357052307 -0.1486708832)
(0.01 0.2464189301 -0.1380876007)
(0.01 0.2357057648 -0.1380639648)
(0.01 0.2249924316 -0.1380443878)
(0.01 0.2357064514 -0.1274499283)
(0.01 0.2249928741 -0.1274327927)
(0.01 0.2142792053 -0.1274179535)
(0.01 0.2249933777 -0.1168171463)
(0.01 0.2142795563 -0.1168043289)
(0.01 0.2035657501 -0.1167928391)
(0.01 0.214279953 -0.1061882553)
(0.01 0.20356604 -0.1061784058)
(0.01 0.1928521271 -0.1061694489)
(0.01 0.2035663147 -0.09556238556)
(0.01 0.1928523102 -0.09555467987)
(0.01 0.1821382904 -0.09554759216)
(0.01 0.192852478 -0.08493894196)
(0.01 0.182138443 -0.08493286896)
(0.01 0.1714244232 -0.08492724609)
(0.01 0.1821385956 -0.07431732941)
(0.01 0.1714245453 -0.07431256866)
(0.01 0.1607104797 -0.07430812836)
(0.01 0.1714246521 -0.06369727707)
(0.01 0.1607105713 -0.06369356918)
(0.01 0.1499964905 -0.06369011688)
(0.01 0.1607106476 -0.05307855606)
(0.01 0.1499965515 -0.0530757103)
(0.01 0.1607107239 -0.04246319199)
(0.01 0.1714247437 -0.05308156586)
(0.01 0.1714248352 -0.04246556091)
(0.01 0.1714249268 -0.03184932137)
(0.01 0.1607107849 -0.03184757423)
(0.01 0.1714249878 -0.02123295212)
(0.01 0.1607108459 -0.02123180771)
(0.01 0.1714250183 -0.01061649227)
(0.01 0.1607108612 -0.01061593533)
(0.01 0.1714250641 0)
(0.01 0.1607108765 0)
(0 0.1714250488 0)
(0 0.1607108917 0)
(0 0.1714250183 -0.01061649036)
(0 0.1607108765 -0.01061593246)
(0 0.1714249878 -0.0212329464)
(0 0.1607108459 -0.02123179817)
(0 0.1714249268 -0.03184931374)
(0 0.1607107849 -0.03184755898)
(0 0.1714248657 -0.04246554565)
(0 0.1607107239 -0.04246317673)
(0 0.1714247742 -0.0530815506)
(0 0.1607106628 -0.0530785408)
(0 0.149996582 -0.05307568741)
(0 0.1607106018 -0.06369355392)
(0 0.149996521 -0.06369009781)
(0 0.1392824707 -0.06368690109)
(0 0.14999646 -0.07430400085)
(0 0.1392824097 -0.07430026245)
(0 0.1285683746 -0.07429683685)
(0 0.1392823639 -0.08491300964)
(0 0.1285683289 -0.08490909576)
(0 0.1178543091 -0.08490560913)
(0 0.1285682983 -0.09552066803)
(0 0.1178542786 -0.09551679993)
(0 0.1071402664 -0.09551335144)
(0 0.117854248 -0.1061272354)
(0 0.1071402435 -0.1061235199)
(0 0.09642622375 -0.1061202469)
(0 0.1071402206 -0.1167328796)
(0 0.09642619324 -0.1167294235)
(0 0.08571218872 -0.1167263947)
(0 0.09642618561 -0.1273378448)
(0 0.08571218109 -0.1273347473)
(0 0.07499816895 -0.1273320465)
(0 0.08571216583 -0.1379423218)
(0 0.07499815369 -0.137939621)
(0 0.06428413391 -0.1379373322)
(0 0.07499815369 -0.1485465088)
(0 0.06428413391 -0.14854422)
(0 0.05357012177 -0.1485423126)
(0 0.06428414917 -0.1591504822)
(0 0.05357012177 -0.1591486053)
(0 0.0428561058 -0.1591470795)
(0 0.05357012177 -0.169754303)
(0 0.0428561058 -0.1697528381)
(0 0.03214208221 -0.1697516937)
(0 0.0428561058 -0.1803580475)
(0 0.03214208221 -0.1803569641)
(0 0.0214280529 -0.1803561707)
(0 0.03214208221 -0.1909617615)
(0 0.02142805672 -0.1909609985)
(0 0.01071403027 -0.1909605255)
(0 0.02142805862 -0.2015653839)
(0 0.01071403217 -0.2015649414)
(0 0 -0.2015646667)
(0 0.01071403408 -0.2121689606)
(0 0 -0.2121687164)
(0.01 0 -0.2121687164)
(0 0 -0.2227723846)
(0.01 0 -0.2227723846)
(0.01 0.0107140255 -0.222772583)
(0.01 0 -0.2333757324)
(0.01 0.01071402836 -0.233375885)
(0.01 0.02142806053 -0.233376236)
(0.01 0.01071403027 -0.2439788513)
(0.01 0.02142806053 -0.243979187)
(0.01 0.03214208221 -0.2439796295)
(0.01 0.02142805672 -0.2545818939)
(0.01 0.03214208603 -0.2545822906)
(0.01 0.04285612869 -0.2545827942)
(0.01 0.03214209366 -0.2651847229)
(0.01 0.04285612869 -0.2651851501)
(0.01 0.05357015991 -0.2651856689)
(0.01 0.04285614395 -0.2757873535)
(0.01 0.0535701828 -0.2757877808)
(0.01 0.06428421783 -0.275788269)
(0.01 0.05357019043 -0.2863897705)
(0.01 0.06428423309 -0.2863901672)
(0.01 0.07499827576 -0.286390625)
(0.01 0.06428423309 -0.2969919434)
(0.01 0.07499827576 -0.2969923096)
(0.01 0.08571231079 -0.2969927063)
(0.01 0.07499828339 -0.3075939331)
(0.01 0.08571234131 -0.3075942383)
(0.01 0.09642639923 -0.3075946045)
(0.01 0.08571235657 -0.3181957092)
(0.01 0.09642641449 -0.3181959839)
(0.01 0.1071404648 -0.318196228)
(0.01 0.09642641449 -0.3287972717)
(0.01 0.1071404648 -0.3287974548)
(0.01 0.1178545532 -0.3287976379)
(0.01 0.10714048 -0.3393987427)
(0.01 0.1178545685 -0.3393988342)
(0.01 0.1285686493 -0.3393989258)
(0.01 0.1178545685 -0.35)
(0.01 0.1285686493 -0.35)
(0.01 0.1392827606 -0.35)
(0 0.1285686493 -0.35)
(0 0.1392827606 -0.35)
(2.602085214e-18 0.1499969025 -0.35)
(0 0.1392827606 -0.3393990173)
(0 0.1499968719 -0.3393991089)
(0 0.1607110138 -0.3393991699)
(0 0.1499968414 -0.3287982178)
(0 0.1607109833 -0.3287983704)
(0 0.1714251709 -0.3287985229)
(0 0.1607109375 -0.3181976013)
(0 0.1714251099 -0.3181978455)
(0 0.1821393127 -0.3181980286)
(0 0.1714250488 -0.307597168)
(0 0.1821392212 -0.3075974731)
(0 0.1928534241 -0.3075976868)
(0 0.1821390991 -0.2969969482)
(0 0.192853302 -0.2969973145)
(0 0.1821389465 -0.2863965149)
(0 0.1928531189 -0.2863969116)
(0 0.2035673218 -0.2863972778)
(0 0.192852951 -0.2757967834)
(0 0.2035671082 -0.2757971802)
(0 0.214281311 -0.2757974854)
(0 0.2035668488 -0.2651972961)
(0 0.2142810211 -0.2651976624)
(0 0.224995224 -0.265197876)
(0 0.2142806702 -0.254598175)
(0 0.2249947968 -0.2545983734)
(0 0.2357090454 -0.2545983124)
(0 0.224994339 -0.2439993286)
(0 0.2357084503 -0.2439991608)
(0 0.2464226532 -0.2439986115)
(0 0.2357078247 -0.2334007568)
(0 0.2464218445 -0.2333998566)
(0 0.2571360779 -0.2333983154)
(0 0.2464208832 -0.2228022156)
(0 0.2571348267 -0.2227998047)
(0 0.2678491516 -0.2227964172)
(0 0.2571333618 -0.2122030792)
(0 0.2678470459 -0.2121973572)
(0 0.2785617371 -0.212190155)
(0 0.2678445129 -0.2016016998)
(0 0.2785578308 -0.2015879974)
(0 0.2892742615 -0.2015717926)
(0 0.2785524597 -0.1909916992)
(0 0.2678417664 -0.1910153961)
(0 0.2678395386 -0.1804527588)
(0 0.2785471802 -0.1804290161)
(0 0.2678387451 -0.1699184875)
(0 0.2785450439 -0.1699483337)
(0 0.2678396606 -0.1593721924)
(0 0.2785473022 -0.1594563446)
(0 0.26784198 -0.1487769775)
(0 0.2785528564 -0.1488406219)
(0 0.2678447266 -0.1381509094)
(0 0.278558075 -0.1381894684)
(0 0.2892746887 -0.1382264862)
(0 0.3 -0.1382574158)
(0 0.2785619812 -0.1275385056)
(0 0.2892792969 -0.1275586929)
(0 0.3 -0.127573204)
(0.01 0.3 -0.127573204)
(0.01 0.3 -0.1382574158)
(0 0.2892815247 -0.1169058685)
(0 0.3 -0.1169142609)
(0.01 0.3 -0.1169142609)
(0.01 0.2892815247 -0.1169058685)
(0.01 0.2892792969 -0.1275586929)
(3.523653884e-19 0.3 -0.1062677612)
(0.01 0.3 -0.1062677612)
(0.01 0.2892827454 -0.1062629395)
(0.01 0.2785663452 -0.1062555008)
(0.01 0.2785646057 -0.1168940659)
(0.01 0.3 -0.0956297226)
(0.01 0.2892834778 -0.09562651825)
(0.01 0.2785674438 -0.09562158203)
(0.01 0.2678520813 -0.09561473083)
(0.01 0.2678508911 -0.1062456207)
(0.01 0.2892839966 -0.08499443054)
(0.01 0.2785682373 -0.08499093628)
(0.01 0.2678529358 -0.08498604584)
(0.01 0.2571380005 -0.08498007965)
(0.01 0.257137207 -0.09560658264)
(0.01 0.2785688477 -0.07436289978)
(0.01 0.2678535461 -0.07435935211)
(0.01 0.2571386719 -0.07435496521)
(0.01 0.246423996 -0.07434994507)
(0.01 0.2464234161 -0.08497346497)
(0.01 0.2678540955 -0.06373420334)
(0.01 0.2571391907 -0.063730896)
(0.01 0.246424469 -0.06372712708)
(0.01 0.2357099304 -0.06372297668)
(0.01 0.2357095184 -0.07434452057)
(0.01 0.2571395569 -0.05310782623)
(0.01 0.2464248352 -0.05310495377)
(0.01 0.2357102966 -0.05310179901)
(0.01 0.2249958496 -0.05309844589)
(0.01 0.2249955597 -0.06371860123)
(0.01 0.2464251709 -0.04248331451)
(0.01 0.235710556 -0.04248097992)
(0.01 0.2249960938 -0.04247848129)
(0.01 0.2142817078 -0.04247586823)
(0.01 0.2142815247 -0.05309500885)
(0.01 0.2357108002 -0.03186046791)
(0.01 0.2249962616 -0.03185868263)
(0.01 0.2142818909 -0.03185681343)
(0.01 0.2035675354 -0.03185491562)
(0.01 0.2035674133 -0.04247322083)
(0.01 0.2249964142 -0.02123903847)
(0.01 0.2142820129 -0.0212378273)
(0.01 0.203567627 -0.02123659706)
(0.01 0.1928533936 -0.02123536491)
(0.01 0.192853302 -0.03185301971)
(0.01 0.2142820892 -0.0106189146)
(0.01 0.2035677185 -0.01061829948)
(0.01 0.1928534393 -0.01061767769)
(0.01 0.1821392212 -0.01061708641)
(0.01 0.1821391602 -0.0212341404)
(0.01 0.2035677795 0)
(0.01 0.1928534851 0)
(0.01 0.182139267 0)
(0 0.1928534851 0)
(0 0.1821392517 0)
(0 0.1928534393 -0.0106176796)
(0 0.1821392212 -0.01061708546)
(0 0.1928533936 -0.02123536873)
(0 0.1821391602 -0.0212341404)
(0 0.192853302 -0.03185302353)
(0 0.1821390991 -0.03185113907)
(0 0.1928532104 -0.04247061157)
(0 0.1821390076 -0.04246803665)
(0 0.1928530579 -0.05308808136)
(0 0.1821388855 -0.05308476257)
(0 0.1928529205 -0.06370540619)
(0 0.1821387634 -0.0637012291)
(0 0.1714246826 -0.06369726181)
(0 0.1821386566 -0.07431731415)
(0 0.1714245605 -0.07431254578)
(0 0.1607105103 -0.07430809784)
(0 0.1714244537 -0.08492722321)
(0 0.1607104187 -0.08492204285)
(0 0.1499963837 -0.08491730499)
(0 0.1607103271 -0.09553518677)
(0 0.1499963074 -0.0955298233)
(0 0.1392823181 -0.0955249939)
(0 0.1499962463 -0.1061414337)
(0 0.1392822571 -0.1061361618)
(0 0.1285682678 -0.1061314316)
(0 0.1392822113 -0.1167462616)
(0 0.1285682373 -0.1167412643)
(0 0.1178542252 -0.1167368164)
(0 0.1285682068 -0.1273500443)
(0 0.1178542023 -0.1273454437)
(0 0.1071401978 -0.1273413925)
(0 0.1178541794 -0.137953125)
(0 0.1071401749 -0.1379490204)
(0 0.09642617035 -0.1379454498)
(0 0.1071401749 -0.1485557861)
(0 0.09642617035 -0.1485522461)
(0 0.08571216583 -0.1485491486)
(0 0.09642617035 -0.1591582184)
(0 0.08571216583 -0.1591552429)
(0 0.07499815369 -0.1591526794)
(0 0.08571217346 -0.1697606506)
(0 0.07499815369 -0.1697581787)
(0 0.06428414154 -0.1697560883)
(0 0.07499816895 -0.1803630829)
(0 0.06428414917 -0.1803611145)
(0 0.05357012177 -0.180359436)
(0 0.06428414917 -0.1909655762)
(0 0.05357012177 -0.1909640503)
(0 0.0428561058 -0.1909627686)
(0 0.05357012939 -0.2015681915)
(0 0.0428561058 -0.2015670166)
(0 0.03214208221 -0.2015660706)
(0 0.0428561058 -0.2121708374)
(0 0.03214208221 -0.2121699829)
(0 0.02142806053 -0.2121693573)
(0 0.03214208221 -0.2227735596)
(0 0.02142806244 -0.2227729492)
(0 0.01071403503 -0.2227725983)
(0 0.02142806053 -0.2333762512)
(0 0.01071403313 -0.2333759308)
(0 0 -0.2333757324)
(0 0.01071403217 -0.2439790039)
(0 0 -0.2439789734)
(0.01 0 -0.2439786377)
(0 0 -0.2545815735)
(0.01 0 -0.2545815125)
(0.01 0.01071403217 -0.254581665)
(0.01 0 -0.2651841125)
(0.01 0.01071403313 -0.2651842041)
(0.01 0.02142806435 -0.2651843872)
(0.01 0.01071403122 -0.2757865601)
(0.01 0.02142806816 -0.2757867126)
(0.01 0.03214210129 -0.2757869873)
(0.01 0.02142807388 -0.2863888855)
(0.01 0.0321421051 -0.2863890991)
(0.01 0.04285614777 -0.2863894043)
(0.01 0.03214211655 -0.2969910889)
(0.01 0.04285616302 -0.296991333)
(0.01 0.05357019424 -0.2969916077)
(0.01 0.04285616302 -0.3075931702)
(0.01 0.05357019043 -0.3075933838)
(0.01 0.06428423309 -0.3075936584)
(0.01 0.0535702095 -0.3181950989)
(0.01 0.06428424835 -0.318195282)
(0.01 0.07499829102 -0.3181954956)
(0.01 0.06428424835 -0.328796875)
(0.01 0.07499830627 -0.3287970276)
(0.01 0.08571237183 -0.3287971497)
(0.01 0.07499829865 -0.3393984985)
(0.01 0.08571235657 -0.3393985596)
(0.01 0.09642642975 -0.3393986511)
(0.01 0.08571235657 -0.35)
(0.01 0.09642645264 -0.35)
(0.01 0.10714048 -0.35)
(0 0.09642641449 -0.35)
(0 0.1071404953 -0.35)
(0 0.1178545837 -0.35)
(0 0.10714048 -0.3393987427)
(0 0.1178545685 -0.3393988342)
(0 0.1285686493 -0.3393989258)
(0 0.1178545532 -0.328797699)
(0 0.128568634 -0.3287978821)
(0 0.1392827301 -0.3287980652)
(0 0.1285686035 -0.3181968079)
(0 0.1392826996 -0.3181970825)
(0 0.1499968109 -0.3181973267)
(0 0.1392826538 -0.3075961304)
(0 0.1499967651 -0.3075964966)
(0 0.1607108765 -0.3075968323)
(0 0.1499967041 -0.296995636)
(0 0.1607108154 -0.2969961243)
(0 0.1714249573 -0.296996521)
(0 0.1607107239 -0.2863954773)
(0 0.1714248352 -0.2863960266)
(0 0.1607106323 -0.2757948608)
(0 0.1714247131 -0.2757955933)
(0 0.1821387939 -0.2757961731)
(0 0.1714245911 -0.2651953125)
(0 0.1821386566 -0.2651960754)
(0 0.1928527374 -0.2651967773)
(0 0.182138504 -0.2545961151)
(0 0.1928525238 -0.2545970154)
(0 0.2035665741 -0.2545976868)
(0 0.1928522949 -0.2439976044)
(0 0.2035663147 -0.2439985352)
(0 0.214280304 -0.243999115)
(0 0.2035660095 -0.2333998871)
(0 0.2142799072 -0.2334007263)
(0 0.2249938507 -0.2334010315)
(0 0.2142795563 -0.2228032074)
(0 0.2249933472 -0.222803833)
(0 0.2357070923 -0.2228035583)
(0 0.2249928436 -0.2122081604)
(0 0.2357064056 -0.2122082367)
(0 0.2464198761 -0.2122066956)
(0 0.2357057343 -0.201615799)
(0 0.246418869 -0.2016147614)
(0 0.2571317444 -0.2016104431)
(0 0.246417984 -0.1910287323)
(0 0.2571302795 -0.191026123)
(0 0.2464174042 -0.1804497833)
(0 0.2571291809 -0.1804546509)
(0 0.2464171906 -0.1698736572)
(0 0.2571288452 -0.1698940125)
(0 0.2464174347 -0.1592922211)
(0 0.2571292419 -0.159324295)
(0 0.2464180603 -0.1486968231)
(0 0.2571303406 -0.1487307892)
(0 0.2464189453 -0.1380876007)
(0 0.2571318665 -0.1381165314)
(0 0.2464199677 -0.1274695663)
(0 0.2571334534 -0.1274913254)
(0 0.267847229 -0.1275150146)
(0 0.2571349182 -0.1168630066)
(0 0.2678493042 -0.1168792572)
(0 0.2785646362 -0.1168940659)
(0 0.2678508911 -0.1062456436)
(0 0.2785663452 -0.1062555084)
(0 0.2892827454 -0.1062629395)
(0 0.2785675049 -0.09562158203)
(0 0.2892835083 -0.09562651825)
(0 0.3 -0.09562970734)
(0 0.2892839966 -0.08499443054)
(0 0.3 -0.08499668884)
(0.01 0.3 -0.08499668884)
(0 0.3 -0.07436703491)
(0.01 0.3 -0.07436703491)
(0.01 0.2892843628 -0.07436542511)
(0.01 0.3 -0.06373985672)
(0.01 0.2892845154 -0.06373868179)
(0.01 0.2785692139 -0.06373683548)
(0.01 0.2892846985 -0.05311352158)
(0.01 0.278569519 -0.05311218643)
(0.01 0.2678544617 -0.0531102562)
(0.01 0.2785697021 -0.04248859024)
(0.01 0.2678547363 -0.04248718643)
(0.01 0.2571398926 -0.04248540115)
(0.01 0.2678549194 -0.03186483383)
(0.01 0.2571401062 -0.03186359215)
(0.01 0.2464253693 -0.0318621254)
(0.01 0.2571402893 -0.02124216461)
(0.01 0.2464255371 -0.02124123192)
(0.01 0.2357109375 -0.02124018288)
(0.01 0.2464256287 -0.01062056065)
(0.01 0.2357110291 -0.01062005043)
(0.01 0.2249965363 -0.01061949348)
(0.01 0.2357111053 0)
(0.01 0.2249965973 0)
(0.01 0.2142821503 0)
(0 0.2249965668 0)
(0 0.2142821503 0)
(0 0.2035677795 0)
(0 0.2142820892 -0.01061891842)
(0 0.2035677338 -0.01061830235)
(0 0.2142820129 -0.02123783684)
(0 0.203567688 -0.0212366066)
(0 0.2142818909 -0.03185681534)
(0 0.2035675507 -0.03185492706)
(0 0.214281723 -0.04247587967)
(0 0.2035674133 -0.04247323608)
(0 0.2142815247 -0.05309502029)
(0 0.2035672607 -0.05309153366)
(0 0.2142812958 -0.06371415329)
(0 0.2035670929 -0.06370972824)
(0 0.2142810211 -0.07433327484)
(0 0.2035668488 -0.0743277359)
(0 0.1928527374 -0.07432240295)
(0 0.2035665741 -0.08494538116)
(0 0.1928525543 -0.0849389267)
(0 0.182138504 -0.0849328537)
(0 0.1928523407 -0.09555464935)
(0 0.1821383362 -0.09554758453)
(0 0.1714243317 -0.09554107666)
(0 0.1821381836 -0.1061612625)
(0 0.1714242096 -0.106153923)
(0 0.1607102509 -0.1061473541)
(0 0.1714240875 -0.1167654572)
(0 0.1607101593 -0.1167582703)
(0 0.1499962006 -0.1167519073)
(0 0.160710083 -0.1273678131)
(0 0.1499961395 -0.1273611374)
(0 0.1392821808 -0.1273552475)
(0 0.149996109 -0.1379689636)
(0 0.1392821503 -0.1379629974)
(0 0.1285681763 -0.1379577484)
(0 0.139282135 -0.148569519)
(0 0.1285681763 -0.1485643463)
(0 0.1178541794 -0.1485597992)
(0 0.1285681763 -0.1591698914)
(0 0.1178541794 -0.1591654968)
(0 0.1071401749 -0.1591616211)
(0 0.1178541794 -0.1697702942)
(0 0.1071401672 -0.1697666779)
(0 0.09642617035 -0.169763443)
(0 0.1071401749 -0.1803709564)
(0 0.09642617035 -0.1803680115)
(0 0.08571218109 -0.180365387)
(0 0.09642617035 -0.1909718933)
(0 0.08571218109 -0.1909695129)
(0 0.07499816895 -0.1909674072)
(0 0.08571218872 -0.2015731506)
(0 0.07499817657 -0.2015712433)
(0 0.0642841568 -0.2015695801)
(0 0.0749981842 -0.2121746063)
(0 0.06428416443 -0.2121731262)
(0 0.05357013321 -0.2121718597)
(0 0.06428417206 -0.2227763367)
(0 0.05357013321 -0.2227752075)
(0 0.0428561058 -0.2227742767)
(0 0.05357014465 -0.2333781891)
(0 0.04285612106 -0.2333773804)
(0 0.03214208221 -0.2333767395)
(0 0.04285612869 -0.2439802246)
(0 0.03214209366 -0.2439796448)
(0 0.02142805862 -0.243979248)
(0 0.03214210129 -0.2545823212)
(0 0.02142806244 -0.254581955)
(0 0.01071403408 -0.2545817261)
(0 0.02142806435 -0.2651844177)
(0 0.01071403503 -0.2651842346)
(0 0 -0.2651841125)
(0 0.01071403313 -0.2757866211)
(0 0 -0.2757864685)
(0.01 0 -0.2757864685)
(0 0 -0.2863889465)
(0.01 0 -0.2863885498)
(0.01 0.01071403027 -0.2863887024)
(0.01 0 -0.2969907227)
(0.01 0.01071403217 -0.2969907837)
(0.01 0.0214280777 -0.2969909058)
(0.01 0.01071403408 -0.3075927429)
(0.01 0.0214280777 -0.3075928345)
(0.01 0.03214210892 -0.3075929871)
(0.01 0.02142807579 -0.3181947021)
(0.01 0.03214210892 -0.3181947937)
(0.01 0.04285615921 -0.3181949158)
(0.01 0.03214211655 -0.3287965698)
(0.01 0.04285616302 -0.3287966614)
(0.01 0.0535702095 -0.3287967529)
(0.01 0.04285616302 -0.3393983154)
(0.01 0.0535702095 -0.3393983765)
(0.01 0.06428424835 -0.3393984375)
(0.01 0.05357019424 -0.35)
(0.01 0.06428426361 -0.35)
(0.01 0.07499822235 -0.35)
(0 0.06428425598 -0.35)
(0 0.07499829102 -0.35)
(0 0.08571235657 -0.35)
(0 0.07499829102 -0.3393984985)
(0 0.08571235657 -0.3393985596)
(0 0.09642641449 -0.3393986511)
(0 0.08571234131 -0.3287971497)
(0 0.09642639923 -0.3287973328)
(0 0.1071404648 -0.3287975159)
(0 0.09642638397 -0.3181959839)
(0 0.1071404495 -0.318196228)
(0 0.1178545227 -0.3181965332)
(0 0.1071404343 -0.3075949402)
(0 0.1178545074 -0.3075953369)
(0 0.128568573 -0.3075957336)
(0 0.1178544769 -0.2969941406)
(0 0.1285685425 -0.2969946594)
(0 0.139282608 -0.2969951782)
(0 0.1285684967 -0.2863935852)
(0 0.139282547 -0.2863942261)
(0 0.1499966431 -0.2863948975)
(0 0.1392825165 -0.2757933655)
(0 0.1499965668 -0.2757941589)
(0 0.1392824554 -0.2651924438)
(0 0.1499964905 -0.2651934509)
(0 0.1607105408 -0.2651944275)
(0 0.1499963989 -0.2545928345)
(0 0.1607104187 -0.2545940247)
(0 0.1714244537 -0.2545951538)
(0 0.1607103271 -0.2439937592)
(0 0.1714243317 -0.2439951782)
(0 0.1821383209 -0.2439964752)
(0 0.1714242096 -0.2333954315)
(0 0.1821381531 -0.2333971252)
(0 0.1928520813 -0.2333986511)
(0 0.1821380157 -0.2227981415)
(0 0.1928518829 -0.2228002319)
(0 0.2035657501 -0.2228019257)
(0 0.1928517151 -0.2122022705)
(0 0.203565506 -0.2122048492)
(0 0.2142792206 -0.2122068939)
(0 0.2035652924 -0.2016086121)
(0 0.2142789001 -0.2016119385)
(0 0.2249924011 -0.2016145477)
(0 0.2142786713 -0.1910183411)
(0 0.2249920654 -0.1910231934)
(0 0.2357052155 -0.1910270691)
(0 0.2249918213 -0.1804335327)
(0 0.235704834 -0.1804419403)
(0 0.2249917755 -0.1698433075)
(0 0.2357047272 -0.1698572693)
(0 0.2249918213 -0.1592498779)
(0 0.2357048645 -0.1592684021)
(0 0.2249920654 -0.1486504669)
(0 0.235705246 -0.1486708527)
(0 0.2249924316 -0.1380443878)
(0 0.2357057953 -0.1380639648)
(0 0.2249929047 -0.1274327927)
(0 0.2357064667 -0.1274499435)
(0 0.2249934082 -0.1168171463)
(0 0.2357071686 -0.1168313141)
(0 0.2464209747 -0.1168467331)
(0 0.2357078552 -0.1062103882)
(0 0.2464219208 -0.1062223282)
(0 0.2571362 -0.1062342529)
(0 0.2464227295 -0.09559764862)
(0 0.2571372375 -0.09560661316)
(0 0.2678521118 -0.09561474609)
(0 0.2571380615 -0.08498010254)
(0 0.2678529663 -0.08498604584)
(0 0.2785682373 -0.08499093628)
(0 0.2678536072 -0.07435936737)
(0 0.2785688477 -0.07436290741)
(0 0.2892843628 -0.07436542511)
(0 0.2785692139 -0.06373683548)
(0 0.2892845154 -0.06373868179)
(0 0.3 -0.06373985672)
(0 0.2892846985 -0.05311352539)
(0 0.3 -0.05311435318)
(0.01 0.3 -0.05311435318)
(0 0.3 -0.04249018478)
(0.01 0.3 -0.04249017715)
(0.009999999046 0.2892848206 -0.04248955917)
(0.01 0.3 -0.03186691856)
(0.01 0.2892849426 -0.03186649132)
(0.01 0.2785698853 -0.03186580467)
(0.01 0.2892850037 -0.02124398804)
(0.01 0.2785700073 -0.02124357605)
(0.01 0.2678550415 -0.02124296188)
(0.01 0.2785700684 -0.01062170315)
(0.01 0.2678551636 -0.01062141037)
(0.01 0.2571403503 -0.01062102604)
(0.01 0.2678552246 0)
(0.01 0.2571404419 0)
(0.01 0.2464257202 0)
(0 0.2571404419 0)
(0 0.2464257202 0)
(0 0.2357111053 0)
(0 0.2464256287 -0.01062056541)
(0 0.2357110748 -0.01062005234)
(0 0.2249965363 -0.01061949635)
(0 0.2357109375 -0.02124018669)
(0 0.2249964447 -0.02123904419)
(0 0.2357108002 -0.03186047363)
(0 0.2249962769 -0.03185869026)
(0 0.235710556 -0.04248098373)
(0 0.2249960938 -0.04247848511)
(0 0.2357102966 -0.05310180283)
(0 0.2249958496 -0.05309845734)
(0 0.2357099609 -0.06372299194)
(0 0.2249955902 -0.06371862411)
(0 0.2357095642 -0.07434454346)
(0 0.224995285 -0.07433892822)
(0 0.2357090759 -0.08496643829)
(0 0.224994873 -0.08495927429)
(0 0.2142807312 -0.08495219421)
(0 0.2249944153 -0.09557940674)
(0 0.2142803497 -0.09557068634)
(0 0.20356633 -0.09556238556)
(0 0.2142799835 -0.1061882553)
(0 0.2035660553 -0.1061784058)
(0 0.1928521271 -0.1061694336)
(0 0.2035658112 -0.1167928314)
(0 0.1928519287 -0.116782608)
(0 0.1821380463 -0.1167735367)
(0 0.1928517151 -0.1273938293)
(0 0.1821378937 -0.1273839798)
(0 0.171423996 -0.1273753662)
(0 0.1821377716 -0.1379922943)
(0 0.1714239197 -0.1379834595)
(0 0.160710022 -0.1379757385)
(0 0.1714238739 -0.1485896301)
(0 0.1607099762 -0.148582077)
(0 0.1499960785 -0.1485753937)
(0 0.1607099762 -0.1591866913)
(0 0.149996048 -0.1591804047)
(0 0.1392821045 -0.1591748352)
(0 0.149996048 -0.1697841034)
(0 0.1392821045 -0.1697789764)
(0 0.128568161 -0.1697743835)
(0 0.139282135 -0.1803821716)
(0 0.1285681763 -0.180378006)
(0 0.1178541794 -0.1803742981)
(0 0.1285681763 -0.1909809113)
(0 0.1178541946 -0.1909775848)
(0 0.1071401901 -0.1909745941)
(0 0.1178542023 -0.2015802917)
(0 0.107140213 -0.201577652)
(0 0.09642619324 -0.2015752869)
(0 0.1071402206 -0.2121802979)
(0 0.09642621613 -0.2121781769)
(0 0.08571221161 -0.2121762848)
(0 0.09642623138 -0.2227807617)
(0 0.08571222687 -0.2227790985)
(0 0.07499819946 -0.2227776031)
(0 0.08571222687 -0.2333815918)
(0 0.07499819946 -0.2333803101)
(0 0.06428417206 -0.2333791809)
(0 0.07499819946 -0.2439827271)
(0 0.06428417206 -0.2439817505)
(0 0.05357014465 -0.2439809113)
(0 0.06428418732 -0.254584137)
(0 0.05357015228 -0.2545833893)
(0 0.04285612869 -0.2545827942)
(0 0.0535701561 -0.2651856689)
(0 0.04285612869 -0.2651851807)
(0 0.03214210129 -0.2651847534)
(0 0.04285614014 -0.275787384)
(0 0.03214210129 -0.2757870178)
(0 0.02142806435 -0.2757867737)
(0 0.03214210129 -0.2863891296)
(0 0.02142807007 -0.2863889465)
(0 0.01071403217 -0.286388855)
(0 0.02142807007 -0.2969909668)
(0 0.01071403217 -0.2969908447)
(0 0 -0.2969907837)
(0 0.01071403217 -0.3075927734)
(0 0 -0.3075927429)
(0.01 0 -0.3075927124)
(0 0 -0.3181946411)
(0.01 0 -0.3181946411)
(0.01 0.01071403408 -0.3181946716)
(0.01 0 -0.3287964478)
(0.01 0.01071403503 -0.3287964783)
(0.01 0.0214280777 -0.3287965088)
(0.01 0.02142808151 -0.3393982544)
(0.01 0.03214212036 -0.3393982849)
(0.01 0.02142808533 -0.35)
(0.01 0.0321421051 -0.35)
(0.01 0.04285617065 -0.35)
(0 0.03214212036 -0.35)
(0 0.04285617065 -0.35)
(0 0.05357021713 -0.35)
(0 0.04285616302 -0.3393983154)
(0 0.05357020187 -0.3393983765)
(0 0.06428424835 -0.3393984375)
(0 0.05357020187 -0.3287967529)
(0 0.06428424072 -0.328796875)
(0 0.07499828339 -0.3287970276)
(0 0.06428424072 -0.318195282)
(0 0.07499827576 -0.3181954956)
(0 0.08571234131 -0.3181957397)
(0 0.07499827576 -0.3075939331)
(0 0.08571232605 -0.3075942688)
(0 0.09642636871 -0.307594635)
(0 0.08571230316 -0.2969927368)
(0 0.09642635345 -0.2969931946)
(0 0.1071404037 -0.2969936829)
(0 0.0964263382 -0.2863917236)
(0 0.1071403885 -0.286392334)
(0 0.1178544312 -0.2863929443)
(0 0.1071403656 -0.2757909546)
(0 0.1178544006 -0.2757917786)
(0 0.1285684357 -0.2757925415)
(0 0.1178543701 -0.2651904907)
(0 0.1285684052 -0.2651914673)
(0 0.117854332 -0.2545891724)
(0 0.1285683594 -0.2545903931)
(0 0.1392823944 -0.2545915833)
(0 0.1285683289 -0.2439892426)
(0 0.1392823486 -0.2439907379)
(0 0.1499963379 -0.2439922638)
(0 0.1392822876 -0.2333898621)
(0 0.1499962769 -0.2333917389)
(0 0.1607102509 -0.2333936157)
(0 0.1499962006 -0.2227911987)
(0 0.1607101593 -0.2227935486)
(0 0.1714240875 -0.2227958679)
(0 0.160710083 -0.212193512)
(0 0.171423996 -0.2121964874)
(0 0.1821378784 -0.2121994476)
(0 0.1714239197 -0.2015970917)
(0 0.1821377716 -0.2016009827)
(0 0.1928515778 -0.2016049042)
(0 0.1821376801 -0.1910024719)
(0 0.1928514557 -0.1910076904)
(0 0.2035651245 -0.1910130463)
(0 0.1928513641 -0.1804102173)
(0 0.2035650177 -0.1804174347)
(0 0.2142785187 -0.1804252319)
(0 0.2035650024 -0.1698208923)
(0 0.2142784576 -0.1698313904)
(0 0.2035650177 -0.1592220612)
(0 0.2142785187 -0.159234726)
(0 0.2035651245 -0.1486200562)
(0 0.2142786865 -0.1486338959)
(0 0.2035652771 -0.1380142517)
(0 0.2142789001 -0.1380281067)
(0 0.2035655212 -0.127405014)
(0 0.2142792358 -0.127417923)
(0 0.2142796173 -0.1168043289)
(0 0.2249939117 -0.1061989517)
(0 0.2357085266 -0.09558849335)
(0 0.2464234314 -0.08497349548)
(0 0.2464240417 -0.07434996796)
(0 0.2571387024 -0.0743549881)
(0 0.2464244995 -0.06372714233)
(0 0.2571392212 -0.06373091125)
(0 0.2678540955 -0.0637342186)
(0 0.2571395569 -0.05310782623)
(0 0.2678544617 -0.0531102562)
(0 0.278569519 -0.05311218643)
(0 0.2678547363 -0.04248719025)
(0 0.2785697021 -0.04248859787)
(0 0.2892848206 -0.04248957062)
(0 0.2785698853 -0.03186582375)
(0 0.2892849426 -0.03186651039)
(0 0.3 -0.03186692619)
(0 0.2892850037 -0.02124406433)
(0 0.3 -0.02124439621)
(0.01 0.3 -0.02124422455)
(0 0.2785700073 -0.02124361038)
(0 0.2785700684 -0.01062172318)
(0 0.2678550415 -0.02124298286)
(0 0.2678551636 -0.01062142086)
(0 0.2678552246 0)
(0 0.2785701294 0)
(0.01 0.2785701294 0)
(0 0.2571403503 -0.01062103367)
(0 0.2571402893 -0.02124217987)
(0 0.2464255371 -0.02124123955)
(0 0.2571401062 -0.03186360359)
(0 0.2464253693 -0.03186213303)
(0 0.2571398621 -0.04248540497)
(0 0.2464251862 -0.04248332214)
(0 0.2464248657 -0.05310495758)
(0 0.2678549194 -0.03186484718)
(0 0.1928515472 -0.1380024872)
(0 0.1928514557 -0.1486083527)
(0 0.1821376801 -0.1485983124)
(0 0.1928513641 -0.1592113037)
(0 0.1821376343 -0.1592019806)
(0 0.1714238281 -0.1591938324)
(0 0.1821376343 -0.1698035278)
(0 0.1714238281 -0.1697962952)
(0 0.1607099609 -0.1697898865)
(0 0.1714238281 -0.1803973846)
(0 0.1607099609 -0.1803918152)
(0 0.149996048 -0.1803867493)
(0 0.1607099915 -0.1909928589)
(0 0.1499960785 -0.1909885712)
(0 0.1392821198 -0.1909845734)
(0 0.1499961243 -0.2015897369)
(0 0.1392821655 -0.20158638)
(0 0.1285682068 -0.2015832214)
(0 0.139282196 -0.2121877594)
(0 0.1285682373 -0.2121850891)
(0 0.1178542252 -0.2121826019)
(0 0.1285682678 -0.2227866364)
(0 0.117854248 -0.2227845459)
(0 0.1071402435 -0.2227825623)
(0 0.1178542709 -0.2333862457)
(0 0.1071402664 -0.2333845673)
(0 0.09642623901 -0.2333829956)
(0 0.1071402893 -0.2439863739)
(0 0.0964262619 -0.2439850616)
(0 0.08571224213 -0.2439838409)
(0 0.09642627716 -0.2545868988)
(0 0.08571224976 -0.2545858917)
(0 0.07499821472 -0.2545849457)
(0 0.08571226501 -0.2651877747)
(0 0.07499822998 -0.2651869812)
(0 0.06428418732 -0.2651862793)
(0 0.07499824524 -0.2757888794)
(0 0.06428420258 -0.2757882996)
(0 0.05357016754 -0.2757878113)
(0 0.06428420258 -0.2863901978)
(0 0.0535701828 -0.2863897705)
(0 0.04285614014 -0.2863894043)
(0 0.0535701828 -0.2969916077)
(0 0.04285614014 -0.296991333)
(0 0.0321421051 -0.2969911194)
(0 0.04285614014 -0.3075931702)
(0 0.03214210892 -0.3075929871)
(0 0.02142807198 -0.307592865)
(0 0.03214210892 -0.3181947937)
(0 0.0214280777 -0.3181947021)
(0 0.01071403503 -0.3181946716)
(0 0.02142808151 -0.3287965088)
(0 0.0107140379 -0.3287964478)
(0 0 -0.3287963867)
(0 0.02142808151 -0.3393982544)
(0 0.03214211655 -0.3393982544)
(0 0.0214280777 -0.35)
(0 0.03214210892 -0.3287965698)
(0 0.0428561554 -0.3287966614)
(0 0.04285614777 -0.3181949463)
(0 0.05357019043 -0.3181950989)
(0 0.05357017517 -0.3075934143)
(0 0.06428423309 -0.3075936584)
(0 0.06428421021 -0.2969919739)
(0 0.07499826813 -0.2969923401)
(0 0.0749982605 -0.286390625)
(0 0.08571229553 -0.2863911743)
(0 0.08571228027 -0.2757895203)
(0 0.09642632294 -0.2757902222)
(0 0.09642630768 -0.2651885986)
(0 0.1071403198 -0.2651895142)
(0 0.1071403046 -0.2545880127)
(0 0.1178543091 -0.2439877625)
(0 0.1285682831 -0.2333880157)
(0 0.1392822418 -0.2227888641)
(0 0.1499961548 -0.2121905518)
(0 0.1607100372 -0.2015932922)
(0 0.1714238586 -0.1909975433)
(0 0.1821376343 -0.1804035034)
(0 0.1928513641 -0.1698116608)
(0.01 0.1821390991 -0.03185113907)
(0.01 0.1821390076 -0.04246803665)
(0.01 0.1928531799 -0.04247060394)
(0.01 0.1821388855 -0.05308476257)
(0.01 0.1928530273 -0.05308807755)
(0.01 0.2035672302 -0.0530915184)
(0.01 0.19285289 -0.06370539856)
(0.01 0.2035670624 -0.06370972061)
(0.01 0.2142812653 -0.06371414566)
(0.01 0.2035668182 -0.07432772827)
(0.01 0.2142809601 -0.07433325958)
(0.01 0.224995224 -0.07433889771)
(0.01 0.2142806702 -0.08495218658)
(0.01 0.224994812 -0.0849592514)
(0.01 0.2357090454 -0.08496642303)
(0.01 0.2249943542 -0.09557938385)
(0.01 0.2357084503 -0.09558846283)
(0.01 0.2464227142 -0.09559760284)
(0.01 0.2357078247 -0.1062103653)
(0.01 0.246421875 -0.1062223053)
(0.01 0.2571361694 -0.10623423)
(0.01 0.2464209595 -0.1168467102)
(0.01 0.2571349182 -0.1168629913)
(0.01 0.2678492737 -0.1168792572)
(0.01 0.2571334534 -0.1274912949)
(0.01 0.267847229 -0.1275150146)
(0.01 0.2785619812 -0.1275385056)
(0.01 0.267844696 -0.1381509094)
(0.01 0.278558075 -0.1381894684)
(0.01 0.2892746887 -0.1382264862)
(0.01 0.2785528564 -0.1488406219)
(0.01 0.26784198 -0.1487769775)
(0.01 0.2785473022 -0.1594563446)
(0.01 0.2571318359 -0.1381165314)
(0.01 0.2464199677 -0.1274695435)
(0.01 0.2357071381 -0.1168312988)
(0.01 0.2249938812 -0.1061989365)
(0.01 0.214280304 -0.09557067108)
(0.01 0.2035665741 -0.08494538116)
(0.01 0.1928526764 -0.07432240295)
(0.01 0.1821387482 -0.0637012291)
(0.01 0.3199594116 -0.1800942535)
(0.01 0.3199598389 -0.170043808)
(0 0.3199594116 -0.1800942535)
(0 0.3199598999 -0.170043808)
(0 0.3199613037 -0.16)
(0.01 0.3199612732 -0.16)
(0.007440476418 0.3240751343 -0.1747104797)
(0.003666666508 0.3243025818 -0.1623436432)
(0.003666666508 0.3156221924 -0.1623433075)
(0.001999999881 0.3259723816 -0.1640179749)
(0.001999999881 0.3139515381 -0.1640160217)
(0.004642857075 0.3246118164 -0.1779406891)
(0.006333333015 0.3142820129 -0.1777476501)
(0.007999999523 0.3159515991 -0.1760725708)
(0.003428571463 0.01744856453 -0.004851068974)
(0.006333333015 0.2974998779 -0.3348060913)
(0.007666666508 0.2960711975 -0.3227923279)
(0.006666666508 0.2839274597 -0.311131897)
(0.006666666508 0.1214255066 -0.153864151)
(0.006666666508 0.1142828522 -0.1432551117)
(0.006666666508 0.03571343231 -0.06897437286)
(0.006666666508 0.01607104492 -0.04598319626)
(0.007666666508 0.003928479195 -0.03784772873)
(0.003333333254 0.00357134366 -0.01591746521)
(0.006333333015 0.2974970093 -0.1969456177)
(0.006666666508 0.2838954468 -0.1769096069)
(0.003666666508 0.2974955139 -0.1443317413)
(0.006666666508 0.1857100525 -0.06901081848)
(0.006666666508 0.1964239807 -0.07963262939)
(0.006666666508 0.2089238129 -0.07786992645)
(0.006190475941 0.2089234924 -0.09025756836)
(0.006666666508 0.219637619 -0.08849549103)
(0.007857067585 0.2192544861 -0.1005049438)
(0.006190475941 0.2410636597 -0.1221491241)
(0.006666666508 0.2517775269 -0.1203967133)
(0.006666666508 0.2517762756 -0.1310209808)
(0.006666666508 0.2607037659 -0.1328135986)
(0.006666666508 0.283911438 -0.1453237)
(0.006666666508 0.271421875 -0.1115665588)
(0.006666666508 0.262493042 -0.1097836609)
(0.006666666508 0.2499927979 -0.1115392151)
(0.006666666508 0.2410653534 -0.09913414764)
(0.006190475941 0.2303516846 -0.09027350616)
(0.006666666508 0.2178522339 -0.07964484406)
(0.006666666508 0.1964246674 -0.03716256332)
(0.006984126568 0.005739663124 -0.3347284241)
(0.007666666508 0.01678533173 -0.3461127014)
(0.001746107101 0.0381794014 -0.3448884583)
(0.006 0.01499965763 -0.3478796387)
(0.006333333015 0.02749936867 -0.3475262451)
(0.003333333254 0.1142830353 -0.2704908142)
(0.003809523821 0.1767807617 -0.1857001801)
(0.003333333254 0.1232112961 -0.2404546967)
(0.003333333254 0.03749913025 -0.3146609497)
(0.002142932415 0.0371164856 -0.3238743896)
(0.003809523821 0.02678509712 -0.3340974121)
(0.006333333015 0.002499941349 -0.3227887573)
(0.005555555344 0.002678508997 -0.3332138672)
(0.003333333254 0.005357018948 -0.3340973206)
(0.003333333254 0.01607105446 -0.3146607361)
(0.003333333254 0.0267850914 -0.30405896)
(0.003809523821 0.09106923676 -0.2386833496)
(0.003333333254 0.1124972305 -0.2192495117)
(0.003809523821 0.1232112045 -0.206882782)
(0.003333333254 0.1553530121 -0.1627180481)
(0.003333333254 0.1553530121 -0.1733210907)
(0.003333333254 0.2428527527 -0.06903695679)
(0.003333333254 0.2499962463 -0.0584171524)
(0.003333333254 0.2428534851 -0.04779322433)
(0.003809523821 0.241068161 -0.02655104256)
(0.003333333254 0.2535687408 -0.01593136787)
(0.006333333015 0.2617834778 -0.002478252172)
(0.003333333254 0.2624977722 -0.007080815315)
(0.007666666508 0.2832132263 -0.003894663811)
(0.007666666508 0.2739269714 -0.003894566059)
(0.005999999523 0.284999054 -0.002124379873)
(0.006 0.2721411438 -0.002124282122)
(0.0025 0.2958330383 -0.01652323914)
(0.0075 0.2940472412 -0.01475280476)
(0.005 0.2964283447 -0.01416275692)
(0.006984126568 0.2942598267 -0.02592312241)
(0.005555555344 0.2973212585 -0.02744073296)
(0.003333333254 0.2946424866 -0.02655543518)
(0.006333333015 0.2974998169 -0.03788663101)
(0.003809523821 0.2732118225 -0.05842341614)
(0.003333333254 0.2624963074 -0.07081563568)
(0.003333333254 0.2642816162 -0.07967098236)
(0.003333333254 0.2535668335 -0.07966560364)
(0.003333333254 0.2303517151 -0.09027323914)
(0.003333333254 0.230351059 -0.1026644287)
(0.003333333254 0.2214223633 -0.1115041275)
(0.003333333254 0.221421463 -0.1327333984)
(0.003333333254 0.1767810974 -0.2263301239)
(0.003809523821 0.1660672913 -0.238694519)
(0.003333333254 0.1535676422 -0.2386925659)
(0.003333333254 0.112497406 -0.2828588867)
(0.003333333254 0.1124974365 -0.2934601746)
(0.003333333254 0.112497467 -0.3040614014)
(0.003333333254 0.08035531616 -0.3252632751)
(0.002142932415 0.06925862122 -0.3344763489)
(0.003428571463 0.07101877594 -0.345153595)
(0.001801095843 0.05897642899 -0.3441907654)
(0.005214285374 0.05961599731 -0.3481824951)
(0.006666666508 0.04821318817 -0.3464661255)
(0.004444444656 0.03630868912 -0.3473495483)
(0.006666666508 0.03571346283 -0.3340974426)
(0.006666666508 0.03571346664 -0.3446991577)
(0.007999999523 0.02571369553 -0.3457593079)
(0.006666666508 0.02678509521 -0.3252626038)
(0.006666666508 0.02678509712 -0.3340974121)
(0.006666666508 0.01607105827 -0.3358643494)
(0.007999999523 0.004285614014 -0.3245557251)
(0.007464285374 0.005663143635 -0.3012946777)
(0.006571428299 0.004897843361 -0.3115305786)
(0.006 0.002142806768 -0.3139538879)
(0.005734704494 0.002962757349 -0.2910298157)
(0.004785714149 0.001836764097 -0.301610199)
(0.001999999881 0.004285612583 -0.3033519592)
(0.002333333254 0.003928478241 -0.2803808594)
(0.002142932415 0.005739659309 -0.2913111572)
(0.003333333254 0.01607105255 -0.2934568787)
(0.003333333254 0.01607105064 -0.2828547974)
(0.003333333254 0.03749911118 -0.2510483551)
(0.003333333254 0.04821313858 -0.2616513062)
(0.003333333254 0.04999880981 -0.2492819366)
(0.003809523821 0.05892715073 -0.2386799927)
(0.003809523821 0.06964118195 -0.2386809998)
(0.003333333254 0.09106919861 -0.205108551)
(0.003333333254 0.1982094727 -0.08848094177)
(0.003333333254 0.1982092438 -0.09909699249)
(0.003333333254 0.2089234772 -0.09025778198)
(0.0025 0.2196387787 -0.04867195511)
(0.003333333254 0.2214247284 -0.03716783905)
(0.003333333254 0.2196392822 -0.01415895081)
(0.006333333015 0.2296395264 -0.002477900267)
(0.003333333254 0.2303538055 -0.007079848766)
(0.004404761791 0.2409408569 -0.001896553755)
(0.006666666508 0.239282608 -0.005310110092)
(0.007857067585 0.2514003448 -0.00493112421)
(0.007999999523 0.2635692749 -0.004248487473)
(0.006666666508 0.2624975891 -0.0247831192)
(0.006666666508 0.2839274597 -0.02478458977)
(0.006666666508 0.2839273376 -0.0354071312)
(0.007999999523 0.2957139587 -0.03611601639)
(0.006666666508 0.2839272156 -0.04603033447)
(0.006666666508 0.2964282532 -0.04780202484)
(0.006666666508 0.2964281921 -0.05842677307)
(0.006333333015 0.2974996948 -0.06976155853)
(0.0025 0.2958327637 -0.08027165985)
(0.002142932415 0.2843090515 -0.07929882812)
(0.003333333254 0.2624952087 -0.08852561188)
(0.003333333254 0.2535641785 -0.1115439224)
(0.003333333254 0.2410636139 -0.1221497345)
(0.003333333254 0.2428483429 -0.1327713776)
(0.003809523821 0.230349411 -0.1327476196)
(0.003809523821 0.2089225159 -0.2175041809)
(0.003333333254 0.1749958801 -0.2598955383)
(0.003333333254 0.1660675201 -0.261661438)
(0.003809523821 0.1553535614 -0.2704942017)
(0.003333333254 0.1446395874 -0.2828609619)
(0.002333333254 0.1024977188 -0.346112854)
(0.001801095843 0.09111858368 -0.3441908569)
(0.005214285374 0.09175816345 -0.3481825562)
(0.007666666508 0.07964104462 -0.346112793)
(0.006 0.08142671967 -0.3478796997)
(0.003999999762 0.06856985474 -0.3478796692)
(0.007999999523 0.05785583115 -0.3457593689)
(0.006666666508 0.03749913406 -0.3111270142)
(0.007999999523 0.004285612106 -0.2927499084)
(0.006666666508 0.007142687798 -0.281087616)
(0.003999999762 0.002142806292 -0.2821478577)
(0.003666666508 0.002499941587 -0.2697785034)
(0.001999999881 0.004285613537 -0.2715455627)
(0.002333333254 0.003928478718 -0.2485733948)
(0.003333333254 0.003571344852 -0.2598828735)
(0.003333333254 0.01607104683 -0.2616501465)
(0.003333333254 0.01607104492 -0.2510475769)
(0.003333333254 0.02678507423 -0.2404451294)
(0.003333333254 0.03749909592 -0.2298426819)
(0.003333333254 0.07142682648 -0.1856646118)
(0.003333333254 0.0892835083 -0.1750639191)
(0.003333333254 0.1017831726 -0.1626949768)
(0.003333333254 0.1124971771 -0.1556283112)
(0.003333333254 0.123211174 -0.1414909821)
(0.003333333254 0.1892814331 -0.06901235962)
(0.0025 0.1982102203 -0.04866572571)
(0.003333333254 0.1999960632 -0.03716332245)
(0.003333333254 0.19999617 -0.0265452404)
(0.003333333254 0.1999962616 -0.01592714119)
(0.003809523821 0.208924881 -0.01592787743)
(0.006333333015 0.1974963226 -0.002477478981)
(0.003333333254 0.1982106018 -0.007078659534)
(0.006333333015 0.2096392365 -0.002477726221)
(0.006333333015 0.2189250641 -0.002477766037)
(0.007999999523 0.2078535004 -0.004247442722)
(0.007999999523 0.2207107849 -0.004247681618)
(0.007999999523 0.2314252777 -0.004247908592)
(0.006666666508 0.2410682678 -0.01770057487)
(0.006666666508 0.2410681763 -0.02655095482)
(0.006666666508 0.2517828674 -0.02478208923)
(0.006666666508 0.2392822113 -0.03717139053)
(0.006666666508 0.2535684052 -0.03717390823)
(0.006666666508 0.273211792 -0.05842331314)
(0.006666666508 0.2857128601 -0.05842557144)
(0.006666666508 0.2714255676 -0.06904780579)
(0.006666666508 0.285712616 -0.06905132294)
(0.007999999523 0.2957137756 -0.06799016571)
(0.0075 0.294046814 -0.07849978638)
(0.005 0.2964281006 -0.07790971375)
(0.007464285374 0.2943356323 -0.09131167603)
(0.004785714149 0.2981628113 -0.09099621582)
(0.001999999881 0.295713501 -0.08924880981)
(0.006333333015 0.2974993286 -0.101656868)
(0.003333333254 0.2928554077 -0.1009460602)
(0.0025 0.2958319702 -0.1121800079)
(0.003333333254 0.2857099304 -0.1115811996)
(0.003333333254 0.2517757416 -0.2051433868)
(0.003333333254 0.2428482819 -0.2069111786)
(0.003333333254 0.2535628662 -0.2175024567)
(0.002142932415 0.2299678955 -0.2284807892)
(0.003333333254 0.2196365967 -0.2263359833)
(0.003333333254 0.2178514404 -0.2387000122)
(0.002142932415 0.1985923004 -0.2595186768)
(0.003809523821 0.1982099152 -0.2704970093)
(0.003333333254 0.1857100983 -0.2704963379)
(0.003333333254 0.1660679321 -0.304063446)
(0.003333333254 0.1660680084 -0.3146641235)
(0.003333333254 0.1446397705 -0.3252644958)
(0.003333333254 0.1464254913 -0.3340986023)
(0.003333333254 0.133925705 -0.3358652954)
(0.002559523821 0.1115409164 -0.3443207397)
(0.006333333015 0.1239258804 -0.3475263977)
(0.005357142448 0.1121148834 -0.3477282104)
(0.003999999762 0.1007120514 -0.3478797302)
(0.006666666508 0.1017834549 -0.3429324646)
(0.007999999523 0.08999799347 -0.3457594604)
(0.006666666508 0.02678508759 -0.2793209229)
(0.006666666508 0.007142687798 -0.2492802277)
(0.003999999762 0.002142806768 -0.2503404846)
(0.003666666508 0.002499941111 -0.2379704437)
(0.001999999881 0.00428561306 -0.2397376556)
(0.003333333254 0.01785671425 -0.2068672333)
(0.003333333254 0.01785671616 -0.2174710388)
(0.003333333254 0.06964115143 -0.15208078)
(0.002142932415 0.06925850677 -0.1648330688)
(0.003333333254 0.08214083099 -0.1644571075)
(0.002142932415 0.07997251892 -0.1542296143)
(0.003809523821 0.09106916809 -0.1432472839)
(0.003333333254 0.1035688553 -0.1326440277)
(0.003333333254 0.1785676575 -0.0371588707)
(0.003333333254 0.1785677338 -0.02654213715)
(0.002407407284 0.1774765778 -0.00398128581)
(0.002407407284 0.1868019104 -0.003981528282)
(0.004444444656 0.1755916748 -0.00265413928)
(0.004444444656 0.1886868286 -0.002654403448)
(0.006666666508 0.1749964294 -0.005308344841)
(0.006666666508 0.1892820587 -0.005308740616)
(0.007999999523 0.1992820282 -0.004247195721)
(0.006666666508 0.2089248657 -0.01592796326)
(0.006666666508 0.1964247589 -0.02654471588)
(0.006666666508 0.2178534088 -0.0265478363)
(0.006666666508 0.2107103577 -0.03716558456)
(0.006666666508 0.2303534698 -0.0353996315)
(0.006666666508 0.2517816772 -0.06727016449)
(0.006666666508 0.2714232788 -0.1009329681)
(0.007999999523 0.2957132568 -0.09988332367)
(0.0075 0.2940457764 -0.1104047928)
(0.005 0.2964275818 -0.1098149872)
(0.003666666508 0.2974985962 -0.122951149)
(0.001999999881 0.2957121582 -0.1211732559)
(0.003333333254 0.2964256592 -0.1329077301)
(0.001999999881 0.2957079773 -0.1425346069)
(0.003333333254 0.282118927 -0.154192215)
(0.003333333254 0.282111908 -0.1647380981)
(0.003333333254 0.2856871338 -0.1856657867)
(0.003333333254 0.2731946106 -0.1839618073)
(0.003333333254 0.2928461914 -0.1962517853)
(0.003333333254 0.2839109192 -0.1945081024)
(0.003333333254 0.251778595 -0.229866394)
(0.002142932415 0.262876709 -0.2390758362)
(0.003333333254 0.2410653076 -0.2404660339)
(0.003333333254 0.2392801666 -0.2492985992)
(0.003333333254 0.2303522339 -0.2616647034)
(0.003333333254 0.2071386261 -0.2810973511)
(0.003333333254 0.1767822571 -0.3252650452)
(0.002333333254 0.1667824097 -0.3461130371)
(0.001801095843 0.1554031677 -0.3441911621)
(0.005214285374 0.1560427399 -0.3481826477)
(0.007666666508 0.1439255524 -0.3461130066)
(0.006 0.1457112427 -0.3478798218)
(0.006333333015 0.1346399841 -0.3475264282)
(0.006666666508 0.1339256897 -0.3323316345)
(0.007999999523 0.1328542938 -0.3457595825)
(0.007999999523 0.1221401978 -0.345759552)
(0.006666666508 0.1232116013 -0.3323314819)
(0.006666666508 0.04642746735 -0.249281723)
(0.006666666508 0.0357134285 -0.2386783905)
(0.006666666508 0.01607104492 -0.2369103851)
(0.006666666508 0.01428536892 -0.2174709015)
(0.006333333015 0.002499938488 -0.1955555573)
(0.006666666508 0.003571341038 -0.2068667908)
(0.003333333254 0.157139389 -0.03715473175)
(0.003333333254 0.1571394348 -0.02653922844)
(0.003333333254 0.1571394806 -0.01592359543)
(0.0025 0.1553538055 -0.006192491531)
(0.006333333015 0.1653536835 -0.002477070093)
(0.007999999523 0.1671393738 -0.004246485233)
(0.006666666508 0.1678536224 -0.01592443657)
(0.006666666508 0.1678535767 -0.02654065132)
(0.006666666508 0.1678535004 -0.03715674973)
(0.006666666508 0.1660677338 -0.04954149246)
(0.006666666508 0.2071368866 -0.1221030045)
(0.006666666508 0.217850647 -0.1221157455)
(0.006666666508 0.2303493652 -0.1327479706)
(0.006666666508 0.2303488007 -0.1451251831)
(0.006666666508 0.2517732086 -0.1769294434)
(0.006666666508 0.2731958618 -0.1874827423)
(0.006666666508 0.2731997986 -0.1980644836)
(0.007999999523 0.2957077332 -0.1951781464)
(0.007666666508 0.2960680542 -0.2075791931)
(0.006 0.2978548584 -0.2058082581)
(0.006666666508 0.2964267578 -0.2174832458)
(0.006333333015 0.2974992676 -0.2287962036)
(0.003333333254 0.2839247742 -0.2369272766)
(0.003333333254 0.2499958344 -0.2704976807)
(0.003333333254 0.2392816772 -0.2810977783)
(0.003333333254 0.230353241 -0.2899312134)
(0.003809523821 0.2196391144 -0.3022980347)
(0.003333333254 0.2214251709 -0.3234988098)
(0.003333333254 0.1874965515 -0.3429329224)
(0.006333333015 0.1882108612 -0.3475265198)
(0.005 0.1767823334 -0.3464664307)
(0.003999999762 0.1649967194 -0.3478798218)
(0.006666666508 0.1660681152 -0.3429328003)
(0.007999999523 0.1542825623 -0.3457596741)
(0.006666666508 0.1571396332 -0.3340987244)
(0.006666666508 0.1339256287 -0.3111295776)
(0.006666666508 0.06964117432 -0.2386809692)
(0.006666666508 0.05892715836 -0.2475154724)
(0.006666666508 0.05892713928 -0.2263100586)
(0.006666666508 0.05892714691 -0.2386800232)
(0.006666666508 0.04642743301 -0.2174728851)
(0.006666666508 0.03749908829 -0.2263082886)
(0.006666666508 0.02678506851 -0.2157042084)
(0.007999999523 0.004285608768 -0.1973230133)
(0.007666666508 0.003928475618 -0.1757597809)
(0.006666666508 0.003571341038 -0.1856578674)
(0.006333333015 0.002499938726 -0.1637400208)
(0.006 0.002142804861 -0.173992157)
(0.002333333254 0.1346398773 -0.003892024994)
(0.003999999762 0.1328541718 -0.002122880459)
(0.006666666508 0.1428539581 -0.02653746986)
(0.006666666508 0.1214256744 -0.0689885025)
(0.006666666508 0.1321397095 -0.06899147034)
(0.006666666508 0.1964227295 -0.1433093567)
(0.006666666508 0.2071363983 -0.1433217773)
(0.006666666508 0.2071362457 -0.1539254913)
(0.006666666508 0.2178497009 -0.153939621)
(0.006666666508 0.2624874268 -0.1980776825)
(0.007857067585 0.2628719482 -0.2072816162)
(0.006666666508 0.2749884338 -0.2068925934)
(0.0075 0.283923645 -0.2272084961)
(0.007999999523 0.2957128296 -0.2270291595)
(0.007666666508 0.2960704651 -0.239399765)
(0.006 0.2978565369 -0.2376325531)
(0.006666666508 0.2964279175 -0.2492947998)
(0.006333333015 0.2974996948 -0.2606026917)
(0.003809523821 0.2732121277 -0.291697876)
(0.003333333254 0.2392826843 -0.3234989319)
(0.003333333254 0.2285682526 -0.3340993042)
(0.006333333015 0.2203538971 -0.3475265503)
(0.007666666508 0.2082108917 -0.3461131287)
(0.006 0.2099966278 -0.3478798828)
(0.006666666508 0.1982108307 -0.3464664917)
(0.007999999523 0.1864251556 -0.3457597351)
(0.006666666508 0.1785678558 -0.312897644)
(0.006666666508 0.1339254456 -0.2722593079)
(0.006666666508 0.1232114258 -0.2793258362)
(0.006666666508 0.1214256897 -0.2598901978)
(0.006666666508 0.1124973297 -0.2581223755)
(0.006666666508 0.09106925201 -0.2475183868)
(0.006666666508 0.09106921387 -0.2263140411)
(0.006666666508 0.09106922913 -0.2386833801)
(0.006666666508 0.07856952667 -0.2174766388)
(0.006666666508 0.0678555069 -0.2280781403)
(0.006666666508 0.0678555069 -0.217475174)
(0.007999999523 0.004285609245 -0.1655077209)
(0.007666666508 0.003928475142 -0.1439414368)
(0.006666666508 0.003571340799 -0.1538409576)
(0.006333333015 0.002499938965 -0.1319198456)
(0.006 0.002142804861 -0.1421735229)
(0.003333333254 0.1017833481 -0.0353775444)
(0.002333333254 0.1132117004 -0.003891708612)
(0.002333333254 0.1224972305 -0.003891875029)
(0.003999999762 0.1114260254 -0.002122714043)
(0.003999999762 0.1242829132 -0.002122880459)
(0.006666666508 0.1249971771 -0.01592135429)
(0.007857067585 0.1228288269 -0.02615623474)
(0.006666666508 0.2303489227 -0.1980851746)
(0.006666666508 0.2321349335 -0.2069118042)
(0.006666666508 0.2642807922 -0.2492970276)
(0.007999999523 0.2957136536 -0.258835907)
(0.006666666508 0.2821408081 -0.2704970093)
(0.006571428299 0.2951015015 -0.2718597412)
(0.006 0.2978568726 -0.269436676)
(0.003666666508 0.2974997864 -0.2818040161)
(0.001999999881 0.2957138672 -0.280037323)
(0.003333333254 0.2964282532 -0.2916978149)
(0.002333333254 0.2960711365 -0.3030049133)
(0.003333333254 0.2642836304 -0.3234989929)
(0.003333333254 0.2410686493 -0.3464665222)
(0.007857067585 0.2307367401 -0.3450783386)
(0.007999999523 0.2185681458 -0.3457597656)
(0.006666666508 0.2107106476 -0.3128982849)
(0.006666666508 0.2107107697 -0.3234987183)
(0.006666666508 0.1999964447 -0.3234985657)
(0.006666666508 0.1999963226 -0.3128981018)
(0.006666666508 0.1874963837 -0.3146646118)
(0.006666666508 0.1892818146 -0.291696991)
(0.006666666508 0.1660678101 -0.2899292603)
(0.006666666508 0.1642819519 -0.2704949036)
(0.006666666508 0.1553536377 -0.2793280334)
(0.006666666508 0.1553535614 -0.2704942322)
(0.007857067585 0.1450220184 -0.2489133301)
(0.007857067585 0.1450220947 -0.2602711792)
(0.006666666508 0.1321396179 -0.2386891785)
(0.006666666508 0.1232112503 -0.2263194275)
(0.006666666508 0.1124972687 -0.2369192657)
(0.006666666508 0.101783226 -0.2263156891)
(0.006666666508 0.09999755096 -0.2174801178)
(0.006666666508 0.06785548401 -0.1856639862)
(0.007999999523 0.004285609722 -0.1336878204)
(0.007666666508 0.003928476095 -0.1121182327)
(0.006666666508 0.003571341276 -0.1220192871)
(0.006 0.002142805338 -0.1103500748)
(0.002333333254 0.003928479195 -0.08948556519)
(0.002142932415 0.004974372387 -0.1011811066)
(0.003333333254 0.01785671425 -0.1008027496)
(0.003333333254 0.01785671616 -0.07958358765)
(0.003809523821 0.02678507614 -0.07958409119)
(0.003809523821 0.03749910736 -0.0795848999)
(0.0025 0.04785600662 -0.059248806)
(0.003333333254 0.05892717361 -0.0459855423)
(0.003333333254 0.08214093018 -0.03714429092)
(0.003333333254 0.08035526276 -0.02476292992)
(0.003333333254 0.09106931305 -0.01768836403)
(0.003428571463 0.09244683838 -0.004851695061)
(0.003999999762 0.08999791718 -0.002122576237)
(0.006111111164 0.1011881409 -0.002653321266)
(0.006666666508 0.103569046 -0.005306724072)
(0.006666666508 0.09106931305 -0.01415070343)
(0.006666666508 0.07142689514 -0.02653112602)
(0.006666666508 0.06964122009 -0.03537452316)
(0.007666666508 0.03821338272 -0.003891025066)
(0.003999999762 0.01499964428 -0.002122335911)
(0.006333333015 0.02607081413 -0.002476071358)
(0.007999999523 0.02785648727 -0.004244708538)
(0.006666666508 0.01607104874 -0.01414889812)
(0.006666666508 0.04999881363 -0.04775341415)
(0.0075 0.04785600281 -0.05748026657)
(0.006666666508 0.05714149475 -0.05836538315)
(0.006666666508 0.1232112122 -0.1238115158)
(0.006666666508 0.1124971924 -0.1308793182)
(0.007857067585 0.1335425415 -0.1330351715)
(0.006666666508 0.1339251556 -0.1450314178)
(0.006666666508 0.1660668793 -0.1662588501)
(0.006666666508 0.1660668793 -0.1768608093)
(0.006666666508 0.1767807312 -0.1768669739)
(0.006666666508 0.1767807617 -0.1857003784)
(0.006666666508 0.1857089081 -0.1857050018)
(0.006666666508 0.208922287 -0.2086740417)
(0.006666666508 0.2089225006 -0.2175043182)
(0.006666666508 0.2303517456 -0.2510653381)
(0.006666666508 0.2428522339 -0.2598979492)
(0.006666666508 0.2535667725 -0.2598976135)
(0.006666666508 0.2642826538 -0.2810976562)
(0.006666666508 0.2732121277 -0.2916979065)
(0.006666666508 0.2821415405 -0.3022982483)
(0.006666666508 0.2928565979 -0.3022982483)
(0.003999999762 0.2978569946 -0.3012381897)
(0.006984126568 0.2942598267 -0.3122676697)
(0.005555555344 0.2973212585 -0.3137820129)
(0.003333333254 0.2946425171 -0.3128986206)
(0.006 0.2978570251 -0.324559021)
(0.003333333254 0.2821418152 -0.3340993958)
(0.002333333254 0.2832133484 -0.3461131897)
(0.003999999762 0.284999176 -0.3478799133)
(0.003333333254 0.2732128296 -0.3464665222)
(0.007857067585 0.2628806152 -0.3337207947)
(0.0075 0.2624980164 -0.3438164368)
(0.006666666508 0.2303535004 -0.3005314331)
(0.006666666508 0.2321394958 -0.3128985291)
(0.006666666508 0.2214246063 -0.2916978149)
(0.006666666508 0.2196391144 -0.3022980347)
(0.006666666508 0.2107104797 -0.3022978821)
(0.006666666508 0.2107102814 -0.2916976318)
(0.006666666508 0.1982103577 -0.2934640198)
(0.006666666508 0.1982099304 -0.2704970093)
(0.006666666508 0.1982101593 -0.282863739)
(0.006666666508 0.189281662 -0.2810966797)
(0.006666666508 0.1892812958 -0.259896637)
(0.007857067585 0.1771640472 -0.2489172668)
(0.006666666508 0.1785672302 -0.259895813)
(0.006666666508 0.1660672913 -0.2386944733)
(0.006666666508 0.1678530579 -0.2492947388)
(0.006666666508 0.1553532257 -0.2298592529)
(0.006666666508 0.1321395874 -0.2280880127)
(0.006666666508 0.1321395264 -0.2068851318)
(0.006666666508 0.12142556 -0.2174843292)
(0.006666666508 0.123211174 -0.1980475922)
(0.006666666508 0.1232111969 -0.2068828278)
(0.006666666508 0.1124972076 -0.2086472778)
(0.006666666508 0.09106917572 -0.1662269592)
(0.003999999762 0.002142806768 -0.09125376892)
(0.003666666508 0.002499941111 -0.07887572479)
(0.001999999881 0.004285613537 -0.08064411163)
(0.002333333254 0.003928477526 -0.05765498352)
(0.003333333254 0.003571343899 -0.06897290039)
(0.002440474033 0.07037463379 -0.003990204096)
(0.002333333254 0.07964100647 -0.003891343355)
(0.004642844677 0.06868462372 -0.002716264009)
(0.003999999762 0.08142668152 -0.002122576237)
(0.007857067585 0.06925858307 -0.00568522501)
(0.007666666508 0.04892741394 -0.003891082764)
(0.006666666508 0.05892718887 -0.003537415743)
(0.006 0.04714174652 -0.002122392416)
(0.006 0.0364277153 -0.002122364521)
(0.003333333254 0.01607104492 -0.02829769325)
(0.003333333254 0.007142686844 -0.03714033127)
(0.006 0.002142807007 -0.03607914352)
(0.004404761791 0.00191329205 -0.04762509155)
(0.006666666508 0.005357015133 -0.04598295975)
(0.003999999762 0.002142806053 -0.05942338943)
(0.006666666508 0.007142686367 -0.05836239624)
(0.006666666508 0.01607104301 -0.0672048645)
(0.006666666508 0.02678507423 -0.07958407593)
(0.006666666508 0.03749910355 -0.07958491516)
(0.006666666508 0.03749909973 -0.0919631424)
(0.006666666508 0.09106917572 -0.13440802)
(0.006666666508 0.08035516357 -0.1450122223)
(0.006666666508 0.09106917572 -0.1432472992)
(0.006666666508 0.1017831879 -0.1414828339)
(0.006666666508 0.08928350067 -0.1538532257)
(0.006666666508 0.1035688477 -0.1538575439)
(0.006666666508 0.1107115097 -0.1750699768)
(0.006666666508 0.1767811432 -0.229863205)
(0.006666666508 0.1982092438 -0.2404651642)
(0.006666666508 0.1874954681 -0.2510634003)
(0.006666666508 0.2089235382 -0.2510649261)
(0.006666666508 0.2303526764 -0.2722644348)
(0.006666666508 0.2214243469 -0.2810976868)
(0.006666666508 0.2428535461 -0.2916979675)
(0.006666666508 0.2535687103 -0.3128986206)
(0.007857067585 0.2628803406 -0.3132771912)
(0.006666666508 0.2607120361 -0.3234989929)
(0.007999999523 0.2957140503 -0.3330393372)
(0.007365078926 0.2956970215 -0.3456841125)
(0.007365078926 0.004362144947 -0.3457424927)
(0.005555555344 0.002678509474 -0.3435211792)
(0.003333333254 0.005357020378 -0.3429321594)
(0.006 0.006428425312 -0.3478796387)
(0.005555555344 0.2934520264 -0.347349884)
(0.003333333254 0.2928567505 -0.3446997986)
(0.006 0.2978570251 -0.3436397705)
(0.007666666508 0.29606073 -0.1848283386)
(0.007666666508 0.3042887268 -0.1764028931)
(0.003333333254 0.2945837097 -0.173404129)
(0.006 0.2978528748 -0.1865899811)
(0.006 0.305964325 -0.1780826569)
(0.007285714149 0.3358965149 -0.175883728)
(0.0025 0.3338766479 -0.1745120697)
(0.005 0.3333199463 -0.1767448578)
(0.006 0.3379960022 -0.1740656433)
(0.007285714149 0.335896637 -0.1642099152)
(0.0025 0.3338767395 -0.1655812836)
(0.006 0.3379960022 -0.1660279541)
(0.005 0.3333200989 -0.1633486938)
(0.006666666508 0.2928103943 -0.1648756866)
(0.008214215279 0.3043624573 -0.1648957062)
(0.002333333254 0.2960610352 -0.1551594543)
(0.0025 0.3060570068 -0.1655722809)
(0.005 0.3066289673 -0.1633454285)
(0.003999999762 0.2978530273 -0.1533881989)
(0.007428571224 0.2957140198 -0.004248786926)
(0.002571428537 0.004285612583 -0.004244659901)
(0.003999999762 0.002142806292 -0.006366985321)
(0.003999999762 0.006428419113 -0.002122335911)
(0.005999999523 0.2935709839 -0.002124379873)
(0.005999999523 0.2978570251 -0.006373197556)
(0.005 0.2785657959 -0.2280935364)
(0.005 0.1928531342 -0.04777937317)
(0.005 0.257140625 -0.3446997681)
(0.005 0.04071331787 -0.05836399078)
(0.005 0.2035679626 -0.3340991821)
(0.005 0.08035520172 -0.2280796509)
(0.005 0.2624912109 -0.1221871414)
(0.005 0.2142816467 -0.04778543091)
(0.004625 0.233500412 -0.05422966766)
(0.005 0.133925354 -0.2492904816)
(0.005 0.005357015133 -0.2227723846)
(0.005 0.005357016087 -0.02652896309)
(0.005 0.1874962769 -0.3022973633)
(0.005 0.1499967499 -0.005307697773)
)


// ************************************************************************* //
