/*--------------------------------*- C++ -*----------------------------------*\
| =========                 |                                                 |
| \\      /  F ield         | OpenFOAM: The Open Source CFD Toolbox           |
|  \\    /   O peration     | Version:  v2012                                 |
|   \\  /    A nd           | Website:  www.openfoam.com                      |
|    \\/     M anipulation  |                                                 |
\*---------------------------------------------------------------------------*/
FoamFile
{
    version     2.0;
    format      ascii;
    class       volScalarField;
    location    "0.45";
    object      p;
}
// * * * * * * * * * * * * * * * * * * * * * * * * * * * * * * * * * * * * * //

dimensions      [1 -1 -2 0 0 0 0];


internalField   nonuniform List<scalar> 
6576
(
-375.204
-398.027
-366.268
-373.281
-382.51
-361.904
-361.875
-348.361
-368.234
-365.686
-365.547
-356.362
-343.649
-358.846
-269.287
-287.002
-323.182
-317.466
-291.218
-284.529
-324.95
-353.627
-362.504
-433.194
-262.66
-221.175
-147.421
-404.391
-404.094
-401.455
-393.293
-384.019
-345.724
-248.701
-231.313
-246.275
-273.246
-271.26
-263.5
-266.539
-302.257
-348.151
-296.455
934.914
521.209
1413.63
631.579
805.035
1424.75
1262.63
771.728
1106.8
-4.56474
-4.85597
-4.74979
-5.19742
-7.4058
-10.7831
-6.11449
-5.78299
-4.93763
-4.83018
-5.02951
-6.54585
-6.49828
-4.87855
-3.85358
-3.81992
-4.08204
-3.9171
-3.99385
-4.33428
-4.25338
13.3299
12.4716
12.9536
13.0923
13.6202
13.0227
12.9126
12.9917
13.2291
12.7422
13.2216
13.2468
13.2485
13.4912
8.27276
-6.98075
0.433687
1.93478
16.0582
3.85038
17.1578
-4.25358
-3.07653
-5.84363
-5.13606
-3.12328
-3.7253
-1.62573
72.5942
188.882
15.9228
133.861
181.645
61.7451
98.8826
1403.46
1460.72
1433.78
1295.84
1506.06
1984.5
-2.72059
-2.88005
-2.81377
-2.9493
-3.19101
-2.89763
-2.87132
-18.5803
-73.2813
-192.049
-102.053
-59.9259
-36.4824
1.08124
-2.48485
-2.9899
-2.9027
-3.19302
-3.03492
-3.32477
-3.28853
-3.64413
-0.889773
-2.07253
-5.71059
-7.16352
-3.05434
-4.21493
0.0501115
0.0760971
0.247529
0.445494
-1.15045
-2.38762
-0.437487
0.49784
0.513371
0.821666
0.0839438
0.283863
0.58697
0.307687
0.408432
0.571393
0.677792
0.64377
0.643926
0.93394
1.48492
0.833531
1.15467
0.224456
0.0347643
0.173032
0.466898
0.186609
0.181895
0.301962
0.230296
0.0730979
0.345407
0.354711
0.206918
0.536686
0.39009
0.411006
0.569389
-0.71953
-0.793505
-0.62162
-0.626943
-0.736065
-0.469168
-0.328549
-0.418546
-0.540929
-1.14224
-1.1036
-1.27943
-1.08646
-0.910017
-1.17184
-1.04523
-0.88431
-1.07829
-1.19817
-0.896631
-0.764775
-0.990519
-1.11769
-1.55258
-1.47157
-1.53509
-1.32524
-1.52077
-1.37731
-1.1416
-2.93501
-3.01802
-3.07321
-2.74725
-2.76404
-3.0316
-3.12338
-1.92841
-1.98524
-1.89526
-1.82448
-1.89886
-1.90806
-1.81624
-1.6495
-1.74406
-1.57729
-1.64294
-1.55409
-1.412
-1.5258
-1.09521
-0.970187
-1.09454
-1.17086
-1.08517
-0.986275
-1.09356
-0.731662
-0.798959
-0.5801
-0.83849
-0.954466
-0.715641
-0.831912
-0.319814
-0.130982
-0.336146
-0.53647
-0.374377
-0.481253
-0.317971
-0.213398
-0.381903
0.45928
0.710749
0.214979
0.151209
0.370095
0.471583
0.370687
42.3508
55.0036
20.2263
43.1245
58.9816
47.5657
42.6993
1038.05
921.066
776.328
1279.79
813.489
806.575
1429.42
742.45
1456.89
1355.54
1339.09
1230.79
1123.51
907.789
996.493
600.186
91.56
38.8719
120.507
184.413
140.562
119.879
172.082
146.639
106.002
1317.32
1337.46
1262.98
337.091
408.171
177.059
539.264
481.549
289.503
442.568
-36.4145
-32.7958
-23.7028
-24.9827
-38.1211
-35.8575
-24.4426
3.42641
1.39736
2.60639
4.73192
2.16278
2.344
2.84083
2.37596
4.23509
-2.75442
-1.47587
0.46209
0.0962013
0.388197
-3.39933
-0.915279
-15.3565
-12.9704
-12.1553
-13.4692
-13.1809
-12.8606
-13
-9.82446
-11.2303
-18.0317
-11.5365
-21.0311
-16.4177
-12.4703
-15.831
-12.6939
58.5965
57.559
88.3082
57.283
77.0579
52.9062
132.6
139.387
53.7373
351.708
710.235
316.947
386.212
444.843
287.268
470.389
1495.17
1197.66
1281.83
1259.62
1022.96
497.828
947.069
1218.63
1760.51
12.5079
-7.98535
14.1805
11.5969
23.7862
8.61722
35.4153
-11.3802
-13.4487
-10.3593
-11.3257
-10.449
-12.5849
-11.2151
-15.2325
-15.3388
-15.5747
-15.2771
-15.9621
-15.2834
-15.9733
-15.8741
-15.1665
-0.743447
3.68147
-1.25489
0.688509
-2.43953
-0.717877
-2.18081
16.4481
31.4328
28.9059
33.0557
23.4108
21.3487
22.303
21.6746
17.3657
6.49764
5.49288
6.32111
5.15729
5.05452
5.45114
4.80347
2.03873
-1.32264
-8.10412
12.0037
2.69174
10.4831
12.8218
-1.27247
-1.19705
-1.08613
-1.06773
-1.13607
-1.15469
-1.11457
-0.801425
-1.78035
-1.8961
-1.03617
-0.441926
-1.9788
-1.53673
-2.46849
-1.82402
-2.28983
-1.95695
-2.50938
-2.10626
-2.2927
-1.79156
-4.08831
-1.24831
-2.24137
-3.19307
-1.04407
-0.242963
-2.45867
-1.96491
-2.77896
-2.88067
-1.84992
-2.04876
-2.49762
-2.82516
-2.48838
5.04704
3.35523
-0.321765
0.575248
-1.1585
-2.5958
-1.27785
-1.01689
-3.02492
-4.61795
-2.93675
-2.56161
-3.00213
-3.83967
-0.577448
-3.02968
-2.85046
-2.07082
-9.09959
-5.49049
-4.61632
3.16363
2.68163
2.93152
9.60147
-3.55204
-2.27783
-0.674389
-10.6765
-5.83502
-7.03581
-0.486391
-0.262278
-0.0548133
-4.18142
-5.00381
-4.78504
-4.76954
-3.55239
-3.69605
-4.43021
-4.50537
-4.76952
-4.3524
-5.29058
-4.55143
-5.61672
-4.50081
-5.13069
-3.83389
-5.32747
-3.69058
-3.90618
-3.98825
-3.59631
-3.64006
-3.58115
-3.63825
-3.73461
-3.77383
-3.49243
-3.53832
-3.31206
-3.68125
-3.58607
-3.28465
-3.57881
-3.67767
-3.55206
-3.38129
-3.006
-2.99239
-4.12215
-3.80741
-3.72067
-4.10299
-2.744
-2.88987
-2.24153
-2.64401
-3.0479
-2.45439
-2.98289
-2.83673
-2.3287
-1.38344
-1.26695
-1.45841
-1.57212
-1.61526
-1.44886
-1.5345
-1.58578
-1.69016
-1.59933
-1.50496
-1.60766
-1.70952
-1.58461
-1.16922
-1.22028
-1.2356
-1.25517
-1.26293
-1.27609
-1.21581
-0.345
-0.128628
-0.233141
-0.554514
-0.483477
-0.196727
-0.0277459
-0.244964
-0.293256
-0.453792
-0.165759
-0.307433
0.25468
0.436657
0.330464
0.18605
0.354007
0.297134
0.13617
0.532917
0.644697
0.575872
0.454795
0.582383
0.548339
0.436341
-0.619322
-0.406379
-0.742023
-0.233843
-0.272623
-0.437522
-0.274169
-0.072712
-0.229241
0.0601806
-0.0719648
-0.0398103
-0.0181398
-0.0889046
-0.184179
-0.107949
0.486788
0.547957
0.372759
0.28374
0.232954
0.265147
0.0699042
-32.5853
-39.1239
-53.8994
-51.018
-34.2548
-54.8887
-43.1123
-2.47334
20.7081
-13.6349
-10.7864
-5.24902
-26.4631
-16.877
26.0111
28.8014
35.1506
35.8661
27.9836
26.6109
28.7254
-8.06106
-7.55478
-10.4685
-12.0297
-11.3984
-11.5349
-12.8281
-16.845
-8.12952
-18.4301
-15.5849
-9.81624
-16.3587
-14.1105
-12.4087
-8.68905
18.3463
-4.37616
26.5443
-20.6676
-63.8801
-54.9432
-92.2235
44.195
36.2994
1.66368
55.465
11.2157
44.0662
17.0617
-7.55935
36.5039
-15.3979
47.7537
27.8249
102.61
184.07
73.7804
65.0511
17.5378
-8.78664
-23.989
163.558
-76.7883
-42.9429
-11.4018
-29.5699
284.337
173.14
172.898
168.258
192.811
7.05282
-29.035
18.9892
50.5128
22.3571
105.889
18.0773
210.188
144.038
131.95
150.557
167.282
443.159
496.888
526.678
-12.2772
34.064
8.37265
8.83618
41.7482
36.3704
6.96422
288.45
94.6675
120.289
51.3575
26.3571
744.535
453.45
500.786
723.269
120.344
433.194
841.163
590.416
574.43
1160.02
8.58886
41.157
6.95906
76.5825
1.72373
73.069
-21.5661
235.728
134.16
138.118
117.848
195.931
76.7859
46.9446
106.545
75.0275
374.745
219.75
197.666
2.75942
-28.2985
-27.518
-5.78535
-17.0751
18.8535
46.0096
-32.1559
-14.8058
-8.11926
139.665
106.122
65.1345
75.0727
75.3482
-38.856
66.0348
88.2717
36.2946
39.7238
-77.8447
-25.5965
144.586
15.6625
7.56081
63.1047
-4.35784
1.61011
62.5025
-18.9644
-22.791
-0.472088
25.3487
-9.11013
-6.80336
-10.1208
-7.40089
-6.6383
-8.54922
-7.79443
-9.2912
-11.4701
-12.8561
-11.7717
-11.0802
-9.10263
-8.94537
-15.5453
-15.5039
-15.5464
-15.4711
-15.5465
-15.6002
-15.8946
-16.015
-15.8933
-16.1562
-15.7998
-15.9339
-16.0759
-15.9345
-16.0998
-16.2624
-16.1605
-16.2756
-16.1632
-16.1302
-16.2338
-16.6329
-16.5278
-16.5809
-16.4879
-16.3685
-16.5337
-16.4496
-16.5721
-16.6017
-16.8095
-16.9984
-16.801
-16.6869
-16.7812
-16.7176
-16.8093
-16.8435
-16.8784
-13.716
-18.2154
-14.8061
-11.412
-15.771
-11.2969
-15.0278
0.874845
1.43185
-0.0566095
2.17954
0.913917
-0.0241181
0.755671
1.07032
1.94851
1.31278
1.17011
1.48513
1.34985
1.2461
0.711959
0.726021
0.577584
1.78922
0.543111
1.69961
2.72061
-0.517249
1.75635
1.65262
2.91007
1.00683
2.7691
9.24268
3.54739
3.17302
9.13493
2.80441
-0.130185
109.485
130.583
88.8245
113.082
116.055
103.088
91.9335
162.647
189.396
127.702
108.368
135.958
94.463
97.4091
125.199
67.3656
96.7417
150.18
125.458
81.0459
85.2749
51.2994
59.0761
57.5001
51.9392
78.5724
91.9046
70.0261
58.198
106.592
59.3525
58.0822
49.516
97.9316
-4.84926
9.62671
30.4304
-1.68529
25.4225
1.99584
49.752
23.6379
-3.2845
-2.12936
-2.64416
-2.51665
-2.69897
-3.79867
-3.42166
-2.66832
-2.89065
-2.74193
-3.81798
-3.46629
-3.47603
-2.96248
-3.63075
-3.3103
-3.23517
-3.90165
-3.79665
-3.96583
-4.01837
-3.80775
-3.95674
-4.25299
-3.92972
-3.80836
-3.94425
-4.53825
-4.44973
-4.24765
-4.39009
-4.6046
-4.37908
-4.43967
-3.68651
-3.78036
-3.16268
-3.8336
-3.49132
-3.6186
-3.29217
-3.07843
-3.31727
-3.195
-3.24273
-3.26185
-2.94867
-3.0902
-2.95456
-2.94773
-2.97775
-2.91026
-2.91587
-2.88949
-2.84385
-2.82934
-2.87543
-2.83355
-2.78795
-2.84308
-2.45072
-2.28163
-2.45744
-2.48104
-2.59365
-2.57093
-2.44224
-2.47962
-2.59082
-1.48796
-1.52039
-1.38016
-1.64076
-1.58072
-1.497
-1.56828
-1.13339
-1.1929
-1.24076
-1.19601
-1.32264
-1.21185
-1.33597
-0.564383
-0.570159
-0.343025
-0.779692
-0.605709
-0.693245
-0.471185
-0.64336
-0.842387
-0.6521
-0.71278
-0.706334
0.0780693
0.293816
0.0235934
-0.140477
-0.048196
-0.0607615
0.0730911
0.219336
0.0917227
-1.89422
-1.70045
-1.56722
-1.75238
-1.58052
-1.47019
-1.29468
-1.35314
-1.59187
0.227826
0.0689123
-0.0211991
0.519361
0.405025
0.354035
0.389629
0.714505
0.582904
0.505171
0.395105
0.510591
0.684276
0.569499
2.66701
-2.45707
-0.0329999
0.393045
-0.551593
1.21585
0.629725
0.654497
0.997414
9.98529
13.4118
-18.8905
15.3089
18.7057
5.91234
14.9881
27.7121
-11.015
66.1763
69.9271
30.732
239.18
93.6273
66.9735
7.54406
54.3743
13.2989
63.5283
30.2526
48.7109
11.0578
53.7876
71.0838
34.0325
14.0611
66.9027
46.3192
89.452
50.0368
-67.7226
19.0876
-22.8636
-7.18732
97.1845
-21.9352
39.8987
-87.3645
71.9589
2.46223
-121.131
36.9871
-81.6259
63.9735
93.4292
57.8653
-13.6586
-14.0449
-12.4036
-12.9834
-12.1867
-13.2127
-13.1317
90.9707
30.4393
30.5379
-0.782762
-22.1995
-19.7983
-4.04091
-22.1755
-11.9363
1.89866
95.9837
-92.7507
6.28535
-21.1857
24.9811
20.0438
-13.4524
-17.8755
13.4431
90.3934
70.0643
-18.6383
19.2605
59.9039
-19.286
-2.99995
44.3611
29.4319
53.703
127.154
45.3422
-23.1789
45.5613
9.48097
-1.60844
-4.95644
-15.1531
-14.9819
-13.4801
-14.4766
-11.6752
-14.208
-18.4985
-14.1294
-15.8279
-17.0796
-16.2345
-17.7012
-14.1702
-14.8251
-14.9268
-14.7394
-14.6691
-14.0911
-13.0697
-14.8316
-14.6645
-15.398
-15.4266
-15.2631
-15.1719
-14.9515
-15.2882
-15.239
-7.95732
-16.7746
1.28251
-15.0312
1.64711
1.44391
-0.648078
26.7453
0.695296
5.6057
6.09198
4.99951
6.56082
-3.97496
14.3715
13.9826
15.7188
14.7511
14.3645
14.4513
14.2022
13.5146
13.7044
13.7823
13.8863
13.7126
13.8226
14.2847
11.2014
13.5231
12.3051
11.9097
11.2534
9.93162
11.3917
-2.53054
-3.87547
-3.12931
-0.790695
0.40988
-0.92966
-0.509794
26.068
5.57088
6.48748
32.4496
22.6873
8.8961
10.6768
29.2002
48.794
43.7229
41.2789
44.3443
44.0732
47.3854
42.4478
62.2924
40.9854
52.6199
51.7324
41.0678
40.1327
128.523
92.0034
53.9649
146.667
154.979
149.298
114.89
140.064
105.211
110.333
117.457
122.65
64.5044
135.323
119.683
75.387
118.438
303.306
145.435
110.234
172.813
188.274
148.499
196.68
166.595
210.265
166.313
215.927
160.724
177.784
125.584
266.299
240.471
147.971
162.338
223.384
174.171
78.1605
74.2984
31.9194
221.952
75.9484
201.3
110.113
118.6
275.682
137.92
190.132
184.418
160.593
122.894
88.4859
71.584
-0.537885
-0.738565
23.2528
0.365493
-0.039793
17.9024
16.0454
-2.18581
-2.38637
-3.31024
-1.36582
-2.34372
-3.30383
-2.27475
-2.61531
-1.93489
-2.91595
-2.30911
-2.67858
-2.01098
-5.45721
-2.64591
-4.26122
-2.14564
-4.41646
-4.92614
-2.76856
-2.29578
-1.40097
-2.55788
-3.08775
-3.84428
-3.19497
-2.58628
-3.21137
-3.21547
-2.28975
-2.02667
-3.49715
-3.37228
-3.70083
-3.63313
-3.50889
-4.06398
-3.75034
-1.79727
-2.19247
-1.96537
-2.00612
-1.90877
-1.95873
-1.75421
-3.14288
-2.92753
-2.77057
-2.83433
-2.75225
-2.63837
-2.62297
-2.99353
-3.01106
-3.15618
-2.84987
-2.87785
-2.80508
-2.76722
-2.8196
-2.76999
-2.67999
-2.8962
-2.91786
-2.8251
-2.91547
-2.81267
-2.79311
-2.80202
-2.72306
-2.64394
-2.74855
-2.89967
-2.91019
-2.94006
-2.80476
-2.80814
-2.84657
-2.76175
-2.83913
-2.80931
-2.77576
-2.87882
-2.88307
-2.92013
-2.81524
-2.7992
-2.83872
-2.81415
-2.73532
-2.61008
-2.74758
-2.6348
-2.71854
-2.77759
-2.71026
-2.85764
-2.77175
-2.77459
-2.85807
-2.77996
-2.73135
-2.79809
-2.44953
-2.5373
-2.41206
-2.4668
-2.35758
-2.54066
-2.44618
-1.8021
-1.77341
-1.82278
-1.81969
-1.82944
-1.69508
-1.77579
-1.78349
-1.82437
-1.79627
-1.81929
-1.90246
-1.81673
-1.84317
-1.81145
-1.78321
-1.83545
-1.75838
-1.75752
-1.8057
-1.82023
-1.40684
-1.38791
-1.53688
-1.52149
-1.5271
-1.44495
-1.48727
-1.4786
-1.41751
-1.21066
-1.03334
-1.28105
-1.33636
-1.41475
-1.29444
-1.34427
-1.02259
-1.26123
-1.34993
-1.32511
-1.32925
-1.08618
-1.20379
-1.26247
-1.20098
-1.16919
-1.2247
-1.3261
-1.28882
-1.40244
-1.25415
-1.3489
-1.25519
-1.33947
-1.25359
-1.13835
-1.21453
-1.16512
-1.24428
-1.29652
-1.213
-0.857802
-0.59827
-1.00459
-0.820678
-0.922462
-0.450158
-0.819951
4.67692
4.75074
5.46467
5.64024
2.41152
2.70472
4.77666
7.44329
2.50928
5.78464
11.3417
8.127
30.3571
20.4019
138.198
110.868
136.932
119.604
138.499
118.789
119.679
166.545
109.177
144.106
160.103
163.997
165.625
146.242
142.795
166.921
150.807
153.719
153.237
144.072
153.272
79.2544
83.2169
-4.42302
110.216
102.14
92.0919
65.9011
121.184
113.579
104.239
218.118
168.095
158.075
177.905
215.337
154.529
120.894
120.774
127.548
130.71
68.9105
-9.27886
-24.3831
6.69068
15.8317
37.1097
44.7006
132.639
1.56209
67.2506
-31.6828
50.7265
105.677
-14.3768
-12.9008
-14.93
-12.4003
-14.6136
-15.7331
-14.7344
53.8029
76.0583
4.53865
25.0298
-0.380178
-15.782
39.956
100.009
47.3849
-20.0406
1.08278
63.5409
71.3599
-15.5199
-19.2939
4.07969
58.1684
47.5476
3.38313
12.979
16.0844
22.5199
-4.98322
9.71085
33.6553
26.8875
0.86787
-3.23553
-12.1607
-12.6608
-7.96185
-9.21666
-12.5565
-11.7868
-2.3314
3.45527
-5.65754
6.4078
-4.61492
-5.93273
-8.29747
6.53037
-7.47923
7.67573
7.59871
3.21268
-14.1947
-16.3527
1.09327
15.6276
11.6293
10.999
9.05525
10.211
7.21835
1.21907
6.90057
9.4728
11.7018
10.4209
8.45511
10.8535
11.5513
6.99043
9.60075
2.8218
14.8943
14.8743
14.5101
14.1837
14.3909
13.0271
15.7713
13.3038
14.193
13.3157
13.2619
13.2177
12.9058
12.783
12.7181
12.6052
60.5596
61.1097
74.852
57.922
63.4549
81.6028
66.6052
97.6906
127.99
130.656
142.228
119.801
132.185
125.401
285.208
191.087
185.205
133.874
237.33
168.594
141.478
258.252
199.7
205.139
280.052
246.513
222.643
307.656
91.2767
237.39
146.071
149.112
229.517
249.288
216.346
238.541
284.627
278.898
222.36
111.24
168.716
74.9039
148.296
335.282
303.377
290.32
183.944
242.708
155.125
287.731
191.48
110.786
111.3
64.8344
127.997
105.169
78.0133
71.0164
40.7842
44.9139
66.794
58.2677
67.4287
56.6671
38.9037
60.8213
62.5033
73.7665
74.2397
78.5194
12.3293
15.7143
32.2073
20.0647
19.9202
34.8643
36.1352
-6.14844
-0.874119
-1.92614
-1.2348
1.32689
0.844628
-0.954051
-1.30839
-1.25029
-1.2187
-1.46534
-1.31785
-1.18043
-1.19356
-1.90155
-1.93888
-1.80861
-1.89421
-1.97568
-1.89691
-1.82332
-2.829
-2.80064
-2.74593
-2.77942
-2.8551
-2.75302
-2.69163
-2.76851
-2.70941
-2.6141
-2.81685
-2.91091
-2.73008
-2.85487
-2.86174
-2.91794
-2.77183
-2.77126
-2.79869
-2.80124
-2.79382
-2.75947
-2.72047
-2.75553
-3.07366
-2.66557
-2.76389
-2.69067
-2.67818
-2.96259
-2.72739
-2.73554
-3.09943
-3.19845
-3.81541
-3.46332
-3.42144
-3.89516
-3.66267
-6.30858
17.6216
-3.75893
-27.2053
-25.2919
-18.7574
-40.7874
-3.44928
-3.14974
0.746781
-1.66952
-2.69081
-1.09829
0.968209
-4.63102
-6.0422
-5.23812
-4.21189
-4.75792
-3.60772
-4.95964
-3.67392
-2.22497
-2.86341
-2.76652
-2.66211
-2.34242
-2.75623
-2.29163
-2.13082
-2.66776
-1.90549
-1.76538
-2.12339
-2.25622
-1.65259
-1.67711
-1.69861
-1.68477
-1.7186
-1.75949
-1.73099
-2.06839
-1.91588
-1.97732
-1.93991
-1.99164
-2.11878
-1.98108
-1.95056
-2.04278
-1.58333
-1.72204
-1.65652
-1.67726
-1.72678
-1.74502
-1.67109
-1.74489
-1.69174
-1.82076
-1.71661
-1.74696
-1.85266
-1.95907
-2.06688
-2.04498
-1.93452
-1.98516
-1.96057
-1.88111
-1.83296
-1.53533
-1.48882
-1.41187
-1.47634
-1.54452
-1.46824
-1.36033
23.1676
13.0153
18.4197
15.4181
38.1147
30.6308
13.8749
93.9578
61.8696
81.4351
67.9209
50.5064
81.0415
71.2017
106.504
149.293
109.847
86.842
101.34
115.431
128.172
75.4662
112.078
93.1328
129.612
149.855
124.419
134.033
105.458
82.0494
173.459
167.656
185.215
174.001
185.073
212.499
189.273
158.489
154.126
152.346
254.021
171.887
217.533
190.418
188.544
203.163
192.994
155.261
152.161
144.293
131.638
143.202
152.13
153.979
180.835
216.627
154.326
133.242
137.23
143.382
126.233
118.931
118.062
124.554
145.047
130.676
116.516
-16.0754
-16.1053
-16.1014
-16.1293
-15.9676
-16.0955
-15.9677
-15.4825
-15.3718
-15.2898
-14.7855
-15.2946
-14.8622
-15.1572
-13.6597
-7.18781
-25.428
-10.4456
-13.1245
-13.3177
-16.0941
-18.6726
-13.8353
-9.23814
-10.6868
-18.1425
-10.3588
5.84222
845.428
409.989
671.681
882.277
662.406
772.46
792.819
96.9636
121.448
33.0977
282.013
37.3851
146.797
-0.339713
23.6607
18.8397
3.75218
21.2947
6.23086
10.0287
9.13981
30.5094
16.2325
17.6628
30.9324
14.7647
16.1048
40.1226
17.7434
10.6215
34.5977
29.8682
30.8331
54.0877
17.0011
30.557
79.6083
8.58031
-32.4359
-7.65551
38.0313
78.0249
53.6679
37.031
191.884
115.199
133.912
112.34
99.3112
212.09
144.613
90.4996
110.578
29.7025
78.0563
91.1107
111.802
77.1805
47.2282
72.0853
32.608
48.1367
34.5056
75.846
52.4066
70.0494
35.1458
49.2502
39.4701
37.1593
46.7452
57.961
28.2151
16.5949
-9.07355
31.4038
26.9397
21.3158
11.5115
0.837834
0.838587
0.94163
0.730957
0.922622
0.961305
0.874779
0.711325
0.552381
0.591116
0.667511
0.603375
0.583465
0.626744
-0.00511732
0.115727
-0.131478
0.320044
0.149316
0.171569
0.547726
0.103781
0.304626
0.644445
0.0344986
0.0413948
65.7635
-6.05713
24.8496
15.7723
-0.924159
-5.00009
5.62792
-4.59052
-5.06315
-3.85196
-3.84197
-3.59015
-5.16758
-4.95265
-2.66351
-2.41546
-2.2877
-2.58105
-2.15386
-2.41151
-2.5774
-2.8639
-3.17288
-2.97754
-2.72591
-2.8932
-2.75418
-2.91941
-2.76403
-2.84934
-2.72985
-2.7342
-2.94931
-2.7999
-2.99457
-2.88543
-2.93128
-2.86438
-2.85065
-2.86281
-3.21691
-3.35699
-3.31927
-3.37387
-3.3667
-3.25683
-3.2271
-2.66037
-2.78382
-3.08095
-2.80258
-2.75585
-3.21349
-3.45776
-3.481
-3.77717
-3.57016
-3.85247
-3.88031
-3.61756
-3.5042
-3.13669
-3.00939
-2.67731
-2.94779
-3.24495
-2.97474
-2.67466
-2.37306
-2.11703
-1.9894
-2.38157
-2.53523
-2.26476
-2.15068
-1.78804
-1.69477
-1.86462
-1.91698
-2.00696
-1.85938
-1.94542
-1.75564
-1.82847
-1.98855
-1.85376
-1.94044
-1.91966
-1.93214
-1.90829
-1.77516
61.3887
55.577
62.7233
43.7326
54.424
57.9945
56.0408
63.9805
58.0662
50.5564
61.064
55.6316
52.0746
54.0397
59.6411
45.5129
54.7484
65.8258
60.9464
54.8102
75.6086
79.2139
62.2301
77.1259
51.7735
94.8385
63.2299
77.5998
71.2116
70.2332
77.849
67.1641
68.8368
134.003
125.759
157.573
69.2777
117.563
139.178
140.334
117.811
137.626
137.422
92.6041
85.2562
97.3441
83.2526
95.2346
82.9866
98.7134
-16.8961
-16.8144
-16.8421
-16.827
-16.6903
-16.3157
-16.4529
-16.5144
-16.4803
-16.5069
-16.5796
-16.4761
-16.7689
-16.6081
-16.5492
-16.2826
-16.5209
-16.5051
-16.7043
-16.5118
-16.526
-16.3964
-16.5825
-16.6252
-15.7271
-15.6312
-15.5602
-15.269
-15.3753
-15.2826
-15.4361
-15.113
-14.9991
-15.0862
-15.2707
-15.2751
-15.0764
-15.1352
-11.8349
-11.0844
-11.6292
-12.5797
-12.8933
-14.3835
-13.3566
842.957
370.311
572.684
3019.47
1451.21
2366.74
2381.84
2015.96
3160.97
2438.67
1961.59
984.991
2470.45
1625.54
2332.2
2417.33
1159.69
713.563
625.095
614.954
690.981
27.6034
428.036
807.187
3863.97
2545.63
-107.586
52.6029
126.963
44.7452
103.627
-175.793
-92.7766
-244.738
-160.25
28.4184
-25.2268
-19.9803
-26.3195
-23.2248
-33.5066
-23.8175
-39.2887
6.2533
7.95449
2.70954
13.6286
11.7592
8.51273
12.1605
10.8556
11.2433
14.6159
8.9213
9.2919
11.4451
12.2755
0.857029
0.642782
1.10679
0.88949
0.934448
0.707259
1.31883
1.34331
0.587872
1.50735
0.617508
0.743307
1.43503
0.900117
1.31761
1.18114
1.27893
0.547903
1.28991
1.0875
1.0794
0.749819
0.89634
1.13839
0.493387
0.734393
0.682655
0.320738
-1.98256
-1.90384
-2.07036
-1.82135
-1.76449
-1.90268
-1.86258
-2.00569
-2.09061
-1.9632
-1.99661
-2.03299
-1.92985
-1.91245
-1.93157
-1.93127
-2.11184
-2.13506
-2.13283
-2.14007
-2.17265
-2.10147
-2.11017
-2.86473
-2.70786
-2.51543
-2.70922
-2.5919
-2.44617
-2.69915
-3.21454
-3.1184
-3.05838
-4.00502
-3.8389
-4.10871
-4.4137
-4.16104
-4.36495
-4.21098
-3.66145
-3.87893
-3.92422
-3.19006
-3.72739
-3.14179
-3.36523
-4.3225
-3.72565
-3.07473
-2.91298
-2.95865
-2.83205
-2.86244
-2.89458
-2.95361
-3.47665
-3.70958
-3.76896
-3.56851
-3.80151
-3.90157
-3.9291
-3.92201
-3.77863
-2.39632
-2.48056
-2.51177
-2.63736
-2.68975
-2.62111
-2.59631
-0.787431
-1.74103
-0.287986
-1.51917
-1.26848
0.393987
-1.012
10.6097
7.98488
9.96694
7.22342
9.86076
7.81022
5.81957
9.59519
8.19558
10.9713
8.90642
8.80444
10.6558
11.8064
9.38795
6.81926
7.71278
36.2118
42.8776
25.9289
37.6516
20.6367
15.869
62.3579
63.855
61.9256
1.82459
3.98723
3.6478
1.13557
2.5643
2.789
1.69196
-29.0554
-68.4995
-58.184
-61.7604
-49.6061
-78.1716
-63.5791
-58.0781
-64.5603
-50.9692
-47.8365
-63.7666
-78.5144
-64.4705
13.3909
2.64259
-22.1813
-4.12863
-9.97935
21.2892
-7.71394
-13.4709
-12.8139
-17.3093
-11.1914
-7.65682
-11.463
-16.8768
-15.9924
-16.1723
-17.0765
-16.1652
-15.6154
-15.5889
-16.6009
-14.6054
-14.2912
-13.9194
-16.9233
-16.3163
-15.4304
-15.4902
-15.9731
-16.2827
-15.9347
-15.0977
-14.7286
-17.3886
-17.2613
-17.2786
-17.6002
-17.5948
-17.4366
-17.3919
-16.9947
-16.8808
-16.8248
-16.8076
-16.9011
-16.7235
-16.8315
-17.3929
-17.1384
-17.1049
-17.5739
-17.5345
-17.3069
-17.2474
1443.44
970.232
620.284
469.731
396.329
821.968
74.3047
230.887
87.5744
164.456
-534.82
137.197
543.925
93.6819
261.903
-107.51
188.948
367.002
352.419
83.0588
285.937
251.827
340.973
25.3035
117.353
133.726
-49.8654
-44.6241
-47.0201
-40.985
-38.575
-44.293
-41.1194
-103.786
-14.2446
-0.135013
-113.633
-142.183
70.0521
-36.9916
-43.4488
-160.711
-111.791
66.9473
-61.585
189.643
1.6291
-136.858
-143.87
120.889
-18.2242
37.814
129.692
-29.8695
-40.8126
-33.2126
-27.4558
-20.9186
-28.7654
-24.1063
-53.7076
-51.4241
-47.3424
-45.4716
-45.4114
-47.9451
-48.9769
-47.8736
-50.3839
-1.95517
-1.79647
-1.75485
-1.87207
-1.85145
-1.80771
-1.8822
-1.77053
-1.81163
-1.71441
-1.75191
-1.75167
-1.69957
-1.7109
-2.48967
-2.59308
-2.29675
-2.12807
-2.12772
-2.30383
-2.30984
-2.97231
-2.97791
-3.06089
-2.58856
-2.7486
-2.52543
-2.49187
-2.60807
-2.70449
-2.61206
-2.78228
-2.8724
-2.73916
-2.66998
-2.53026
-2.76631
-2.84152
-2.76769
-2.686
-2.83414
-2.92052
-2.82073
-3.03136
-2.94674
-2.98132
-2.94454
-2.99315
-2.90009
-2.89958
-2.80611
-2.83184
-2.78886
-3.16435
-3.23546
-3.05027
-3.03107
-3.00491
-3.13573
-2.96685
-3.20056
-3.30688
-3.46816
-3.15933
-3.46439
-4.18852
-3.63972
-3.94119
-3.72895
-3.75981
-3.69086
-3.71148
-3.82926
-3.18763
-3.33873
-3.66554
-5.99427
-3.76399
-5.30389
-0.868217
3.86759
1.81639
-2.80604
-8.17809
-1.89732
-1.81865
-5.35057
7.93821
10.5366
10.0068
-1.69994
-1.77566
-1.52715
-1.67319
-1.61827
-1.83613
-1.73009
-1.50904
-1.95406
-1.7922
-2.15314
-1.99164
-2.16088
-1.98852
-2.35373
-1.96512
-2.1128
-1.85294
-0.997345
-1.90959
-1.844
-1.19889
-1.78121
-1.43438
-1.16579
-1.46288
-1.56066
-1.26826
-0.715095
0.57899
0.429521
1.44708
0.965036
0.471948
1.69199
-0.711309
-0.0242871
-0.270554
-0.719923
-0.487069
-0.393083
-0.576793
2.02102
2.66481
2.05155
1.47727
1.95169
2.20343
1.84573
1.05036
0.819185
0.971863
1.06724
1.26689
1.0866
0.952972
-3.41137
0.186409
0.767806
-0.385278
0.521171
0.38773
0.853458
0.952382
-0.438488
0.901577
-0.000558669
1.18713
5.88152
4.10766
12.453
4.71476
2.57688
1.73778
3.8066
1.04698
3.37379
-12.4362
-10.6262
-1.7286
-25.8235
-12.4094
28.8125
16.5879
-11.2599
6.11777
18.7606
8.87163
13.6506
7.17719
9.23027
12.1336
9.94108
5.68188
6.73648
4.25161
0.194322
4.71468
8.64129
4.7194
-9.77441
-5.99919
-12.0786
-8.3223
-8.72022
-10.3095
-8.45419
-11.777
-10.5963
-12.0222
-10.6338
-9.60521
-11.0687
-10.2363
-12.7622
-13.6401
-11.9266
-11.4099
-8.06225
-14.1293
-12.0157
-9.60603
-13.8746
-3.37962
-8.77513
-5.6763
-10.8292
0.575993
-3.47456
183.071
93.4265
1047.33
1007.88
1012.8
984.167
876.957
1024.77
1038.7
680.907
469.811
571.782
499.232
645.373
622.925
972.54
1040.67
1055.54
786.312
815.355
766.206
697.393
440.068
705.382
457.021
973.625
856.362
766.975
752.833
745.527
780.937
1059.57
796.159
663.198
494.232
544.469
734.572
600.922
508.724
605.074
182.63
223.442
222.861
145.586
78.4241
154.372
208.458
116.909
114.914
133.624
146.493
87.3168
144.001
48.524
88.5463
155.889
24.5309
33.7492
43.4318
32.6078
18.7932
58.4341
31.3357
21.1844
28.722
-15.648
-11.2589
-17.004
-15.4192
-16.9481
-13.5887
-15.2504
-21.5594
-18.8514
-20.2341
-20.6168
-23.3857
-21.1082
-24.4281
-31.3444
-32.8335
-32.664
-30.6897
-30.334
-32.0338
-31.2344
-29.7503
-29.6868
-29.6538
-30.5249
-32.3564
-30.8956
-29.6682
-34.569
-37.484
-28.3259
-33.3895
-33.7398
-26.3889
-34.0742
44.1603
88.6866
-17.9728
-46.6126
10.2854
-69.3241
-35.7009
69.0343
129.953
-144.697
65.7933
-80.6199
-45.3986
-54.2418
-63.5339
-106.724
-44.1757
-108.858
133.123
-1.56331
-52.3699
-29.1324
28.6507
136.103
-33.7293
-38.2643
-35.876
-36.8741
-36.3297
-26.3214
-27.5507
-28.495
-30.7219
-29.7036
-28.8707
-29.2113
-30.6981
-30.0659
-26.8891
-27.6642
-26.9823
-29.3005
-29.2589
-28.5013
-28.3919
125.454
-254.211
55.6187
186.02
115.851
-28.3816
-311.612
1190.74
1423.62
1402.59
506.712
1124.84
1584.07
451.32
625.277
759.878
710.166
649.33
211.14
467.573
295.991
316.219
450.739
795.764
623.684
656.393
745.919
-17.7782
-19.0064
-17.9107
-18.5576
-18.5417
-18.7588
-17.9964
-17.2412
-19.2543
-18.3837
-13.2821
-14.3155
-18.5346
-15.933
-5.69451
-14.3128
-16.0615
-17.3661
-17.052
-17.3082
-18.4414
6.70749
7.70591
8.07208
8.26635
9.47593
8.61994
7.36995
12.9897
11.8436
13.2819
12.1906
11.2764
12.1368
12.824
4.8125
5.01233
5.10486
5.78715
4.89853
4.47096
5.29899
5.76858
7.1602
9.30895
8.63537
8.79898
10.079
11.2123
9.55579
9.22068
13.6602
15.7134
3.80933
3.5964
-10.6357
1.79819
2.12512
7.07072
-0.90681
8.06067
7.73526
-9.56809
8.17388
3.71614
7.80462
10.2268
-2.81021
11.1364
-5.27846
6.26578
4.5432
5.65006
9.47865
4.31484
1.66858
1.99648
-0.0129742
-0.123838
-1.96566
-2.33711
-3.41197
-1.00491
-0.680221
-2.03406
-2.07075
-1.90844
-1.88295
-2.12531
-2.08367
-1.98887
-1.64336
-1.77682
-1.64464
-1.304
-1.46625
-1.67011
-1.71783
-1.64085
-1.82574
-1.7549
-1.73866
-1.75181
-2.33943
-2.31
-2.27971
-2.80047
-2.71452
-2.50563
-2.54104
-2.63057
-2.99223
-3.1596
-2.88763
-3.30947
-3.50929
-3.08681
-4.01872
-4.19561
-4.0417
-4.11483
-4.09563
-3.91745
-4.01669
-3.78096
-3.92544
-3.92005
-3.76096
-3.48145
-3.41415
-3.48864
-3.59076
-3.36135
-3.73509
-3.35446
-3.34051
-3.11567
-3.15027
-3.37048
-3.33346
-4.03515
-3.4814
-3.13606
-2.97375
-3.17023
-3.10072
-5.85364
-4.56575
-4.34519
-8.02644
-6.02183
-6.82706
-5.73101
-4.92124
-4.84384
-7.40817
-7.88605
-9.04487
-6.8097
-5.99975
-4.89392
-5.37169
-5.63005
-4.93367
-6.59339
-5.15573
-5.43712
-4.68479
-4.86084
-4.7163
-5.09502
-4.88387
-4.7719
-4.95336
0.858783
-8.29178
-0.423399
-0.466043
-2.65558
-2.09397
-5.88363
0.486891
-12.1508
-4.03798
-5.30627
-4.51151
-2.70019
-2.64664
-4.07388
-7.92609
-4.28664
-3.8181
-3.90305
-4.15442
-3.75679
-4.14687
-4.2121
-3.47631
-3.53566
-5.37732
-6.64769
-6.11366
-4.07758
-6.98248
-4.88547
-5.99385
-2.04305
-2.15148
-2.26651
-2.47983
-2.36506
-2.20509
-2.35029
-2.21079
-2.24766
-2.16682
-2.46786
-2.30508
-2.45688
-2.34182
-1.96961
-1.895
-1.82202
-1.72497
-1.78206
-1.82493
-1.90332
-1.72864
-1.84741
-1.81257
-1.97716
-1.90336
-1.52553
-1.50351
-1.57251
-1.64869
-1.5879
-1.6073
-1.64511
-1.52238
-1.55387
-1.46941
-1.61625
-1.56177
-1.55956
-1.52689
-1.28181
-1.2
-1.12305
-0.888702
-1.01588
-1.02923
-1.18326
-1.22124
-1.32882
-1.25358
-1.1608
-1.13671
-1.06121
-1.05201
-1.10917
-1.21937
-1.29467
-1.21812
-1.1688
-0.838171
-0.662164
-1.01275
-1.01193
-0.679954
-0.549
-0.929956
-1.00685
-1.1384
-1.03925
-0.891992
-1.10054
-1.1533
-1.03072
-0.348004
-0.264686
-0.153527
-0.148084
-0.265824
-0.202113
-0.234049
-0.323306
-0.431404
0.113876
0.331543
0.138444
-0.311684
-0.171686
0.0472167
-0.0899837
-0.0939611
-0.248696
-0.105282
0.0331807
0.0485004
0.119611
0.0738452
0.149791
-0.0746975
-0.0426243
-0.00385743
-0.00960401
0.299908
0.366743
0.457189
0.447446
0.516958
0.50666
0.524733
2.56033
8.00281
-2.34888
4.84662
5.1152
0.786398
7.56181
7.36153
11.1171
10.2793
17.3674
9.96907
10.5776
10.8465
6.90725
15.2241
15.2188
11.6008
3.84664
7.96061
7.16358
4.06756
27.8999
45.5851
44.1037
35.2874
53.1304
74.8499
19.0966
18.4767
21.2765
23.1699
10.1813
23.2917
12.089
25.3427
7.32682
13.1253
6.97879
18.1177
26.7102
17.817
19.3731
9.39544
15.8996
15.628
20.4957
860.443
670.658
749.183
496.151
338.288
377.03
114.286
264.647
-8.45171
179.475
239.116
364.971
282.99
198.569
53.118
175.387
264.806
169.026
40.913
30.3565
25.3763
95.0069
208.28
109.987
156.676
179.527
35.5404
29.1561
30.5228
-68.5365
5.09173
14.6271
-0.331393
-15.9568
-100.508
-67.3663
13.6952
-62.007
130.268
-27.5322
-10.561
209.916
21.8626
19.7072
24.3474
-5.13795
0.154716
86.6029
14.5905
-16.1847
66.0535
122.179
6.84143
-57.9029
9.92708
35.5557
138.412
3.3302
3.52432
117.794
91.8201
-17.6657
-63.6774
-52.8387
-104.703
-41.663
108.813
-12.1827
287.353
223.481
73.1629
-414.014
119.718
-28.9329
2.15138
8.92685
15.1058
14.8462
19.9832
-6.82429
45.9051
39.5731
57.3939
192.596
40.2337
73.41
168.211
196.895
203.6
383.649
227.186
-119.551
175.168
169.099
224.386
-239.177
3.42412
68.8717
3.24255
-2.66726
114.349
171.637
27.0831
-58.8063
93.485
97.491
184.644
-15.7527
19.819
41.2048
64.2164
45.7009
64.8984
85.7601
65.1965
35.4699
47.4318
66.9503
70.1979
46.003
50.3669
25.2156
33.6922
125.001
170.567
201.355
-9.06696
23.5902
13.9939
16.8859
8.06525
35.6736
28.1782
50.4068
37.8583
60.1294
28.8418
41.3107
12.7606
12.4527
11.9365
10.5855
11.2626
12.0615
12.3305
16.2166
6.38483
6.02562
22.7356
14.6517
8.42498
12.8639
13.2799
12.5465
14.2995
12.7945
16.2319
14.3371
13.5556
13.9617
13.3562
13.6805
13.7202
13.87
13.6364
12.3959
13.8124
14.4348
13.9654
14.6028
14.6324
14.0216
14.0919
14.2338
14.2178
14.2997
14.3021
14.3001
23.077
36.5938
38.6649
42.3996
66.2535
16.2703
23.6938
-0.443524
-0.417421
-0.649164
-0.300957
-0.248601
-0.240235
-0.33322
-1.36567
-1.11617
-1.11103
-1.13068
-1.00702
-1.29028
-1.16494
-0.794951
-0.99095
-0.598267
-1.09706
-1.35406
-0.974922
-0.810198
-1.28581
-1.49331
-1.42044
-1.45568
-1.40636
-1.29618
-1.27528
-2.37799
-2.20889
-2.13343
-2.04432
-1.89151
-2.01071
-2.18452
-1.64697
-1.71124
-1.69886
-1.85772
-1.75609
-1.80651
-1.75126
-3.40567
-3.12134
-3.23016
-3.02004
-2.98771
-3.17684
-3.34772
-3.30831
-3.28333
-3.40704
-3.49654
-3.29111
-3.31216
-3.48962
-3.73675
-3.74768
-3.66646
-3.68089
-3.61479
-3.74121
-3.78796
-3.74698
-3.70296
-3.57655
-3.66948
-3.7172
-3.70563
-3.65265
-3.70325
-3.6351
-5.45838
-5.21826
-5.53827
-9.93197
-24.322
-14.7846
-10.1098
-15.6296
-13.7239
-25.9218
-21.3638
-13.5913
1167.44
1868.19
1586.25
1359.16
1545.83
1695.46
1587.37
1560.54
1502.43
1267.16
1473.7
1432.78
1358.81
1498.76
1402.63
1567.55
1525.13
1172.63
1445.84
1750.85
1565.02
1199.16
-7.15598
-7.36763
-10.9657
-11.4729
-13.2792
-9.60984
6.30348
-7.80499
-4.55685
-3.47581
-32.9819
-11.4182
-17.3694
-5.09885
-4.39515
-4.55364
-4.56895
-0.620626
-2.34638
-3.85838
-191.069
-197.296
-137.098
-192.041
-211.382
-85.6418
-120.638
-50.5235
-28.4696
-22.3951
-22.2797
-27.7649
-38.8775
-6.58993
-2.63599
-2.95897
-3.04014
-249.965
-182.886
-227.98
-510.339
-527.089
-499.931
-500.756
-475.396
-501.581
-510.541
-486.036
-491.435
-477.436
-493.265
-494.005
-485.081
-471.97
-493.723
-508.81
-491.699
-474.265
-452.992
-517.758
-532.576
-522.854
-481.161
-511.473
-507.244
-533.657
-513.562
-501.004
-497.763
-520.895
-510.057
-501.913
-504.38
-503.259
-477.528
-494.607
-495.621
-515.261
-538.913
-523.965
-523.765
-512.8
-506.743
-452.891
21.4491
-7.14834
-34.8837
-43.4632
-28.8756
-57.7369
-39.9634
-159.989
-99.4475
-100.443
-114.97
-133.359
-84.6929
-118.035
-157.763
-130.639
-3.61977
-3.64016
-3.69132
-3.60663
-1.48867
-1.90439
-3.36586
-227.872
-181.948
-219.724
-132.277
-177.474
-149.706
-211.56
-119.493
-133.275
-196.17
-2.97269
-3.33936
-3.05965
-16.6527
-11.858
-8.70453
-17.8137
-4.78949
-23.1657
-10.8031
-10.5715
-17.3354
1532.74
1763.65
1829.04
1473.37
1762.15
1530.82
1787.35
1635.73
1544.04
1712.26
1967.84
1621.81
1467.14
1766.21
1985.24
-6.51427
-10.4895
-8.88521
-31.9489
-4.46469
-14.8731
-1.04771
-0.882002
-0.500327
-0.323069
-0.2382
-0.836268
-0.622643
-0.245655
-1.48358
-1.53451
-1.92726
-1.86886
19.311
0.612591
-2.83936
-2.19838
-2.37652
-1.27651
-4.86525
-7.73991
7.18643
7.99865
6.1028
6.75998
-1.15921
-1.21335
-1.15171
-0.688201
-0.872314
-0.831616
-1.18494
-1.13134
1.34496
1.27889
1.73095
0.983467
-2.00374
-1.93813
-1.95293
-1.83585
4.78756
6.48955
5.76047
7.27591
1.15015
1.76752
0.510686
1.68192
1.3534
1.4965
1.64037
1.67481
0.349853
0.348923
0.903466
1.56397
-0.0362203
0.249915
-0.528142
-0.160224
12.4062
12.5091
11.8078
-0.0366138
0.602286
-0.421044
-0.0589281
78.3179
72.5316
76.5527
71.3762
1.27933
3.05503
1.4746
4.39191
4.55381
0.380978
3.61328
2.78871
17.5039
23.5881
28.0784
69.3361
-1.39466
-1.33284
-1.14405
-1.19643
10.4479
-7.25455
-7.55747
-23.4776
-0.930997
-0.939098
-0.651251
-0.562113
-2.06024
-1.99693
-2.3515
-2.31753
-12.296
-10.179
-13.533
-12.6847
-17.9176
-17.8019
-17.1584
-16.9293
-1.09532
-1.10652
-1.46637
-1.45593
-50.9588
-61.8711
-10.4412
-3.94242
15.3404
27.1027
15.2212
37.031
-14.0815
-12.8456
-12.8227
-9.34138
0.0888777
0.231285
0.703793
0.647206
-1.64309
-1.73398
-1.80686
-0.659373
-0.618039
-1.02297
-1.13822
-15.5384
-15.6765
-15.7698
-15.6855
59.6195
70.6158
75.821
93.3863
38.1629
66.1519
6.23797
29.4956
214.572
243.788
449.471
348.651
-15.5806
-15.6973
-15.2742
-15.4618
65.8792
83.8456
66.0293
103.83
-4.06073
-4.02516
-3.95874
-3.97286
-3.61688
-3.58182
-3.00496
-2.81057
-3.04764
-3.3271
-3.24818
-3.6206
-3.94242
-5.7383
-4.83964
-4.86058
159.175
202.563
131.691
142.532
65.1144
36.2562
22.6189
18.8326
-1.38437
-1.23179
-1.46651
-1.472
-2.18325
-2.10592
-2.14806
178.91
241.27
-16.9323
-17.3742
-16.4964
-17.2519
-18.0503
-17.6732
-2.82905
-3.02675
-3.30166
139.301
145.121
177.343
168.468
1.54787
-7.94122
-4.45459
20.0366
9.97308
-2.45704
-1.84328
-1.02645
-4.69028
-7.7466
-9.54934
-11.3267
-10.9447
-12.6059
-0.215184
-1.09574
-2.73527
-3.69748
-1.21339
-1.09072
-1.09558
-1.06164
-2.70863
-2.04376
-7.97335
-1.39125
30.7712
-2.53894
-0.968384
-1.51179
118.916
42.0915
4.95862
6.73321
-2.02566
-14.8711
0.72329
17.6331
5.49496
217.152
25.6273
-1.73471
9.41771
-9.6416
158.634
-0.985835
-2.18788
69.3667
-0.876275
-16.4704
-0.936756
-0.0495802
-1.64238
2.70314
101.197
1.24958
-1.84363
-1.01394
198.635
12.9804
0.982492
-1.48323
851.335
136.265
1060.41
-1.32394
496.988
83.3496
59.8057
-1.22614
-126.963
520.153
131.889
-11.7758
92.6808
-8.66221
-4.84836
-16.1187
-6.49168
-3.72631
-5.98323
-16.1776
-15.626
-13.9286
-9.56525
-10.2468
-24.146
14.3069
-19.0345
-9.74283
-15.6515
-9.54446
-1.29574
-14.2869
-13.9745
-2.28859
-14.4337
-15.1934
-10.407
-14.2733
-1.59211
-15.5961
-15.0965
-13.5519
-17.511
-15.559
-20.5899
-15.8549
-15.5896
-16.1842
-16.3673
1.2527
-14.7004
-15.8291
-15.5104
-16.0532
14.4506
-15.7059
79.244
-15.9582
-15.3071
-8.58939
-14.1068
14.9403
-16.2243
-16.0178
-16.5395
-16.0545
-15.8301
-15.7384
-14.9749
-16.0514
-14.2193
-13.4662
-16.9658
-50.2114
-16.364
-16.4087
-16.3888
-16.069
-16.6635
-16.5529
-16.4083
-4.07852
-16.5734
-16.5628
-16.7965
-16.8949
-16.8473
-16.0611
-15.7278
-1.42135
-4.0642
-16.2238
-3.66931
-14.2933
205.506
-16.0037
-15.8046
-12.7831
-12.3879
-13.1477
-4.92569
-12.2399
-13.2796
-14.4592
-14.801
-15.864
-14.89
-24.358
2.80738
1.08892
2.1184
3.30696
-2.73416
-10.9573
2.62965
-15.9466
-15.0973
0.365449
-2.75532
-0.722129
-15.6276
0.536649
-3.43026
-15.5996
0.965192
-13.1644
-17.8366
-8.3068
-17.2846
10.0986
-0.132725
-17.0653
-17.0572
-1.51086
14.589
-3.14428
-7.90219
-15.1363
-12.6199
-13.4178
-15.4922
-15.2273
0.126515
-14.2266
-15.2302
-13.4093
-16.6093
-17.2574
-17.0838
-14.6148
-17.2158
-15.9191
-16.0339
-16.3386
-3.97929
-2.2915
-16.4191
132.845
-1.61326
-17.4329
-16.8629
-16.0058
-11.8185
106.078
-16.8878
18.2235
-16.6395
-15.9285
-16.5912
-15.9471
16.7079
204.395
-15.5343
-15.6241
4.55114
-15.7025
-15.9338
-16.2463
-34.8951
-14.2134
-13.759
-10.3329
-22.585
-18.1169
-3.90611
-17.8066
-1.47206
-17.1036
-17.1173
-18.3645
-16.9081
-1.63383
-3.25737
-13.1691
-17.1921
8.41741
-17.3103
-3.9243
-14.65
-3.50544
-9.40736
-14.3394
-15.6879
-15.9153
-2.17018
-15.2643
-14.7385
-10.3625
-3.81385
38.8349
574.377
371.168
228.288
7.50644
194.624
-17.3248
14.2942
26.2462
-15.9421
32.1504
-13.4354
-16.2987
9.60926
0.166935
-18.9604
-40.257
85.7954
1.90201
70.9944
-7.22287
69.8303
535.994
889.302
5.8414
180.379
13.1326
-13.6112
20.7046
0.948532
1.32691
-0.125517
0.0216819
1.09171
-0.33753
8.29743
11.2373
1.59846
1.54085
50.8109
22.8968
2.77624
0.239435
6.3936
1.9993
12.5202
1.48374
40.0129
42.6929
1.08388
14.6952
621.492
62.4253
3.06446
1.7594
1.79862
9.92109
75.687
10.7934
18.9258
-33.9938
70.8439
66.0079
34.6913
9.49173
-2.17139
34.1383
24.753
-1.59531
-16.598
-7.02529
3.50566
-45.8047
-14.1944
41.8349
-1.63936
61.1047
66.2191
58.2173
-15.7357
-0.0392174
-16.6972
-28.0551
-0.322909
162.683
27.0502
-17.0494
66.5368
-28.3323
2.35492
-0.826196
29.4546
29.8394
8.97167
39.8527
3.5254
-16.9275
-2.50583
-1.92131
-2.9049
674.376
10.6035
1216.85
-2.68364
131.804
83.9154
23.6817
-51.8372
8.93141
1.32623
-15.8486
-37.4697
-0.391734
68.3724
-10.1441
-15.994
-15.7494
130.319
-17.1086
-17.0079
-16.6247
-16.863
-15.4188
-15.64
-16.3239
-5.04986
8.73478
2.80199
-15.4511
-10.6889
-13.1461
-1.2782
-13.7616
7.55316
-12.7581
-17.3272
1.48551
-10.3509
-15.4013
3.86728
3.05513
2.9631
4.2962
1.72979
50.1132
1.02481
-8.95578
-16.9929
-2.66438
-20.5131
0.509841
-0.742325
-0.771353
-7.45344
0.441111
0.0172249
0.297465
0.0833004
0.443044
0.925657
-1.21912
1.09631
-2.80722
-4.62576
0.583829
-54.8475
16.4586
2.29636
2.69887
1.20202
146.298
1.48947
14.7294
-25.0745
-4.48496
0.621181
0.489849
2.96378
-0.31102
5.68024
3.39185
-16.8357
4.75294
2.35635
2.0236
-20.7417
-19.2359
-16.9876
-17.1367
-2.92005
-2.09387
1.54642
3.1084
-17.041
-7.99955
5.35664
-17.7159
1.18507
-34.9444
-25.6967
-32.863
-21.8701
-17.1025
2.39793
8.78923
-16.9426
-16.8907
-4.05868
-26.111
-16.8605
47.9928
-0.673627
-55.8903
18.5657
129.448
11.4306
-17.0651
-14.8577
-16.4892
-3.03318
-1.13296
-15.9808
-15.3948
-15.4716
0.000870966
-4.10245
-13.8929
-14.2697
-6.74615
3.23042
2.50041
-17.3922
-16.5776
-5.19127
-16.3518
2.61788
-10.1157
2.48478
44.305
0.418687
-5.99055
-2.95131
44.5095
87.0117
25.9832
114.519
94.8026
64.4589
-6.82135
77.1794
-14.4635
27.3901
15.281
106.72
-17.162
109.659
-1.65647
-0.316391
7.82679
-0.327971
107.803
-4.91521
5.15856
-3.21703
6.90864
52.2231
85.554
52.6462
20.4736
50.3421
576.16
-17.6345
55.2479
100.769
37.8288
23.3689
41.6227
70.9736
-5.72796
149.497
116.469
11.1451
8.63111
-15.8133
-15.1695
61.3768
158.683
113.364
-16.1015
167.277
45.1899
-1.1647
56.7301
52.3419
67.5235
-9.25176
-1.26559
-4.52779
65.6877
2.08965
64.6485
-3.08183
-3.10706
5.48813
40.0977
44.7835
36.0594
56.8088
4.32217
49.6704
1.60473
-1.89723
-0.762522
169.101
14.3199
-1.60535
6.26176
-1.49586
-1.9895
-14.3485
29.277
-3.36471
-9.72613
-13.7287
0.0798338
73.5726
10.4395
11.3662
23.1413
-2.46552
-1.22475
-1.38641
-2.16635
-3.30393
-3.14233
-3.58049
8.57138
0.947884
-0.617241
202.214
-2.45459
15.2574
-5.83955
-1.4323
-3.38298
-3.18765
-2.93293
-2.98501
-1.85687
-115.109
-1.68457
-2.66675
-2.86225
-1.7179
-1.90534
-4.52461
-3.39017
-3.22815
-4.0692
-3.79245
-2.16148
-2.1496
-2.93637
0.369643
-2.98181
-3.76639
-4.02925
-3.94241
-3.63798
-1.63376
-3.05278
-2.62961
-2.95486
-1.50053
-1.41853
-1.42352
-1.62918
-1.57359
-1.67361
-1.94627
-1.95953
-58.9394
15.2487
-53.1793
-0.943361
-6.54733
0.262173
16.6926
1.16837
0.626467
7.85644
0.517591
2.95296
0.575481
9.96906
0.750159
-0.259677
-2.16743
-1.36987
300.695
-1.49839
-1.21586
-2.73616
-1.71413
-0.979097
-1.58003
89.4038
399.315
129.818
-0.0837045
1.70556
-5.91885
-4.17789
-4.05956
-4.44352
-0.255335
-23.0354
-0.101118
-3.90362
-4.35806
-4.52591
-3.73839
-3.58589
-3.39673
-4.11973
-4.20955
-3.64734
-17.9912
-4.52908
-1.11168
2.09191
-3.75593
-3.70743
-16.7074
103.679
-5.07883
18.5344
18.6193
115.543
-3.90688
-3.07068
-3.37877
-3.80408
-2.30923
-3.83845
55.6225
-3.82002
3.22499
-4.02603
-3.90399
-0.175031
-3.67908
-4.18978
-4.18502
-4.07384
-4.1133
-3.87366
-3.50027
-2.89519
11.555
-33.6795
-3.06609
-1.7105
0.363647
-1.16178
-2.56235
-4.22243
-2.20697
-2.44175
3.20888
-2.86145
-2.82858
-4.0602
-2.84381
-3.67173
77.4677
-4.05586
-1.82106
-2.43957
-16.7906
0.414806
-4.00496
-2.86349
-2.79452
-2.61903
-2.58682
136.585
-2.71133
-2.70507
-2.67029
-4.05058
7.20963
-3.11697
-2.95792
-2.9726
-4.53241
57.0452
-1.80949
-1.8678
-1.85235
-1.91393
-2.23378
-1.86681
-1.77474
-1.75846
-2.84883
-2.49826
9.08581
-1.80628
-2.15238
-16.3786
-1.76803
-2.16195
-1.11498
-1.62363
-2.52249
-1.25796
-1.93261
-1.58047
-1.86996
-1.86521
514.452
19.142
0.112341
-3.04091
5.81902
-9.72409
1.76785
-19.6992
102.182
-1.93278
-1.08439
-2.35166
-2.35435
-2.71602
-37.2102
-2.48388
-2.29722
-23
-3.1843
-3.74377
-4.77788
-0.338425
-15.7121
20.3125
-116.13
-0.420964
-1.04671
52.7418
-0.701053
-0.962511
-1.02476
-0.246778
-0.26946
-0.367979
-2.06685
0.845652
-0.234606
-0.328506
-26.8266
14.8568
0.92314
-0.854385
-1.41629
-3.3034
-1.24602
-1.51961
0.975676
-1.59057
-1.45978
-1.56483
-1.75616
-3.43146
-1.5871
-1.52
-1.66814
-1.98009
-1.64228
-3.24253
-1.6737
-2.14767
-1.49862
-16.5489
-1.7126
-1.5395
-1.76967
-2.76718
-1.71468
-1.97014
-1.64264
-1.71608
-1.13982
-1.71856
-2.01087
-1.10073
-1.58476
-1.86082
-1.66517
-1.56447
-1.90335
-13.9609
-2.4772
-1.83818
-1.06575
-42.5731
-2.00331
-7.2731
-4.54002
-1.5282
-1.91311
-0.963885
-2.03283
-1.85767
-1.86383
23.3716
-5.41462
-1.42453
-1.86296
-5.76267
-14.8753
0.123117
-1.49288
-1.0144
-4.66465
-1.46174
-1.56039
8.58229
-0.0967611
-1.58838
-0.524978
0.190047
-2.02882
-1.44425
3.87642
-1.49981
-0.304718
-1.0368
-1.57289
-1.72496
61.3214
-3.07267
0.0789154
-1.94059
0.0450163
154.389
1.49295
-1.85725
6.67708
-1.99205
-1.91387
-1.86287
-1.43994
-1.78704
-3.1076
5.07349
-8.76717
0.758961
-1.5408
1.08794
6.65776
-1.77412
-1.66108
3.51601
17.9879
4.43671
-14.903
-2.12704
11.1515
1.86022
-1.18515
2.10356
2.42687
12.9092
0.997874
1.48835
2.27453
2.08766
2.49797
3.18343
-6.99583
-1.35723
3.35549
1.81404
2.34711
-0.865058
5.42618
1.2467
5.18505
11.1446
-1.71506
3.91996
3.69682
-1.59844
1.22759
-5.70934
3.59303
-2.37003
-3.33756
2.19842
4.48662
-2.4523
0.720202
-1.17826
49.5356
0.831445
13.8453
-1.19252
1.38134
4.74526
-1.39227
0.971904
-1.44238
-0.554032
-2.88547
1.31854
1.10854
0.617993
0.83572
-37.7959
1.21412
-2.40487
0.704662
-1.69787
-0.414975
-1.5562
4.43525
2.60612
1.46698
0.539446
1.66693
5.02874
0.899653
-0.192
0.801141
0.774219
0.883793
-0.014306
0.839443
0.941351
0.500638
-0.629442
-1.92633
-0.217413
1.12759
0.130799
-0.767195
3.33405
-0.813211
-0.329898
-1.14385
0.245075
8.22499
-0.691991
-0.750217
31.8229
-24.6249
1.09004
35.2782
1.33905
1.66252
1.45247
0.914398
1.05744
-1.07719
-0.0956829
1.90722
1.92668
1.6029
1.34903
2.52594
2.16296
2.12091
2.18392
2.05655
1.84663
2.42414
64.6893
-9.7515
-3.01301
-0.557386
1.97497
1.74851
1.80225
3.78155
-366.211
1.30592
-2.39969
0.605247
-2.11695
-1.00198
11.9859
79.5103
4.74332
-2.07484
-2.6409
-2.89752
-2.03771
1.34674
-3.4677
-2.43308
-2.75673
-2.53966
-3.21485
-2.49918
-2.21186
-3.60471
-2.27053
-2.72992
-51.7178
-19.5609
-1.55055
226.003
5.3329
2.95195
2.53136
-15.8157
1.79822
-18.741
6.0697
-3.49892
1.07072
-1.8585
5.99768
-13.1269
-3.44859
3.63245
-1.81152
0.141041
2.92766
-1.54446
-5.01287
7.00191
1.82969
-1.35954
-3.29264
-10.9057
-0.892013
-1.50187
4.8542
-17.1277
-0.0932833
69.0585
0.909189
-0.135567
1.05329
-1.48325
-1.53073
-40.2276
-1.3149
-1.7069
-1.43609
-1.89738
-1.6277
-2.31167
-17.1385
-2.03039
-1.99195
3.04496
1.8456
-2.42368
-2.2315
-2.31017
-2.48598
-17.1528
-2.04221
-1.90276
-5.73474
-2.69679
-42.3487
-2.4901
-2.71068
-2.62317
-166.327
-3.43906
-3.3329
-275.139
1.56999
-4.22565
-3.61494
12.5409
40.3301
-4.01305
-1.4263
12.8659
-2.38518
-1.22577
14.9425
-2.17641
-2.47123
-2.72438
-2.49649
-1.83501
-22.0157
-3.51895
-2.27674
-2.72174
0.909468
-1.07843
-1.89783
-4.08464
-1.51107
-3.15797
-1.91656
-1.46778
-2.80306
-1.57369
199.802
-1.51626
-3.14603
-1.66178
-2.01903
-2.95255
-3.06328
54.063
-2.53196
-2.84196
-1.99229
-66.3577
-2.97446
8.15421
-4.21536
-3.32643
-18.4649
6.61574
-3.61918
-9.08746
-2.28507
-3.21319
0.479367
-0.515427
-13.4989
2.54273
0.965821
-3.14116
-2.90181
-1.17853
-2.32741
-4.2278
8.89375
-1.2717
14.2298
2.39813
1.93701
-4.29864
1.89712
2.95741
-1.38561
4.7261
2.31574
-1.81267
-2.78141
0.0223658
-3.06955
-3.26736
-4.58018
-4.79507
-5.50149
-2.38699
14.3076
2.09772
2.16238
0.258032
2.47139
-2.54035
46.1163
0.450778
0.181393
0.504
-2.71022
7.59797
-1.26759
-2.68678
-4.27542
-4.62612
1.84068
1.14574
0.138121
355.368
-0.876656
-0.732629
8.55824
-7.83733
1.16125
1.95249
1.2134
-0.591569
2.76503
2.32802
52.2628
1.0854
1.71863
-1.04282
1.10845
-2.34976
0.782527
-1.55581
1.99648
2.01513
0.947627
-1.39776
2.19242
3.15681
-17.4387
-3.55084
-0.471476
63.0215
-54.3225
-5.38984
1.62201
85.1625
-17.2995
0.320311
-4.04583
5.53464
-3.59786
-3.42045
8.14169
-1.57546
-2.12245
33.7228
16.1386
194.651
141.495
2.15524
-45.9167
-1.64292
-4.1898
55.9293
61.4959
65.2857
91.2012
-25.0351
17.902
21.8433
6.50197
-2.55685
0.890684
30.0376
113.757
94.0159
2.9677
119.803
-2.53424
-0.262854
0.402961
58.9943
-15.7323
177.972
39.798
0.0167906
12.8397
18.2015
-16.7337
-50.376
-41.1838
-37.2153
-40.9085
-48.5514
-3.57036
-15.476
-58.5229
-2.13737
-25.0174
-42.028
28.2573
71.3713
-34.5406
-10.6676
-42.359
-43.895
90.3626
0.0239655
-10.8752
-37.8992
-22.0937
-40.8418
-35.1998
-1.97523
-42.1066
0.112751
6.35016
109.086
2.39509
-0.152074
10.8096
5.10759
31.5398
36.7882
18.4648
15.6057
10.7724
-2.08757
-1.6374
2.93392
1.2975
9.85793
-0.48136
-23.4429
13.5866
26.5421
13.7283
2.75697
13.9385
13.7746
11.5087
11.3212
11.8703
12.7573
-9.66476
14.3614
-35.4375
7.29849
-1.44945
9.1006
9.20967
436.807
9.14841
6.10151
13.9205
8.30009
8.06333
7.90591
7.64384
8.01104
7.66061
8.12189
3.27359
7.03558
8.354
-2.45658
5.94172
-43.3598
11.2344
10.7074
5.14091
7.9023
8.67187
-42.9392
8.08303
7.27641
6.44781
0.231646
8.23535
-26.7935
7.86645
9.11987
12.4971
-52.0877
-42.1759
-0.613052
0.168066
-36.5955
-35.5749
-30.712
-45.0124
-15.0365
-34.2749
-42.9729
-38.3551
15.2478
-28.9019
-3.78414
12.6781
-42.5108
12.0352
13.5576
3.06898
-49.4604
-49.8883
-29.0923
4.3088
9.07025
-44.1927
8.38209
-49.5378
-54.4417
-61.6859
-34.9989
-52.8079
13.2729
-47.8038
9.7799
11.1013
7.7961
-56.721
4.53766
-25.0304
-23.205
-28.2542
-28.1059
-24.2931
-23.6611
-37.8606
9.62216
-34.2386
-20.391
-37.4032
19.1181
-17.739
0.663777
-15.5435
-0.622341
-56.9004
-13.3046
-8.44039
-17.1684
-19.0713
-29.1791
-27.2723
-22.2382
-0.845773
-18.7452
-18.6866
8.45426
-8.46182
171.808
-30.3159
-15.7199
-18.4234
-31.1429
-17.6306
-13.367
1779.65
1007.24
1332.15
22.6304
2.87176
-23.8566
-16.3124
59.4625
22.368
35.676
63.9907
-7.95499
-36.6442
-2.74857
18.8498
9.75613
-9.19322
13.0678
-54.2263
10.5616
-12.4975
31.5396
239.39
8.73178
11.0405
1.79902
-0.495338
5.48967
-3.47318
102.252
147.612
513.555
-1.46677
138.368
13.7856
-14.9102
2.62212
7.09253
10.5787
-1.86243
-24.0635
-15.9464
26.1128
-17.4321
-13.0358
-13.5357
6.55797
-10.2762
-27.4177
-3.32986
7.02318
-19.3203
-9.65488
-23.8613
9.07345
13.0469
19.1615
70.9082
14.9103
89.86
-7.67449
7.72295
-5.21892
8.29047
-6.55559
8.72859
8.5802
-4.61444
43.339
21.1348
29.3713
-7.87204
12.2082
10.7931
15.7873
13.7228
6.89442
-12.9451
4.87164
31.2577
27.8555
22.437
36.0283
14.7368
23.4283
12.7705
15.0133
17.8806
21.5893
15.4276
19.4333
6.35175
7.76289
8.83909
10.137
10.7935
13.488
7.12623
14.4421
19.0684
18.0475
7.68222
0.346257
2.23342
19.5355
8.16321
6.05695
-0.259785
-1.61596
821.098
162.59
946.926
7.5346
6.65266
208.852
52.3891
605.193
6.98812
-0.236909
32.7644
214.293
33.6818
117.421
8.38371
258.714
379.409
1079.29
-3.26797
-2.76699
301.804
532.283
582.779
120.392
-14.953
92.5228
169.649
118.896
-11.3371
59.8117
796.789
252.2
108.99
10.8221
11.9913
61.5964
51.983
64.4577
0.787855
-3.12932
136.333
43.8181
38.0902
108.444
54.8982
34.2223
2162.38
-2.46495
10.9004
634.401
679.149
2.77951
314.651
71.7977
117.923
0.575463
98.2142
-1.81178
-2.07169
-5.72257
7.34745
5.10133
3.8669
29.8453
38.301
-22.3412
12.2782
65.7978
71.0125
76.8855
71.9373
63.2288
-0.966973
-5.11649
3.07186
31.3682
60.445
63.2434
1.63715
27.5026
3.33505
53.9886
58.043
72.3751
71.4466
41.3319
48.1066
85.6519
9.49182
12.2189
137.38
22.977
44.8415
-29.8331
19.1385
5.02541
-4.6954
-15.1952
84.8014
-9.13079
89.0937
17.7502
59.9092
78.5099
-16.3863
61.2814
-15.9492
16.4098
199.694
-2.38645
41.8599
4.72451
-15.0617
13.0362
-2.10454
14.1219
13.3874
53.9827
-2.62412
12.5326
17.4971
16.8306
9.02613
-5.89407
13.901
16.5949
70.4615
56.2747
74.2118
33.5455
86.32
11.4484
89.8296
13.6482
14.1849
10.2788
15.0469
10.3906
18.3745
1.51028
22.5213
2.39293
8.18453
58.7609
8.82478
5.42146
5.80547
29.91
2.08752
2.92239
3.45485
4.42246
2.1163
11.7422
10.8643
-12.3806
13.8179
3.78225
6.60187
6.88088
12.6845
-1.87732
2.84149
5.03348
13.8213
-2.78899
7.0948
4.85417
3.953
4.10263
58.183
3.18592
2.73467
2.59271
5.12858
2.8892
11.2164
10.4905
5.09945
3.42293
2.84912
4.25513
1.22325
5.07146
0.501485
2.57319
3.92984
10.8071
3.03893
-1.46252
-61.9732
2.98168
12.6315
-3.04323
14.3645
-30.7432
5.22722
8.19078
12.6591
4.93675
-29.3927
8.52827
4.68889
7.36633
-41.4537
6.63798
1.08989
5.43634
13.6398
7.66506
-53.2651
-53.0197
-55.8032
5.21729
7.62627
6.59086
-7.7756
75.0939
86.1003
10.5779
12.2258
631.303
4.19995
11.2329
6.9079
9.1783
-0.524404
-4.25202
7.64265
-57.4114
2.54597
12.9632
2.87978
-5.43644
9.40645
7.66712
10.8339
4.87283
281.087
6.57163
-3.29031
7.3901
-3.21658
7.67072
6.91624
-2.68236
7.78297
10.4322
-50.7257
2.85022
7.55591
8.14515
-5.97477
3.88041
4.90191
8.09219
10.5821
33.2693
8.2646
-1.38207
2.18166
2.79513
7.94182
11.3516
3.16806
2.43051
2.78895
2.08198
11.1435
2.38776
5.55373
10.1471
10.6098
5.97176
2.40699
12.1563
2.66883
3.9902
3.08818
5.4511
1.4901
14.4591
12.9666
4.04267
4.87383
2.87756
-15.1928
6.61884
10.0192
-11.9348
45.0951
-7.83432
-7.93246
16.118
7.93729
58.6741
0.935809
8.58539
-0.599534
13.8409
-17.0851
345.958
11.8636
9.90339
1940.85
9.13843
54.8737
59.5204
230.44
78.1545
29.154
79.1366
69.9929
186.488
134.332
-17.4469
-25.9978
-304.694
9.92849
638.844
719.855
166.001
158.421
6.51261
50.1021
447.978
8.63379
139.734
6.62673
7.35944
721.909
5.29293
-3.48082
25.1309
18.3503
20.3568
8.59442
6.20086
7.31892
7.99145
11.6283
-3.95729
-18.1461
15.7962
20.0619
6.52481
7.27431
7.74919
15.2625
12.2706
7.50607
-34.6319
-4.55619
-25.8827
8.3877
8.5368
11.5863
8.45985
48.9785
22.8867
4.73168
9.19055
6.07968
400.135
-4.72468
86.6245
-16.4011
277.499
939.833
17.534
270.272
-12.132
9.24574
-0.110845
-4.88778
2.97249
186.138
-9.81867
16.4021
36.1058
13.8278
15.685
7.16324
-50.8991
-1.2588
118.736
-0.676602
37.4205
47.3182
493.834
-21.9812
-10.5259
-29.6565
1.6112
38.1952
123.346
-15.002
0.681801
-26.2111
-9.72848
8.46441
-44.4727
303.461
-34.6706
156.13
9.29693
-26.2109
216.166
7.80283
-51.6842
-18.4117
11.1277
7.0663
8.91219
-4.32508
7.8904
9.12469
7.80121
6.00872
5.53505
3.23808
7.93097
12.1484
9.83593
5.62813
5.16689
6.97222
-2.93886
6.68202
10.7109
5.22683
-28.8812
10.987
-15.6754
-11.0938
2.52989
7.23865
-45.6107
-15.8059
-30.9909
-54.5188
-41.4127
-33.0042
-0.00249507
-6.46233
-25.0794
-15.7845
-48.4523
-30.3634
-49.8266
-6.82359
-16.9547
132.665
0.1456
6.48859
126.901
44.8035
-1.09606
29.7002
165.426
87.4462
594.54
157.573
-15.7427
4.30164
9.54368
0.14907
-16.779
-4.55982
37.0513
61.4658
0.287488
12.7064
-2.95026
4.48695
-15.0731
-10.42
-3.21678
-20.7718
-2.4268
-45.1891
4.28665
-1.29469
8.27674
0.0679764
7.19818
54.4069
1162.48
-2.40156
-0.94193
-1.14681
8.84206
-2.75271
-16.6781
-1.10826
-10.318
1.38176
-2.77748
-3.62102
10.5874
-1.7686
23.0782
-15.9024
-16.0964
-1.12247
-1.83873
-4.13245
2.89018
-1.7227
-2.83738
2.40655
-2.88385
-1.6254
0.705181
-3.51001
-2.51664
-1.74623
-63.0555
-2.40743
-8.70421
-0.895782
15.9519
-0.466803
-0.150241
-15.3845
-0.0944033
-1.90415
1.53781
-1.34059
0.119812
-1.69551
-1.56973
-1.66059
6.11418
-1.44487
1.47834
4.97529
-3.97612
-2.6761
-13.7991
69.624
-1.6823
3.20733
-2.07919
-82.1633
-1.81054
-1.67339
1.89668
-1.08955
-2.20311
-5.33957
0.00583723
-0.30302
15.4705
-1.06816
11.2046
-1.29623
-1.92276
-53.4386
2.17933
2.37436
-2.26789
1.83159
-1.54407
-3.31147
-1.75761
-1.86764
-2.7313
-4.58903
-233.509
3.79396
-1.67834
-2.26774
-2.06049
-14.2199
-1.45082
-53.9305
-1.32453
-4.18565
0.710715
-1.53066
1.07586
-4.91289
-2.98053
-1.89354
-2.7142
0.536402
-3.06801
-2.19368
-4.39032
-2.10137
-4.69024
-2.88736
-3.11741
8.59897
-3.22117
8.48785
-4.36006
-4.36996
-4.8844
2.18888
-17.4303
-4.96192
-4.5225
-267.804
20.409
0.114818
-1.41523
0.947471
-1.91997
8.90457
0.140135
-11.1946
1.60089
-1.68315
2.35811
-40.2624
2.26456
-2.12955
-3.41357
4.11134
-1.61
-2.66684
11.8642
-0.715635
-2.82216
-11.3695
-1.59945
2.26048
1.92481
-1.84918
5.76862
-3.75595
1.96509
1.56346
-2.26921
1043.73
0.602858
-17.2084
0.206739
59.3958
-2.70551
-2.05442
100.615
-2.59898
-0.450651
0.857873
31.9672
-2.04478
1.69604
-7.89531
-2.66822
1.61881
-0.75307
2.47861
-10.0629
164.351
124.886
-52.299
126.727
61.3827
1.87435
-3.05707
119.848
-1.37575
13.3035
119.465
-2.03237
28.3283
-16.2692
-16.3908
-2.06256
-8.45605
-4.53466
2.31408
-40.127
6.60091
-2.24963
-3.54971
-13.0063
-10.7676
-17.7535
93.3581
-4.4418
-18.131
-12.0753
-0.97032
2.76664
-17.3617
-14.2721
7.71158
38.2179
-15.9382
-44.2019
-15.8395
0.548004
2.7679
26.0852
-15.8162
-15.7044
-3.00909
833.649
30.9976
-2.81826
-0.402094
-16.6949
28.5583
13.6701
-70.5443
-1.22569
6.31374
0.99655
38.8541
8.28013
0.192817
0.189494
0.169217
-0.566945
5.29594
0.52326
-1.46605
6.82418
-1.00575
-16.8908
-1.4382
-1.86548
-16.5762
0.280895
0.0673524
-6.83829
-17.3975
-18.2652
1.44812
6.64412
-17.1357
-387.007
10.2517
12.3708
6.66605
15.2651
8.24148
-1.52377
-2.25225
-2.33142
1828.2
26.8547
-14.8897
91.2685
46.676
6.52839
355.828
-1.26356
81.6828
977.449
71.6102
-13.0438
-15.9627
861.552
-10.5233
-1.97744
-9.45796
65.2269
-4.41688
1.26728
-4.56974
0.771047
-14.6889
-13.8199
-16.0661
-16.3842
-17.3275
-16.068
-15.3832
10.2021
-15.8522
-3.76926
-13.5038
-16.0385
-40.9367
-14.6802
-10.7645
22.275
-15.1194
-7.48084
-14.6743
135.869
387.182
-15.5358
86.6999
78.4336
70.2571
-15.7998
-17.4142
47.7426
-16.4484
-17.0443
-15.8839
1.78891
-15.5397
10.1656
-16.1842
-13.6375
-11.6283
13.9032
-14.6772
8.63062
-16.0809
-2.32179
-15.913
-1.61487
-16.3061
4.0497
0.820027
-1.90668
-15.6855
-16.2813
-3.84763
-9.12693
17.5759
2.04779
-8.58175
3.73051
-3.85272
-5.63132
10.7543
24.9212
0.837245
-1.86224
27.5921
47.8648
-15.8086
364.161
-14.5142
1.87235
1.31546
4.95992
-15.9667
12.8156
31.2734
2.14464
-2.26547
171.486
-14.74
-14.1156
14.0418
-14.6528
-1.95192
-16.1015
284.191
-0.932984
-15.8043
-15.7037
-0.0559035
-13.7693
35.0459
-14.5385
-2.32838
4.73739
13.7827
2.73571
-5.20252
3.8839
-15.2706
-1.0376
-0.485962
13.0376
33.2719
-15.2583
64.7485
-15.0856
3.79125
-1.3724
-0.0766721
6.13988
-2.23503
-2.67358
-9.4934
1.14379
1.28794
4.53705
-14.7905
2.20506
7.64392
-1.76816
-4.6419
-2.99905
-16.4948
30.698
1.16926
1.25795
-49.4192
31.1799
-2.00851
-5.61854
2.55597
-1.81787
8.55133
-2.03146
11.7713
-1.48751
-16.9396
7.74558
-2.49613
1.44772
-33.9601
54.8278
16.6825
-2.77462
-43.8463
9.71817
4.60397
-1.95338
-1.7134
-1.69669
-0.592257
17.6272
7.72043
6.62156
-0.115139
2.67537
5.55883
-16.2784
8.72169
0.601991
8.6718
-18.2468
-4.21392
8.74773
20.4052
-2.25034
0.814073
5.81019
-1.92829
-0.963559
0.146469
-2.66004
4.79989
-15.217
-27.9602
-2.14118
-35.4596
9.95178
11.8165
121.186
28.934
5.58444
-2.06479
-0.812862
17.1317
1.14775
-26.2641
-33.7436
-2.21795
36.6737
9.16071
12.4733
2.24938
-23.7567
-2.31404
-39.9946
-1.2953
-2.48058
-19.3408
-4.87648
-48.773
-14.5494
0.509527
1.63248
-2.80825
0.45429
-2.76759
-394.987
3.80545
-62.5829
2.30679
-6.03078
47.6237
-0.802736
83.1552
-2.41242
0.617695
-2.4157
334.489
2.89788
32.9475
1.68131
-0.133278
-35.9601
188.761
0.345086
-14.1141
0.093439
-14.5407
-15.8002
-2.74961
-7.53885
15.2732
646.875
17.0611
-1.12347
-6.49192
8.08399
-18.4135
-2.70684
1.37654
-12.8771
-11.3957
2.46246
2.71147
-2.79292
45.736
1.24817
0.0224932
2.17686
5.86551
38.9838
0.29664
0.311831
-2.25775
)
;

boundaryField
{
    FrontBackPlanes
    {
        type            symmetry;
    }
    wallz
    {
        type            calculated;
        value           nonuniform List<scalar> 
97
(
-369.873
-321.547
-402.333
-247.915
1437.13
1336.38
409.077
320.429
1285.63
4.81182
-5.58319
-0.494044
103.72
-76.7883
171.665
222.739
-23.8362
108.466
161.335
58.9616
-5.21391
34.8122
73.5045
-122.855
98.487
23.1739
-19.4038
117.204
241.954
30.2957
105.144
154.135
-25.945
103.252
74.6716
144.008
240.263
130.863
159.92
218.359
677.196
128.981
36.0155
52.3933
75.6086
50.6125
2478.33
630.705
3868.83
-246.474
10.2202
7.19919
36.2118
551.719
357.763
121.929
-138.549
131.429
-3.66555
-0.624943
579.386
1045.21
755.916
-146.262
-64.4642
1188.95
1582.94
0.712406
-2.70019
674.281
380.798
101.734
20.2427
88.2142
-104.703
221.569
-415.913
205.867
172.663
97.5312
1437.53
1752
-11.3791
-247.529
-495.794
-510.839
-115.436
1623.8
1986.69
-6.71447
222.356
-116.396
-0.594372
582.199
236.572
-7.0116
-66.355
)
;
    }
    outlet1
    {
        type            calculated;
        value           nonuniform List<scalar> 
31
(
-3.99763
-2.943
-2.943
-3.69066
-3.62619
-2.99786
-2.9769
-2.95684
-2.943
-2.943
-2.9522
-2.94302
-2.943
-2.943
-2.943
-2.94713
-2.9586
-3.35734
-3.72131
-2.943
-2.943
-2.943
-3.04378
-3.22533
-2.943
-9.10519
-6.55762
-39.5561
-2.943
-2.943
-43.6875
)
;
    }
    inlet1
    {
        type            calculated;
        value           nonuniform List<scalar> 2(-537.491 -543.828);
    }
}


// ************************************************************************* //
