/*--------------------------------*- C++ -*----------------------------------*\
| =========                 |                                                 |
| \\      /  F ield         | OpenFOAM: The Open Source CFD Toolbox           |
|  \\    /   O peration     | Version:  v2012                                 |
|   \\  /    A nd           | Website:  www.openfoam.com                      |
|    \\/     M anipulation  |                                                 |
\*---------------------------------------------------------------------------*/
FoamFile
{
    version     2.0;
    format      ascii;
    class       volScalarField;
    location    "0.45";
    object      p_rgh;
}
// * * * * * * * * * * * * * * * * * * * * * * * * * * * * * * * * * * * * * //

dimensions      [1 -1 -2 0 0 0 0];


internalField   nonuniform List<scalar> 
6576
(
2810.55
2786.85
2794.04
2800.19
2815.54
2822.98
2798.43
2801.1
2818.09
2808.35
2847.81
2832.42
2820.56
2829.93
2795.05
2801.88
2768.17
2795.97
2797.66
2843.65
2778.67
2836.79
2840.2
2794.08
2824.57
2853.77
2902.97
2819.55
2782.98
2785.62
2806.07
2766.19
2804.49
2827.03
2819.85
2841.75
2817.23
2843.79
2802.4
2823.93
2789.85
2780.82
2807.94
969.028
608.711
1519.25
768.258
924.021
1504.04
1366.55
897.629
1202.13
-0.566737
-0.153569
-0.760497
0.883708
-3.46648
-6.78648
-1.02874
0.813304
1.77231
1.67081
3.67568
3.09723
1.6945
3.64215
-0.247832
0.201453
-0.489827
0.558722
0.305052
-0.691231
-0.511403
14.522
13.6939
14.1908
14.3145
14.8192
14.3149
14.241
14.1009
14.3258
13.8646
14.3735
14.3711
14.3726
14.6403
27.2302
7.25742
16.8532
58.9911
46.2809
39.5208
38.3544
-1.86233
-0.338185
-2.90738
-1.67882
0.815695
1.05331
1.03362
78.9983
202.669
32.165
149.015
187.639
82.3379
110.774
1420.2
1483.74
1437.13
1325.14
1519.47
1997.85
0.190358
0.0568155
0.0968586
-0.0229679
-0.264673
0.00244423
0.0287676
1033.25
2294.63
2483.71
2631.44
2638.08
2705.47
2738.77
0.441481
-0.0635647
0.0341626
-0.293017
-0.134913
-0.41424
-0.377999
34.5297
25.732
21.2112
18.3604
41.5204
27.1486
9.6718
4.36958
3.5733
4.6206
4.03967
3.53886
4.39187
3.26761
2.64436
2.83758
3.12755
2.71564
2.64176
2.85198
2.56992
2.47774
2.66341
2.7306
2.71632
2.72326
2.97138
3.51402
2.88433
3.19782
2.39729
2.2473
2.35531
2.58534
2.33264
2.36488
2.46147
2.39811
2.26762
2.49934
2.49665
2.37476
2.65125
2.53088
2.55205
2.68426
1.65846
1.61076
1.74323
1.73791
1.65505
1.88253
1.99688
1.92002
1.8239
1.34084
1.36636
1.22993
1.37036
1.52053
1.31125
1.41158
1.58562
1.40478
1.31116
1.56015
1.66574
1.46627
1.36537
1.01807
1.1122
1.02241
1.20599
1.03674
1.18019
1.38962
-0.110424
-0.219729
-0.288006
-0.00149517
0.00801034
-0.233292
-0.35136
0.747435
0.703743
0.767413
0.813353
0.76606
0.75498
0.820392
0.940237
0.871681
0.998542
0.945852
1.0087
1.12459
1.03688
1.37047
1.45608
1.35805
1.30815
1.36737
1.44003
1.35923
1.62224
1.57029
1.74714
1.54068
1.45336
1.63705
1.54747
1.96902
2.10225
1.93967
1.77537
1.90091
1.81296
1.94396
2.02369
1.89851
2.65384
2.93918
2.39914
2.30497
2.55001
2.63206
2.53845
425.211
756.656
400.7
664.928
527.165
285.794
1327.85
1049.62
947.732
806.301
1299.31
848.218
860.323
1466.75
788.574
1486.9
1428.97
1399.03
1305.47
1188.37
989.793
1067.87
682.574
323.314
239.678
291.531
373.453
306.775
269.896
407.859
349.84
271.998
1364.85
1401.2
1321.87
451.399
544.958
333.9
640.033
616.978
437.712
550.355
616.044
820.725
999.958
548.189
620.168
1000.39
987.094
352.062
137.109
57.0062
100.424
72.1503
58.3445
57.9087
55.2132
58.2161
389.326
208.857
52.1222
410.945
74.5884
161.054
159.169
-14.3191
-11.8946
-11.1942
-12.1696
-11.811
-11.7984
-11.0135
-7.6142
-8.75321
-12.7939
13.5025
-8.47769
-6.26524
-8.35478
-10.6733
-4.98631
67.4884
70.9196
97.7429
63.9189
88.3697
104.009
275.157
209.774
68.9299
361.244
719.729
320.429
411.011
469.639
305.987
489.093
1506.56
1209.05
1285.63
1278.61
1049.55
551.006
985.051
1249.01
1782.66
25.3145
-4.15751
34.6217
14.3957
39.0205
10.4196
40.5374
-9.20204
-12.0889
-7.14194
-9.83046
-7.70068
-11.4747
-9.4479
-6.39677
-8.13421
-8.35427
-6.47752
-2.10719
-7.26724
-10.7921
-10.8354
-6.46287
29.5494
398.814
93.9503
51.4113
44.329
119.255
27.265
218.774
288.712
559.78
553.313
533.024
463.508
538.721
550.566
554.478
28.9716
46.6397
104.473
61.2355
25.2152
19.2595
97.1941
1419
1427.85
1445.5
1111.43
1339.72
1320.36
1441.99
1.10373
1.19558
1.3302
1.30176
1.25316
1.24
1.30032
1.67524
0.700769
0.597655
1.45148
2.06506
0.516551
0.973757
0.561368
1.19982
1.02833
1.52907
1.85822
2.43358
1.23302
17.2175
33.4258
54.3809
47.1228
38.6964
132.404
223.836
78.6381
136.227
21.4568
21.1032
21.6835
78.7704
95.8879
31.913
54.602
350.547
494.522
472.676
345.638
356.084
337.761
404.401
57.1151
18.1573
74.2378
270.872
174.897
97.4993
271.669
266.121
116.084
152.061
264.935
260.376
123.489
259.871
492.143
336.681
440.558
503.475
237.442
426.096
171.176
235.097
261.339
48.8232
231.645
235.884
486.23
-0.834562
-1.68703
-1.47328
-1.35751
-0.205435
-0.305271
-1.13349
0.704868
-0.86902
0.896189
-0.146971
-0.607765
-0.640901
-0.616552
-1.45086
-0.154213
-1.65873
-0.0832528
0.227806
0.196084
0.0988533
-0.0329862
0.65148
0.550096
0.431107
0.430126
0.125672
0.706662
0.925658
-0.403159
-0.0953802
0.912624
0.348492
-0.314024
0.672371
-0.363867
-0.00294327
-0.00078367
-1.1084
-0.776252
-0.713518
-1.13937
-0.0349653
-0.207218
0.409557
0.139044
-0.259905
0.262184
-0.234171
-0.141243
0.342196
1.19269
1.27176
1.1363
1.02992
1.01409
1.12082
1.06263
1.02514
0.952233
1.01565
1.0804
1.01568
0.931087
1.01501
1.2963
1.25566
1.25419
1.23391
1.25246
1.23983
1.27589
1.91688
2.09474
2.01561
1.7544
1.80167
2.05187
2.19423
2.01718
1.97998
1.84642
2.08099
1.96582
2.42698
2.5827
2.48974
2.38457
2.5262
2.46933
2.33468
2.70506
2.79057
2.73488
2.65321
2.75453
2.72048
2.63476
2.94573
2.20248
1.85113
3.11477
2.2139
2.08422
2.27951
4.25913
4.18972
6.52686
3.88829
3.32158
3.09209
3.34953
3.35085
4.67831
6.04453
10.3495
5.97906
10.9897
5.47425
13.2115
6.7739
855.833
988.676
868.888
885.4
1043.1
997.677
931.83
1034.82
1027.72
976.113
1004.09
1047.28
823.99
985.232
68.5967
73.1013
585.008
885.876
719.048
162.695
175.546
5.10843
4.08802
10.5151
-0.024959
-4.3376
2.10951
-2.55434
84.375
38.8109
98.0217
107.85
54.1842
32.8514
21.3626
15.6666
7.89194
477.721
442.396
435.434
380.352
343.434
389.899
360.662
494.93
502.738
352.097
178.858
385.443
425.269
393.813
141.234
379.856
380.957
428.809
434.574
483.619
545.964
452.921
444.243
413.843
397.812
266.791
439.86
224.631
258.477
217.095
82.3619
425.831
350.116
327.088
366.447
378.492
41.6011
27.0006
160.366
173.569
151.97
243.403
161.318
362.399
284.061
277.255
285.519
339.192
576.98
587.749
628.337
-6.58578
41.0715
18.0798
11.0664
46.1285
43.9465
13.2602
403.033
194.423
240.927
58.35
43.796
813.104
537.249
592.184
822.251
234.553
463.239
874.344
619.264
610.877
1181.15
32.0403
62.4178
20.0352
81.0952
12.7121
87.3504
13.7796
240.426
140.543
141.194
131.954
205.752
85.5877
52.0571
125.454
83.4272
391.486
222.739
208.611
11.7668
-19.2556
-23.8362
14.4684
5.42913
29.259
56.85
-7.82811
9.6079
-0.306874
147.479
108.466
86.6225
96.5397
90.1312
-9.3536
85.1786
114.253
55.7828
46.824
-58.1773
-2.17063
152.312
37.1124
39.9619
81.8083
17.8155
25.5758
77.0588
1.45494
11.2804
47.1652
59.5087
-5.89595
-4.64695
-7.47447
-4.00322
-4.01535
-6.00529
-5.68537
-6.43017
-10.0744
-11.199
-9.60172
-7.84882
-6.31133
-6.8363
-14.7946
-14.7837
-14.7227
-14.8682
-14.8335
-14.9524
-15.1163
-13.9704
-14.6908
-14.0007
-14.9983
-14.447
-14.2644
-14.2632
-15.3708
-15.4996
-15.2414
-15.5577
-15.3571
-15.4415
-15.4974
-15.7755
-15.7251
-15.7599
-15.5578
-15.4813
-15.5981
-15.5407
-15.7133
-15.6295
-12.8449
-14.9574
-15.5168
-15.5816
-15.4281
-15.5363
-14.4475
-15.1745
-13.0536
-4.33097
-9.40266
-5.54563
5.47842
-0.337329
19.5836
4.25914
3.10152
3.75947
2.42068
4.35517
3.14614
2.26667
2.79804
3.00718
3.86351
3.259
3.1289
3.41781
3.30784
3.23093
2.77616
2.82047
2.64799
3.89378
2.6225
13.1748
7.55696
9.08865
34.6077
52.924
11.1425
20.7866
127.254
137.412
119.359
896.174
319.269
264.564
246.981
1927.77
1899.2
892.249
995.05
2128.74
1222.39
901.274
1853.51
2097.89
1746.75
1215.31
1836.77
1370.38
1647.27
1878.74
1873.51
1242.23
2211.66
2085.41
1990.12
1203.29
1350.56
924.27
923.702
915.531
932.549
1811.58
1123.87
1244.63
957.292
1550.85
1671.1
1904.89
1837.7
954.339
984.27
461.297
403.709
1639.65
440.619
1659.09
1606.62
321.13
341.091
479.716
3.08216
2.91806
1.73238
2.97377
5.06303
4.97297
3.42188
-0.110901
0.62317
0.210262
0.717048
0.0106422
0.574775
0.408458
-1.0088
-0.843761
-1.03586
-1.09184
-0.864713
-1.01279
-1.38531
-0.943417
-0.788474
-0.903899
-1.74781
-1.65004
-1.48649
-1.55161
-1.77574
-1.59346
-1.62763
-0.759121
-0.839682
-0.194635
-0.919319
-0.523101
-0.648445
-0.351858
-0.130392
-0.388196
-0.275257
-0.335077
-0.356036
-0.0223152
-0.163849
-0.0176966
-0.0470635
-0.0775743
0.000371426
-0.00516084
0.0345999
0.0544367
0.0646179
0.0486819
0.0646505
0.0932666
0.0653806
0.402622
0.51574
0.337472
0.325088
0.23612
0.258505
0.357539
0.326867
0.237634
1.0768
1.13336
1.15728
1.05498
1.06797
1.07262
1.03041
1.32834
1.28212
1.2474
1.29188
1.19181
1.27615
1.17871
1.80046
1.78155
1.9824
1.62456
1.77226
1.6891
1.88488
1.72585
1.53995
1.75652
1.66956
1.70228
2.3378
2.51413
2.27018
2.15866
2.22467
2.22524
2.33282
2.45279
2.35145
1.80779
3.15306
4.03326
2.02174
3.94802
3.26978
4.34156
4.24719
2.85794
4.17706
8.98415
8.34129
4.35912
7.14226
12.4472
7.18855
3.25179
3.27316
3.53382
3.21129
3.43548
3.18392
3.11183
91.8075
173.691
66.197
37.8934
66.7878
26.3136
26.8988
22.3947
23.1137
1222
926.606
1277.62
175.206
300.861
554.869
162.503
531.701
420.133
497.433
668.94
468.299
763.074
530.615
417.848
342.265
581.444
414.549
623.987
600.754
603.615
506.865
600.178
640.059
447.158
496.755
483.676
600.292
598.264
623.757
443.46
483.286
472.699
460.629
548.151
436.152
507.777
430.534
537.173
500.122
325.315
457.71
356.21
441.857
445.632
427.215
-12.8853
-12.6496
-9.99388
-11.5551
-9.93296
-12.1646
-11.5364
107.287
51.6549
62.8884
22.0379
7.46739
11.3142
32.4722
28.0301
4.57755
38.4081
98.487
-76.9462
22.7157
-12.6944
33.6149
23.1739
8.81452
2.94341
29.4706
104.312
89.2113
7.32811
52.0883
68.9203
4.98681
26.1987
61.964
60.6099
74.3787
134.669
66.6977
-19.4038
66.422
24.4492
24.3285
12.3979
-12.9075
-10.2431
-10.8726
-9.52312
-5.44703
-10.5842
-14.1536
-9.68463
-13.5439
-9.62473
-14.0698
-11.8812
-12.0855
-10.9968
-14.1259
-14.0557
-13.461
-13.3879
-11.9319
-14.2074
-13.9382
-14.6027
-14.5769
-14.521
-14.4561
-14.2888
-14.3246
-14.5199
36.8905
28.9484
271.027
55.9989
404.54
88.8619
78.5029
563.807
683.027
799.626
788.327
810.745
788.824
754.832
16.5375
19.6041
19.4507
26.8675
22.7386
18.8241
26.4692
15.2263
14.8847
14.91
15.2363
14.8643
14.9473
15.4037
12.3981
14.694
13.5143
13.1326
12.5022
11.1549
12.5916
5.17266
5.92375
7.9373
8.08643
15.4631
15.4336
10.6408
463.338
248.123
197.779
1187.29
860.574
292.3
603.765
698.58
315.6
247.388
246.317
247.877
254.147
753.473
259.537
337.281
254.614
430.197
1482.89
518.263
257.83
1610.43
1884.39
1272.76
1951.14
1935.29
1977.45
1919.06
2069.03
2018.43
1424.29
2032.47
2018.77
1830.54
1854.59
1774.74
1939
1487.37
1703.36
1505.12
1481.38
1562.12
1619.81
1569.23
1574.56
1688.64
1619.92
1529.92
1760.84
1601.93
1787.32
1859.5
2005.64
1976.57
2047.83
1933.59
2159.36
2089.42
1981.48
1643.65
2027.43
2180.79
1807.93
2024.34
1856.91
2015.87
2134.58
2023.66
2083.85
1754.37
2036.01
1634.94
1202.72
1179.39
248.001
198.4
277.286
336.035
677.685
1057.28
1497.61
42.5725
76.0702
42.0607
61.355
123.868
5.64254
9.51034
6.25237
22.4173
17.9813
11.1538
12.8897
13.8547
49.1892
33.376
15.389
9.65776
24.0593
16.1493
1.67349
1.71606
3.51955
1.59789
1.66821
3.58471
1.56468
0.107141
-0.504734
-0.478009
0.399463
0.637466
-0.648366
-0.550169
-0.892008
-0.76436
-0.650789
-1.2347
-0.950989
0.848379
0.517758
0.791332
0.757049
0.834067
0.760064
0.90576
-0.330584
-0.0972857
0.0238494
-0.00062778
0.077313
0.181891
0.171905
-0.0985548
-0.130321
-0.249342
0.0438769
0.0422324
0.0860777
0.100038
0.0740865
0.107121
0.170311
0.0118627
0.0164018
0.0567521
0.0289821
0.0871692
0.121262
0.115806
0.155331
0.230408
0.139322
0.0325439
0.0219241
0.00761979
0.107813
0.0976453
0.0664281
0.128193
0.0705694
0.0879657
0.107855
0.0476243
0.0433621
0.0167593
0.0849011
0.101088
0.0718757
0.0965209
0.143432
0.249614
0.141356
0.216602
0.15737
0.122112
0.163937
0.0663729
0.125978
0.118763
0.0659502
0.117774
0.148858
0.108403
0.35328
0.291799
0.377621
0.336022
0.418962
0.288438
0.356634
0.732367
0.729707
0.671269
0.725412
0.701469
0.810348
0.711618
0.624571
0.570456
0.585284
0.640548
0.510704
0.617925
0.564884
0.687659
0.703599
0.706274
0.713855
0.745446
0.69292
0.707885
6.20708
7.05789
10.6292
2.86956
1.63263
3.03839
3.62701
4.99413
5.62744
12.1162
4.02074
8.84652
12.2343
11.9934
11.9512
10.908
7.08879
7.35889
6.79618
6.57214
3.9515
7.01623
4.8914
3.56705
2.09263
3.76927
1.72341
1.16166
1.70595
1.54087
1.94157
2.61477
1.86513
1.8441
1.88673
1.62584
1.43516
1.15208
1.36628
1.86251
1.36528
11.036
10.36
6.59977
5.42063
2.6573
7.21794
3.83494
81.6302
120.427
152.367
147.841
81.373
76.4621
162.827
519.69
486.087
457.27
1349.75
1367.69
1397.8
1379.96
1131.26
1190.49
1246.75
1260.76
1157.75
1118.84
1100.19
1475.29
1392.79
1360.3
1282.19
1475.69
1430.01
1434.74
935.376
542.639
550.242
249.523
267.525
265.375
360.213
543.936
544.853
587.495
561.103
563.805
673.769
522.967
725.405
743.194
729.688
581.282
513.616
789.217
824.971
661.362
617.088
702.962
737.91
574.795
723.79
648.425
447.992
567.572
606.211
599.777
644.624
659.786
616.468
463.752
515.667
497.865
595.98
659.094
-13.3768
-11.8966
-12.7645
-11.346
-13.4585
-14.8969
-13.1184
81.8854
108.962
46.5256
69.8147
60.8563
2.43613
84.8879
103.252
67.1955
-0.559614
9.99417
72.4675
74.6716
5.86009
-0.340038
21.7716
66.486
65.2339
30.1343
40.8316
18.1424
25.6124
-2.73348
12.7941
38.2574
31.0891
2.21392
-2.41491
-10.1413
-11.7555
-5.95556
-5.6058
-8.31543
-9.75387
4.277
9.61012
3.2381
13.6281
2.52158
0.390018
-1.91658
173.274
53.1311
163.524
88.2001
60.6687
1.92231
29.9329
31.7837
40.7589
15.1633
13.1396
11.1922
92.7106
41.5628
313.189
132.201
11.04
13.0085
12.1291
10.2763
12.7176
17.3781
11.9923
13.3389
8.5247
16.3115
16.0607
15.7761
16.0553
15.6603
14.6794
18.0857
15.1312
16.9504
14.4935
14.405
14.3204
14.1051
13.9094
13.9998
13.7387
1637.62
1439.08
1384.26
1673.16
1655.92
1672.47
1573.74
1491.35
1534.54
1282.07
735.504
568.263
352.52
342.423
1375.04
1151.1
1145.81
1358.31
1443.2
1393.03
1384.63
1813.91
1252.73
1361.42
1104.51
1652.87
1056.83
1123.06
1309.77
1251.83
1369.45
1369.05
1429.87
1831.08
1556.98
1324.68
1838.47
1862.02
790.892
1316.98
1343.3
1005.65
1377.92
1927.04
1860.51
1570.95
1753.49
1834.47
1758.02
1762.73
1805.19
985.295
1430.41
942.301
1917.1
1897.87
1807.26
1775.95
993.965
1164.22
1570.25
1837.66
1822.55
1378.06
1338.32
781.107
414.868
836.372
1022.82
1383.05
1079.18
1129.63
802.5
1270.71
1286.68
1274.73
1268.56
90.5392
35.4594
39.8983
112.83
188.506
78.6568
177.267
1.17671
1.26111
1.25325
0.993612
1.16725
1.25258
1.26578
0.784091
0.746508
0.840302
0.776909
0.724175
0.7923
0.822432
0.0776461
0.0927453
0.135386
0.113934
0.0645402
0.135954
0.175446
0.124847
0.166415
0.235445
0.0911077
0.0233314
0.151606
0.0714809
0.064611
0.018925
0.128224
0.128793
0.111884
0.109329
0.112375
0.133579
0.159436
0.152402
-0.139424
0.229228
0.14405
0.190966
0.229755
-0.0695569
0.178782
0.144303
-0.331804
-0.457118
-1.03463
-0.695715
-0.680119
-1.12761
-0.868836
872.391
2258.63
2703.52
2632.78
2702.06
2590.42
2541.19
6.64969
2.1556
10.9174
25.1047
26.0619
16.7088
49.9128
2.94288
51.505
6.93078
28.0344
2.91391
180.651
14.2751
-0.801073
0.621743
0.0227589
0.132729
0.212129
0.504924
0.116613
0.997463
1.98364
2.1393
1.07945
6.19347
1.96474
6.84473
0.817414
0.866013
0.828719
0.847586
0.942669
1.00922
0.863703
1.67872
1.80129
1.72146
1.49321
1.21416
1.10997
1.65632
1.03969
0.679294
0.772568
0.66036
0.745991
0.752963
0.801947
0.680974
0.711306
0.634729
0.661294
0.659011
0.743502
0.637624
0.814149
0.521692
0.38915
0.424747
0.457727
0.396362
0.409148
0.600885
0.510152
0.952579
1.09723
1.209
0.998764
0.965184
0.874851
1.2832
590.417
283.522
284.149
365.734
516.601
615.081
365.955
1265.72
758.144
729.698
1158.96
829.007
864.27
720.647
1439.55
1481.46
1227.94
1313.44
1239.95
1070.52
1484.39
1329.91
1481.6
1307.58
1259.01
1327.32
1251.87
1501.02
1275.5
1341.53
1067.81
950.571
1250.21
1325.58
943.524
966.389
1215.21
932.195
1270.39
1439.54
1230.33
777.785
837.965
808.311
1199.25
980.02
1215.83
940.538
1045.79
1056.84
619.585
237.737
247.918
962.563
756.045
641.838
849.208
766.713
749.81
694.636
363.992
323.218
249.341
337.54
238.427
249.059
171.73
-15.2557
-15.4301
-15.1985
-15.201
-15.2868
-15.4212
-15.3284
-14.6554
-14.4025
-14.2841
-13.8888
-14.3835
-14.0725
-14.2203
-11.2497
-0.823259
-20.5075
-6.68547
-11.5333
-11.7027
-12.8658
-14.972
-9.87803
-2.8807
-0.754362
-12.1941
-7.07016
17.5073
860.398
424.959
677.196
920.883
701.011
801
820.104
114.438
128.981
63.2238
312.234
78.8177
199.529
99.4458
142.763
364.384
96.899
112.25
310.293
102.298
87.0703
116.392
150.067
94.6485
109.53
94.3543
119.142
310.301
549.848
188.73
600.019
152.869
147.589
347.192
1090.84
619.332
704.344
1073.14
1013.63
1056.81
622.592
1038.42
1000.02
980.376
696.977
624.397
1063.65
631.638
1046.68
756.189
668.099
927.594
968.617
875.689
785.069
349.427
971.413
912.403
660.935
295.387
255.627
169.267
750.862
293.381
264.959
1326.23
1344
1237.7
198.271
208.52
623.483
721.171
1384.47
1371.36
1408.1
1530.32
1499.69
1498.28
1464.79
2.89615
2.8838
2.97368
2.76303
2.92841
2.96709
2.90683
2.82217
2.6895
2.74137
2.77836
2.7405
2.74686
2.76386
2.26775
2.37546
2.16766
2.54036
2.39591
2.4707
2.80745
2.37664
2.55121
2.86475
2.30736
2.28798
2343.69
1767.65
2404.63
1935.62
2149.1
543.714
2235.7
-0.283239
1.54578
3.78806
-0.50341
1.50328
3.03619
-0.487691
0.205934
0.28
0.421856
0.165833
0.554413
0.270631
0.140088
0.0159441
-0.266736
-0.0845155
0.179939
0.0390281
0.143781
0.0131387
0.144364
0.0650378
0.156511
0.182137
-0.00744843
0.121771
-0.0529977
0.0250686
0.0185128
0.0838162
0.0900993
0.0604875
-0.212846
-0.00664166
-0.312036
0.21612
-0.115746
-0.0780785
-0.154745
1.36451
0.725009
0.497207
0.82972
0.233662
-0.124977
0.082159
-0.075733
-0.939954
-0.44579
-0.951916
-1.02838
-0.729209
-0.245249
0.28816
0.237557
0.689649
0.457298
0.198974
0.0424843
0.692307
0.131649
0.734951
0.470644
0.208643
0.307314
1.02756
0.603002
0.451706
0.620336
0.389199
0.350868
0.288396
0.39474
0.337024
0.489527
0.425836
1.12105
0.908981
0.923041
1.48644
1.97503
2.47846
2.80646
268.921
261.65
265.799
328.698
712.233
266.996
478.299
264.123
291.036
387.37
511.833
266.49
387.038
267.912
681.262
309.194
713.179
432.571
344.558
319.029
295.426
865.834
263.912
1320.57
770.394
1322.88
914.096
1063.31
1040.79
882.354
1304.71
1307.96
717.643
1487.75
1252.68
1486.72
1317.26
1507.24
1083.82
1496.55
1072.51
1517.94
1538.91
1265.71
1222.57
728.109
457.293
1018.48
1256.09
1295.44
-14.0132
-15.515
-11.075
-15.7862
-15.6891
-15.5677
-15.5964
-15.5715
-15.5689
-15.5615
-15.7587
-15.6917
-15.9766
-15.8498
-15.7393
-15.5913
-15.7298
-15.7804
-15.9458
-15.751
-15.7791
-15.5475
-15.8055
-15.6278
-15.1106
-15.0464
-14.9276
-14.7197
-14.7922
-14.7336
-14.8534
-13.9717
-14.3216
-14.2638
-14.7259
-14.3347
-14.589
-14.3867
-10.0052
-9.80951
-9.49301
-11.5988
-11.7923
-13.6416
-11.9455
887.866
402.048
607.165
3033.2
1489.3
2412.12
2439.39
2049.19
3174.75
2476.77
2004.94
1007.13
2478.33
1654.53
2363.74
2446.94
1174.92
728.758
630.705
654.259
730.286
56.4828
450.738
836.134
3868.83
2571.19
759.747
902.578
996.032
841.855
930.068
708.886
774.544
621.432
697.261
868.544
14.0738
82.3899
75.9167
19.9517
-16.2842
51.039
0.830826
126.425
35.9226
59.7419
37.5117
49.879
50.4426
76.0923
23.9633
51.7578
32.1035
40.8665
135.1
205.602
86.8373
2.81022
2.58284
3.03376
2.8164
2.83509
2.60791
3.24574
3.34905
2.6199
3.5525
2.62324
2.77532
3.46703
2.9584
3.37589
3.22629
3.31094
2.57991
3.29564
3.09323
3.1114
2.86065
3.03345
3.28863
2.60422
2.8715
2.84603
2.45784
0.72499
0.807706
0.73896
1.05335
1.66732
1.15885
0.7994
0.608616
0.543619
0.63138
0.614727
0.616603
0.677183
0.648699
0.653971
0.700285
0.586514
0.603716
0.597028
0.584906
0.518947
0.675589
0.621771
0.790667
0.522443
0.729179
1.32344
0.968328
1.19262
1.38258
-0.254248
-0.0598608
-0.0854104
-0.336063
-0.212681
-0.453988
-1.30423
-0.846941
-1.44756
-0.992572
0.019973
-0.164273
-0.29981
-0.277656
-0.814946
-0.207551
-0.474874
-1.41283
-0.816977
-0.148378
0.0238869
-0.0322909
0.0785886
0.0481589
0.00555348
-0.0535268
0.169214
-0.110652
0.135204
0.673416
-0.216853
-0.869117
-0.867127
-0.87598
-0.70263
0.266145
1.18784
0.0121626
1.06893
0.697392
0.155557
0.311913
28.8546
43.7714
29.3064
82.2048
37.0029
141.486
77.5335
318.223
329.002
321.76
425.32
321.295
325.533
420.504
309.853
304.662
328.551
301.596
305.263
304.89
448.241
311.803
303.536
306.326
541.974
729.717
531.7
740.394
732.936
736.752
580.382
274.266
267.903
40.6897
75.8942
39.2157
42.0663
85.5267
68.1232
37.4958
1246.25
1182
1139.56
1165.47
1202.42
1123.12
1163.47
1043.63
1061.89
1068.56
1078.75
1083.73
1077.48
1082.94
224.881
1018.95
977.792
193.548
651.297
1020.39
970.022
61.2935
40.8746
54.649
43.2076
84.2747
96.3478
266.688
-12.116
-14.0448
-9.74415
-14.0064
-13.3941
-12.5253
-13.042
16.1125
4.5045
18.7591
6.68207
2.30981
16.16
16.4376
-11.705
-10.9261
-8.45693
-8.37209
-10.5559
-15.5738
-15.3553
-13.997
-15.8759
-15.8104
-14.8266
-15.3869
-16.0508
-15.9081
-16.0046
-15.8329
-15.3835
-15.9039
-15.8283
-16.4684
-16.1727
-16.2346
-16.3234
-16.125
-16.0901
-16.2375
1489.16
1027.99
654.011
482.697
432.174
864.679
105.566
284.431
100.54
200.301
-491.953
168.419
551.719
148.24
277.04
-79.723
203.452
381.506
357.763
120.462
323.342
280.045
362.074
52.0581
121.929
152.469
-38.9095
-31.3432
-33.134
-34.6123
-31.9532
-37.3005
-27.7111
606.008
678.636
711.351
613.069
557.401
743.045
548.558
754.828
614.14
681.615
837.002
725.638
971.539
784.296
571.803
229.857
804.171
790.064
846.912
930.109
78.5675
-12.6072
274.997
25.2566
311.793
-4.97996
90.2202
-44.0486
-45.5057
-27.8552
-25.1714
-35.9442
-38.4157
-41.9452
-40.7098
-43.5036
0.439781
0.721783
0.597129
0.639668
0.813281
1.12315
0.571486
0.825813
0.516851
2.38634
0.844954
0.601874
2.52295
2.28641
0.338813
0.181116
0.512245
0.554434
0.57294
0.420186
0.434989
-0.077748
-0.0972929
-0.153963
0.816823
0.283651
0.388941
0.501354
2.13375
0.548333
0.196502
0.118213
0.0533573
0.154293
0.237811
0.328392
0.133383
0.0842522
0.137414
0.193077
0.077609
0.0172201
0.0908322
0.00608023
0.0313119
-0.0365335
0.161437
0.324781
0.140492
0.0360951
0.126252
0.0792163
0.209456
-0.025898
-0.0197255
0.0705826
0.813628
0.312786
0.759049
0.0345831
-0.119244
-0.294492
-0.485835
0.212512
0.134621
-1.08914
-0.584876
-0.882676
-0.716468
-0.736333
-0.353535
-0.267846
-0.778771
520.062
555.718
473.413
322.765
99.421
321.841
585.209
409.276
587.725
397.963
471.215
580.773
587.664
590.945
407.66
423.257
315.465
0.813373
0.783192
1.04797
1.19222
1.0832
0.821604
1.3618
1.78047
3.23982
6.25625
7.57605
6.11937
3.25887
4.48617
15.4229
7.34685
7.07219
11.1226
28.5567
8.57131
25.3968
3.51938
3.65888
7.83937
3.60939
3.39882
3.08489
5.12269
19.6856
34.9721
13.9116
20.5663
14.3508
19.5275
44.3842
2.72125
3.74685
3.10873
3.08625
5.09011
3.29777
3.11606
29.7382
29.5999
20.8654
26.7963
21.2632
23.1974
10.1833
6.72453
3.32185
5.03195
5.17062
6.84926
14.6652
4.93433
61.0408
65.7581
68.1306
120.88
55.6097
53.0839
55.2303
29.7398
128.822
73.7479
37.1591
24.5086
141.536
378.142
127.974
223.422
116.183
85.4856
161.255
111.421
224.323
1229.71
1207.3
410.218
980.139
212.958
1240.68
1254.41
1246.32
509.804
806.887
711.005
697.708
694.406
710.903
763.404
667.667
195.24
90.99
136.476
70.6544
79.3742
90.5211
188.981
38.068
96.2708
5.47932
107.248
11.188
1.309
37.5934
2.78311
4.01004
20.6874
-1.20544
18.6148
22.6459
13.2523
20.7496
5.84377
21.3536
46.4146
55.4317
9.34833
32.0039
82.523
92.3678
52.0961
84.0084
38.3856
258.247
48.4018
40.037
238.022
125.484
1060.21
1043.48
1055.22
1037.25
908.069
1037.64
1074.3
722.729
500.286
579.386
552.459
675.748
645.162
999.807
1045.21
1081.66
796.576
843.733
800.018
724.952
462.62
731.475
467.285
989.357
878.689
779.503
763.865
755.916
809.552
1092.48
828.895
794.602
666.782
694.576
862.129
751.016
681.338
755.174
195.567
255.918
244.616
161.754
92.4348
168.409
224.913
318.785
348.951
260.725
350.003
311.189
198.08
120.804
292.057
250.332
342.919
333.007
260.361
342.195
307.741
313.021
307.554
310.132
288.536
-11.7966
-1.82999
-4.83467
-11.9456
-13.304
-9.94296
-9.90329
-19.6828
-16.2751
-17.9472
-16.0243
-20.1487
-14.6362
-17.4756
-26.3698
-27.8213
-28.8465
-27.275
-20.294
-26.4673
-28.3664
-22.5543
-26.915
-22.4689
-27.5145
-26.0797
-19.8614
-26.7664
-26.9826
-8.81131
-18.3698
-16.149
17.4158
23.3451
-11.0959
401.764
430.564
326.987
298.057
464.458
479.062
496.368
609.421
581.687
386.021
571.772
442.271
575.718
528.604
571.9
531.622
524.544
518.502
741.64
666.238
595.995
554.703
679.617
806.51
16.6088
12.0325
85.9075
69.1531
46.5962
22.1477
320.006
-23.1069
-27.2589
-27.2868
-26.086
-23.5469
-28.0501
-27.518
-24.2414
-24.5065
-24.8113
-26.9056
-26.2797
-26.1985
-26.1318
371.935
11.2797
323.334
483.146
319.825
236.728
-27.063
1296.08
1516.67
1471.89
694.648
1295.77
1753.3
622.244
779.146
871.278
828.941
821.369
316.288
557.047
346.663
348.848
491.321
824.053
647.533
683.431
778.339
-14.6816
-17.333
-15.8972
-16.9384
-16.7706
-17.1381
-16.4651
-2.18212
-13.9665
-3.16184
-5.63426
-7.60625
-12.0593
-8.7945
29.8257
228.997
45.9821
17.4031
1.32293
46.6691
14.0756
7.95571
8.92788
9.28088
9.46201
10.6454
9.81566
8.59187
14.063
12.937
14.3859
13.2923
12.396
13.2802
13.9416
6.1648
6.33834
6.41776
7.06062
6.19828
5.79698
6.59873
7.06833
8.43366
10.6228
9.96232
10.1522
11.3797
12.4867
10.8565
10.5476
1308.86
1260.08
657.202
114.875
751.377
1449.43
166.723
1533.54
1524.48
1085.71
1051.52
1282.72
1534.73
1506.05
1449.23
1291.61
1579.78
1616.93
1246.3
1637.78
977.372
34.3621
202.934
70.6944
22.2848
33.9262
150.527
280.311
7.46459
57.7453
52.9188
10.4435
4.15519
1.352
0.56643
1.16056
0.62567
0.492595
0.520156
0.733867
2.03704
1.31834
1.81908
4.26043
4.02508
0.893372
0.646018
0.720968
0.510254
0.607389
0.628799
0.557845
1.00215
0.944236
0.720135
0.544624
0.667606
0.876355
0.804053
0.241622
0.133034
-0.306277
0.518713
-0.109995
-0.645818
-0.202486
-0.536137
-0.890192
0.0102131
-1.16591
-0.748395
-0.448457
-1.0383
1.38043
-0.49757
0.414421
-0.180615
1.73123
1.11451
1.79216
2.93569
1.80129
0.881125
2.95754
3.15318
0.599919
0.599334
0.362647
2.30937
1.45279
0.732516
1.41357
-0.0218186
-0.117648
0.19787
-1.45887
-0.433776
3.78201
-3.23501
2.35003
1.25219
3.69357
1.59535
3.30761
-3.13733
-1.52798
0.0399988
2.81785
3.5516
-0.163351
1.67504
2.71265
-0.838683
-0.0474791
3.16997
1.00142
-0.0295589
-0.871115
-0.59625
0.525283
-0.427415
-0.203206
0.902883
331.312
582.823
584.616
585.104
577.366
580.184
570.871
239.743
384.211
113.396
638.23
629.566
640.841
637.74
203.378
562.572
4.03952
10.3119
1.21728
4.54463
1.27691
6.99304
14.3576
5.30188
1.07448
252.352
246.591
253.316
26.3841
187.455
70.7571
581.274
0.478609
1.02215
1.02346
0.864282
0.926309
0.415736
0.95731
0.144932
0.290255
0.216501
0.0772384
0.245018
-0.0463568
0.0412403
0.492138
0.535163
0.798729
0.519875
0.85494
0.446879
0.452249
0.513769
0.474835
0.429285
0.319167
0.430089
0.792913
0.868395
0.803091
0.711239
0.779851
1.14614
0.810741
0.63562
0.631227
0.852594
0.646121
0.632457
0.629801
0.732508
1.5643
1.39287
1.72905
1.71981
1.81237
1.42891
1.2913
1.12763
1.51863
1.11117
1.17724
1.16456
1.70246
1.69299
1.81852
1.80752
1.61077
1.58286
1.83218
3.18819
3.85496
3.68475
3.09202
3.64845
4.41942
3.63087
4.64598
1.50291
3.69432
8.84573
11.9103
2.32564
2.93382
12.525
9.35784
2.99509
2.48962
2.19638
2.31544
2.26253
7.04782
5.32457
12.4544
12.4863
12.3864
11.8985
12.1673
12.3871
12.435
3.84706
2.29031
2.84532
5.57115
3.13995
2.57007
2.3403
3.19618
2.25333
3.02007
5.0252
2.53022
6.64395
4.21861
6.89667
4.35572
4.30184
6.77305
5.44473
203.908
172.709
358.763
487.786
705.742
105.193
622.618
74.465
60.0508
89.1444
68.6938
53.6597
51.9163
54.1902
516.495
536.397
542.048
379.231
193.085
529.043
516.447
106.06
214.138
138.567
560.898
376.823
386.408
204.052
509.558
541.49
532.793
484.223
121.582
480.774
453.901
338.37
69.6577
403.815
417.65
431.194
303.573
132.19
276.503
272.786
26.8114
55.1699
579.302
882.028
674.281
763.584
505.01
348.56
380.798
142.162
292.777
15.9379
189.029
272.833
384.262
316.009
210.033
84.8134
213.152
291.979
213.953
72.3733
41.8206
52.3226
101.734
245.277
132.825
183.571
226.593
181.446
169.092
281.472
382.508
225.571
472.931
442.788
467.978
381.782
432.648
464.667
324.926
598.09
382.645
458.874
660.775
491.945
160.47
192.899
350.76
330.075
571.612
360.436
48.8598
536.547
491.93
154.933
256.016
439.857
359.52
481.862
258.007
255.603
491.39
454.465
325.815
281.835
364.215
312.351
191.111
498.594
395.392
600.916
565.723
397.659
-150.066
331.944
132.01
5.34715
13.7567
20.2511
17.858
24.7284
34.8851
70.3327
57.3732
76.2777
214.402
50.0608
103.719
194.376
215.839
205.867
394.497
240.825
-106.009
182.09
172.663
247.907
-205.678
46.9002
98.931
36.7405
3.93639
130.634
177.245
47.6584
-14.2954
97.5312
121.767
208.92
-0.763921
27.4777
50.395
97.9296
99.4727
102.016
139.527
71.1814
42.2147
54.6561
73.6085
75.7701
52.0103
61.5971
75.7861
267.729
167.167
290.161
235.83
279.523
343.497
295.037
82.0725
243.232
46.8784
40.2383
153.427
58.105
100.472
39.993
200.099
13.9158
13.7785
13.0474
11.8713
12.3391
13.3104
13.4634
25.4965
16.4063
12.5251
28.6563
17.9633
15.7576
20.4894
15.4897
14.1763
16.1185
15.069
19.8262
15.817
14.8314
15.0281
14.4358
14.7578
14.7799
14.9618
15.3428
13.7687
14.9787
15.6641
15.2956
15.7534
15.816
15.1434
15.1668
15.3099
15.3991
15.4362
15.4532
15.4484
821.64
712.033
795.209
1035.9
1036.29
986.305
970.183
4.09674
2.10629
2.07078
4.19671
5.69562
2.24463
2.35664
2.78326
6.06885
3.46588
4.95978
4.42416
2.38528
2.39055
12.4546
12.354
12.4593
12.3361
8.61223
12.4408
12.372
3.2755
2.36583
4.43365
2.96059
2.4341
5.7694
4.47936
0.410546
0.482574
0.540579
0.779487
0.734319
0.793323
0.975722
0.93464
0.624278
0.924353
0.54945
0.883083
0.555515
0.580965
-0.484055
-0.245691
-0.133778
0.148091
0.430824
-0.0973074
-0.473521
0.200447
-0.475134
0.125698
0.0606009
-0.547208
-0.706864
-0.547054
0.217361
-0.275989
-0.722204
-0.758751
-0.512043
-0.719398
-0.71701
-0.794002
-0.781479
-0.763999
-0.475244
0.21123
-0.670822
0.33845
0.329988
0.758452
-1.52832
2.67515
-0.386802
16.0547
4.01789
11.1036
31.3982
47.4483
72.6565
83.8577
209.425
70.7968
1220.54
1899.71
1620.46
1370.97
1565.03
1718.61
1599.03
1569.71
1521.53
1281.44
1486.2
1437.53
1380.04
1529.65
1440.69
1589.72
1572.7
1239.24
1491.42
1775.1
1613.97
1249.96
476.676
528.321
397.839
147.27
115.102
528.33
551.692
121.656
235.502
136.779
6.50356
4.94785
102.692
-2.16969
-1.4818
-1.65655
-0.382226
4.07633
0.581801
-0.920605
2825.83
2795.23
2852.77
2800.48
2756.76
2867.6
2856.98
2878.51
2874.17
2866.71
2854.19
2874.99
2806.18
2848.82
0.275717
-0.0212329
0.0597715
2744.24
2847.88
2778.4
2785.51
2793.33
2788.54
2783.62
2784.41
2794.27
2809.88
2822.92
2792.94
2777.41
2786.16
2789.52
2794.34
2782.88
2777.51
2787
2790.46
2771.03
2792.3
2788.15
2797.91
2783.06
2778.65
2772.91
2781.23
2786.76
2782.29
2783.38
2811.19
2799.53
2785.79
2777.51
2750.47
2780.26
2777.32
2784.82
2775.61
2780.55
2791.57
2781.95
2782.15
2732.5
2775.41
2792.41
2508.58
1887.17
2824.35
2849.51
2840.44
2714.07
2750.65
2817.54
2853.71
2889.64
2879.39
2885.37
2868.73
2859.76
2812.19
2863.69
-0.691694
-0.738417
-0.797334
-0.725983
1.4183
1.02368
-0.464116
2795.01
2816.57
2774.52
2849.68
2828.85
2848.78
2811.3
2876.37
2899.16
2836.23
-0.0349516
-0.427952
-0.148239
203.874
202.48
211.622
171.399
40.4039
111.515
26.7294
27.467
204.86
1584.5
1792.68
1866.12
1482.16
1793.47
1570.09
1802.78
1643.85
1575.46
1728.83
1979.77
1623.8
1523.8
1817.2
2015.69
213.479
96.6407
19.7853
11.6606
26.2391
28.9225
1.40906
1.56164
1.89076
2.05489
2.21856
1.60736
1.76844
2.13229
1.11771
1.05366
0.739728
0.784992
2361.21
2288.22
1976.48
2170.04
45.1433
48.7582
1746.88
1478.87
8.61848
9.39128
7.54799
8.16575
10.6976
9.46703
1.84565
2.40115
1.52522
1.55338
1.27581
1.31561
5.07661
4.91862
53.0997
33.2243
5.68411
4.59868
1.04218
1.07013
6.19362
7.88348
7.10152
8.60383
5.48721
5.82535
3.61293
4.94995
5.06579
8.48444
6.02595
5.95062
3.08994
3.36405
3.81118
4.96912
2.24485
2.57034
1.76564
2.15701
13.5938
14.4853
14.6062
4.50245
4.97406
4.09649
3.51428
110.629
222.048
112.567
372.613
25.2442
38.059
25.148
47.2838
191.165
305.813
44.4113
114.258
513.033
1011.25
972.492
1436.19
2.2651
2.14554
2.42411
2.34788
283.42
517.791
184.895
514.164
1.88059
1.81184
2.27206
2.17027
0.73554
0.774822
0.469114
0.447106
20.6423
-1.4732
-9.70441
-4.11894
-16.2889
-16.1995
-15.901
-15.2226
5.14494
3.69403
5.59921
4.30289
1075.89
1101.72
1047.71
1056.54
1052.33
997.07
1261.13
1141.62
-13.4653
-11.6666
-11.3217
-7.17737
11.5451
16.3549
15.6851
28.7726
0.963857
0.7063
0.779506
5.3115
6.53208
3.04942
3.61796
-14.7286
-14.9746
-14.7787
-14.8844
61.0876
73.4591
78.098
97.0291
1370.19
1390.43
512.87
1372.98
421.706
318.861
607.073
451.687
-14.8583
-14.9378
-14.1327
-14.4124
424.304
233.674
672.934
507.1
-1.1183
-1.03764
-0.145001
-0.875657
0.882954
2.62775
3.52117
3.68151
3.77206
1.72205
-0.175192
-0.556245
103.385
80.4813
3.38923
3.46322
824.779
537.003
795.146
328.129
75.5795
50.5531
32.4222
30.4027
3.16832
3.61807
1.53508
2.03646
0.384885
0.768286
0.189394
880.644
940.822
0.769825
-8.44673
1.69159
-8.19427
-15.4281
-15.7475
1.2732
0.232242
0.166107
364.285
366.557
998.691
401.91
52.4658
14.7769
48.4098
841.436
266.434
128.467
8.36846
29.0883
-0.860462
-5.66136
-4.56802
-8.99522
-7.07596
-9.00319
6.90169
9.2481
1.26687
4.31547
1.32628
1.42538
1.37368
1.38229
3.34057
3.76384
13.5735
1.14994
1201.77
8.06277
1.42052
0.83185
130.433
1353.55
9.44521
46.0282
0.446304
-14.3837
3.35251
74.4329
1655.43
784.394
330.543
0.737195
800.172
-7.5325
185.794
2.04119
0.185754
99.5339
1.51564
-15.7036
485.035
2.2233
3.82481
161.271
891.758
342.406
2.62329
2.60942
240.872
14.094
4.38897
1.09552
928.942
1911.77
1164.87
2.07551
594.301
95.4895
67.3511
1.25762
-116.396
565.725
145.368
-7.96243
108.086
-6.82655
-2.42199
-15.4674
-2.93123
0.655251
-4.21548
-12.0205
-12.3427
-6.88476
-7.27436
35.1605
86.78
15.4749
29.0995
119.524
-6.48472
6.52721
1.20166
-13.2343
-12.7221
1.3946
-13.54
-14.6043
-1.108
-12.9932
0.791646
-12.4307
-13.1157
-8.67171
-6.81894
-14.8902
36.6015
-14.8766
-14.1986
-14.3515
-14.5074
3.21031
-12.3229
-14.9691
-13.9481
-12.9883
16.7768
-13.4078
92.966
-15.1459
-12.6693
-6.79224
-6.31333
16.7617
-15.2398
-15.2051
-14.1984
-15.0728
-14.9809
-14.724
-14.399
-14.8221
-11.8176
-6.33264
-14.8362
1201.63
-14.6222
-15.45
-15.4754
-14.2807
-14.1936
-13.9139
-13.8105
8.93745
-15.2906
-15.0242
-12.6143
-12.788
-14.1386
-14.9323
-14.7858
610.392
51.4963
-14.271
-0.847062
-7.90962
232.666
-15.1164
-13.3723
-9.79226
-11.3357
-10.5885
316.103
-7.90121
-10.8981
-12.6188
-13.6624
-14.9783
-9.77441
-21.6546
43.879
28.1276
3.95218
36.4253
-0.0663861
-9.84382
4.37068
-15.0429
-13.8531
2.73138
0.109404
453.097
-13.2317
13.2707
568.917
-14.5499
16.5098
-9.46102
-15.8987
-2.9182
-12.9184
520.563
2.114
-15.4374
-15.3655
0.893131
48.5363
1.14361
-2.94733
-14.0799
-8.92869
-11.2457
-14.8813
-14.3191
1.96912
-13.6023
-14.4073
-12.7715
-15.4263
-11.9504
-7.64646
-13.2582
-15.2577
-15.005
-14.7838
-14.2414
-0.889794
318.452
-15.2894
222.087
0.974928
-16.0991
-16.0876
-14.2945
-8.62205
1253.65
-15.6841
725.751
-15.8647
-15.256
-15.7999
-15.2957
37.1008
1184.85
-14.5141
-14.9457
7.72539
-15.08
-15.2949
-15.5769
15.7462
-13.2592
-8.31223
-6.1501
-17.6786
-13.8951
-0.726517
-14.2177
0.853326
-4.3755
-13.5122
-16.4592
-16.1019
0.668764
-0.577487
676.895
-14.6307
546.152
37.146
164.553
146.924
73.6887
10.0127
-13.1936
-14.8993
-14.3122
0.498979
-14.1432
-13.802
21.7203
101.133
252.43
621.276
427.689
436.453
231.798
208.072
-9.96763
86.5378
31.5025
-14.6224
41.4488
-8.59082
-15.044
115.131
697.625
17.1212
-12.963
373.03
4.50915
81.7635
-5.96237
82.7088
676.382
1022.95
2455.37
209.936
504.774
-9.92143
34.0642
3.61155
4.7257
7.07575
11.923
19.5779
17.6095
68.7138
37.8216
4.25723
4.18146
392.511
53.2913
14.1323
16.5623
28.6507
35.3618
724.765
4.63262
64.2938
297.941
5.95881
1254.72
656.442
96.4474
165.76
7.23455
54.2513
44.0013
344.79
31.8671
49.8768
-13.569
103.375
1075.16
1220.69
43.6006
0.997593
937.605
46.3014
0.729201
-15.6907
5.40907
5.14791
-38.36
-4.88361
1201.01
0.797271
222.69
129.632
156.065
155.615
2.68932
-12.7491
-15.3323
412.95
167.095
836.707
-11.3015
94.6929
0.294617
37.177
137.72
404.77
439.364
144.383
1037.27
5.06004
-5.37969
1.05279
0.352031
2.41759
729.228
51.1372
1317.92
0.975581
1068.74
97.5072
80.1335
103.624
21.2133
374.145
6.12689
-4.70853
1.99837
1136.19
-2.39547
-15.3249
-15.0529
1183.64
-4.63219
443.137
-12.7401
-13.0832
16.6304
-5.51003
-13.944
55.2857
431.025
110.597
-14.6765
0.624141
43.9856
1.58323
913.841
92.1414
15.3551
-13.6957
12.7085
307.021
-9.00001
335.582
8.45499
1309.52
115.704
43.4946
51.5633
59.4904
576.757
-14.8864
0.199551
-4.45391
78.0222
1.70132
2.93506
233.154
12.9951
9.81083
3.24345
3.0253
3.36258
11.2374
1.14982
47.7052
-0.0193383
164.203
6.79167
1159.99
31.6396
54.3068
1063.71
1574.3
1171.6
20.3544
976.209
1238.92
1042.09
12.6953
9.19165
182.335
2.25013
78.3431
54.6448
-11.1937
177.527
43.1739
21.3229
0.524717
7.7886
-8.97918
-13.012
0.0413931
0.599378
3.47784
78.0896
-13.6825
42.6852
7.26978
-7.63618
9.72147
969.214
530.368
757.009
84.3903
-11.9077
61.7924
146.378
-15.3061
-15.1208
1048.54
233.43
-13.9482
372.259
30.5094
1151.25
917.075
1126.26
47.1417
-10.8695
13.3142
998.927
0.158356
1.16889
-13.5
-14.7098
-12.0933
28.1585
4.48245
-11.2623
31.1331
-1.12562
208.04
36.2038
5.97177
-14.961
18.9391
-15.2452
4.129
0.323101
4.10381
91.3512
67.5283
1.17378
-0.167872
1103.32
336.432
70.104
1035.45
1180.27
113.816
124.764
692.069
-11.6811
219.333
400.43
160.683
55.4605
351.1
9.08542
19.1208
396.922
43.229
744.47
328.439
76.6526
26.2494
8.23191
554.874
1379.71
1299.13
1112.3
1308.26
582.199
-13.6818
619.248
1297.63
922.299
1055.18
1316.5
417.109
14.4553
325.993
1277.65
499.437
2444.67
-15.1433
-14.5471
446.001
1511.7
1371.79
-13.5622
1283.13
1390.15
3.6619
549.41
572.358
351.988
2.78341
1.81801
7.87836
1369.34
3.83773
1005.59
1047.39
0.613536
379.981
718.687
708.138
1342.66
652.648
166.682
1269.98
57.4902
80.9848
2.45873
1144.32
15.815
1.93764
127.187
1.65845
32.9621
-10.0589
732.022
1.1909
-7.36498
103.067
2.6196
1023.29
434.595
309.603
591.257
0.381363
108.671
48.4756
0.938827
-0.00906361
-0.263231
-0.455765
57.3262
18.5833
253.892
1149.8
30.9638
37.3152
615.494
22.4221
0.188056
-0.499976
0.407212
-0.161593
0.51934
893.819
6.21248
-0.20584
-0.295139
0.521804
0.465039
-1.22059
-0.393675
-0.493903
-1.21624
-0.984605
1.09864
1.14748
0.269122
9.48927
10.8322
-0.909457
-1.15663
-1.09003
0.155976
0.592243
0.378411
0.820165
0.714218
0.766789
1.00832
1.12011
0.780191
1.37289
42.4277
0.434325
1.11586
1093.91
16.4263
-40.0073
2.1338
414.366
12.6637
301.055
14.7305
10.0895
183.705
4.55133
127.379
4.95661
274.533
4.33491
7.3194
9.54253
1.66641
332.026
10.0584
1.25169
0.546003
0.6166
5.98693
0.789051
1195.56
443.203
173.72
2.16407
3.53251
-0.216229
-0.569547
-0.698048
-0.52215
4.82637
720.247
4.79451
-0.463773
-1.1462
-0.916012
-0.34104
0.365303
2.18016
-1.1768
-1.07417
169.421
-11.6528
-0.836038
1.33932
4.72708
10.5351
-0.900065
-8.83909
105.787
2.50769
1251.54
542.513
1824.57
-0.843408
16.2752
-0.638963
-0.265156
11.7681
0.337602
73.0265
0.161246
22.4063
-1.15833
0.016955
3.49126
0.311968
-1.24639
-1.25695
-0.634254
-1.1857
-1.00643
0.393956
2.77589
12.7663
-19.9524
0.290414
108.184
2.71532
1.30271
0.260479
11.2047
0.800289
0.883659
139.918
0.294291
0.0488822
-0.904159
0.990902
-0.742374
630.118
-0.817948
4.20859
1.42564
-9.24613
2.57431
-0.57354
-0.0837713
0.342752
0.209052
0.19455
1149.28
0.166567
0.107681
0.282786
-0.575197
8.29312
-0.254032
0.116363
-0.107962
2.76786
272.589
1.34089
1.57983
0.862802
1.13106
1.35585
1.73253
0.704375
0.790572
1.0976
0.303688
10.3865
0.675108
0.636064
-15.0908
6.53831
1.71791
1.41727
1.02113
0.267299
14.4785
0.651285
9.83388
4.60883
2.37311
539.533
900.005
2452.83
47.3856
2195.21
2041.15
450.975
504.105
123.082
0.918631
2.46786
0.455407
0.566176
0.179248
35.0699
0.336434
0.515192
19.274
-0.313346
-0.921084
-0.826908
2.93155
-14.9939
2762.01
2850.7
1.85493
2.70102
69.5388
5.68083
2.51618
2.67539
7.95374
2.24377
2.31487
0.782808
4.78654
2.22311
2.23507
7.8768
463.182
3.01709
12.5642
2.02316
-0.280007
6.47521
3.24864
3.74261
6.92433
3.15057
1.02366
0.786326
7.38154
1.26095
2.37657
0.738926
0.873244
0.758044
2.64646
0.765062
0.495506
12.3935
1.3822
0.705743
4.45678
0.967339
0.110054
0.671084
1.39732
4.65491
2.29303
1.34324
0.71574
1.00982
7.60627
3.28677
1.86717
4.9839
2.21595
2.99287
-11.1469
0.370252
0.68499
2.6817
-22.6233
1.2545
1612.83
1936.15
0.724271
0.601507
1.51915
0.727528
0.519464
0.736343
50.1288
1880.49
1.12956
4.63865
1617.82
-8.14044
3.0368
11.9152
2.25449
1475.88
31.5044
1.25514
10.1642
2.09973
0.759981
1.69911
8.0923
2.06122
43.9855
131.643
3.00586
1.96989
3.68783
1391.72
5.50697
1031.59
88.9382
6.4238
0.603448
3.48881
205.614
4.15374
71.4109
34.2083
86.6908
1.66977
0.522262
35.2804
1.10213
2.07803
101.342
1527.73
165.611
5.34526
3.86841
1538.64
0.604633
0.703338
718.81
1611.42
100.163
-12.3024
0.63396
1548.42
3.67328
1.31106
3.86475
4.14796
23.6128
2.91602
3.41963
4.10072
3.91384
4.11442
4.79941
1655.39
1287.5
239.304
3.7716
4.05508
1.62813
1775.31
3.17862
1833.57
1743.3
0.901843
5.53593
5.29966
1.19113
3.19864
1628.27
1041.95
45.6628
3.21492
569.628
1851.6
0.17816
2.96678
422.798
1670.28
343.032
160.035
2222.72
3.45713
1945.64
1.13289
2003.93
6.0827
1.79766
0.162668
3.3812
3.18434
2.68066
3.00348
-23.5095
3.28996
0.339317
2.83301
2055.31
1.93671
5.28685
1338.99
4.31406
3.43768
2.70723
3.53253
1945.07
2.93622
1520.95
2.98204
2.79758
2.9465
2.2192
2.91528
3.00425
2.64218
1.72251
1.00775
2.12113
3.29535
2.3774
1.61121
4.98945
1.57801
1.95633
1.31631
2.4139
121.581
1.66058
1.61176
271.56
439.223
3.11372
376.358
3.30983
3.58096
3.41036
2.97709
3.09389
1.36722
2.19033
3.78786
3.79546
3.94103
3.81596
4.25948
3.91344
3.88229
3.90019
3.80393
3.67323
4.06668
66.628
-6.26709
-0.201688
8.98206
3.80144
3.60109
3.6681
441.415
2809.46
3.2373
1.5508
29.838
0.768368
1.45482
74.0536
90.4891
2736.36
0.34401
0.223166
-0.0202562
0.668677
3.31745
-0.669396
0.325848
0.0416324
0.271855
-0.521654
0.154618
0.455068
-0.898403
0.396435
32.819
-44.6878
794.575
4.02339
236.572
6.76496
2115.9
2516.35
-14.914
1879.49
-17.2241
7.01223
-0.621597
3.04149
0.795321
2512.35
2550.21
547.353
2631.53
36.4269
2176.6
2069.69
42.2627
384.718
2413.6
3.68215
1.13663
2393.7
2228.39
1.66983
1.06005
59.8113
4.66762
75.39
118.401
2.86675
2.09941
3.0899
1.06753
1.03297
-35.3181
1.18128
0.898712
1.11262
0.842226
0.967839
0.468703
-11.0101
0.662884
0.769899
78.4609
75.627
0.398129
0.527468
0.461967
0.325566
-9.93971
0.682103
0.76425
807.627
0.167318
2873.13
0.308298
0.166596
0.083178
2837.39
-0.512553
-0.433626
2826.83
50.8447
-1.44013
-0.895334
746.888
122.145
-1.07421
1.13009
154.092
0.395658
2.36207
18.5124
0.606844
0.376451
0.140705
0.353953
0.911722
37.6071
-0.65962
0.482302
0.145005
2.97295
1.36999
0.862744
-1.17248
1.08588
3.46499
13.0021
1.09928
-0.0220284
2.01063
1442.42
1.08522
-0.448183
0.95962
0.674741
5.39251
2.10105
639.674
1.08892
0.464885
85.7213
951.095
2.40706
9.42634
0.861287
0.297979
563.298
727.344
-0.788709
3.36307
1.22296
2.49425
258.557
3.32005
6.25915
4.1459
3.36458
116.055
0.124784
1.30658
9.81425
-1.22312
2730.68
1.2859
360.767
33.8703
50.2204
-0.766182
19.7811
14.3075
1.15002
91.2526
174.198
78.7245
64.7745
352.478
22.6395
24.4922
13.7618
3.79758
10.6207
43.0953
451.759
3.91217
3.88483
2.96742
7.44571
1.48286
1544.75
3.60345
2.36486
3.05903
2.30731
416.606
81.7643
16.1564
13.6162
594.951
3.65449
3.16913
2.32599
385.822
1.50573
1.62001
9.79423
102.51
3.02763
231.467
45.2785
1.72758
85.9295
6.96518
174.784
110.718
200.001
41.1684
7.40771
0.330481
3.40004
1.01924
6.1802
9.46142
3.38916
35.2049
48.2567
9.86686
-15.904
2.37468
3.75741
1867.86
-13.5828
59.7989
4.68029
1625.51
-12.1981
10.2555
227.026
369.478
-0.877136
9.36792
27.5363
1.02582
0.588942
1886.77
664.783
1920.1
2056.63
527.421
110.979
965.101
-1.34644
1587.49
1604.03
1591.8
1813.97
-23.077
1464.63
539.681
1332.2
2.11726
329.248
1514.72
328.583
846.261
43.3752
558.203
4.20139
14.7861
12.1006
608.689
55.8719
1590.22
135.789
9.49164
14.0641
156.915
-0.896954
-43.3463
-27.5132
-3.63175
-2.11583
94.7519
96.3031
-14.4319
800.681
797.917
755.909
115.022
835.524
316.069
35.2663
-0.137165
-26.1031
-32.5776
860.907
4.55447
933.289
424.636
106.456
-27.1293
-20.0393
0.754022
-28.4956
8.37036
118.207
1794.11
4.89044
4.90724
111.208
314.275
1363.1
1381.03
1434.89
1217.97
207.798
1.79222
0.951336
77.7927
1377.3
1064.5
560.525
532.019
56.6909
1414.52
502.943
775.648
15.3838
15.0139
12.7521
12.6239
13.0879
13.9478
396.783
33.6235
-31.1924
16.6077
1.16477
10.5728
13.1673
515.633
47.4571
241.199
17.8782
9.26264
9.10425
8.85322
8.53988
8.94866
8.61706
10.1544
1344.18
7.93832
9.37837
0.346948
6.94456
22.3612
12.3727
11.9114
6.14819
25.0129
90.3626
11.9425
11.3655
482.821
32.3135
308.312
364.177
342.584
14.4593
30.6909
14.1663
7.2391
-34.8695
1.67918
2.38813
-22.2564
-31.2023
17.851
-39.917
339.459
31.723
102.776
-19.1843
36.1446
132.798
-0.962551
131.551
-21.0763
88.0005
14.7669
108.948
-32.7374
-37.9473
19.4991
716.619
585.282
7.65607
9.37088
-42.3802
-47.6386
287.264
-19.0806
-37.2525
14.375
559.07
11.1068
21.2277
9.44539
331.278
79.3363
11.142
47.1932
-8.75273
-15.7351
-19.8662
-2.87951
-17.1126
10.9374
29.5892
-14.6199
444.999
1496.03
-4.42651
52.1776
-8.03159
14.1553
141.764
-8.94368
-1.87896
-14.1756
-17.4249
-26.8495
-24.8092
-20.2772
10.0394
-9.82876
-15.6107
503.345
32.6066
182.049
-25.8674
-14.1581
-16.9498
-26.4919
-16.3737
-12.3861
1828.67
1038.38
1378.97
58.0591
4.27778
39.6325
-0.243904
112.678
40.3364
82.2649
1620.8
6.07311
-30.2828
3.04729
23.0102
32.2307
-7.77079
26.9593
273.132
26.6675
-11.0428
46.1531
264.507
247.657
19.2133
8.50873
7.06437
25.2623
-0.898128
204.063
235.005
591.99
4.37452
154.812
21.1654
-13.7831
5.34064
35.2217
129.008
248.241
158.54
268.179
49.9453
51.7749
212.167
22.9606
27.4784
379.726
-8.05343
34.5541
10.4053
-12.8249
8.65138
12.4653
25.6259
68.5901
47.8581
139.292
106.735
203.377
12.5625
10.2081
137.202
10.9088
-4.70917
129.422
10.5946
375.617
202.731
31.5319
40.6927
207.622
21.5788
36.1221
31.1345
38.2912
33.3747
243.325
12.1218
56.9233
35.293
30.431
42.6964
347.127
33.5453
14.5904
21.2984
22.5677
30.4489
17.968
250.575
11.4627
33.6917
10.5782
11.8758
13.4107
15.9923
15.0196
17.0102
32.2716
23.8333
28.353
3.33781
3.51365
33.9181
9.83818
8.57414
1.1083
0.647302
933.661
190.156
1000.81
25.1256
15.5347
422.743
166.951
751.539
13.1552
2.03612
200.03
415.261
167.005
158.125
9.92433
286.652
391.62
1095.25
0.257949
137.535
310.224
689.873
594.069
247.533
-14.3024
129.143
178.076
122.956
151.115
254.959
826.488
448.987
117.832
13.4167
13.4799
70.7785
55.7955
67.3269
2.28644
0.313897
143.06
48.4557
51.3674
112.218
386.791
223.712
2235.32
0.442646
230.457
698.61
703.12
32.3038
373.956
79.8259
151.44
6.10293
229.332
0.97944
291.895
155.534
11.7591
31.1608
27.8313
38.3494
53.3811
-20.5104
24.241
69.5514
75.4855
79.837
75.1995
66.9219
2.80434
18.1586
23.5024
43.0833
64.1007
65.8207
12.929
70.5424
5.71351
55.9387
59.7401
84.0134
82.6454
51.7679
49.9412
102.348
12.7346
13.8213
377.795
310.819
68.2567
-27.0742
21.4535
676.748
1225.87
-14.4773
383.82
44.8062
159.009
874.962
190.412
118.1
-15.0343
67.3588
-3.09777
832.522
429.632
0.462371
53.7849
5.87653
-11.3699
407.775
0.592876
1300.05
14.4727
75.8482
722.53
13.9128
198.889
512.753
261.848
23.3279
14.9943
665.944
1173.45
99.6605
93.5335
1051.97
120.451
27.2045
136.605
21.6918
15.5702
25.2388
162.104
11.5868
206.72
3.37588
37.6556
4.04868
243.742
223.718
10.0468
6.93234
28.0431
1203.18
3.99765
4.57779
4.99201
5.93334
3.86391
1643.59
12.1519
-5.2228
23.7249
5.28
974.897
8.32607
13.9184
0.721869
4.56257
6.3605
14.9473
1.82428
8.3167
6.15506
5.29324
5.42972
89.2833
4.5921
4.27237
4.14334
6.41615
4.282
18.0549
28.9607
6.40013
5.68109
4.53891
5.97047
3.23786
6.56521
4.08701
4.11087
5.38014
236.479
4.53907
1.08676
441.93
4.42711
821.848
-0.178386
15.6756
8.1011
6.79549
9.57342
13.8203
6.90882
216.788
282.587
6.16648
9.33373
312.711
7.70502
18.1168
6.63704
15.005
8.97933
-46.7948
-47.3033
58.4284
7.82097
8.84673
16.4381
47.2652
167.54
431.813
11.638
13.446
656.321
1130.34
12.5885
8.09831
10.4896
96.5971
-1.39123
8.88879
987.961
4.09672
14.2531
4.39097
5.21087
10.6373
25.066
11.9791
6.2359
352.026
7.85912
44.8236
24.5607
4.53266
9.81885
8.14249
0.171588
9.00231
16.5977
-45.2183
4.28276
11.9857
9.51252
1496.48
5.22058
6.22906
9.49796
15.6269
535.844
9.31737
47.6177
7.52644
4.34927
9.18911
908.129
4.5611
4.07362
4.30034
3.85015
12.6318
4.04592
6.60417
11.3035
11.796
12.81
4.06031
13.3937
4.31111
5.39602
4.5335
6.94884
136.377
219.168
14.1333
5.59296
6.41098
4.37562
-10.8028
15.1132
11.361
-6.34116
1092.42
-4.21567
632.298
19.8359
12.3516
542.486
3.08216
11.6482
1.7163
26.5196
3.38669
361.864
12.9914
41.0225
1977.86
10.4676
59.4677
66.2924
235.869
81.8212
45.8923
147.235
76.6101
228.537
138.307
-15.5731
-10.4158
2809.53
29.9561
664.993
743.972
175.723
370.978
8.20892
52.5252
536.467
33.4105
146.988
10.194
9.45646
824.741
6.9255
1.78632
40.3674
367.785
718.322
15.4104
13.125
9.82979
10.9221
15.1954
0.993531
-14.3038
39.3508
31.0664
7.76289
11.0351
13.7404
61.2289
35.4043
9.79785
75.7239
-0.0133028
-22.4201
9.44173
13.9352
52.8912
15.2624
107.417
35.599
6.00446
26.7306
7.82243
445.539
2278.45
89.835
-15.0888
319.859
972.146
109.068
470.725
-9.60734
34.6252
3.35285
2.13314
20.29
207.101
-7.84844
26.2759
43.0772
14.9053
110.159
503.154
101.318
0.825883
174.875
3.19458
373.719
80.0435
551.752
429.76
11.1788
-25.2291
3.46426
461.242
138.213
-14.4977
183.918
167.283
159.512
9.6477
-13.8017
393.84
-28.9589
193.048
25.0087
-24.0826
336.679
20.2694
-40.0478
-17.0952
12.5498
8.03211
14.3281
255.49
18.3707
10.2067
14.9388
30.9575
8.57083
4.67036
16.7784
18.51
11.176
7.81174
8.75848
8.27575
3.06403
9.1402
27.6626
7.91505
312.626
13.0836
-14.9907
231.228
4.15364
9.16202
-34.823
183.387
22.2063
-46.0153
52.7007
-11.0595
2.24409
500.052
541.463
57.941
-27.5701
26.552
0.0600869
111.286
-13.9941
2121.02
10.1665
403.325
1518.91
1223.11
2.45567
252.617
1910.19
1063.43
608.384
2182.54
-14.9122
11.9797
744.862
2.79765
-13.9726
1.30595
79.4443
323.917
2.43744
13.8374
36.0173
2337.42
-14.4694
2033.98
0.108342
136.598
0.371619
-32.3832
5.76387
1.25404
10.2779
4.97178
9.19849
55.8196
1199.63
0.847375
1.4167
2.73722
70.1309
0.148732
-15.2098
3.13675
34.9324
7.90093
0.133342
0.86182
33.6177
1.13123
670.811
-5.13003
-13.9949
1.2405
1.44989
36.5881
4.49304
1.42411
-0.0614238
18.2013
-0.00645678
0.778785
2.83354
0.335792
0.232331
4.83368
916.509
0.548975
42.9754
1.5238
733.037
3.15943
1252.98
-14.2519
2.19159
0.747547
17.0033
28.8937
4.56247
0.809978
1.01839
6.95636
469.681
1.10555
3.39655
288.257
-0.853151
0.200426
-0.0119299
1833.86
0.942756
775.072
0.398442
2714.64
1.0845
0.74567
3.70973
1.40459
1674.93
1506.24
6.59896
2.03553
1264.21
2.57389
351.629
2.2031
1.32641
2704.38
3.90111
4.12172
0.491104
3.68407
1.69639
1.27856
0.660983
1.28253
0.113337
2379.13
2831.59
117.763
6.36012
1.57397
0.37101
-6.68803
4.95197
548.272
16.5043
-0.789488
2.85221
1.04439
3.61122
1828.09
1.81201
0.717443
0.464986
2.71731
1.84508
0.734265
22.865
1.6292
22.4238
2.77643
-0.545198
10.0509
3.43289
1195.31
47.3867
-0.933465
-0.454519
3.91019
194.746
1.75154
3.1473
2809.56
1235.9
9.72173
1.09703
7.2547
0.623455
434.601
2.3736
-9.8246
9.84914
0.764008
4.01389
1211.77
4.04863
0.642554
0.0435075
586.539
0.6785
0.197302
709.829
3.83905
5.6777
-4.99487
254.144
3.96872
3.73806
2.26926
272.033
-0.73239
3.81809
3.49543
64.7834
1062.57
659.395
-11.0146
2.40305
346.116
22.2748
2.41894
1134.39
139.666
95.3701
6.07555
909.228
0.698014
17.412
21.3918
-0.175668
3.56946
8.93431
4.09494
38.434
1449.31
1178.6
944.322
1468.79
1273.55
178.688
564.515
756.984
1.15988
26.7318
177.179
0.861099
140.493
-10.8583
-13.4235
0.643923
153.572
8.11046
4.07457
711.492
52.2395
9.25457
0.270688
-9.49161
-6.80056
-1.17756
146.712
37.8357
-0.131177
59.9777
1.60097
4.19918
-15.3495
-13.5043
812.339
1075.55
-14.8803
607.927
-14.1701
7.69775
1185.61
1030.88
12.8208
-12.6826
2.99679
946.218
489.18
19.7672
1.85157
638.511
827.142
96.2846
1055.14
1.36279
2031.11
2.95427
654.993
180.727
10.6211
8.03668
2.44207
31.1037
13.2988
2.70416
1.1221
60.2153
1.55189
-3.29069
1.12369
0.788402
-14.1942
3.5936
8.14194
1157.92
-10.2839
-14.3286
4.11127
472.523
-13.7643
2825.52
11.4344
13.5754
356.02
1020.35
1281.58
0.98664
1.66572
0.440737
1877.27
464.836
-13.7928
168.808
450.158
80.0543
370.303
1.22112
103.696
1080.36
284.447
3.86396
-14.5995
892.875
585.829
1.05304
2.07685
89.0885
-1.55632
106.022
42.9396
2.9121
-14.0994
-11.1836
-12.6757
-14.9546
-4.44787
-15.4509
-14.6347
1444.6
-15.0534
-0.978356
-11.9532
-14.5865
-31.5275
-14.1757
-9.51193
890.596
-13.8187
152.409
-14.0096
141.447
400.077
-14.8791
94.1297
84.1627
76.0088
-14.9636
-13.4838
324.297
-15.5167
-14.6023
-13.5442
172.16
-13.9937
91.0548
-14.035
-9.7572
-10.3266
16.0837
-11.7629
921.754
-14.6221
0.657763
-14.8416
0.973305
-14.6865
80.6531
47.2731
0.87523
-14.9686
-15.2697
1.02627
3.38752
144.979
3.80853
-4.29053
5.12337
8.93001
-3.64978
12.055
1257.31
2.91335
0.915739
78.2009
430.389
-15.0758
402.11
-13.7688
234.551
165.762
587.081
-14.5206
60.5247
594.282
219.126
0.539193
181.787
-11.9336
-13.039
15.1735
-13.4766
2.7735
-14.709
355.225
2.21248
-14.1924
-14.9872
2.41651
-8.78296
153.89
-13.5754
0.334771
6.28768
90.8776
4.23396
64.1241
635.409
-14.4229
172.95
5.75176
729.252
1336.93
-11.5479
1322.66
-13.5207
92.4253
1.18947
2.26187
465.5
0.115937
0.354279
4.3778
14.404
29.4746
115.18
18.567
3.99833
34.7507
0.833106
2674.63
-0.179831
-15.7757
87.1098
3.72491
3.40904
-41.8621
1178.31
0.684785
2108.89
4.1598
0.929027
9.73733
4.56908
647.244
0.995538
-11.7769
9.08566
0.32085
91.6867
41.5902
1483.97
1094.16
0.623172
-24.6658
11.5436
5.952
0.385244
0.901054
0.917765
1.74666
39.3385
9.2449
249.832
376.337
4.22859
8.3693
-5.96676
183.698
2.74348
9.96277
-14.7015
45.7724
9.99137
27.666
474.447
2.8899
7.09849
102.36
1.44356
3.86527
0.204089
5.85207
-0.0993802
-25.4614
0.64155
2518.71
11.1714
13.5584
152.366
121.936
7.82427
0.641631
1.50568
609.831
301.987
968.94
-29.1469
1.08902
636.397
10.3961
47.0089
3.95779
53.6857
0.287205
0.563089
1.20251
44.054
30.5238
1664.23
-37.808
36.3059
2.638
3.49827
0.191642
22.0168
0.315041
2817.54
1219.87
1152.23
152.395
178.231
168.697
3.88517
1058.32
0.298374
5.49461
0.562163
480.399
384.785
651.553
103.461
2.15272
-31.5161
1692.07
132.269
-0.910954
16.9557
-11.1742
-14.7597
3.36967
21.5279
61.0846
720.14
185.036
2.55111
1360.03
10.1303
4.06107
1.35573
3.34758
-8.3794
-2.95813
389.268
4.15716
-0.290204
54.2963
3.16663
6.16311
3.93736
7.25815
1850.38
4.1701
2.54528
0.627577
)
;

boundaryField
{
    FrontBackPlanes
    {
        type            symmetry;
    }
    wallz
    {
        type            fixedFluxPressure;
        gradient        uniform 0;
        value           nonuniform List<scalar> 
97
(
2818.09
2768.17
2785.62
2841.75
1437.13
1401.2
544.958
320.429
1285.63
350.547
261.339
235.884
483.619
224.631
327.088
222.739
-23.8362
108.466
1853.51
924.27
954.339
447.158
537.173
325.315
98.487
23.1739
-19.4038
1487.37
1976.57
2027.43
729.688
617.088
567.572
103.252
74.6716
1369.45
1324.68
1259.01
932.195
837.965
677.196
128.981
980.376
387.038
295.426
770.394
2478.33
630.705
3868.83
621.432
321.76
303.536
541.974
551.719
357.763
121.929
571.803
930.109
473.413
585.209
579.386
1045.21
755.916
386.021
571.9
1296.08
1753.3
239.743
640.841
674.281
380.798
101.734
491.945
571.612
312.351
565.723
-150.066
205.867
172.663
97.5312
1437.53
1775.1
397.839
2744.24
2790.46
2775.41
2876.37
1623.8
2015.69
213.479
784.394
-116.396
318.452
582.199
236.572
384.718
441.93
)
;
    }
    outlet1
    {
        type            fixedValue;
        value           uniform 0;
    }
    inlet1
    {
        type            fixedFluxPressure;
        gradient        nonuniform List<scalar> 2(0.0178432 0.0115486);
        value           nonuniform List<scalar> 2(2797.91 2791.57);
    }
}


// ************************************************************************* //
