/*--------------------------------*- C++ -*----------------------------------*\
| =========                 |                                                 |
| \\      /  F ield         | OpenFOAM: The Open Source CFD Toolbox           |
|  \\    /   O peration     | Version:  v2012                                 |
|   \\  /    A nd           | Website:  www.openfoam.com                      |
|    \\/     M anipulation  |                                                 |
\*---------------------------------------------------------------------------*/
FoamFile
{
    version     2.0;
    format      ascii;
    class       volScalarField;
    location    "0.15";
    object      p;
}
// * * * * * * * * * * * * * * * * * * * * * * * * * * * * * * * * * * * * * //

dimensions      [1 -1 -2 0 0 0 0];


internalField   nonuniform List<scalar> 
6576
(
-409.434
-430.183
-400.245
-406.106
-416.531
-395.515
-395.431
-384.786
-402.583
-399.926
-402.075
-391.925
-379.31
-393.92
-306.44
-322.208
-358.336
-353.025
-328.735
-323.154
-357.56
-389.829
-399.504
-468.353
-299.886
-261.51
-186.615
-439.963
-434.883
-434.628
-425.564
-417.249
-378.78
-283.03
-264.09
-280.714
-306.221
-306.131
-294.785
-300.025
-333.058
-381.479
-329.561
5.66394
4.29452
6.2635
4.12468
5.41179
6.78834
6.42031
3.95235
5.88739
-2.92379
-2.9243
-2.93623
-2.89524
-2.89718
-2.90973
-2.90736
-2.92524
-2.89742
-2.88819
-2.8729
-2.90085
-2.92439
-2.89608
-2.71927
-2.74931
-2.76552
-2.77862
-2.74944
-2.80948
-2.77944
-2.74471
-2.2513
-2.0684
-2.65314
-2.94962
-2.50551
-2.3196
-3.33706
-3.48463
-3.20267
-3.05949
-3.07661
-3.32493
-3.27161
-0.206756
-0.156894
-0.205666
-0.181883
-0.132592
-0.174214
-0.143433
-1.89409
-0.130857
-2.29849
-0.30153
-0.164281
-0.551494
-1.68751
87.1722
60.8353
52.8815
60.9288
87.2559
39.4454
66.6014
66.7444
52.5532
91.8803
38.5151
65.5119
68.6548
-2.90127
-2.90177
-2.9969
-3.04101
-3.21005
-3.05654
-3.05355
-15.3014
-51.4523
-145.751
-113.495
-112.313
-26.0976
19.0796
-3.04571
-3.11968
-2.95212
-3.46599
-3.05115
-3.69911
-3.05706
-1.8277
-1.8177
-1.83921
-1.814
-1.7927
-1.79368
-1.81425
-1.91773
-1.90341
-1.89799
-1.88442
-1.86703
-1.8716
-1.89059
-2.01237
-2.00166
-2.0399
-1.96924
-1.9952
-2.0185
-1.99155
-2.00092
-2.02067
-1.97951
-1.98703
-2.00743
-1.96008
-1.94243
-1.97719
-1.9581
-2.08586
-2.12634
-2.09761
-2.04765
-2.07924
-2.10541
-2.07544
-2.08512
-2.10751
-2.06309
-2.05922
-2.08209
-2.0229
-2.04817
-2.0512
-2.02717
-2.28895
-2.31002
-2.28052
-2.27799
-2.30161
-2.27912
-2.24473
-2.25713
-2.28599
-2.37228
-2.36183
-2.39093
-2.35475
-2.33163
-2.37736
-2.35416
-2.36956
-2.37419
-2.38467
-2.36861
-2.34916
-2.36192
-2.37972
-2.43005
-2.43702
-2.43692
-2.39724
-2.41683
-2.40635
-2.39776
-2.93881
-3.1943
-2.82794
-2.68374
-2.68524
-3.02418
-3.12253
-2.56364
-2.57169
-2.53161
-2.52802
-2.56206
-2.55447
-2.51874
-2.48946
-2.50773
-2.46808
-2.48292
-2.46346
-2.43237
-2.45287
-2.36708
-2.33165
-2.36033
-2.37718
-2.35195
-2.32903
-2.35567
-2.27363
-2.28355
-2.24532
-2.29487
-2.32281
-2.27225
-2.3008
-2.18977
-2.15198
-2.18032
-2.22631
-2.19807
-2.21476
-2.18661
-2.16341
-2.19216
-2.09739
-2.06092
-2.08823
-2.07868
-2.10687
-2.05637
-2.08433
-1.93053
-1.94282
-1.91759
-1.89319
-1.917
-1.91767
-1.89325
83.9401
55.3311
50.0225
69.9029
43.5534
13.766
35.8093
25.3799
50.1743
1.27222
0.177118
2.02581
-0.501878
-2.07988
1.39729
0.323875
0.0518701
0.20522
0.522299
0.643117
0.488338
0.348465
0.0769882
0.444371
0.178702
2.14318
0.670807
0.263893
0.857072
2.23575
0.563278
2.04374
1.66283
0.418045
0.571009
-1.1222
-1.11089
-1.06476
-1.08912
-1.10475
-1.05559
-1.04312
-1.19675
-0.76442
-0.489934
0.510434
-0.453656
-0.713812
-0.426248
-0.366648
0.550257
-1.49439
-1.51572
-1.45761
-1.48348
-1.44607
-1.48392
-1.44003
0.0895421
0.060311
0.173967
-0.0188089
0.049036
0.104321
0.0523365
0.1124
0.0960125
0.0942458
0.0878326
0.0433116
0.123283
0.0969224
0.0814569
0.146352
0.447059
0.762901
0.937967
0.231829
0.331291
0.247795
0.337524
0.0390435
0.136051
83.1034
84.5636
93.6914
56.533
56.6451
65.7329
67.7736
84.4973
84.9707
98.1534
70.1732
57.3005
15.1411
37.5104
52.552
64.615
1.07615
0.79524
1.85341
1.6768
0.610939
1.57434
1.57111
0.499677
0.301424
0.528586
0.560982
0.786753
0.489035
0.59902
-1.23283
-1.21011
-1.1191
-1.31262
-1.17794
-1.28794
-1.16721
-1.1378
-1.25279
-1.95876
-2.03525
-2.11907
-2.18321
-2.03517
-2.07096
-1.96504
-2.14436
-2.46138
-2.22976
-2.70266
-2.79629
-2.59734
-2.62083
-2.3379
-2.29013
11.932
-1.13103
6.58823
9.75363
0.400556
-2.31267
1.89554
-3.74641
0.169501
-8.10605
12.9637
-6.73777
11.5159
20.5465
-2.3225
-2.3312
-2.36066
-2.31024
-2.33928
-2.33434
-2.36324
-2.38887
-2.41281
-2.43033
-2.41569
-2.39117
-2.42032
-2.44485
-2.34063
-2.35075
-2.37942
-2.35584
-2.32822
-2.35297
-2.38101
-2.3574
-2.38403
-2.34559
-2.3444
-2.37115
-2.33396
-2.30635
-2.34628
-2.31927
-2.4708
-2.49804
-2.45837
-2.47219
-2.44496
-2.49844
-2.47136
-2.56151
-2.51752
-2.54734
-2.56196
-2.59105
-2.53544
-2.5632
-2.5624
-2.57459
-2.60226
-2.54866
-2.52153
-2.5477
-2.57448
-2.77729
-2.76361
-2.73429
-2.78162
-2.80784
-2.77958
-2.74801
-2.64381
-2.67036
-2.67453
-2.67159
-2.69829
-2.71189
-2.68598
-2.82329
-2.78114
-2.79504
-2.65617
-2.66912
-2.62298
-2.92289
-2.89609
-2.89153
-2.89595
-2.92271
-2.90435
-2.87782
-2.88752
-2.89216
-2.91911
-2.84581
-2.87326
-2.86499
-2.89149
-2.90713
-2.93387
-2.88052
-2.8869
-2.8456
-2.87294
-2.9214
-2.89365
-2.90736
-2.87971
-2.85908
-2.8867
-2.93607
-2.92208
-2.92167
-2.90827
-2.89436
-2.88683
-2.84598
-2.87342
-2.9015
-2.92459
-2.92515
-2.93641
-2.89678
-2.89685
-2.908
-2.90804
-2.65577
-2.64451
-2.61453
-2.66624
-2.6975
-2.65341
-2.68409
-2.65771
-2.62756
-2.52229
-2.49266
-2.53589
-2.54641
-2.57717
-2.51715
-2.54761
-2.52702
-2.57299
-2.54835
-2.51266
-2.53644
-2.57011
-2.54529
-2.4063
-2.41867
-2.43573
-2.42659
-2.45635
-2.4603
-2.43041
-2.1897
-2.14838
-2.17326
-2.22893
-2.207
-2.1645
-2.13548
-2.17629
-2.18851
-2.21562
-2.16237
-2.18989
-2.07977
-2.04804
-2.06209
-2.10307
-2.0743
-2.07393
-2.10364
-2.11019
-2.09717
-2.12732
-2.17446
-2.2018
-2.14495
-2.14297
-1.45079
-1.46555
-1.47672
-1.44829
-1.46972
-1.47303
-1.44038
-1.48407
-1.48982
-1.47414
-1.4745
-1.49268
-1.47953
-1.49298
-1.49091
-1.47801
-1.48862
-1.47468
-1.48389
-1.46327
-1.4737
-1.46809
-1.4747
-0.937308
-0.963301
-0.995846
-1.01678
-1.04195
-0.99791
-0.974239
-0.963822
-1.00298
-0.955942
-0.930891
-0.969627
-0.901077
-0.942685
-0.878177
-0.908326
-0.93447
-0.980266
-0.951763
-0.913326
-0.940897
-0.51979
-0.555969
-0.500346
-0.485766
-0.518631
-0.449507
-0.483397
-0.351322
-0.323071
-0.375441
-0.395314
-0.429697
-0.326552
-0.358642
-0.367071
-0.396635
-0.437757
-0.401846
-0.391341
-0.362588
-0.412445
-0.399337
-0.439526
-0.405748
-0.439448
-0.299743
-0.298324
-0.324681
-0.27651
-0.325601
-0.245991
-0.269767
-0.316622
-0.290504
-0.334721
-0.215168
-0.19582
-0.253624
-0.277023
-0.300659
-0.332763
-0.0672166
-0.089237
-0.254614
-0.0732008
-0.183652
-0.104598
0.700984
0.513945
0.469922
0.452361
0.658935
0.172967
0.1225
0.126202
0.176825
0.136084
0.198126
0.110228
0.87914
0.593422
0.273847
0.187638
0.604679
0.988127
1.23485
0.708201
0.130361
0.206625
0.303485
0.153381
0.269251
0.441516
0.37361
0.302253
-0.165185
0.290163
0.199023
0.18405
0.128716
0.961477
1.23435
0.37323
-0.195648
-0.546229
-1.38095
50.6208
38.7724
65.3211
11.9907
39.591
52.6015
86.0335
59.0154
59.7428
33.2674
58.0651
83.9149
51.9454
57.9594
84.3815
39.0568
12.9318
65.7641
38.0836
71.1572
96.1809
68.5389
84.6306
84.9813
95.3332
57.5998
58.1752
80.6439
80.3214
53.9935
54.1184
88.4993
89.1334
99.7087
63.0509
62.9091
72.5901
47.2071
66.2414
54.3362
41.9021
84.298
58.7909
50.3396
85.2766
58.183
36.3027
64.2072
36.2288
11.1353
48.7574
60.4413
34.6563
9.85843
35.3807
1.71598
2.64417
0.704166
-0.0520933
1.28783
2.04797
1.89276
1.0084
-0.27288
-0.298119
-0.313244
-2.36134
0.101573
-0.0180593
0.610602
0.443882
0.473938
0.539243
0.380696
0.471639
0.317285
0.0734385
0.0904631
-0.00912562
0.185112
0.120364
0.0607798
0.128189
0.0967478
0.00349634
0.119742
0.0157593
0.0845525
0.171763
0.139422
-0.410594
-0.264923
-0.22124
-0.274138
-0.122024
-0.310572
-0.143584
-0.203751
-0.383494
-0.852304
-0.820692
-0.649403
-0.50556
-0.533773
-0.569357
-0.598513
-0.725995
-0.767133
-2.46134
-2.61531
-2.29304
-2.33704
-2.45428
-2.07205
-2.18441
-1.8754
-1.88916
-1.85693
-1.92545
-1.90866
-1.8843
-1.90341
-1.86022
-1.83229
-1.8624
-1.8829
-1.85274
-1.86857
-1.89981
-1.98722
-2.01866
-1.98453
-1.94855
-1.97802
-2.12952
-2.13942
-2.16685
-2.11797
-2.09086
-2.11495
-2.14239
-2.17641
-2.13847
-2.15078
-2.15283
-2.12667
-2.15115
-2.17733
-2.12827
-2.10145
-2.14006
-2.12765
-2.1536
-2.1792
-2.15281
-2.2423
-2.19941
-2.22991
-2.24495
-2.27218
-2.22067
-2.2464
-2.24397
-2.25698
-2.28344
-2.20427
-2.23107
-2.23173
-2.25764
-2.39001
-2.34954
-2.3482
-2.34711
-2.31295
-2.31783
-2.34562
-2.36118
-2.30193
-2.34474
-2.35752
-2.33191
-2.30548
-2.45242
-2.49366
-2.45304
-2.44027
-2.41407
-2.46625
-2.41378
-2.44099
-2.57644
-2.56374
-2.60188
-2.54684
-2.55958
-2.51854
-2.6001
-2.57258
-2.54618
-2.57338
-2.81911
-2.79091
-2.77749
-2.764
-2.73622
-2.76381
-2.79154
-2.77636
-2.79033
-2.81806
-2.7624
-2.73438
-2.76255
-2.78993
-2.88963
-2.90374
-2.87587
-2.76023
-2.77397
-2.73139
-2.81582
-2.78708
-2.75964
-2.78817
-2.89117
-2.90509
-2.93363
-2.87718
-2.90516
-2.90505
-2.90431
-2.9334
-2.90475
-2.90307
-2.88952
-2.87533
-2.92323
-2.92354
-2.93599
-2.89367
-2.89373
-2.90517
-2.90536
-2.91804
-2.88639
-2.88288
-2.91896
-2.88904
-2.86785
-2.89669
-2.74558
-2.7145
-2.75836
-2.76826
-2.8022
-2.77503
-2.74366
-2.77159
-2.80386
-2.49504
-2.51062
-2.46976
-2.55494
-2.52888
-2.50046
-2.52535
-2.36369
-2.37464
-2.39299
-2.38363
-2.40626
-2.38478
-2.41116
-2.2811
-2.26574
-2.24187
-2.31287
-2.30014
-2.31011
-2.29543
-2.31081
-2.34614
-2.33978
-2.32424
-2.33471
-2.22493
-2.1934
-2.2455
-2.24681
-2.21845
-2.244
-2.20913
-2.19666
-2.24378
-1.66714
-1.65242
-1.72571
-1.71216
-1.68368
-1.80868
-1.77217
-1.74464
-1.77635
-1.59323
-1.60002
-1.57318
-1.55859
-1.58502
-1.58007
-1.55711
-1.52823
-1.54343
-1.52142
-1.51096
-1.49073
-1.50859
-1.52776
-1.43462
-1.41263
-1.4414
-1.43968
-1.41963
-1.46382
-1.44147
-1.43236
-1.45519
-1.30766
-1.32688
-1.28403
-1.35973
-1.34127
-1.31087
-1.33139
-0.741407
-0.769122
-0.776031
-0.802961
-0.770781
-0.819731
-0.787654
-0.642591
-0.623557
-0.593696
-0.6433
-0.672893
-0.680312
-0.646384
-0.655475
-0.624109
-0.689355
-0.64715
-0.607459
-0.643023
-0.642126
-0.674802
-0.694309
-0.548435
-0.510456
-0.511537
-0.511805
-0.469384
-0.493768
-0.458553
-0.567344
-0.506784
-0.530686
-0.415149
-0.352213
-0.389979
-0.274278
-0.222385
-0.261473
0.0451575
0.00360509
0.0762525
0.10535
0.172555
0.0881291
0.0392914
65.9919
52.2519
39.2626
55.4645
43.1992
29.4435
29.5117
2.69775
5.69083
27.7297
94.4398
69.0918
67.9369
85.4842
86.5607
97.2994
59.8754
59.3677
70.3165
68.7151
64.4653
53.0731
39.1083
86.0943
60.0768
51.937
65.8555
38.2003
60.0904
86.5977
66.7512
92.1362
53.684
66.6996
39.641
66.5189
0.800331
1.60689
2.92086
0.292648
0.914065
1.19908
0.578292
0.937629
0.851541
1.51949
0.401653
0.92309
0.886424
1.87006
0.881988
0.940243
1.16425
0.811947
0.736964
1.28345
1.35108
0.837539
0.70215
1.03826
1.19293
1.27372
0.911596
0.98335
-0.487829
-0.678323
-0.0105678
-5.75847
5.49741
-2.6817
-0.215666
21.1854
-23.8303
-14.3038
-4.77522
-16.3639
2.71242
-12.4039
-5.33665
-5.25914
-5.56948
-5.22728
-4.40443
-5.355
-5.62273
-2.21865
-2.80499
-2.7526
-3.05982
-2.76253
-3.20341
-4.01021
-2.68322
-3.18646
-2.4492
-2.24722
-2.01297
-2.28792
-2.61979
-1.8328
-1.82117
-1.84257
-1.86887
-1.84771
-1.84644
-1.86722
-1.93195
-1.94258
-1.96764
-1.92019
-1.89581
-1.91918
-1.94436
-1.95038
-1.97528
-1.9376
-1.952
-1.92579
-1.9759
-1.95093
-1.97757
-1.93944
-1.95302
-1.9532
-1.92656
-1.95275
-1.97793
-1.97888
-1.94111
-1.95389
-1.95342
-1.92763
-1.97892
-1.95393
-2.07588
-2.05073
-2.03867
-2.06314
-2.03809
-2.02548
-2
-2.01294
-2.03789
-1.93984
-1.89285
-1.92303
-1.94117
-1.96773
-1.91428
-1.93964
-1.93499
-1.94854
-1.97419
-1.92346
-1.89838
-1.92401
-1.94896
-2.0375
-2.00317
-2.03629
-2.03606
-2.06249
-2.07759
-2.05129
-2.17023
-2.14212
-2.14246
-2.0983
-2.12887
-2.1146
-2.14304
-2.03476
-1.99359
-2.02345
-2.17955
-2.14213
-2.15501
-2.284
-2.25988
-2.24945
-2.38772
-2.36006
-2.34818
-2.33383
-2.36094
-2.30802
-2.33539
-2.34586
-2.35956
-2.38445
-2.33064
-2.30581
-2.49164
-2.46456
-2.45156
-2.43931
-2.41078
-2.43859
-2.46585
-2.3367
-2.29813
-2.32521
-2.34929
-2.32208
-2.29709
-2.32425
-2.49283
-2.45221
-2.46738
-2.4639
-2.43833
-2.46616
-2.49213
-2.65621
-2.67226
-2.69945
-2.63784
-2.61266
-2.81643
-2.78722
-2.77408
-2.81742
-2.78818
-2.79041
-2.76102
-2.60189
-2.63108
-2.64287
-2.65544
-2.62377
-2.62898
-2.59994
-2.78525
-2.81344
-2.76788
-2.78454
-2.81258
-2.78046
-2.75378
-2.88658
-2.87198
-2.90058
-2.88493
-2.91491
-2.87856
-2.85311
-2.88416
-2.86251
-2.83174
-2.9016
-2.93254
-2.86959
-2.92021
-2.8838
-2.87499
-2.88505
-2.8515
-2.82319
-2.85908
-2.9232
-2.92382
-2.93748
-2.88961
-2.88648
-2.89834
-2.8672
-2.89551
-2.88055
-2.86515
-2.91962
-2.91943
-2.93526
-2.88093
-2.88188
-2.89318
-2.89701
-2.84951
-2.81338
-2.86575
-2.81256
-2.84783
-2.88086
-2.83753
-2.91515
-2.86368
-2.87039
-2.92324
-2.88293
-2.86918
-2.90315
-2.72177
-2.78738
-2.72422
-2.7395
-2.70298
-2.78032
-2.7374
-2.4059
-2.40558
-2.32505
-2.4172
-2.43123
-2.54613
-2.44009
-2.31479
-2.28927
-2.26725
-2.33169
-2.36331
-2.39133
-2.34295
-2.38263
-2.36299
-2.37016
-2.35008
-2.38675
-2.38024
-2.41674
-2.04
-2.08964
-2.0748
-2.11209
-2.14698
-2.07927
-2.11263
-2.07356
-2.03854
-1.93798
-1.8777
-1.92086
-2.00046
-1.94939
-1.90794
-1.95301
-1.90497
-1.95763
-1.92896
-1.95363
-1.97704
-1.91512
-1.93839
-1.76237
-1.73877
-1.78112
-1.80431
-1.8249
-1.79787
-1.8191
-1.76524
-1.7856
-1.79733
-1.84105
-1.80729
-1.76308
-1.79448
-1.77502
-1.80651
-1.82933
-1.79669
-1.65724
-1.70093
-1.67882
-1.69036
-1.71203
-1.66022
-1.682
-1.51027
-1.49603
-1.46537
-1.52009
-1.54789
-1.52037
-1.49231
-1.51849
-1.505
-1.54467
-1.46093
-1.48881
-1.51601
-1.48977
-1.27197
-1.25801
-1.22591
-1.28426
-1.31558
-1.28521
-1.25503
-1.31841
-1.28761
-1.26878
-1.28771
-1.31544
-1.25689
-1.28514
-1.16244
-1.19571
-1.15135
-1.13449
-1.10173
-1.13125
-1.16185
-0.865502
-0.893968
-0.89611
-0.864052
-0.893317
-0.910678
-0.882122
-0.985481
-1.0222
-1.02361
-1.07703
-1.04153
-1.02138
-1.05614
-0.849457
-0.895389
-0.89407
-0.946071
-0.850566
-0.910606
-0.71883
-0.754235
-0.768445
-0.756033
-0.722657
-0.774515
-0.788194
-0.821173
-0.754649
-0.786225
-0.588782
-0.620311
-0.636999
0.426414
0.434563
0.437835
0.40489
0.332019
0.399208
0.405164
57.1531
44.7207
30.5684
31.8232
2.39432
6.8693
29.8617
95.9996
69.5835
70.0799
86.5738
86.618
97.8648
62.6209
60.4438
72.2459
73.5809
66.5329
54.0472
39.1773
10.5015
9.63038
9.32516
9.68883
11.9403
10.2146
8.81379
7.5548
4.48847
5.30907
8.29594
7.67938
5.06216
5.61164
-5.12356
-6.41914
-5.64518
-4.58151
-5.15754
-5.55882
-5.02623
-0.817024
-1.88179
10.1259
35.5156
21.3219
-1.2311
-8.80358
12.6004
-2.3074
-4.75685
-7.56706
-4.96642
-6.14437
-6.00226
-31.002
-9.87898
-6.09818
-4.81803
-4.94109
-5.03804
-5.27063
-4.51326
-4.91672
-4.11694
-4.40887
-4.8028
-5.01676
-4.42759
-4.52519
-4.73894
-4.1711
-4.04393
-4.60863
-4.17226
-3.49346
-3.18034
-3.27608
-3.38437
-3.02162
-3.29559
-2.94592
-1.75704
-1.77969
-1.74216
-1.77973
-1.75624
-1.75253
-1.72971
-1.75217
-1.77693
-1.73853
-1.77696
-1.75233
-1.7512
-1.72633
-1.77224
-1.7323
-1.74586
-1.72887
-1.70315
-1.72997
-1.75863
-1.86086
-1.83495
-1.83266
-1.80398
-1.83262
-1.81854
-1.79253
-1.72568
-1.69237
-1.72782
-1.72425
-1.69757
-1.86674
-1.83646
-1.8347
-1.83793
-1.86595
-1.68563
-1.72808
-1.68798
-1.71559
-1.74033
-1.87334
-1.83399
-1.82335
-1.85121
-1.87647
-1.9433
-1.97576
-1.95156
-2.03781
-2.07592
-2.05025
-2.00026
-2.02608
-1.8932
-1.91818
-1.93144
-1.9441
-1.91719
-1.91815
-1.89277
-2.14627
-2.12034
-2.13401
-2.09594
-2.1217
-2.09501
-2.12098
-2.07479
-2.04878
-2.03697
-2.04969
-2.07604
-2.05167
-2.0251
-2.27634
-2.24942
-2.23699
-2.19864
-2.22558
-2.22431
-2.25138
-2.44271
-2.46844
-2.42586
-2.41527
-2.44052
-2.38602
-2.41118
-2.59129
-2.59745
-2.55626
-2.57027
-2.607
-2.58458
-2.55034
-2.88938
-2.87618
-2.85762
-2.86688
-2.92012
-2.86395
-2.82477
-2.86837
-2.84302
-2.80753
-2.88831
-2.93714
-2.84426
-2.96144
-2.97408
-2.99589
-2.97781
-2.93548
-3.01644
-3.04146
-2.90621
-2.93287
-2.86912
-3.14062
-2.98892
-3.017
-3.02756
-3.03687
-3.03361
-3.26536
-3.18616
-3.06089
-2.95372
-3.62899
-2.99472
-3.62583
-4.02119
-3.79383
-3.93113
-4.3956
-121.316
-49.2398
-57.6782
-34.0624
-30.1917
22.2144
-3.29252
-5.51777
-6.24629
-6.92412
-5.06535
-5.13106
0.692563
-2.49093
-3.71205
-3.78161
-5.02
-4.23831
-0.94331
-5.61779
-2.98722
-2.94268
-3.07283
-2.96595
-2.90152
-2.88514
-2.91701
-2.53774
-2.49719
-2.44408
-2.84669
-2.28262
-2.75394
-2.41882
-2.3201
-2.35376
-2.36997
-2.35395
-2.38688
-2.42252
-2.38623
-2.55949
-2.52405
-2.51031
-2.45907
-2.49144
-2.5594
-2.52637
-2.49067
-2.52216
-2.19302
-2.22813
-2.24294
-2.25644
-2.29054
-2.25902
-2.22639
-2.22464
-2.1947
-2.24419
-2.22703
-2.19785
-2.26091
-2.23162
-2.15464
-2.18304
-2.13602
-2.1516
-2.12414
-2.11817
-2.08883
-1.92385
-1.90282
-1.87982
-1.91041
-1.93681
-1.90635
-1.88177
-1.62762
-1.65593
-1.61501
-1.60016
-1.56934
-1.59914
-1.62732
-1.47106
-1.49562
-1.50116
-1.49789
-1.52816
-1.54133
-1.51231
-1.36808
-1.34001
-1.38333
-1.38347
-1.41032
-1.39571
-1.36694
-1.41575
-1.38459
-1.42435
-1.38449
-1.34596
-1.38303
-1.38141
-1.41324
-1.42905
-1.29755
-1.26634
-1.26367
-1.26578
-1.22994
-1.21874
-1.2486
-1.26651
-1.31539
-1.28414
-1.11151
-1.14533
-1.15018
-1.17642
-1.14484
-1.19748
-1.16559
-1.16226
-1.14981
-1.19451
-1.13504
-1.10329
-1.13437
-1.16436
-1.14184
-1.09851
-1.1274
-1.02189
-0.97479
-1.00542
-1.02679
-1.01043
-0.978703
-1.0433
-1.07396
-1.04166
-1.01245
0.310086
0.246723
0.169578
0.114285
0.175766
0.20706
0.274352
0.610599
0.625825
0.726896
0.773216
0.898097
0.842582
0.804631
2.57251
0.72576
1.29051
0.447577
0.406276
1.06673
1.16906
6.4262
5.17836
6.73702
7.7769
9.35116
7.63847
7.98849
110.341
107.699
122.791
87.6017
83.312
100.721
97.2259
76.1974
103.895
76.4247
82.9625
64.2652
51.8405
-1.56236
-1.58397
-1.54366
-1.55873
-1.58143
-1.53032
-1.55357
-1.55042
-1.57426
-1.53469
-1.54803
-1.57299
-1.52064
-1.54511
-1.56866
-1.52794
-1.54249
-1.53977
-1.51403
-1.54241
-1.56849
-1.52228
-1.53456
-1.56036
-1.51102
-1.48019
-1.50894
-1.53611
-1.65656
-1.62679
-1.62555
-1.58176
-1.61257
-1.60111
-1.62867
-1.63004
-1.66805
-1.64217
-1.63332
-1.67242
-1.6457
-1.64586
-1.62098
-1.67254
-1.64659
-1.63868
-1.67682
-1.65294
-1.6249
-1.64741
-1.67648
-1.65227
-1.68257
-1.66088
-1.64508
-1.63173
-1.65432
-1.65846
-1.68155
-1.65219
-1.64194
-1.6151
-1.68527
-1.6607
-1.66503
-1.63944
-1.90057
-1.8687
-1.88032
-1.83117
-1.81196
-1.8314
-1.85293
-1.9892
-2.02871
-2.04698
-1.98903
-2.025
-2.06622
-2.04461
-2.26699
-2.22343
-2.25965
-2.1687
-2.19468
-2.33916
-2.30771
-2.30991
-2.2959
-2.26937
-2.32193
-2.29299
55.1316
-30.6905
22.1449
4.47373
-1.06418
-8.75243
5.54877
-4.39634
-5.47723
-5.6077
-3.40502
-3.02464
-3.33911
-3.50753
-2.68073
-2.80462
-2.81285
-2.47391
-2.67854
-2.69658
-2.41356
-3.03285
-3.3082
-3.13886
-2.93367
-2.9853
-2.95039
-2.98369
-2.96732
-2.98603
-2.95193
-2.91786
-2.97859
-2.98267
-2.9464
-2.97839
-2.95926
-2.94291
-2.96952
-2.98752
-2.94113
-2.93741
-2.92926
-2.91368
-2.91017
-2.90613
-2.90701
-2.75062
-2.71679
-2.76557
-2.78066
-2.7491
-2.77915
-2.81166
-2.33839
-2.38537
-2.36883
-2.37146
-2.40103
-2.36954
-2.33993
-2.2701
-2.25309
-2.2249
-2.25802
-2.28582
-2.25505
-2.22675
-2.16385
-2.14615
-2.11785
-2.17903
-2.20721
-2.17531
-2.1477
-2.03877
-2.01279
-2.05622
-2.07188
-2.09977
-2.05714
-2.08438
-2.02759
-2.0536
-2.11123
-2.08321
-2.06918
-2.11186
-2.08305
-2.05511
-2.08343
-1.72545
-1.7103
-1.68063
-1.76874
-1.73804
-1.73849
-1.70987
-1.65364
-1.61358
-1.62707
-1.69096
-1.72531
-1.72714
-1.75386
-1.7224
-1.7721
-1.74035
-1.56873
-1.60591
-1.5972
-1.60936
-1.56535
-1.65867
-1.48236
-1.49673
-1.45008
-1.51133
-1.54103
-1.49996
-1.48437
-1.45463
-1.4831
-1.51114
-1.36375
-1.37942
-1.33428
-1.40267
-1.43149
-1.39143
-1.37564
-1.40267
-1.40331
-1.43182
-1.14878
-1.11982
-1.16614
-1.18403
-1.21133
-1.1544
-1.18124
-0.599672
-0.665388
-0.769931
-0.695053
-0.565035
-0.0557103
-0.124169
-0.151823
-0.197986
-0.313863
-0.19571
-0.129008
-0.923852
-0.637812
-0.686135
-0.45704
-0.821
-0.570996
-0.853269
-0.238145
-0.129512
-0.0818128
-0.390682
-0.472931
-0.211307
0.219333
0.146397
0.600274
0.246532
0.17529
-0.073428
1.59386
1.59842
1.07678
0.747652
0.938683
1.35095
1.26985
5.59163
6.27817
5.07237
5.67929
5.89282
4.27972
4.38494
77.2182
85.008
60.7401
135.126
106.833
100.782
87.1667
112.627
134.369
108.748
95.2707
103.042
135.743
80.1655
111.307
111.115
126.405
127.878
137.475
96.4276
99.9394
103.61
109.626
114.593
145.598
118.947
-1.29529
-1.26661
-1.29891
-1.3127
-1.34201
-1.32749
-1.29766
-1.29561
-1.28267
-1.24792
-1.3772
-1.40293
-1.42377
-1.40481
-1.37882
-1.4353
-1.4091
-1.33458
-1.33464
-1.29061
-1.34866
-1.29683
-1.27835
-1.32354
-1.41973
-1.43874
-1.43019
-1.37875
-1.39118
-1.40301
-1.39139
-1.435
-1.36383
-1.44605
-1.15398
-1.26875
-1.35982
-1.2892
-1.66896
-1.81679
-1.78078
-1.67282
-1.81799
-1.75888
-1.89704
-2.27979
-2.83365
-1.7362
-5.48427
-2.38287
-2.03143
-2.56193
-2.67635
-2.76626
-2.04344
-3.09973
-3.13656
-2.79936
-1.8108
-2.42329
-2.32219
-2.78712
-2.65032
-2.72684
-2.83039
-2.61176
-2.34434
-2.55934
-2.39033
-2.40843
-2.63346
-2.49893
-2.40446
-2.49395
-2.54369
-2.87599
-2.79245
-2.79482
-2.81426
-2.95521
-2.85695
-2.84752
-2.83074
-2.7727
-2.78991
-2.75527
-2.72326
-2.75438
-2.7881
-2.90243
-2.89727
-2.93747
-2.90059
-2.92652
-2.89026
-2.92514
-2.89807
-2.90194
-2.87441
-2.91253
-2.93716
-2.90973
-2.90324
-2.88831
-2.93325
-2.87397
-2.90245
-2.9022
-2.92387
-2.93621
-2.92347
-2.90709
-2.90558
-2.89454
-2.89359
-2.6879
-2.65706
-2.64365
-2.67285
-2.64223
-2.59795
-2.62681
-2.61275
-2.64209
-2.24563
-2.29071
-2.27544
-2.27445
-2.30446
-2.2755
-2.24588
-2.16101
-2.1323
-2.17691
-2.13375
-2.16139
-2.16138
-2.19029
-2.03244
-2.06569
-2.06991
-2.09554
-2.06537
-2.1162
-2.08478
-1.98415
-1.9552
-1.95173
-1.91871
-1.95221
-1.93534
-1.90574
-2.00126
-1.95499
-1.96959
-1.84086
-1.79481
-1.83953
-1.82829
-1.8548
-1.88304
-1.7074
-1.72337
-1.68107
-1.65925
-1.63074
-1.6158
-1.66068
-1.63217
-1.60358
-1.63241
-1.2963
-1.26153
-1.27309
-1.24098
-1.27579
-1.22655
-1.26604
-1.08669
-1.1315
-1.13349
-1.11672
-1.15508
-1.17363
-1.13726
-1.25677
-1.25022
-1.21004
-1.21789
-1.27853
-1.24694
-1.20197
-1.1126
-1.15661
-1.12928
-1.20568
-1.20084
-1.18152
-1.18287
-1.03288
-0.995977
-0.92368
-0.996689
-1.08909
-1.07449
-0.986714
-1.49745
-1.53782
-1.55591
-1.48115
-1.64154
-1.67542
-1.54506
-1.08338
-1.10727
-1.21424
-1.341
-1.31138
-2.11561
-1.91155
-1.73044
-2.07382
-2.31201
-2.01186
-1.80774
-1.2394
-0.947195
-1.00353
-0.77465
-0.976799
-0.865469
-1.05921
-1.95127
-1.44089
-1.5555
-2.54063
-2.09568
-1.76581
-1.97897
92.8149
80.0411
109.074
104.212
75.665
70.2791
87.0391
57.0025
106.118
77.4517
82.0606
98.4632
121.563
69.2031
93.7163
89.6318
94.2561
96.0565
105.359
66.3083
67.6414
75.4831
78.2053
83.5879
114.728
87.0898
-0.999575
-0.948652
-0.966874
-0.925607
-0.894016
-0.959241
-0.929118
-1.05384
-1.02725
-1.06039
-1.08816
-1.05714
-1.10577
-1.074
-1.18126
-1.1772
-1.2095
-1.13064
-1.16171
-1.14619
-1.179
-1.05331
-1.0397
-1.00517
-1.22626
-1.19674
-1.18211
-1.23528
-1.20461
-1.1887
-1.17419
-1.20107
-1.20431
-1.23295
-1.18356
-1.14955
-1.19586
-1.20526
-1.2405
-1.17293
-1.20684
-1.14414
-1.17801
-2.16287
-2.16965
-2.18933
-2.11448
-2.15453
-2.13953
-2.16028
-2.18591
-2.20008
-2.13251
-2.15701
-2.19509
-2.11392
-2.13869
-2.56077
-2.52864
-2.51444
-2.49825
-2.52673
-2.56
-2.52868
-2.88629
-2.87031
-2.9
-2.75577
-2.70932
-2.73891
-2.76946
-2.73825
-2.70963
-2.73933
-2.89321
-2.92262
-2.88459
-2.86807
-2.83677
-2.89191
-2.92275
-2.89805
-2.86746
-2.90777
-2.93666
-2.90549
-2.93606
-2.92318
-2.92303
-2.90565
-2.9055
-2.89272
-2.8937
-2.89983
-2.88597
-2.87034
-2.90478
-2.93315
-2.8889
-2.87394
-2.90315
-2.90319
-2.92627
-2.8979
-2.88949
-2.9262
-2.89619
-2.87367
-2.90233
-2.5498
-2.5779
-2.53609
-2.54769
-2.5205
-2.54848
-2.57721
-2.29892
-2.25245
-2.29744
-2.28274
-2.31207
-2.34438
-2.18069
-2.13915
-2.18359
-2.19725
-2.22697
-2.16768
-2.19851
-2.22865
-2.04901
-2.06213
-2.02073
-1.95406
-1.99422
-1.96631
-1.93794
-1.96474
-1.9933
-1.96592
-1.96681
-1.99693
-1.95659
-1.96921
-1.94164
-1.99735
-1.96846
-1.82838
-1.85535
-1.84335
-1.88455
-1.85582
-1.88429
-1.85621
-1.83748
-1.85496
-1.82533
-1.85048
-1.87962
-1.88139
-1.85184
-1.76736
-1.73807
-1.72754
-1.68228
-1.71149
-1.73784
-1.70953
-1.76181
-1.73654
-1.72174
-1.76187
-1.73559
-1.70898
-1.7352
-1.51441
-1.47356
-1.50336
-1.5512
-1.52481
-1.50027
-1.52746
-1.48066
-1.50413
-1.51722
-1.52725
-1.50297
-1.48205
-1.50525
-1.38748
-1.41651
-1.42607
-1.41219
-1.43895
-1.45859
-1.43331
-1.42114
-1.40518
-1.43691
-1.45038
-1.46469
-1.45384
-1.43359
-1.4433
-1.42879
-1.46011
-1.45167
-1.43475
-1.46951
-1.44715
-1.37667
-1.36952
-1.39881
-1.4236
-1.42471
-1.39261
-1.38555
-1.41124
-1.41637
-1.50361
-1.4688
-1.52232
-1.53403
-1.59458
-1.48629
-1.53431
-1.70969
-1.73953
-1.73714
-1.7856
-1.86675
-1.85169
-1.79496
-1.55085
-1.49546
-1.4561
-1.52544
-1.46598
-1.49099
-1.57183
-1.71349
-1.62456
-1.5711
-1.61628
-1.70281
-1.64893
-1.74323
-1.78184
-1.85327
-1.9686
-1.97792
-1.9798
-1.90159
-1.85535
-5.01958
-0.252378
1.96356
0.728848
4.76458
5.62089
0.308534
61.0021
47.7702
77.192
86.8749
61.1597
53.1961
38.7433
68.3996
88.6413
60.5163
55.8377
71.1985
95.9294
42.3131
68.626
68.9229
70.523
97.2613
70.6873
81.8142
57.743
49.1092
34.628
63.622
55.8148
84.2247
35.2427
15.6665
52.641
59.6477
93.1419
36.2221
63.0958
63.2189
3.1848
-0.314359
1.53111
-0.987509
0.00873139
-0.336501
0.399092
0.58223
-0.00803598
0.196006
0.475733
1.07428
0.881214
0.284975
0.194008
0.126799
0.239398
0.202112
0.139729
0.301607
0.274441
0.209719
0.236251
-0.127015
-0.120152
-0.0421686
-0.0942703
-0.0929271
0.0529111
0.0286223
-0.0197411
-0.0135801
-0.222881
-0.228902
-0.273308
-0.179156
-0.197202
-0.193436
-0.223269
-0.33005
-0.292923
-0.353703
-0.328803
-0.368697
-0.368401
-0.411614
-0.664468
-0.719042
-0.679567
-0.647422
-0.682247
-0.721052
-0.683535
-0.646946
-0.611411
-0.66734
-0.68111
-0.716831
-0.681367
-0.646409
-0.81566
-0.852713
-0.800074
-0.78269
-0.815814
-0.784442
-0.750479
-0.854166
-0.807794
-0.820909
-0.807095
-0.775063
-0.838587
-0.806522
-0.821743
-0.853762
-0.804725
-0.753897
-0.78902
-0.965399
-0.929865
-0.924679
-0.932247
-0.903199
-0.91146
-0.878591
-0.98282
-0.947613
-0.935081
-0.948833
-0.982383
-0.816281
-0.803165
-0.851902
-0.786099
-0.753646
-0.784962
-0.81688
-0.529507
-0.578325
-0.534621
-0.51246
-0.549851
-0.582137
-0.541915
-0.451421
-0.507058
-0.487772
-0.528407
-0.568046
-0.492052
-0.527371
0.217399
0.853762
0.644781
-0.153194
-0.0187093
0.714834
0.168307
5.9164
6.81985
8.53544
2.05195
2.74878
3.44456
2.56036
2.86035
3.715
2.90955
2.91272
1.02311
1.98211
2.59229
4.08834
4.83005
6.94233
6.35684
5.82922
5.34622
-0.263343
-0.21466
-0.209331
-0.229011
-0.264103
-0.226078
-0.19422
-0.218317
-0.204342
-0.266626
-0.183323
-0.197523
-0.185807
-0.2182
-0.355604
-0.370394
-0.325331
-0.298744
-0.32489
-0.329441
-0.298712
-1.85089
-2.1124
-2.07894
-2.07804
-2.26051
-2.26092
-2.05336
-2.89926
-2.77141
-2.80561
-2.80944
-2.61
-2.67282
-2.89174
-1.55282
-1.59407
-1.68232
-1.81436
-1.73689
-1.58057
-1.63711
-1.73212
-1.83673
-1.56913
-1.48437
-1.35489
-1.54186
-1.81379
-1.54181
-1.31128
10.0557
-5.36491
-16.886
-0.444446
-14.9917
4.16726
2.34017
-0.623163
-1.93821
3.44913
5.28635
-19.2902
14.8836
0.658761
7.75746
1.15052
-7.66658
5.1563
-10.6962
7.82889
-2.04138
1.20364
5.29956
0.524526
-0.834063
-0.738377
-1.46696
-1.70386
-2.04274
-2.27545
-3.52411
-1.54793
-1.63402
-1.66227
-1.76616
-1.71497
-1.59806
-1.62087
-1.70153
-1.65977
-1.72305
-1.72652
-1.79568
-1.72905
-1.67407
-2.10279
-2.12049
-2.07308
-2.14132
-2.17079
-2.13795
-2.10976
-2.27635
-2.26423
-2.24833
-2.28293
-2.3127
-2.31061
-2.28081
-2.40293
-2.43596
-2.39215
-2.40407
-2.43678
-2.40705
-2.37722
-2.56773
-2.53804
-2.52253
-2.50737
-2.53586
-2.56633
-2.53684
-2.64243
-2.59665
-2.62659
-2.65688
-2.68827
-2.75983
-2.71421
-2.74548
-2.77349
-2.74465
-2.71533
-2.745
-2.86285
-2.8933
-2.88034
-2.83416
-2.86592
-2.86457
-2.83387
-2.93722
-2.9086
-2.90702
-2.88322
-2.83865
-2.86977
-2.91974
-2.88994
-2.90508
-2.87588
-2.85389
-2.88377
-2.92121
-2.92037
-2.93561
-2.90453
-2.89064
-2.83962
-2.86815
-2.88479
-2.89916
-2.93674
-2.90764
-2.90843
-2.71746
-2.76415
-2.74757
-2.74623
-2.77654
-2.74704
-2.71718
-2.76626
-2.79699
-2.75906
-2.76642
-2.73266
-2.74771
-2.71797
-2.76998
-2.81866
-2.78555
-2.64921
-2.59936
-2.6452
-2.63168
-2.66104
-2.69477
-2.57617
-2.54651
-2.53273
-2.48863
-2.5167
-2.57653
-2.54776
-2.51898
-2.54663
-2.52464
-2.48989
-2.53635
-2.54695
-2.57695
-2.5192
-2.55058
-2.12661
-2.15442
-2.17094
-2.21386
-2.18566
-2.1557
-2.18308
-2.16636
-2.17994
-2.19679
-2.22225
-2.19204
-2.22407
-2.19333
-2.09677
-2.06929
-2.05424
-2.03833
-2.0649
-2.06791
-2.09451
-2.01344
-2.05558
-2.04343
-2.09814
-2.06634
-1.94857
-1.93279
-1.95933
-1.98958
-1.96284
-1.96171
-1.98897
-1.93961
-1.95838
-1.92726
-1.9504
-1.98041
-1.98286
-1.95194
-1.86844
-1.84129
-1.82691
-1.78443
-1.81253
-1.81456
-1.84067
-1.80396
-1.84563
-1.82171
-1.77991
-1.7615
-1.81732
-1.80773
-1.77802
-1.82895
-1.85903
-1.83397
-1.80483
-1.71764
-1.70316
-1.72706
-1.75582
-1.73312
-1.72994
-1.75416
-1.68268
-1.72423
-1.70764
-1.66781
-1.6859
-1.71855
-1.70135
-1.60419
-1.58968
-1.56562
-1.53589
-1.54989
-1.55717
-1.57063
-1.58341
-1.59558
-1.61519
-1.58712
-1.59678
-1.62544
-1.59859
-1.60603
-1.63174
-1.47607
-1.49605
-1.50237
-1.47153
-1.47191
-1.50333
-1.51233
-1.52459
-1.51494
-1.52534
-1.53113
-1.51183
-1.45569
-1.47903
-1.48782
-1.4743
-1.48403
-1.48137
-1.491
-1.71037
-1.77901
-1.72165
-1.66336
-1.63572
-1.71018
-1.66492
-2.25675
-2.28355
-2.27651
-2.45891
-2.22828
-2.27559
-2.15679
-2.13571
-2.25045
-2.12162
-2.01777
-1.94547
-2.11312
-2.01067
-2.57718
-2.46819
-2.61349
-2.72385
-2.58575
-3.26142
-2.52117
-2.43396
-2.33523
-2.58048
-2.42981
-2.20955
-2.68751
-2.54196
-2.77235
-2.61516
-2.82627
-2.65099
-2.85994
5.50711
-4.68626
10.4254
11.1841
-4.30217
1.12881
19.3214
66.1287
93.1209
64.901
81.7604
81.7011
92.6587
56.7919
55.9124
67.7346
65.5495
49.3481
62.3869
36.352
87.1891
61.0357
53.0765
66.2168
39.8412
60.9287
87.1813
67.3349
93.1364
53.5954
67.2278
66.6539
39.2193
-0.578427
-0.534454
-0.562131
-0.612111
-0.569128
-0.621912
-0.58186
-0.687729
-0.68757
-0.717306
-0.640638
-0.666569
-0.650032
-0.684642
-0.56099
-0.546612
-0.586384
-0.534861
-0.563548
-0.731806
-0.701761
-0.683702
-0.602546
-0.578342
-0.538365
-0.505809
-0.520005
-0.540721
-0.57655
0.0808021
0.0339141
0.256907
-0.250189
-0.43852
-0.426705
-0.223469
-0.472756
-0.531469
-0.254388
-0.485029
-0.42388
-0.360136
0.0333053
0.102137
-0.120821
0.987268
1.31173
1.16172
0.89982
0.958861
3.30296
1.74073
2.90747
0.181192
3.65295
32.1265
6.32473
45.7865
3.80165
31.6096
32.8934
58.4951
96.8976
70.5803
70.9134
84.2062
84.7288
98.2231
71.2109
58.3681
45.3928
57.534
58.4041
8.00838
38.1472
50.8604
62.5942
35.8741
96.837
70.7142
70.6844
32.1586
7.23688
46.1523
58.2273
32.1915
5.65075
31.91
0.491971
0.389176
0.244373
0.809316
-0.569406
0.20686
0.44555
0.0254726
0.0236775
0.182569
0.212528
0.261901
-0.0547753
-0.0942189
-0.0333413
-0.102856
-0.0363219
-0.0236838
-0.0707894
-0.0078095
-0.0138747
-0.000739319
-0.00133003
0.00827025
-3.84055
-4.22684
-3.5844
-3.86434
-3.56923
-3.95739
-3.79841
-4.10425
-4.50587
-4.38008
-4.31542
-4.60952
-4.52063
-4.24448
-4.16705
-4.99194
-4.80394
-4.46217
-4.2593
-4.91381
-4.32517
-4.45447
-3.58585
-4.30758
-3.90284
-4.57029
-4.60572
-4.58287
-4.38884
-4.59455
-4.66712
-4.8615
-4.70132
-5.14088
-4.75708
-5.56613
-5.18189
-4.59007
-5.16056
-5.3335
3.91553
19.4507
20.0579
9.25597
2.86614
5.61959
-1.83172
-1.48194
-1.48005
-1.50464
-1.49361
-1.46877
-1.47683
-1.50733
-1.7391
-1.71113
-1.76082
-1.69286
-1.67648
-1.71349
-1.73165
-1.63733
-1.65098
-1.62297
-1.67492
-1.69292
-1.66822
-1.65133
-1.89149
-1.86987
-1.91684
-1.85074
-1.82504
-1.88698
-1.86286
-2.19505
-2.16529
-2.14856
-2.13168
-2.10259
-2.13515
-2.16315
-2.02928
-2.05373
-2.04535
-2.08974
-2.06297
-2.08727
-2.0606
-2.32964
-2.28458
-2.29841
-2.3038
-2.27185
-2.30024
-2.332
-2.41462
-2.3995
-2.42824
-2.45853
-2.42799
-2.42805
-2.45776
-2.54022
-2.57116
-2.52797
-2.51491
-2.48473
-2.54228
-2.57299
-2.54284
-2.51364
-2.48018
-2.51019
-2.52495
-2.48117
-2.51064
-2.53875
-2.51017
-2.88834
-2.873
-2.9017
-2.89823
-2.92342
-2.88853
-2.88496
-2.85543
-2.89599
-2.92996
-2.91886
-2.8847
21.3368
47.9068
49.961
80.8561
58.8725
46.919
76.1626
86.455
55.6326
79.7433
83.5674
96.5629
53.9623
57.3924
49.4885
63.9732
38.7003
8.52176
36.3754
48.6738
34.1353
10.487
-2.87953
-2.8431
-2.88356
-2.8768
-2.84699
-2.83737
-2.88095
-2.83616
-2.8942
-2.86458
-2.93675
-2.91045
-2.90808
-3.75963
-3.36283
-3.34053
-4.0993
-1.58032
-2.98443
-3.48992
-226.099
-227.659
-171.047
-224.248
-237.945
-114.948
-152.667
-71.6854
-53.6955
-37.3347
-31.8649
-38.9471
-58.059
-12.1334
-2.66921
-2.97102
-2.47388
-277.966
-217.004
-256.908
-544.273
-560.977
-533.698
-533.703
-509.142
-535.357
-544.746
-520.387
-524.95
-512.014
-526.389
-528.023
-518.856
-505.945
-527.553
-542.869
-525.029
-508.825
-486.901
-551.783
-566.666
-556.682
-515.314
-544.871
-541.191
-567.586
-547.695
-534.708
-532.092
-555.077
-543.919
-535.738
-538.344
-537.41
-511.905
-528.599
-529.543
-549.282
-572.943
-557.804
-557.706
-546.479
-540.218
-487.558
-98.2199
-1.34524
-35.8995
-52.0007
-37.1382
10.9534
-65.6932
-189.829
-142.483
-139.691
-153.163
-173.071
-129.243
-156.382
-198.362
-171.241
-4.38227
-4.3777
-3.26162
-3.87117
0.802097
-1.61395
-4.41384
-263.162
-220.735
-253.157
-170.087
-212.009
-188.345
-247.829
-164.746
-171.388
-234.194
-2.83696
-3.61813
-2.69251
-2.89094
-2.86166
-2.88858
-2.92497
-2.89957
-2.93173
-2.89993
-2.89019
-2.92125
28.4763
53.6297
56.6902
91.6517
63.1788
54.7366
80.9987
93.421
64.6193
75.8661
72.8953
105.011
16.3277
39.8467
53.5933
-2.88891
-2.84388
-2.87468
-2.93755
-2.91105
-2.91059
-2.40943
-2.39006
-2.40984
-2.37195
-2.02175
-2.56507
-2.9283
-2.34382
-2.45318
-2.42709
-2.4827
-2.45981
24.056
-0.90667
3.04662
-10.4514
-2.09204
-1.28634
-4.15903
-5.0045
-1.23021
-1.16795
-1.30456
-1.29752
-1.35377
-1.36808
-1.33057
-1.2645
-2.31786
-2.3075
-2.38504
-2.37681
-1.03375
-1.03386
-0.860064
-1.06644
-2.28679
-1.96771
-2.15028
-2.0969
-1.61936
-1.60646
-1.63298
-1.6138
-1.94053
-1.93286
-2.00142
-1.99331
-1.34453
-1.48366
-1.16121
-1.27442
-2.19244
-2.19459
-2.14519
-2.1358
-2.13488
-2.12654
-2.20005
-2.19107
-3.28106
-2.66674
-2.68216
-1.32785
-1.29654
-1.38789
-1.36285
-2.9932
-2.8925
-3.10825
-3.70761
-1.67586
-1.83381
-1.75015
-1.95508
-1.76672
-1.75569
-1.8234
-1.81273
-1.81262
-1.81265
-1.76627
-1.75345
-1.62617
-1.56375
-1.65295
-1.59553
-1.19987
-1.16327
-1.26818
-1.23403
-1.58379
-1.54063
-1.61167
-1.56961
-2.64788
-2.64018
-2.72754
-2.71768
-1.58074
-1.57774
-1.39334
-1.40244
-3.50939
-4.36475
-3.46951
-4.71749
-1.87668
-1.82302
-1.88033
-1.82992
-1.1047
-1.14044
-1.06462
-1.10573
-1.2853
-1.29072
-1.21565
-1.21967
4.37704
6.84739
6.53266
7.97391
-1.68024
-1.68158
-1.62798
-1.6418
-2.02386
-2.04455
-2.09989
-1.76221
-1.76289
-1.8035
-1.81748
0.319872
0.268028
0.313792
0.250309
24.2552
19.466
16.9127
18.4807
-2.16293
-2.15095
-2.22782
-2.21578
0.0466004
0.165613
1.01747
0.717814
-0.17724
-0.233403
-0.164378
-0.219173
-0.888419
-0.93635
-0.870094
-0.917413
-2.50631
-2.55205
-2.49431
-2.53927
-2.6707
-2.65415
-2.74605
-2.7289
-2.65326
-2.6947
-2.63811
-2.6791
-2.66039
-2.73646
-2.85454
-2.86844
-0.993745
-1.03836
-0.99467
-1.04008
1.87394
1.08643
1.43885
0.832218
-2.00279
-1.97573
-2.073
-2.08418
-2.20669
-2.16452
-2.14794
-1.75703
-1.80725
-1.25142
-1.17232
-1.14116
-1.01213
-2.99056
-2.23626
-2.8034
-2.88924
-2.87817
-1.74635
-1.75943
-1.82101
-1.80894
-2.29445
-1.88083
-2.07698
-1.12279
-2.00158
-3.38497
-3.5263
-1.27915
-3.29101
-0.106542
-0.116229
-0.129752
-0.153184
-0.189032
-2.23938
-2.25359
-2.31611
-2.30531
-2.32413
-2.3565
-2.29532
-2.33974
-2.30463
-2.32873
-1.42712
-1.4623
-1.93306
-2.53392
-2.32111
-1.93588
48.3708
-1.86071
-2.97285
-1.96727
-1.89272
1.745
-1.17793
-0.813295
5.62156
-1.42051
-1.73811
-2.33289
-1.44157
2.04454
1.55252
-1.49518
-2.15778
-0.58467
-2.30459
-0.457362
-1.83906
-2.19041
-2.12338
-1.70836
-2.12754
-2.26637
-3.37629
-1.72943
57.6802
-3.06096
-1.23333
-1.92596
1.26467
-1.92378
4.51826
-1.50613
0.830772
0.948687
1.4696
-2.39691
97.6037
23.7985
3.92067
0.0767142
1.2882
0.348806
-0.423654
0.170357
2.03036
4.50491
1.71039
-0.321914
-0.377072
-0.465886
0.397271
-0.477347
-0.374846
-5.35035
-0.227255
-0.230919
-0.199128
-0.396328
-2.41504
-0.0262601
-0.0791582
-2.66147
-0.0961813
-0.0806268
-0.114297
0.105529
-2.20153
-0.461402
-0.185824
-0.535214
-0.0535732
-0.153729
-1.52972
-0.385599
-0.480595
-0.473416
-0.506624
-1.76793
-0.517079
-0.364908
-0.521052
-0.533993
0.402211
-0.232307
24.4499
-0.324767
0.12719
0.554774
-0.258043
-5.19453
-0.326503
-0.303675
-0.559051
-0.366974
-0.200041
0.0333482
-0.0349555
-0.21496
0.184577
-0.397744
-0.808342
-1.23661
-0.12053
-0.209701
-0.179841
-0.186245
-0.412765
-0.336248
-0.317858
-0.538655
-0.364418
-0.351034
-0.45217
-0.4467
-0.515637
0.000484333
-0.0420454
-2.52147
-2.79225
-0.0947914
-2.3874
-5.51458
1.03116
-0.386497
-0.449293
0.42459
0.35623
0.372848
-2.42775
0.877852
0.397263
0.118408
0.0262941
0.375624
1.3632
-0.375223
24.6175
40.8105
-1.76036
24.4778
-2.2719
0.329716
2.05578
-0.144069
0.398397
-2.09836
-2.75103
-2.42469
0.266415
-1.44383
-1.38267
0.395066
-1.56814
0.546117
1.56162
7.84442
-0.601707
-1.42402
-2.15864
-0.603641
-0.53473
-2.29342
39.6601
-2.68123
58.1659
0.70716
2.83124
2.2805
0.522325
0.999423
0.231004
0.879713
0.805497
0.621561
-0.420175
-0.692624
-0.811154
0.0974631
-0.783774
-0.00244481
-0.111603
-0.17913
-2.61637
-2.42461
-0.138049
-1.12235
-2.45781
-1.82278
-1.31472
0.12338
2.61833
-1.18567
-1.20025
-1.84031
-0.617892
0.362758
-1.25384
0.157346
26.9334
-1.37899
0.668761
0.250736
0.644374
-0.45364
-0.447286
0.106309
-1.46509
3.67247
4.33745
9.55642
-0.344751
-2.71049
-2.63192
-3.74135
-1.92002
-6.4956
-5.98125
-3.63796
-1.77455
-2.01147
-2.64706
-12.993
-4.84455
-3.26615
-6.37618
-0.669272
-6.31917
5.55723
-0.260584
1.89106
-2.17837
-0.369355
-2.91796
-2.88897
-0.7276
8.53406
5.32027
22.2263
44.5478
35.3881
54.2108
13.7594
38.369
-4.50977
14.282
15.6819
0.192356
10.7674
1.26892
4.02536
-1.43932
-1.84893
41.9661
-1.40566
33.4021
9.61048
14.9469
7.57656
18.4811
48.17
48.1633
5.54083
26.0591
-2.08775
-0.522357
-2.32969
-1.28856
-1.28726
-1.42428
-1.4328
-1.59298
-2.20081
-2.13082
-2.35548
-1.22762
-1.23098
-1.15432
-2.50612
-1.85466
-1.48476
-2.12001
-1.04039
-1.85234
-1.05834
-2.43941
-2.22782
-1.14075
-2.97496
19.153
-2.56651
-0.569974
-1.25839
-0.924351
-1.82692
-2.94785
-2.43112
-2.98092
-1.17113
-3.24154
5.80418
-5.79018
-2.488
-2.16078
3.82477
-2.63732
-2.00803
-3.8093
-2.08176
-1.53183
-0.9683
-3.3595
-1.20089
-2.2171
-2.77407
-2.70856
-3.22717
-4.10527
-2.23221
-3.22398
-0.523905
-1.49584
10.3663
4.07475
-2.07414
-3.50847
-0.832009
-1.71125
-2.3432
-2.95816
-2.87156
-1.88242
8.3112
-1.62504
-2.00029
-2.75824
-2.07488
-2.57418
40.4097
-0.166318
7.31317
-2.77657
-1.13956
-1.00645
-2.6281
-1.31666
-1.91985
-1.42808
-2.14153
-1.33955
-2.24188
-1.15605
-2.56852
-0.0698035
0.402579
-1.6527
-2.34077
-4.52868
-0.396932
-0.93913
-1.40105
-5.31752
-0.984031
-1.70365
-1.65736
-3.01914
0.430257
-1.42072
-1.31642
-1.84466
-1.39233
-1.37353
-1.29836
-2.02706
-1.6326
-1.54807
-1.10869
-1.70874
-1.63889
3.1513
-2.05985
-1.49325
22.0214
-1.458
-1.31316
-0.829148
-2.59562
-0.386527
-1.44578
-2.36608
-0.092944
-1.97942
-1.45902
-1.47174
-1.50156
-1.49763
-1.52706
-1.57294
-2.30315
-1.47104
-2.65067
-1.32974
-1.3671
-1.26382
1.00932
-1.44301
-1.31898
-2.4318
-1.61188
-1.50311
-1.06314
-1.24321
-1.17755
-1.46407
-1.52157
-1.40689
-1.2553
-1.38946
-1.42705
-0.677334
-1.39703
-1.49918
-1.53605
-0.889977
-0.89961
-0.672857
-0.862437
-2.748
-2.5622
-1.79311
-1.48322
-0.731656
-1.2614
-1.4199
-0.783501
-1.5406
-0.985602
-1.05353
-1.15586
-0.945519
-0.727375
-1.70011
-1.3613
-0.541189
-0.607826
-0.978381
-0.935329
-0.886257
-1.07762
-1.82274
-1.20514
-0.92016
-1.42312
-0.825328
-1.80158
-0.797176
-0.931865
-2.28424
-1.36541
-0.334171
-0.0832025
-0.647898
-0.763644
-0.657723
-0.631512
-0.764807
-0.676891
-1.03636
-1.52199
-1.04276
-0.494813
-0.775288
-0.375394
-1.51244
-0.661431
-1.62848
-0.896587
-1.88846
-4.74808
-2.72997
-1.04296
-1.02389
-0.88582
-1.06937
-1.05928
-0.943903
-0.489781
-0.886219
-1.89866
-0.806659
-0.788077
-1.01594
-1.45385
-1.04832
-2.06405
-0.674395
-1.40221
-0.656591
-0.933525
-0.623997
-0.606854
-2.96837
-1.13661
-1.19526
-1.40284
-1.29587
-1.38522
-1.31557
90.5646
-2.7354
-1.27555
-1.17873
-1.5144
-1.40787
-1.37841
-1.20304
-0.0920108
-1.11727
-1.13228
-1.42435
20.7016
0.469732
-0.102104
-1.16206
-1.37591
-1.37162
-0.136502
-1.23899
-1.47344
-1.50459
-1.52726
-1.48618
-1.51371
-0.491918
-1.84003
0.18329
-1.4151
-1.54699
-1.48428
-1.50939
-2.60478
-1.49186
-1.7526
-1.71081
-1.41854
-1.6283
-1.59888
-1.26471
-1.59863
-1.82491
-1.81535
-1.25546
-1.44675
-1.93462
-1.62855
-1.92949
-1.8093
-0.0343531
-1.82682
-2.76336
-0.0768384
-0.247571
-2.23226
-1.01405
-2.03896
-1.96459
-1.6961
-2.42867
-2.03632
-2.0787
-2.19286
-2.39546
-2.38044
-2.44069
-0.80057
-1.69746
-2.268
-1.1618
-2.32551
-7.98379
-2.56496
-2.19457
-2.39117
-2.37922
-2.30105
-2.31813
-2.03096
-1.42443
-1.93665
-2.27817
-2.30645
-2.03655
-2.04656
-2.75202
-2.30698
-2.29036
-2.41047
-2.36345
-2.15033
-2.17213
-2.26533
-1.73879
-2.54793
-2.40536
-2.42242
-2.41667
-2.41992
-2.01811
-2.3574
-2.36797
-2.47806
-1.92758
-1.89647
-1.88793
-1.99815
-1.9754
-2.29012
-2.14885
-2.11478
-1.20337
-5.06088
-1.19743
-1.71083
-1.2756
-1.62636
-1.3283
-1.60107
-1.64021
-1.41528
-1.62391
-1.58566
-1.63755
-1.58614
-1.59623
-1.70616
-2.40953
-1.90438
36.7671
-1.92301
-1.83951
-2.25365
-2.04348
-1.82125
-1.95636
-1.3607
12.5904
13.7451
-1.98722
-1.50847
-2.86952
-2.74957
-2.6753
-2.79394
-1.69224
-1.33582
-1.70034
-2.66045
-2.73607
-2.79581
-2.62992
-2.67557
-2.7932
-2.50239
-2.66152
-2.61749
-2.4463
-2.78124
-2.38954
-3.71614
-2.42725
-2.37014
-1.33387
13.7099
-2.85348
-1.86089
-1.84889
-1.84836
-2.61326
-2.38295
-2.42573
-2.61569
-2.31071
-2.62424
0.281161
-2.55537
-1.62659
-2.42743
-2.5103
-2.23873
-2.6588
-2.49757
-2.48605
-2.54418
-2.48979
-2.43224
-2.54124
-2.65355
-2.4887
-0.787851
-2.29771
-1.95115
-1.9944
-2.39868
-2.77455
-4.90299
-2.49219
-2.19521
-1.75261
-2.65195
-2.86702
-2.53619
-2.86764
-2.86833
-1.47049
-2.85471
-1.99063
-2.65561
-4.10825
-2.06917
-2.87262
-2.74511
-2.62028
-2.62011
-2.74484
-1.28717
-2.86648
-2.79145
-2.66803
-2.48036
-1.3235
-2.77677
-2.52583
-2.85188
-2.61947
-1.6183
-2.47272
-2.52482
-2.48382
-2.54537
-2.61019
-2.48978
-2.35578
-2.40152
-2.66728
-2.77513
-1.559
-2.34745
-2.73862
0.544822
-1.85473
-2.61269
-2.31014
-2.59145
-2.72895
-1.80798
-2.41782
-2.82078
-3.09761
-2.71231
50.7693
-3.83769
-9.87536
-3.06734
30.8331
-15.3006
-1.93814
-0.790757
35.0645
-2.66546
-1.71889
-2.71888
-2.71612
-2.9948
-1.44834
-2.53184
-2.97314
56.3658
-2.85314
-2.38154
-2.78154
-1.50197
0.219164
17.6265
-144.857
-2.18597
-1.80066
1.57577
-1.64251
-1.66893
-1.77569
-1.56464
-1.56141
-1.53292
-2.84385
-1.58821
-1.52655
-1.3949
-0.832591
-1.53628
-1.14088
-1.65791
-1.85676
-2.79298
-1.9614
-2.9144
-1.58652
-1.73299
-1.76937
-2.12214
-2.26371
-2.43503
-2.0062
-1.96314
-2.13461
-2.28375
-2.22416
-2.73244
-2.27094
-2.22546
-2.0779
-1.02053
-2.26269
-2.11235
-2.3561
-2.98419
-2.05405
-2.36258
-2.13244
-2.12044
-2.38519
-2.24393
-2.63935
-1.90933
-1.89177
-1.97797
-2.0914
-2.01506
-1.90024
-0.0845095
-2.88886
-2.37844
-1.84485
-0.918424
-1.68856
-7.56697
-2.32076
-1.93804
-2.00668
-2.49209
-2.69304
-2.22226
-2.48915
5.87276
-4.57057
-1.39559
-1.87185
-4.97858
-0.480114
-1.36138
-1.93937
-1.45679
-5.00875
-2.21818
-1.44029
-0.8099
-1.29655
-1.45371
-1.33817
-1.44927
-1.85802
-2.65555
-1.14391
-1.57437
-2.19202
-1.45086
-6.05508
-1.6273
-1.08514
-1.36968
-1.38989
-2.34192
-1.39137
34.9425
-1.06818
-1.63695
-0.0603578
-1.83663
-2.31792
-1.51848
-1.69006
-1.96291
-2.62174
-2.04216
-6.00315
-0.392071
-2.1363
-1.04917
-14.2087
-2.22435
-1.53273
5.30866
19.9075
-0.662012
-0.0935797
-2.67418
2.76761
-1.39722
-2.38131
-1.50321
-1.44307
-3.00288
-1.19596
-1.29611
-1.30062
-0.836066
-1.55668
-1.58643
11.0624
0.599442
2.22399
-1.31486
-1.49166
-1.40352
0.0243523
-1.5865
2.98608
1.07865
-2.37576
-1.5024
-1.63754
-2.08384
-1.63286
-3.15272
2.84681
-2.3094
-2.74918
-6.35198
-15.0398
-2.57743
-1.75437
-4.67121
-2.37456
-4.98385
-1.32101
-2.02945
-1.98089
4.14675
-1.88037
-1.57279
-1.87849
-2.30045
-2.89461
-1.54471
-2.05337
-1.93389
-2.33328
-1.35967
-1.91199
-2.24499
-2.36442
-6.10397
-2.36707
-1.76731
4.90658
-1.45034
-1.40471
-2.06681
-1.25473
-1.9033
-1.79172
3.47582
-2.24392
-1.80523
-1.90036
-2.14329
-1.95208
-1.94736
-2.03906
-2.26317
-2.29086
-2.49017
-2.30447
-2.17242
-2.28626
-1.64895
-2.29919
-2.19994
-2.37526
-2.07871
-0.668209
-2.26773
-2.27866
-2.83497
-0.958842
-1.94002
-2.04971
-1.82551
-1.80248
-1.83231
-1.88345
-1.90766
-2.35451
-2.21284
-1.78791
-1.78271
-1.6678
-1.65409
-1.6535
-1.68266
-1.66899
-1.67128
-1.43428
-1.63381
-1.56154
12.693
1.4488
-3.1411
-1.61985
-1.71124
-1.67296
-1.72923
-2.46894
-401.853
-1.71501
-2.67413
-1.46275
-2.68469
-2.3528
-1.5493
57.8927
25.0185
-2.31236
-2.82072
-2.95436
-2.61027
-1.48377
-3.57638
-2.4836
-2.60201
-2.81041
-2.84442
-2.86522
-1.54669
-2.25479
-2.63853
-2.94087
-1.22184
-1.4115
-2.30591
95.719
-1.3645
0.873681
4.61028
-0.32693
0.75693
-0.185994
-1.15448
-3.39307
-1.74886
-2.41384
17.4689
11.8888
-4.97009
23.9268
-2.9994
-3.47912
1.88249
-1.61897
-2.52681
12.3662
-1.19388
-3.19006
-5.58687
9.56607
-2.42543
-2.43673
-1.40395
-1.36768
-1.92348
-0.922871
-1.37035
-2.15297
-1.94529
-2.46674
-2.47063
-0.905786
-2.50344
-2.51097
-2.70956
-2.60656
-2.5041
-2.70839
-1.53818
-2.5223
-2.61828
-1.90541
-1.84701
-2.74752
-2.67196
-2.63296
-2.77899
-1.57179
-2.62306
-2.49531
-1.47159
-3.00583
-82.5076
-2.83887
-2.99856
-2.53068
-200.719
-2.87093
-2.85509
-314.363
-1.73878
-2.75858
-2.68821
-1.95139
-1.60712
-2.87179
-2.49117
0.0155204
-2.73985
-1.80116
-5.63626
-2.66143
-2.7349
-2.84867
-2.7733
-2.61189
-0.790888
-2.75485
-2.67688
-2.84698
-1.97569
-2.39556
-2.62137
-2.85809
-2.55065
-2.77835
-2.47732
-2.51183
-2.45691
-1.91796
-1.23745
-2.55756
-2.63449
-2.53714
-2.5884
-2.58831
-2.65638
-1.60024
-2.52919
-2.5695
-2.44048
-1.44003
-2.69635
-0.897608
-2.80621
-2.79241
-0.84128
-2.0312
-2.65071
-2.87571
-2.54186
-2.76503
-2.42712
-1.74293
-0.672162
-1.56441
-1.81609
-2.7515
-2.58212
-2.43786
-2.54557
-2.87274
0.68435
-2.51021
-2.09341
-1.8563
-1.94033
-2.86078
-2.00127
-1.94956
-2.41074
-1.75535
-1.7249
-1.73575
-1.76538
-1.73414
-1.73284
-1.75301
-1.75881
-1.80921
-1.80351
-1.72521
-0.339711
-1.72465
-1.65971
-1.79065
-2.0106
-2.73732
-1.73032
-1.93441
-2.11399
-1.91798
-1.66448
-1.67515
-1.68019
-1.65839
-1.67905
-1.58184
-1.56495
-1.90739
-2.10775
49.1886
-2.29215
-2.26986
-1.61507
-0.141239
-1.49439
-2.00528
-2.11712
-2.22807
-2.00355
-2.09927
0.329963
-2.04135
-2.10648
-2.15593
-1.8993
-2.56592
-2.03558
-2.43559
-2.04572
-2.03709
-2.09062
-2.26177
-2.22278
-2.10187
-0.185177
-2.64089
-1.60425
-2.25657
-1.07564
-2.44238
-2.1085
-2.2184
-1.40655
-1.46421
-2.20628
-2.05625
-2.67581
-2.36638
-2.34524
-2.52087
-2.52546
-2.32263
-1.41266
-1.91056
-2.05025
-1.93788
-0.948484
-2.36158
-2.74807
-1.71699
-1.81193
-1.72751
-1.86041
-0.389671
-1.64822
-1.63036
-1.63624
-1.78913
-1.65763
-1.67034
-1.71013
-1.70754
-2.02818
-1.72175
-2.41993
-1.16247
-1.70833
-1.54905
-1.4367
-1.84735
-1.62237
-1.72212
-1.50222
-1.4954
-1.43432
-1.2123
-1.32737
-1.33762
-1.29361
-1.29231
-1.40094
0.648328
-1.28378
-1.32555
-1.14872
-1.33195
-1.19284
-1.60403
-1.46703
21.1845
-1.31486
-1.31504
-1.72333
-1.73289
-1.5814
-1.5644
-1.54435
-1.36011
-1.38343
-2.65449
-1.3388
-1.70667
-1.5104
-1.82385
1.33327
-1.7211
-1.50546
-1.48018
-1.57944
-1.56211
-1.63382
-1.5097
-1.53722
-2.62034
-2.47475
-1.51717
-1.59606
-1.61142
-1.31554
-1.28357
-1.35461
-1.59612
-1.42899
-1.41523
-1.40899
-1.44997
-1.54887
-1.55638
-1.52081
-1.46433
-1.37313
-1.48409
-0.782544
-1.60727
-1.91311
-1.58454
-1.58362
-0.832621
-1.60252
-1.61309
-1.51337
-0.925437
-1.01164
-0.99247
-0.926076
-0.811332
-1.08292
-0.975642
-1.56336
-1.05224
-1.1723
-2.76217
-1.15197
-1.22597
-1.43329
-1.50486
-1.25853
-1.08635
-1.06434
-1.15321
-0.849497
-1.02539
-1.00085
-0.96288
-0.870771
-0.868824
-0.924288
-1.22562
-1.31057
-1.02902
-0.919853
-2.21597
-1.25107
-0.846496
-0.824572
-0.682335
-0.95497
-0.805531
-0.838921
-0.928925
-1.4253
-8.5417
-0.645067
-2.69177
-1.45878
-0.933685
-1.40112
-1.40997
-0.803712
-1.19839
-1.12364
-0.620319
-1.85281
-1.51713
-0.986693
-0.776739
-1.08375
-1.17562
-1.04269
-1.44514
-1.07078
-3.48215
-0.913853
-1.15796
-1.21076
-0.900293
-0.652741
-1.50132
-0.643728
-0.416237
-0.56962
-0.652758
-0.389867
-0.432146
-1.42341
-1.454
-0.514366
-0.333357
-1.0176
-1.66811
-0.373922
-0.248462
-0.217659
-0.194721
-1.04341
-0.0305672
0.0847298
-0.167508
-0.236416
-0.498524
-0.52562
-0.318905
-1.67168
-0.241843
-0.220969
-0.527787
-0.36114
23.5439
-0.643854
-0.0774819
-0.173329
-0.695594
-0.0845672
5.01094
44.8956
20.5292
42.0843
19.3925
-1.60886
-0.558536
-0.164601
0.19947
0.285647
0.100247
-1.84834
-0.125262
-0.815214
0.324761
1.39585
0.123343
-0.103577
1.1569
-0.700091
0.449431
0.0195227
17.9423
69.6859
-1.90703
-2.58321
-0.360629
0.056275
0.223221
-0.0934171
0.06653
0.056477
4.05923
-1.96957
37.0568
0.113466
-0.0555005
0.106197
-0.592111
-0.554357
-0.48349
-0.46753
-0.492199
0.0619565
-0.368032
-0.212162
-0.20986
-0.515029
-0.251607
-0.522944
-2.504
-0.666472
-0.326003
-0.177599
-0.485321
-0.707801
-0.34237
-0.200386
42.8669
-0.387213
-0.187136
0.00298901
-0.50775
-2.41241
-0.592769
-0.0402845
-0.404673
-0.718882
-0.219169
0.00883825
-0.153068
0.315471
-0.533744
-0.445931
-0.544495
-0.329613
-0.390311
-1.10983
-0.394678
0.700606
0.113578
0.0381884
0.0456931
0.0200102
-0.318585
-0.131415
-0.256292
-0.179465
0.0986346
0.260902
0.113537
-0.174164
-1.10001
-1.31945
-0.691486
-0.531097
-0.312306
0.740088
-1.12943
0.707596
-0.214556
0.299556
-0.759858
-4.73717
-3.11064
-0.186365
-0.811482
-1.86589
-3.62799
-2.02643
0.664962
21.5096
39.6886
-0.613046
-1.39805
0.328438
0.59736
1.65092
-1.58611
-2.1851
1.44285
1.4193
2.26173
40.0761
-0.308893
4.01332
5.16461
37.7364
-4.15741
-0.164197
45.4194
2.15682
0.0723577
2.00278
-0.0540951
41.5463
52.6225
9.776
-0.381488
0.516421
34.4999
0.665922
6.9593
-0.414659
-1.54528
10.7614
13.3827
29.178
-3.29931
-4.1548
63.1567
8.55918
7.29486
38.653
36.6242
22.0394
71.6298
-2.76722
-1.40684
66.2702
65.889
14.792
47.1008
41.3066
53.0845
12.8633
51.467
-1.80634
-1.86685
-0.31889
-0.84502
-2.67661
1.37877
-0.0652896
-4.80876
-0.332117
-0.315488
3.21917
-3.99707
3.76613
-1.85904
-7.76578
-1.83743
-5.61348
-6.38191
-0.0450359
14.5452
19.3269
-7.31372
4.36107
-3.78771
17.5942
23.6742
38.5769
35.9887
7.53274
20.693
20.566
-4.18028
-0.210138
51.4247
10.1622
2.58535
-0.641728
-4.697
-20.9957
-1.3451
-0.0254069
47.0335
-2.10295
1.57806
-1.90816
-3.29716
52.7443
-4.72611
36.0122
-1.81282
-15.6746
43.4996
-3.19009
-7.75772
-1.88592
-4.24636
-6.87939
-2.88193
0.316173
-3.70465
2.80939
-6.74701
-2.15754
1.88878
6.60315
-1.3443
-1.75704
-3.78587
0.844359
-2.29587
-8.39152
21.7637
1.77845
-3.00894
-2.35959
-2.6407
-0.332995
-5.23625
-1.28062
-4.08504
-2.49421
-0.364584
-1.74485
0.310219
-1.54901
-1.81438
-2.46812
-2.15414
-1.39999
-2.10966
5.50881
-1.76498
-1.54986
-1.51949
-1.4739
-1.6261
18.1879
-1.50863
-2.47522
-3.2311
-1.46626
-2.2959
-1.46272
-2.35464
-2.41232
-1.27704
-1.60458
-3.09936
-2.75084
-1.96554
-1.71594
-1.67204
-1.69187
-3.13038
-1.63493
-1.58976
-1.57337
-1.76002
-1.56139
-2.47489
-2.10258
-1.71898
-1.63084
-1.63112
-1.62138
-1.89679
-1.61299
-1.27901
-1.53892
-1.61875
-11.5711
-1.62094
-2.4346
-1.51255
-1.61564
2.33786
-2.85359
-1.48248
-1.4854
-1.54752
-1.98981
-1.36555
-1.59641
-0.709195
-0.703437
-1.46383
-1.66969
-1.09876
-1.24343
-1.49465
-1.33681
-1.36516
-1.8776
-1.09824
-1.10329
-1.2724
-1.7942
-1.86403
-1.88906
-0.750584
27.1359
32.7869
-3.34823
-3.584
51.1174
-1.90876
-2.66867
-3.41108
-2.69207
-1.10244
-2.78992
-2.45757
-1.04079
-1.53079
-1.5197
-1.61318
-1.83327
-1.62557
-1.52523
-2.42281
-1.54899
-0.789453
-1.41461
-2.28069
-1.80438
-1.7418
-1.98618
-1.78336
-2.30988
-1.79329
-2.40714
-1.05441
-1.60305
-2.07356
-1.70344
-22.8456
-1.65981
-1.67177
-1.00822
-2.31694
2.23332
-0.876458
-1.66447
-1.6343
-1.6201
-1.67491
-1.54325
-1.63203
-1.60416
-1.57778
-1.6985
-2.28497
-1.63279
-1.26944
-1.37759
-2.26914
-2.00879
-1.64315
-2.11819
-1.55353
-1.49894
-1.45318
-1.48848
1.70156
-0.212683
-3.74588
-1.54012
-1.60141
-1.59725
-1.16677
-0.945682
-1.57321
-0.518818
5.05486
0.28194
-23.7137
-5.14754
-0.661292
11.2753
-1.8586
-0.561997
-2.22443
2.42862
-5.80677
77.2248
-1.30977
3.56631
87.5023
-1.17963
-7.67654
41.6606
4.15115
29.6855
19.4775
5.12288
46.3737
33.0207
9.42746
-0.684472
-0.465163
-337.927
-0.430176
40.3602
4.11742
7.77394
0.737585
-1.18294
26.5699
2.87493
-0.602962
42.7959
-1.67033
-2.01068
3.82856
-2.08925
-2.60653
-0.135729
-0.176177
-1.81099
-2.2542
-2.03656
-0.983747
-1.06781
-2.44896
-2.52789
-0.183037
-0.342889
-0.215583
-1.8236
-0.798912
-0.550267
-0.312787
-1.26722
-0.742475
-0.776846
-0.34417
-0.40171
-0.644425
-0.738712
-0.446999
-0.547998
24.0141
0.0101423
-2.13347
0.691213
-1.19414
27.53
-4.58758
10.8407
-0.0750274
22.2666
22.51
0.769451
0.0564778
-0.0768446
-0.165472
-1.23865
-0.138359
42.7949
0.606728
0.0990473
0.536657
3.96067
-4.85214
-0.416874
-10.1657
-1.09109
0.0166866
0.0117548
18.9824
-0.410168
45.2498
4.26537
-0.480262
-0.287198
-0.619254
-1.55811
-2.01176
2.9511
1.83154
-2.38092
-0.689045
-0.266255
-1.10577
-0.966629
1.57963
-0.765672
1.79905
-1.1654
-0.467471
2.853
-0.909291
-1.04732
-0.103304
-1.25127
-1.02836
-1.13628
-0.636125
-1.01838
-1.24626
-0.839897
-0.874365
-1.8964
-1.62524
-0.644266
-1.54481
-1.17158
-1.51249
-1.8147
-1.63885
-1.83779
-1.30001
-1.56916
-1.61893
-1.38911
-1.56339
-0.165446
-1.44444
-1.63666
-1.59885
-1.29215
-1.48805
-1.44786
-1.12277
-0.899922
-0.70049
-2.28638
-1.10686
-1.34532
-1.51199
-0.987829
-1.52561
-1.06929
-1.38488
-1.32113
-2.12808
-2.22731
-2.12096
-1.81027
-1.82359
-1.64501
-2.02339
-2.01301
-2.16552
62.4485
-2.16542
0.505669
-1.64145
-1.9236
-1.36097
-0.507969
-2.67751
-2.60585
-1.5849
-2.02162
-3.02773
-2.39783
-0.678306
-0.779423
-17.4858
-2.16547
-1.09286
-2.68952
-1.24771
-3.27952
-2.42596
-0.743155
-4.43638
-1.85003
29.1312
60.6419
-2.73712
-2.28307
-1.73551
0.0919916
-2.66793
-0.436816
-1.5436
-0.177478
-1.90765
-3.0034
-2.80461
-2.06846
-2.38917
-1.92005
-0.345252
0.0590212
-2.2937
-2.40678
-0.623046
-1.55667
-2.34054
-2.66801
-2.05248
-2.86669
-2.25322
-2.05634
-2.4941
-2.60207
-2.51929
-1.15829
-2.62176
-1.63529
-1.32061
-1.86804
-1.35948
0.0494876
0.378153
-2.83216
-2.5231
-1.91545
-2.09489
-1.43846
-2.35419
-2.99982
-1.65908
14.8054
-2.47817
-1.73703
10.8377
-2.85949
-3.00462
-2.746
-2.22987
-2.33995
3.73649
-1.56771
-97.165
-2.34402
-2.20648
-1.17345
-2.44697
-0.525066
9.08184
-1.47075
-2.27808
-1.79236
-1.69739
-1.92268
-1.85906
-2.39453
-71.3253
-1.53054
-1.28212
-2.61676
-1.33875
-2.13453
-2.77981
-2.29208
-2.15071
-2.24106
2.89427
-270.83
6.29233
-1.9685
-2.66679
-1.65928
-1.18525
-1.7358
-1.08744
-1.72443
-2.63216
-2.11469
-2.43816
-1.53056
-3.12451
-2.85328
-2.57404
-2.85251
-2.09338
-2.86743
-2.41256
-2.51855
-2.6548
-2.44242
-2.7921
-2.39428
-0.78988
-2.79329
-1.95691
-2.78141
-2.67788
-2.79619
-1.60309
-2.04945
-2.66471
-2.63308
-302.628
-1.83623
-1.73518
-1.90995
-1.6263
-2.13949
-1.37614
-2.14712
0.592787
-1.52927
-2.27198
-1.58851
-1.28935
-1.66483
-2.61064
-2.37484
-2.16796
-2.00085
-2.84162
-1.81105
-1.42599
-2.58549
-0.097159
-2.0516
-1.56276
-1.66168
-1.7215
-1.83634
-2.51229
-1.74347
-1.84145
-2.20986
60.8106
-1.35739
-0.788563
-2.12203
-1.52589
-2.43732
-2.04941
-1.24465
-2.09582
-2.31261
-1.6005
-1.30655
-2.66432
-1.49364
-0.523939
-2.26137
-1.71991
-1.65072
-1.59096
-1.2438
-1.28218
-1.16777
-1.17127
-1.35336
-1.25406
-1.37276
-1.97995
-0.929379
-2.40358
-2.69987
-1.06048
-2.47565
-0.11637
-0.637779
-0.569443
-2.58535
-0.815237
-2.35519
-1.60222
-0.880104
-0.757521
-2.81703
-2.43628
-0.608313
-0.624055
-0.729304
-1.00288
-0.750207
-0.974034
-0.846833
-2.53165
-1.51617
-0.674036
0.0126616
-1.37424
-1.03504
0.0718653
-0.880639
-0.311962
-1.6197
-1.33874
-0.971211
-0.693323
0.171259
-2.68376
-0.455801
-1.18177
-2.26536
-2.17911
-1.3486
-1.48475
-1.93907
-1.18776
-1.7693
5.17786
-1.66869
-1.267
-1.61805
-1.46559
-1.43088
-2.30558
-1.44382
-1.89834
-2.25968
-2.4152
-1.82272
-2.51471
-1.00207
-2.42217
-2.50598
-6.39411
-1.47634
-1.46048
-1.2543
-0.722093
-4.09274
-2.02795
-1.42748
-1.81432
-422.536
-2.42449
-2.55835
-1.5322
18.1779
-5.41026
-2.4638
-2.64396
-2.68166
83.8513
19.9534
2.81748
32.292
26.8811
-1.40308
42.8005
-2.41522
12.1766
42.4539
49.0893
1.51164
-0.488518
36.9078
-1.5482
-2.12956
-5.35908
7.1045
-2.80055
-1.37056
23.317
-1.16998
2.22002
-1.88719
4.15036
-0.0826869
-0.863305
0.238497
-0.0501458
-1.68068
-0.305627
-2.74265
3.46752
0.0295699
67.6959
2.91135
0.526897
4.65458
2.28335
-1.52662
2.34833
33.4706
25.5694
0.344528
22.7062
44.3748
37.8211
0.383647
-0.607256
-2.06148
-0.230939
-1.01853
-0.390414
-2.23786
-0.24453
-0.230123
-0.205752
-1.31392
0.341762
-0.0045624
0.190885
-1.72125
-0.121673
-2.41745
0.507349
-2.44218
-0.305091
-1.62599
-0.742465
-2.56127
-0.13839
-0.394172
-2.60683
-0.605825
-0.791908
-1.60098
0.506537
-1.637
-1.7187
0.427185
-1.25265
-2.01999
-1.98079
-1.59204
2.93135
-0.933027
-0.225072
36.8254
0.0234199
-0.229036
-0.673513
11.6625
0.120991
0.0975354
-0.803204
-1.68674
-2.69973
42.6883
0.263467
0.0903947
-4.72692
-0.116042
-2.03587
0.07615
1.30031
-1.79802
-0.548066
-0.209451
-2.2159
0.657963
-0.754337
1.46559
-2.46806
-1.39235
-0.398124
-1.53565
-2.12365
3.5162
0.0115982
-2.38123
-1.68493
-1.86808
-1.36669
-0.617841
-1.30551
-0.537814
-1.69637
-2.40059
-2.34118
-2.08173
-2.16028
-2.25658
-5.75386
-1.58822
-1.58772
-1.43374
-1.4484
-1.7146
-0.875778
-2.59992
-1.0786
-2.79165
-1.82356
-2.17326
-1.54075
-1.70201
-1.03284
0.843508
-2.53535
2.0857
-1.6046
-2.59899
-2.04523
-1.6825
-2.25458
-2.42679
-1.15788
-1.49812
-2.76121
-2.13212
-1.15286
-1.71361
-2.11055
-2.25372
-1.28556
0.701481
-2.47576
-2.09183
-2.46894
-2.46078
-2.25037
-0.255489
-1.56755
-1.85992
-3.91695
-1.61103
-1.6441
-5.75959
-1.5863
-2.6551
-1.60633
-3.16571
-0.239831
-1.67017
-0.0509317
-5.08418
-1.93425
-1.69748
-2.69727
-2.33008
-1.49616
-2.82569
-1.39289
-0.702672
-0.488071
-2.81263
-55.2009
-1.60443
-2.82523
5.01194
-1.61402
-1.67491
-2.5182
-2.23674
-2.00908
-0.562157
-1.01139
-0.768461
-2.68427
-1.64142
-2.12264
-1.52023
-1.62413
-0.546626
-3.68257
-1.27441
-2.42316
-1.68861
-1.01656
-4.75258
-1.24567
-3.87604
-2.02806
-1.64236
-2.9152
-1.52129
-2.32396
-429.52
-1.6438
-1.21184
0.163973
-2.38535
-0.875034
-1.41625
-1.38213
-2.20114
-1.49748
-2.7899
0.847353
-1.30647
-1.10774
-29.8005
-2.31046
-0.836743
-1.86001
-1.65354
-1.14367
-1.50666
-0.174103
-0.463212
-2.64334
-0.267201
-0.739319
44.61
-2.00639
-1.78919
-4.96232
-3.82877
-0.7329
-2.76786
-1.8728
-1.33011
-0.685281
-1.59097
-1.57226
-2.32142
-8.22222
-1.62814
-2.1989
-1.37739
-1.38917
-2.26869
-1.3704
-2.38086
-2.18321
)
;

boundaryField
{
    FrontBackPlanes
    {
        type            symmetry;
    }
    wallz
    {
        type            calculated;
        value           nonuniform List<scalar> 
97
(
-404.222
-356.701
-435.506
-282.354
100.612
0.656369
2.24949
99.7934
104.721
-2.56326
-2.77851
-2.67175
-0.213201
-0.254614
0.45128
101.424
102.596
104.209
-2.24405
-2.34985
-2.45336
-0.645461
-0.504157
-0.41779
99.695
103.384
100.839
-1.94159
-2.03454
-2.14421
-1.02186
-0.896327
-0.771073
101.255
103.979
-1.73074
-1.83178
-1.3828
-1.26388
-1.14843
128.915
112.651
-1.6273
-1.72539
-1.60936
-1.49936
144.498
143.602
150.849
-1.29824
-2.06816
-1.95236
-1.84086
130.321
111.478
119.976
-1.05594
-1.17948
-2.29744
-2.17976
104.681
102.511
105.301
-0.807353
-0.926139
5.86223
3.3969
-2.76735
-2.6452
98.3405
98.7004
101.891
-0.588819
-0.681065
-0.254388
0.0524874
0.957792
102.153
102.908
102.092
103.106
51.044
-2.88648
-275.53
-529.125
-544.314
-160.689
110.237
55.9461
-2.89154
-1.40737
110.733
-2.41147
103.687
108.835
-2.53995
-1.52569
)
;
    }
    outlet1
    {
        type            calculated;
        value           nonuniform List<scalar> 
31
(
-2.943
-2.943
-2.943
-2.943
-2.943
-2.943
-2.943
-2.943
-2.943
-2.943
-2.943
-2.94309
-2.94691
-2.97211
-2.943
-2.97757
-2.97004
-2.9446
-2.94303
-2.943
-2.943
-2.943
-2.943
-2.943
-2.943
-2.943
-2.943
-2.943
-2.943
-2.943
-2.943
)
;
    }
    inlet1
    {
        type            calculated;
        value           nonuniform List<scalar> 2(-571.581 -577.857);
    }
}


// ************************************************************************* //
