/*--------------------------------*- C++ -*----------------------------------*\
| =========                 |                                                 |
| \\      /  F ield         | OpenFOAM: The Open Source CFD Toolbox           |
|  \\    /   O peration     | Version:  v2012                                 |
|   \\  /    A nd           | Website:  www.openfoam.com                      |
|    \\/     M anipulation  |                                                 |
\*---------------------------------------------------------------------------*/
FoamFile
{
    version     2.0;
    format      ascii;
    class       volScalarField;
    location    "0.5";
    object      p;
}
// * * * * * * * * * * * * * * * * * * * * * * * * * * * * * * * * * * * * * //

dimensions      [1 -1 -2 0 0 0 0];


internalField   nonuniform List<scalar> 
6576
(
-434.784
-457.961
-426.292
-433.374
-442.265
-421.669
-421.945
-407.558
-427.978
-425.222
-424.641
-415.722
-402.843
-418.152
-325.943
-344.201
-379.93
-375.887
-348.745
-342.696
-382.865
-412.714
-421.572
-492.819
-320.544
-278.783
-203.972
-463.935
-464.322
-461.332
-453.216
-444.334
-405.909
-309.681
-293.631
-307.482
-334.967
-332.209
-325.937
-327.679
-364.432
-408.795
-357.401
1366.31
998.393
1739.4
1183.58
1296.99
1716.48
1717.99
1409.46
1547.54
-3.20958
-3.26388
-3.04894
-3.77893
-5.6608
-6.94165
-4.32543
-2.96787
-3.14392
-3.04791
-3.13684
-3.14988
-3.18399
-3.10799
-2.71042
-2.77525
-2.93169
-3.05495
-2.93061
-3.1625
-3.00669
11.237
11.3793
11.3411
11.4282
11.4631
10.7351
11.2274
11.5752
11.1041
11.015
10.7234
10.3881
10.9689
10.7286
38.5177
44.008
37.7302
34.4865
40.0318
35.4548
43.2034
823.052
753.486
894.681
587.918
667.545
841.923
802.928
1136.67
1223.26
1157.65
1132.34
1147.24
1092.31
1114.03
1736.49
1711.09
1769.36
1652.01
1771.45
2015.4
-4.60085
-2.99832
-2.7939
-2.462
-2.41907
-2.59959
-3.54776
-23.2872
-11.1555
-148.769
-140.439
-82.0561
-0.633226
24.2868
-2.42238
-3.29991
-3.08838
-4.05667
-3.38504
-4.521
-3.91469
5.03142
7.82793
2.91912
7.06051
6.6453
1.92104
2.717
0.922195
0.591202
0.584034
-1.19343
0.210691
1.01378
0.0305045
0.482742
0.363823
0.369144
0.921428
-0.0535106
-0.0681342
0.240038
0.920439
0.743181
0.892306
0.978919
0.75918
0.805719
0.670094
0.762823
0.860312
0.391018
0.167833
0.316845
0.649576
0.537978
0.337981
0.500988
0.228174
0.0668407
0.318489
0.382738
0.241596
0.488378
0.381706
0.360443
0.462646
-1.45348
-1.63195
-1.54559
-1.40273
-1.70489
-1.48467
-1.26031
-1.29185
-1.88297
-1.82355
-1.76813
-1.84136
-1.70519
-1.69271
-1.77576
-1.77279
-2.36774
-1.9593
-2.2631
-2.20158
-2.31894
-2.02644
-2.08742
-1.57486
-1.81328
-1.97801
-2.1833
-1.95475
-1.99871
-2.04578
-2.92995
-3.02152
-3.4306
-2.00266
-2.93883
-3.11906
-3.10246
-2.27673
-2.30856
-2.23701
-2.18871
-2.2872
-2.25889
-2.16526
-2.06374
-2.12704
-1.98803
-2.04391
-1.97802
-1.85327
-1.9557
-1.6039
-1.42215
-1.53861
-1.66721
-1.64551
-1.48034
-1.55258
-1.03013
-1.07095
-0.771347
-1.13415
-1.29631
-1.00548
-1.1837
-0.312245
-0.0018257
-0.197259
-0.605593
-0.40328
-0.51043
-0.301074
-0.108885
-0.303457
0.453982
0.44006
0.458814
0.563147
0.385192
0.530842
0.397873
10.809
22.6157
-7.79651
-33.5096
-6.92205
-1.00984
-18.4349
820.486
707.291
526.763
1127.52
561.755
463.268
1405.24
423.222
1387.58
1170
1173.74
1073.92
950.153
684.661
797.57
357.902
-111.437
18.014
127.488
-37.1022
221.083
-14.2106
-208.256
-18.4471
-68.811
1128.26
1125.46
1086.38
164.597
185.938
76.8881
259.601
166.025
73.716
171.07
7.04213
6.34593
9.27825
6.84121
5.54275
10.3374
11.3299
10.1669
1.56257
2.33335
5.92363
3.26332
3.43129
3.25187
3.11223
3.24199
-16.1882
-15.9078
-18.5289
-14.5367
-5.1112
-12.755
-8.72088
-258.292
-262.202
-260.998
-263.393
-262.587
-261.326
-261.531
-249.451
-246.957
-251.829
-226.569
-259.334
-202.61
-244.049
-250.852
-224.007
-240.664
-268.665
-191.166
-235.573
-273.486
-203.461
-141.344
-179.242
-222.525
43.8342
419.728
-35.7933
47.4546
162.087
-46.3179
97.7974
1406.58
1028.67
1105.07
1109.5
820.581
125.012
666.985
1115.87
1769.44
-239.51
-237.83
-223.711
-237.134
-244.069
-241.544
-243.304
-260.281
-261.899
-257.206
-258.372
-244.63
-261.71
-256.912
-25.9578
-26.4457
-26.7142
-26.6133
-26.5958
-26.4513
-26.7606
-26.9522
-26.3303
-26.7641
-22.4458
-27.0639
-29.0908
-28.9939
-25.6185
-27.0768
-6.39978
-21.0509
-17.7705
-29.7072
-33.4415
-22.9501
-28.7121
-18.549
-8.13924
10.101
5.80425
6.66428
16.5053
14.6849
13.0962
16.6723
17.0998
6.18971
-8.88598
33.8973
6.87075
18.6994
26.089
-2.00481
-1.74074
-2.13285
-1.80931
-2.74697
-1.84805
-2.32977
-4.0152
-3.92785
-4.19752
-3.96223
-3.82486
-4.42805
-4.0515
-4.00546
-4.39156
-4.09791
-4.20228
-4.1795
-4.64634
-4.8586
-3.46838
-3.52487
-4.42419
-4.27746
-3.50885
-4.85923
-5.43423
-4.37435
-4.82494
-0.267853
-0.712946
-0.261226
0.568997
-0.343036
-0.0347217
-0.513897
6.40561
6.91362
-0.436426
-4.60324
-7.22298
0.0726138
-12.1722
7.18553
1.3326
-13.7932
4.44839
-8.17898
3.04051
-0.527632
24.6107
8.98684
2.61636
32.7836
21.3909
14.164
26.9951
-14.7673
-11.1228
-5.61159
-17.9049
-15.2479
-14.1856
-14.3456
42.4392
38.7773
7.80808
-13.5307
-12.4937
0.546478
-4.79631
-6.76468
-5.30914
-5.36936
-4.11661
-3.76294
-4.6609
-5.12271
-7.23523
-4.47191
-5.39696
-4.54205
-7.65666
-5.35229
-8.07657
-4.33171
-7.85313
-2.73698
-2.8115
-3.16381
-2.87001
-2.82907
-3.01158
-2.70665
-2.77654
-3.15989
-2.99249
-3.04412
-3.00511
-2.93647
-2.84934
-2.82334
-2.58374
-2.81813
-3.37035
-2.92013
-2.57888
-2.99172
-3.0318
-2.64141
-2.91894
-3.13197
-3.77087
-4.16887
-3.98326
-3.51973
-3.57587
-3.5998
-3.67419
-3.97138
-3.83493
-3.1875
-3.07047
-3.11666
-2.94856
-3.10102
-2.93291
-3.07779
-2.59232
-2.80033
-2.86156
-2.52719
-2.56138
-2.71589
-2.7222
-2.19676
-2.22268
-2.52385
-2.07457
-2.30537
-2.43547
-2.18414
-0.29535
-0.0194031
-0.209656
-0.613276
-0.418809
-0.260516
-0.0890383
-0.351725
-0.420106
-0.631444
-0.275744
-0.430899
0.199796
0.334659
0.293171
0.0429816
0.335893
0.31871
0.0808136
0.746309
1.11652
2.55587
0.155139
1.86409
0.591385
-0.17392
2.28262
2.31627
2.32986
2.25152
2.32672
2.28082
2.26546
2.51448
2.46367
2.46599
2.70393
2.36154
2.60516
2.3923
2.42767
2.55564
2.60214
1.53422
2.75801
2.47283
2.629
2.7278
2.75598
-66.2439
-98.915
-48.0515
-24.6095
-51.925
-88.4184
-50.8182
-233.803
-192.773
-200.057
-234.383
-210.383
-237.334
-180.559
-263.987
-265.683
-262.821
-265.301
-264.219
-263.527
-265.327
-268.393
-270.01
-268.537
-273.604
-273.217
-275.788
-273.05
-271.118
-276.863
-266.843
-271.131
-316.37
-308.83
-287.202
-301.662
-288.5
-238.232
-273.143
-219.879
-277.131
-330.116
-324.289
-367.85
-195.175
-207.713
-298.007
-310.116
-329.08
-221.652
-279.558
-298.55
-212.285
-311.551
-270.545
-257.642
-198.727
-195.231
-120.772
-239.411
-162.63
-266.915
-182.671
-267.676
-178.41
-392.447
-401.386
-286.93
233.805
206.98
221.754
-6.24431
-113.015
-181.773
-162.705
-167.205
-147.397
-154.967
-87.642
-152.164
128.521
212.773
38.0449
28.1841
67.1136
97.3432
185.069
121.827
-226.611
-225.417
-213.857
-225.048
-229.261
-254.911
-253.849
-117.793
-285.837
-183.484
-214.686
-207.753
306.745
-61.8386
15.1097
377.294
-337.85
-96.6188
377.332
347.016
249.637
995.935
-228.442
-151.063
-369.886
-103.293
-555.638
-100.969
-310.018
-32.1944
61.2
-80.4455
-89.8622
28.3262
-230.897
-211.398
-325.868
-269.638
17.4598
171.017
-17.0269
1042.18
324.85
1105.48
355.279
352.792
594.874
891.266
201.699
368.908
-348.947
174.416
-63.9755
-77.5762
-73.2042
-477.427
-548.179
-399.663
100.32
-152.541
836.511
577.293
771.458
875.077
782.829
860.721
859.354
-579.433
-25.8363
216.939
425.43
232.02
486.137
253.582
-179.837
-181.752
-230.708
-138.37
-209.639
-249.051
-182.699
264.905
420.391
572.433
638.027
771.708
401.762
301.929
12.7965
-13.9225
-15.7022
-10.2484
-17.8444
-21.4686
-20.1716
-20.8754
-21.0761
-20.7276
-21.1022
-21.9787
-21.7889
-22.0534
-20.9521
-21.6651
-20.4567
-21.2987
-20.9912
-20.5647
-20.821
-22.6244
-22.0466
-22.2431
-21.9304
-21.3713
-22.2632
-21.7774
-22.285
-22.4963
-25.0376
-24.4702
-24.0182
-23.0845
-23.7698
-23.2662
-24.036
-24.008
-24.6487
-69.9563
-31.0495
-32.1792
-49.6108
-35.4465
-30.621
-31.6621
-0.0301318
-0.207915
0.148531
0.406889
-0.179427
-0.734591
-0.0835985
0.333407
0.309655
0.787726
0.446689
0.514196
0.765208
0.599022
0.751611
0.695825
0.802983
0.940692
0.971033
-1.28465
-1.56409
-2.33715
-1.51125
-2.67133
-2.35274
-1.93965
-2.44229
-1.83174
-1.09502
-2.51829
-2.05128
-1.87415
-2.79581
0.0845135
-3.06295
-3.67874
-2.59813
-2.95937
-2.64448
-3.13629
-0.925236
-5.64683
-6.38491
4.8893
-4.64553
-12.7087
-7.51278
-5.06611
-5.2254
-4.79188
-5.98891
-6.04608
-4.62842
-4.32471
2.85081
22.6983
6.06186
15.1315
1.09454
-6.23002
1.30293
0.23773
3.47017
13.0258
3.53203
-0.584444
-3.93145
3.41383
3.34913
2.78563
1.21957
0.160242
1.41603
3.2045
0.10551
-2.14775
-1.9226
10.0257
-0.744488
-1.40405
-1.36981
-2.14427
-1.94205
-1.34188
-0.984836
-2.54003
-2.61713
-2.42537
-1.72934
-2.31838
-2.23177
-1.82711
-3.31527
-3.0867
-2.85217
-3.52731
-3.42742
-3.28756
-3.18413
-2.82152
-2.89456
-2.77144
-3.87008
-3.53532
-4.04161
-3.32159
-3.45916
-3.65803
-3.47413
-3.02483
-3.05583
-3.0152
-3.06394
-3.08567
-3.04849
-3.06073
-2.97356
-3.06419
-3.01972
-3.04924
-3.06709
-2.98042
-2.97591
-2.95652
-2.99105
-3.00133
-2.98288
-2.98034
-2.96163
-2.96395
-2.93305
-2.93352
-2.94841
-2.93076
-2.91183
-2.98507
-2.9422
-2.90062
-2.87716
-2.94788
-3.01902
-2.94694
-2.92519
-2.94846
-2.16813
-2.24431
-2.09893
-2.43608
-2.45135
-2.33092
-2.35278
-1.59666
-1.66968
-1.6722
-1.76201
-1.80781
-1.71113
-1.77244
-1.56479
-1.3098
-1.13479
-1.7972
-2.01236
-2.21716
-1.716
-1.25279
-2.24834
-2.76899
-2.99767
-2.80879
-1.88433
-0.509708
-0.655323
-1.25474
-1.1072
-1.26366
-0.861557
-0.60929
-1.28002
3.44374
3.19256
3.13569
3.32033
3.14824
3.04989
3.02982
3.06987
3.10211
2.70203
2.48168
2.21706
2.65399
2.87283
2.64901
2.47573
3.15868
2.70514
2.92855
3.00454
3.07496
3.39366
3.05431
4.5472
4.63607
4.4662
4.24537
4.61832
3.85154
4.50883
4.53111
3.96348
-0.63809
3.31265
-2.73491
6.05605
5.06544
4.26382
4.71661
-268.982
-309.595
-203.359
-255.204
-295.241
17.555
-170.368
-193.813
-245.655
-157.35
-246.795
-172.246
-252.434
-206.772
-244.134
-180.977
-148.234
-255.294
-212.351
-189.732
-206.391
-153.791
-220.854
-328.33
-250.034
-294.311
-261.53
-113.191
-289.384
-190.103
-342.505
-173.022
-261.411
-407.123
-244.658
-376.118
-65.9866
-304.163
-162.945
-262.397
-262.918
-262.203
-261.792
-260.156
-262.165
-262.657
-166.057
664.564
318.663
694.141
716.146
355.608
679.234
759.07
783.938
802.993
815.06
437.475
703.844
870.982
926.974
913.022
845.141
789.696
756.752
741.014
842.098
868.242
865.611
446.745
623.316
470.045
499.767
408.538
469.399
469.222
729.911
713.661
734.64
731.532
753.781
671.357
423.859
602.117
656.853
696.981
854.951
689.857
572.688
450.98
144.941
286.303
205.216
278.505
140.196
357.286
157.777
111.779
148.633
135.94
204.663
125.338
154.817
-5.94374
-16.9682
16.4629
42.202
54.8325
1.59233
7.91003
-136.343
-150.689
-110.822
-121.88
-112.24
-161.588
-128.401
14.5076
-219.029
45.4082
-34.4323
-31.3812
66.2771
-101.076
1.54422
2.56722
-3.69709
-9.09891
-2.01542
0.413867
-3.77389
9.87395
11.4868
11.0776
9.51724
10.5713
10.2638
10.1897
10.8772
10.8061
11.0357
11.0217
11.2182
10.8809
10.9058
3.3488
2.26226
1.45062
0.488516
8.22962
2.13004
-0.511186
10.1399
-4.59694
-5.86592
10.2719
-2.19189
-4.51771
-4.1525
-1.42193
0.00447649
31.7913
0.648584
-4.02762
-6.09844
15.9634
26.3988
54.3026
-2.78193
4.06377
39.3641
42.9544
21.5192
127.367
109.126
11.2133
131.272
133.582
124.671
106.28
2.18736
10.2879
32.3179
1.91341
21.0518
17.4972
85.2463
44.8519
3.61103
149.238
299.599
172.304
147.697
188.6
249.728
179.051
193.918
149.222
192.791
182.21
246.219
148.266
180.408
42.0173
160.528
75.706
97.5732
132.492
200.968
29.4439
24.2656
32.2517
50.2921
196.197
20.2011
101.969
37.9564
125.872
229.304
124.555
10.6311
50.5833
20.6168
7.2211
-4.14429
10.7669
-3.00174
-3.65769
-4.00092
-4.62038
-3.73631
-4.9218
-3.87713
-3.68205
-3.61202
-3.18212
-3.791
-4.89089
-1.50778
-2.05919
-2.25302
-1.47601
-2.61793
-1.76214
-0.760051
-3.6257
-4.70784
-3.45382
-3.97335
-3.63851
-4.00063
-4.15275
-4.025
-4.14655
-3.32029
-5.56852
-4.75036
-3.49874
-4.45115
-3.75014
-3.98612
-3.64544
-3.55088
-3.72491
-3.2232
-3.28855
-3.34274
-3.29071
-3.33172
-3.39393
-3.39584
-3.27767
-3.39856
-3.22215
-3.15909
-3.05043
-3.2571
-3.14693
-3.20239
-3.10854
-3.06946
-3.12287
-3.05995
-3.0856
-3.07628
-2.99289
-3.02442
-3.00185
-2.96274
-2.95118
-2.94993
-2.95606
-2.95606
-2.93614
-2.94688
-2.97578
-2.94703
-2.9705
-2.93141
-2.87391
-2.86617
-2.87396
-2.84003
-2.81708
-2.85878
-2.91013
-2.92837
-2.93421
-2.87719
-2.877
-2.8789
-2.84879
-2.89226
-2.87597
-2.86367
-2.90249
-2.90749
-2.92995
-2.85456
-2.85546
-2.86716
-2.87079
-2.82469
-2.7654
-2.82285
-2.74862
-2.80899
-2.84732
-2.80074
-2.89308
-2.83769
-2.8379
-2.89378
-2.84401
-2.80994
-2.85756
-2.63023
-2.69004
-2.60113
-2.6444
-2.57129
-2.68412
-2.62154
2.23109
2.62187
2.27928
1.97321
2.11047
2.59032
2.36765
2.31761
2.62862
2.57693
2.41259
3.1127
2.25442
2.65845
1.34963
0.643172
0.532702
0.598123
0.120982
0.857771
0.161838
2.46547
2.16896
2.3931
1.96332
1.87501
2.1632
2.03045
2.30717
2.39948
2.68306
2.79173
2.68428
2.61904
2.72232
2.80503
2.68199
2.80109
2.75393
2.67044
2.81264
2.74685
2.85797
2.72062
2.88247
3.01227
3.08716
3.05588
3.21047
3.19211
3.23471
2.97977
2.93577
3.19342
3.35343
3.14164
3.1844
3.06354
3.10689
3.16659
3.29162
3.13057
2.93987
2.92358
2.78297
2.93751
3.0836
3.06212
2.99413
1.49057
15.5217
38.8543
19.5022
4.58595
13.9411
33.0077
69.4254
93.1356
48.1962
110.183
95.5187
67.5548
83.2684
113.551
-144.773
-110.949
10.3846
115.468
-31.1674
-27.1689
240.853
21.9952
127.783
246.505
298.995
223.587
219.319
-20.3146
104.422
-127.017
-234.528
-181.802
-172.81
-156.31
-288.539
-203.104
-365.141
-208.907
-201.307
-197.842
-242.891
-197.328
-277.186
-119.81
172.839
-15.8145
-162.596
-92.0017
-34.1814
-93.8896
-43.0849
-134.236
-202.529
-105.13
-152.029
-328.756
-350.22
-306.523
-268.85
-341.373
-255.869
-212.928
-257.705
-219.176
-262.054
-169.496
-102.956
104.021
35.9419
339.795
5.43769
-88.5813
-23.366
120.414
515.524
484.719
577.374
382.441
313.177
341.28
396.61
489.174
537.994
713.78
386.185
309.584
359.849
274.776
263.689
295.605
358.841
458.598
253.566
250.915
493.884
432.305
438.708
493.086
682.148
523.057
459.528
285.065
153.28
239.721
392.395
221.718
163.572
200.562
20.4386
20.6315
20.1663
18.7507
20.9998
20.1145
19.7343
22.435
24.0651
22.0122
22.8887
22.8334
19.9255
20.5925
20.3132
20.6262
25.3114
21.3979
29.4886
35.1458
27.1487
40.5837
28.9346
19.3888
18.1384
18.6917
21.4708
19.9954
17.8458
15.1049
17.5332
19.2064
13.9501
11.8805
11.8244
13.2404
11.9176
11.2662
11.4981
11.4708
11.8757
10.9372
10.8308
10.9148
10.7441
10.6984
10.7951
10.8271
-114.351
-124.016
-158.661
-148.851
-146.101
-203.84
-176.471
-229.203
-113.903
-168.199
-155.92
-229.725
-141.921
-180.623
285.743
159.087
127.053
30.724
217.05
105.092
85.8618
288.641
162.131
206.237
252.306
237.63
211.691
357.422
-44.9752
193.478
52.5421
89.9474
193.934
271.084
161.596
208.391
264.809
302.256
257.095
-25.7554
70.8595
-47.6045
75.2606
318.537
267.892
284.589
202.086
274.855
216.236
255.142
189.796
14.7247
-1.80357
-7.4723
60.9601
15.4215
34.4299
15.231
14.439
34.6291
1.24871
47.7351
50.2982
-3.65717
-3.01244
-3.76046
-3.50473
-3.80113
-2.9338
-3.51866
-2.02061
-1.81287
-2.38984
-1.8801
-2.21027
-2.26282
-2.49213
-4.27944
-2.26728
-2.52246
-3.15043
-3.16444
-2.52842
-3.32521
-3.95011
-3.39937
-3.15995
-3.74482
-3.53562
-2.7137
-2.8803
-2.4283
-2.36978
-2.28181
-2.30344
-2.39116
-2.35254
-2.23951
-2.87519
-2.84746
-2.82449
-2.83817
-2.88994
-2.82453
-2.78217
-2.83555
-2.7967
-2.73322
-2.86147
-2.92022
-2.81324
-2.89858
-2.89611
-2.92898
-2.84979
-2.84412
-2.86446
-2.8696
-2.85864
-2.83574
-2.80894
-2.86213
-3.08865
-2.77861
-2.84404
-2.82895
-2.75227
-3.46152
-2.89603
-2.95228
-3.48973
-3.25937
-3.4783
-3.19818
-1.89646
-4.03533
-3.61352
-2.99938
-134.612
-24.2195
-39.0856
-20.8024
-48.7023
10.9078
5.52388
3.52022
3.42302
8.33531
3.49537
2.982
12.5693
3.80098
-2.05911
1.46199
3.61389
0.828678
4.43814
3.46738
-2.12462
-1.92678
-1.21962
-2.74283
-3.52817
-1.52188
-2.45296
4.71413
6.40441
5.77352
3.37366
5.45937
5.5529
5.72202
0.348793
-0.0909788
-0.219052
-0.128633
-0.527965
-0.73567
-0.365956
-2.21864
-1.79664
-1.60708
-0.947046
-1.21887
-2.08198
-1.77372
-1.3524
-1.82646
1.88909
1.43226
1.55745
1.17524
1.02083
1.14557
1.45332
1.42726
1.96635
1.53444
1.79779
2.13025
1.54394
1.71573
2.43386
2.44232
2.62032
2.4753
2.55453
2.65325
3.00636
3.1332
3.23347
3.28736
3.03414
3.09188
3.20691
3.21198
2.63775
3.82676
9.14877
19.6443
8.45627
8.96894
4.43381
188.894
170.452
150.371
153.199
113.445
111.946
122.682
191.2
311.944
226.974
207.227
242.858
206.98
226.594
260.339
279.663
239.236
262.527
336.021
259.411
263.873
224.75
259.557
376.239
237.046
255.942
293.655
362.006
383.675
246.996
329.172
453.221
338.58
124.249
174.542
134.978
346.702
164.062
377.224
202.315
-167.16
-183.23
-60.2717
-250.555
-254.559
-251.302
-276.553
291.526
212.467
136.718
-272.729
-164.729
-241.064
-265.681
-263.855
-265.577
-262.528
-256.23
-264.128
-266.788
-20.8427
-21.176
-20.5076
-20.8674
-20.4721
-20.3777
-19.5104
-8.69891
-15.3472
-2.27205
15.5145
2.12302
30.7613
-2.90085
208.335
-127.062
-176.775
-29.225
-50.6711
-239.784
-139.513
212.044
152.993
200.877
175.118
272.991
235.971
237.966
1308.92
896.04
1233.61
1334.86
1181.5
1280.47
1262.81
413.865
534.333
314.098
571.413
399.931
497.204
-270.301
-285.443
-279.254
-278.893
-276.559
-277.079
-283.295
-278.729
-286.985
-283.63
-285.195
-287.696
-283.697
-289.098
-284.154
-293.987
-289.542
-296.2
-287.537
-297.88
-300.506
-305.303
-291.36
-201.198
-421.084
-347.029
-364.642
-331.931
10.7835
-132.111
-114.881
-8.13289
-127.231
-82.0258
-136.626
-86.5095
256.347
-62.6068
-179.855
-173.23
-230.122
-164.211
-207.558
-163.456
-218.927
-292.094
-272.307
-311.012
-281.419
-261.52
-272.753
-299.346
-207.47
-219.589
-250.096
-253.216
-275.104
-257.863
-243.555
-111.661
-56.2776
-147.444
-82.0579
-135.484
-36.9796
-108.113
1.40711
1.6353
1.45436
1.80921
1.65275
1.56204
1.56889
0.718443
-0.666016
-0.194622
-0.730839
-0.98427
-0.182304
-0.352386
-1.22456
-1.16163
-1.46898
-0.351166
-0.516653
-0.31674
-1.30401
-1.00193
-1.70215
0.337885
-0.464362
-0.249161
60.2225
-9.36669
13.6606
27.8218
6.39366
3.72708
1.43503
2.60323
3.35903
3.40353
2.89487
2.12749
1.72053
2.92397
3.4086
3.53198
3.09565
4.74383
3.0308
2.93882
3.64101
-2.44984
-2.26108
-1.99508
-4.7569
-4.66754
-4.18903
-5.10512
-4.32531
-5.21508
-3.8864
-4.84586
-4.7972
-5.00561
-2.61105
-3.28793
-3.22384
-2.92296
-3.82017
-4.6999
-2.4945
-2.97004
-3.04599
-2.73451
-3.02434
-2.74994
-2.83204
-3.42064
-3.54822
-3.41125
-3.23283
-3.42377
-3.57489
-3.54367
1.18444
0.792211
0.848684
0.86984
0.739891
1.00203
1.16003
1.48734
1.49141
1.55617
1.47955
1.38192
1.47243
1.63564
1.91912
2.14769
2.2879
1.92944
1.87963
2.05587
2.12
2.43533
2.51173
2.38016
2.26994
2.21506
2.32734
2.27737
2.43954
2.40122
2.33444
2.44258
2.52272
2.36499
2.445
2.54308
2.58274
29.0648
8.98723
67.6708
-5.81151
21.6893
2.25949
27.5762
86.0845
133.206
83.7445
52.9867
35.8558
40.4672
21.4703
38.5835
13.2199
23.8389
128.871
120.7
106.471
128.822
166.745
107.875
187.071
195.219
229.464
107.292
109.861
189.501
179.071
229.665
153.532
131.071
224.35
308.02
400.023
140.149
213.685
184.348
241.386
212.382
275.096
261.21
-257.471
-266.084
-250.309
-250.424
-271.464
-244.166
-251.786
-24.3407
-23.8305
-24.9409
-23.4914
-23.0678
-21.4366
-21.6871
-22.2018
-22.3189
-22.9032
-22.2622
-21.742
-25.7921
-22.7302
-21.3217
-20.3464
-20.1453
-20.3982
-20.0745
-21.8848
-21.9299
-21.1038
-22.7092
-22.9381
-8.15215
7.29842
4.5199
31.8012
39.3017
42.914
9.31744
84.6294
91.4375
32.2737
1.75967
2.72722
51.4087
47.3498
135.878
211.692
254.256
208.838
255.66
229.661
222.507
1264.97
698.743
1081.72
1962.84
1624.1
1894.06
1437.35
1125.24
1570.4
1626.95
1289.52
1298.06
1527.53
1411.74
1162.51
1408.58
2083.27
1876.3
1935.64
1382.91
1887.01
1233.62
1731.49
2027.29
2226.9
2042.22
-358.025
-181.496
-175.14
-193.66
-122.483
-352.341
-285.771
-402.094
-328.817
-164.365
-285.368
-291.262
-287.166
-286.751
-284.593
-284.764
-288.571
-8.79323
-11.7986
-39.3763
17.4449
7.23035
-10.0358
5.90517
6.91771
7.79233
7.54795
8.68967
2.30255
9.05283
11.1029
-1.38956
-0.536073
1.47612
-3.46796
-1.39905
0.30298
-2.81521
-4.22073
-1.25789
-2.19589
-3.14581
-0.283261
-1.74549
0.0276625
0.666078
0.150265
-2.33148
1.42106
-1.87389
-5.73389
-0.483111
-1.22821
0.227371
-1.38815
-4.8867
-2.1391
-1.01027
-1.28368
2.38825
2.66438
2.91683
2.65556
2.74915
2.58138
2.34587
2.2347
2.027
1.97666
1.9826
1.60258
1.28995
1.72305
1.58253
1.0528
1.65965
1.24346
0.791783
2.55467
2.12574
2.02029
1.5351
-2.86678
-2.80322
-2.10991
-3.0039
-2.64692
-2.32522
-2.81541
-2.81631
-2.83764
-2.66798
-3.0987
-3.23372
-3.33434
-3.15949
-3.37764
-2.90566
-3.34715
-2.80269
-3.05423
-3.33831
-2.93118
-2.99193
-2.76702
-2.99968
-2.80134
-3.05858
-2.93336
-2.88023
-2.82427
-2.69534
-2.74483
-2.70241
-2.74053
-1.63455
-1.41223
-1.35629
-1.58967
-1.30174
-0.964985
-1.37037
-1.08493
-1.44926
1.59282
1.3708
1.34114
1.5706
1.18368
1.30468
1.59289
2.29936
2.36497
2.2205
2.38678
2.2855
2.68871
1.88304
10.4887
21.5149
21.5369
0.845553
10.9748
19.1213
11.8053
7.37118
12.7092
23.1473
5.32647
5.28284
4.62121
-5.99024
10.5217
14.4337
9.10373
10.7008
1.51963
3.00624
3.23234
1.71641
-3.01838
33.0257
41.6662
82.6339
3.29115
4.00845
3.22405
3.18407
3.39607
3.44574
2.95356
4.8865
5.124
5.57108
5.3949
5.36468
5.75298
5.75916
-14.9113
5.96619
5.70429
12.9413
13.538
12.29
0.954415
4.10528
4.66129
6.41061
1.52926
-0.512233
2.00224
2.39473
-11.9056
-1.96794
-2.77451
-4.19146
0.92221
-7.48028
-2.56001
-27.102
-26.4288
-26.7108
-26.992
-25.109
-26.8832
-26.9977
-27.3473
-27.1267
-27.7912
-27.1212
-28.0278
-28.2404
-27.7191
-27.4294
-26.5434
-26.37
-26.4945
-26.2911
-30.008
-29.7413
-28.7956
-33.1099
-33.9937
-31.7466
-30.4334
-25.3501
-25.0789
-25.5899
-23.8131
-25.3274
-24.88
-25.1741
-40.5609
-26.4114
-29.612
-38.5689
-34.7576
-33.2728
-34.9539
1796.51
1808.25
2057.15
451.998
421.894
586.653
198.119
386.169
241.698
360.27
813.881
1122.79
1384.7
796.806
855.044
253.648
393.677
496.516
432.471
186.245
390.65
147.795
381.723
211.362
258.352
344.702
-410.73
-400.672
-399.403
-398.727
-392.841
-402.186
-394.777
-356.053
-292.734
-309.163
-337.122
-363.205
-236.108
-322.877
-348.605
-398.694
-310.607
-246.302
-367.057
-200.217
-330.475
-349.906
-355.894
-187.022
-203.181
-283.511
-223.885
-311.122
-409.923
-339.646
-324.158
-325.387
-422.946
-333.513
-383.007
-390.543
-325.312
-387.001
-314.896
-335.232
-343.117
-332.103
-369.456
3.29139
3.40586
3.37442
3.31601
3.42306
3.39599
3.41832
3.35359
2.95432
3.00219
3.10021
2.80883
2.9639
2.77567
-1.16814
-0.954866
-1.1235
-0.913565
-1.6475
-1.36162
-0.882302
-2.73431
-2.68316
-2.86137
-1.92705
-1.6401
-1.95387
-1.99175
-1.74991
-1.56377
-1.84565
-2.62327
-2.78946
-2.57881
-2.55177
-2.32517
-2.61806
-2.73865
-2.624
-2.51502
-2.68876
-2.8833
-2.66843
-2.88313
-2.82951
-2.80168
-2.74457
-2.71613
-2.66271
-2.69616
-2.65667
-2.66355
-2.57516
-2.84365
-2.90127
-2.74392
-2.67164
-2.75469
-2.81273
-2.93255
-2.88048
-2.91305
-2.9888
-2.92184
-2.92738
-3.03084
-1.40638
-1.77671
-1.56499
-1.21359
-1.14614
-1.28864
-1.51554
4.16613
-9.3953
6.62359
-0.443054
-0.979092
-5.41079
2.98076
9.79812
12.7641
2.92905
-5.92627
1.78655
-5.48422
-9.49265
4.23694
13.8022
5.14579
2.56301
2.483
2.58952
2.59604
2.53971
2.48114
2.54676
2.62189
2.58135
2.70059
2.77795
2.71419
2.6146
2.63561
2.80796
2.80463
2.8274
2.77016
2.8236
2.75381
2.75932
2.78914
2.79497
2.82047
2.72353
2.69945
2.72538
2.7505
2.99865
3.02441
3.08117
3.25459
3.18518
3.05611
3.09288
3.06593
2.99379
3.08081
3.05275
2.97468
3.01257
3.01361
3.46288
3.16298
3.29334
3.12025
3.28272
3.57859
3.56655
3.576
3.47108
3.58355
3.38404
3.61352
3.57605
3.4308
5.0701
4.82652
4.76147
4.91234
4.59906
3.7938
4.35818
4.75087
4.54438
4.3553
3.95985
3.71618
2.92914
3.13182
2.64931
2.46289
0.979321
2.63203
2.90841
1.54304
2.09377
4.55192
3.92174
4.03549
3.3396
3.50472
4.32805
4.10078
3.09399
3.18102
-6.33683
-4.01367
-5.91557
-11.9013
-10.2858
-9.3867
-8.92482
-20.532
-23.2534
-24.7544
-24.903
-21.6389
-23.828
-22.4134
-22.6823
-21.6694
-23.6273
-24.8654
-19.7698
-23.8469
-23.2843
-31.9815
-28.5554
-28.7584
-26.3181
-26.7394
-29.4215
-31.292
-32.3923
-31.2474
-33.145
-33.1513
-32.8738
-31.6312
-32.6726
-133.894
-155.77
-69.3482
-116.165
-116.205
-77.3272
-106.288
252.685
315.066
279.188
337.182
40.8859
284.902
193.335
43.386
310.754
168.092
307.74
276.006
273.538
303.581
-97.2034
229.465
-185.199
265.395
98.978
-302.908
-290.796
-206.528
-246.675
-162.162
-361.313
-460.009
-99.7915
-213.294
-181.225
-330.251
-209.596
-390.069
-109.928
-233.429
-249.779
-276.147
-298.45
-226.226
-185.216
-241.048
-283.114
-411.208
-476.313
-502.935
-367.147
-335.325
-379.254
-412.253
-152.636
3.79681
-172.216
-239.398
-51.5403
-357.053
-195.634
-110.872
-302.443
30.3296
31.8074
23.4459
29.7044
28.7074
14.0621
22.8664
24.1354
21.2303
34.2779
33.6896
33.632
33.6373
34.3042
33.9975
33.8754
31.6386
31.743
33.4878
31.9793
31.7842
33.0891
32.5627
-8.36542
-81.8111
-23.5412
-14.6618
-53.5285
-90.8202
-49.1144
-323.722
-274.42
-176.213
-157.274
-215.63
-222.181
-223.268
-251.587
-299.752
-272.549
-159.346
-254.731
-297.786
-296.574
-231.831
-310.162
-271.561
-441.315
-376.272
-389.44
-349.381
-177.769
-142.232
-552.187
-398.239
-446.91
-287.395
-290.741
-281.19
-294.154
-269.605
-284.641
-126.015
-281.509
-306.725
-302.008
-214.564
-176.439
-270.142
-281.552
-270.212
-308.258
-329.195
-294.007
-255.841
-515.484
-350.126
-567.474
-304.587
-580.59
-588.626
-898.598
19.3337
15.5053
21.0485
-273.636
-49.7913
-21.2022
-12.9822
781.793
729.112
770.756
749.602
864.771
810.146
619.757
1653.67
1709.66
1648.01
1158.99
1475.66
1614.91
1143.55
1223.38
1255.26
1210.23
1251.63
935.242
1112.55
973.897
1055.57
1163.31
1306.19
1262.37
1262.72
1257.63
31.0999
30.1084
34.2437
28.7636
30.2741
37.1126
37.2965
34.3416
31.7978
33.3422
35.0393
34.4643
34.628
34.1548
32.5938
32.574
32.5793
33.115
32.9208
33.0319
33.3749
9.29525
9.20982
8.89604
9.0618
9.56166
9.50275
9.17158
10.5787
10.3447
10.8324
10.3877
10.175
10.3954
10.618
10.748
10.9723
11.485
10.5835
10.2014
10.4682
10.7743
10.3669
10.7502
11.8089
12.0375
11.9365
11.7886
10.8828
11.3602
11.4593
20.2256
20.4159
0.0526952
15.4999
-22.635
4.34057
9.79789
2.19153
1.99203
11.9787
9.91535
-9.58442
7.986
1.26535
-3.08164
-4.92721
-5.75423
11.1835
3.74158
11.0771
30.4737
4.66094
-3.37664
4.38687
3.22893
2.80452
4.94854
8.77033
4.29238
4.16104
3.38669
3.94516
3.56564
3.66269
3.42537
3.52185
3.46371
3.73966
3.58974
3.55862
3.12123
3.41249
3.11972
3.02988
3.0457
2.46295
2.43934
2.76086
2.26554
2.26897
2.27579
2.40026
1.32949
1.5384
1.74271
1.43317
1.45417
1.49915
1.63939
0.356215
0.366627
0.711421
0.646243
0.47627
0.595353
0.905361
-0.53411
-0.439238
-0.176579
-0.0813209
-0.384015
-0.447501
-0.32201
-1.36835
-0.915612
-1.17417
-1.6334
-1.69826
-2.5082
-2.19006
-2.3344
-2.63706
-2.63333
-2.26612
-2.36082
-2.79089
-2.89003
-2.89268
-2.87831
-3.01926
-2.90784
-2.76399
-2.9461
-2.86918
-2.89849
-3.11721
-3.13522
-3.08713
-3.06689
-3.13476
-3.06472
-3.1304
-3.10252
-3.08749
-3.10484
-3.01467
-3.00589
-3.1285
-3.13834
-3.11572
-3.21506
-3.06125
-3.07813
-2.95367
-2.99975
-3.29357
-2.50954
-2.79914
-2.72114
-1.66128
-2.27277
-2.4431
-1.94793
7.93796
-14.8086
16.0065
0.157106
-13.4423
3.628
-3.87899
9.20842
-11.2121
0.0192371
-1.5186
-6.00298
3.63763
-0.775666
-0.748562
-1.1707
-2.31346
-2.13354
-1.36188
-1.14388
-0.980143
-2.13805
-1.99678
-0.799677
-1.29713
-1.98464
-0.189156
-3.85444
-2.88761
-8.22279
-1.30851
-7.01572
2.1608
1.99061
1.91643
1.70142
1.80149
1.98132
1.85026
1.89839
1.79051
1.87241
1.59426
1.73486
1.60142
1.73928
2.2892
2.40488
2.47945
2.58651
2.53306
2.43533
2.36462
2.46337
2.35624
2.39653
2.26136
2.36941
2.6465
2.69519
2.64576
2.52105
2.55344
2.55975
2.54849
2.86741
2.68847
2.8838
2.9269
2.84773
2.74425
2.88198
2.96113
2.8906
2.93348
3.0133
2.9748
2.91212
2.94087
3.16371
3.35399
3.15151
3.01964
3.15216
3.22295
3.01316
3.26255
3.18874
3.20536
3.03285
3.09889
3.02171
3.04649
2.94657
3.24701
2.967
3.17441
3.17287
2.83679
2.96277
2.81615
2.77599
2.66993
2.99666
2.93043
2.1047
2.14651
2.17934
1.60848
1.9475
1.37969
1.49722
2.21871
2.03148
2.7607
2.66495
2.60384
2.5936
2.28675
2.5021
2.7136
2.43874
2.40627
2.20613
2.5855
2.69815
2.39695
2.22167
2.43763
2.10692
1.91625
2.13549
2.13896
2.37078
2.17574
2.16058
1.39399
1.69546
1.58898
1.7835
-23.6547
-18.6859
-14.0814
-13.0386
-12.0463
-19.6045
-18.8686
-1.64602
1.57521
1.75576
8.51711
2.32258
1.76762
-3.9489
-23.7072
-23.6045
-23.4621
-24.8083
-23.7611
-22.9308
-22.7203
11.0743
-38.7119
12.9868
7.65588
11.3726
-0.494625
23.7388
-19.4928
-24.7852
-28.4099
-23.4732
-0.204109
-34.5632
-34.0633
-39.0326
-34.7225
-37.3722
-36.4962
-37.2446
27.3024
34.2299
37.5501
30.1747
26.4182
30.41
26.0202
-222.507
-459.974
-362.018
4.71282
-290.532
43.3381
-317.35
-277.879
-92.0569
-117.383
-453.447
-193.535
-401.391
532.703
432.343
457.574
1018.19
645.886
559.322
720.341
422.54
6.83071
428.074
163.225
139.575
176.273
37.7396
-138.447
-79.8888
-231.147
-130.799
-342.915
-183.055
-164.659
-269.624
-367.603
-390.604
-299.798
-115.37
-318.39
85.819
177.847
55.4633
-240.801
-112.654
-443.563
-376.193
-109.827
-293.819
-250.331
31.0976
34.1289
-94.4365
-46.4198
-171.55
635.619
772.45
654.258
536.974
312.352
466.664
577.315
-199.418
20.0593
165.408
-28.2138
215.076
197.112
749.494
729.923
665.33
660.395
840.079
776.496
769.055
674.662
852.251
872.85
761.961
976.758
856.707
1068.57
1040.89
1164.97
1105.21
1092.51
1204.6
1167.59
1160.2
1259.44
1176.33
865.352
761.96
870.308
1057.67
806.641
773.595
868.402
1026.97
859.571
827.368
774.158
1009.9
974.832
572.502
549.608
646.53
747.615
514.704
626.611
574.867
495.766
411.786
608.724
55.9772
188.581
13.0936
9.44266
-31.6077
85.983
-13.0645
-25.3151
24.3268
-160.544
-366.697
-346.373
22.635
29.7893
21.9315
25.9061
5.76692
1.28294
10.2011
1.06012
-11.139
-9.91448
5.12146
1.73027
10.7454
11.0839
10.5023
10.2683
10.2297
11.0545
10.9041
12.0132
14.3987
12.3158
11.3211
12.9068
12.1827
11.4235
12.1845
11.3301
11.7606
14.2254
11.4356
11.5215
11.5947
11.1947
11.0607
11.572
11.0742
11.1126
16.7936
15.2363
17.4161
16.6846
17.9509
19.0959
17.2093
10.0633
10.528
11.5396
9.62794
8.69602
5.17005
10.7685
34.9774
38.9069
50.5569
53.7655
48.6376
48.832
9.45841
2.21902
2.26871
2.291
2.26033
2.3089
2.31261
2.24583
2.73927
2.58498
2.79404
2.63205
2.64399
2.67045
2.71092
2.31654
2.64801
2.28358
2.6265
2.76575
2.48619
2.42667
3.21409
3.12975
3.21951
3.0517
3.19296
3.13241
3.13575
2.11056
2.11569
2.46168
2.62512
2.91615
2.46184
2.29771
2.88792
2.85512
2.77171
2.51424
2.59581
2.6434
2.67797
1.10036
1.27591
1.25217
1.13756
1.3967
1.25001
1.03537
0.0969762
0.267845
-0.0384146
-0.415126
0.0803474
0.022833
-0.30348
-1.10192
-1.44819
-0.893365
-0.848954
-0.702629
-1.25621
-1.76313
-1.03787
-0.802454
-0.446257
-0.824306
-0.997093
-0.523019
-1.02729
-1.18202
-0.836778
-4.1093
-3.48673
-3.32078
-0.33467
-18.2895
-9.45961
-13.7563
-8.7228
-16.5376
-33.3034
-10.3775
-11.8772
1079.98
2016.3
1593.23
1344.83
1602.42
1723.66
1543.01
1546.91
1584.82
1217.34
1514.87
1460.7
1367.46
1560.45
1365.2
1592.61
1502.51
1044.44
1462.66
1891.79
1569.11
1029.24
-13.4786
14.2679
-10.7488
-8.41669
-1.53381
4.83616
3.5229
0.907628
1.94146
-1.36652
-31.9843
-7.94761
-23.8854
-4.23479
-2.10978
-4.02542
-1.67778
-6.27264
-9.55641
-6.77683
-256.384
-266.357
-205.168
-259.211
-289.89
-173.851
-185.963
-96.2649
-74.1573
-78.24
-61.2292
-66.0977
-102.926
-60.9703
-2.83644
-3.54466
-5.88891
-320.977
-246.462
-294.809
-570.129
-586.879
-559.703
-560.61
-535.115
-561.355
-570.265
-545.726
-551.232
-537.112
-553.159
-553.803
-544.839
-531.649
-553.549
-568.605
-551.476
-533.916
-512.644
-577.558
-592.365
-582.665
-541.005
-571.379
-567.084
-593.453
-573.351
-560.866
-557.546
-580.673
-569.894
-561.714
-564.291
-563.031
-537.35
-554.432
-555.404
-575.04
-598.674
-583.76
-583.55
-572.807
-566.693
-512.662
-101.936
0.4066
-37.7615
-62.3776
-59.2649
3.07242
-68.9017
-217.673
-149.715
-154.258
-169.056
-189.335
-135.766
-172.274
-208.66
-184.734
-5.4642
-4.7444
-4.92117
-5.47752
-1.33979
-2.47143
-4.95254
-283.853
-235.136
-274.053
-187.053
-235.426
-204.214
-268.565
-172.135
-189.261
-253.051
-3.12996
-4.01143
-3.24047
-28.1185
-37.9436
-74.6209
34.4833
-19.4467
-29.0456
-26.0195
-32.0661
-33.1135
1510.66
1845.72
1994.84
1586.85
1751.51
1564.35
1759.44
1683.82
1554.26
1683.39
1962.61
1613.42
1652.73
1801.84
1973.56
-33.0265
25.2083
-17.8702
-37.9028
-8.60321
-16.1072
0.166295
-1.01613
0.618646
-0.931755
0.415887
0.577616
-0.260737
1.01802
-1.92981
-1.93369
-2.37044
-2.26251
28.4144
6.69067
6.79619
8.08888
4.66633
4.80477
0.751027
0.183133
11.4062
11.6653
12.9008
12.2713
4.23483
4.20768
4.09609
4.07738
-1.2655
-1.26464
-1.68087
-1.7057
3.21155
3.42878
4.39348
3.32951
4.21468
3.53469
3.46237
3.39119
6.44619
6.36157
7.76859
7.95746
0.0686861
-1.85519
-0.746768
-2.84288
2.64731
3.02405
3.28002
3.77576
-0.132162
-1.36942
-0.284167
-1.80192
0.315648
0.871411
0.029632
0.365932
10.8176
10.4664
10.1491
2.55211
2.43499
2.3047
2.19868
25.1095
28.9237
44.4114
46.1275
0.620144
-0.0990138
2.18897
2.35021
17.6402
15.8741
11.6043
18.638
-31.3896
-32.7839
-23.5729
-52.9656
3.0107
2.96966
2.83718
2.74905
-2.31841
-26.5071
-99.3782
-132.278
2.51281
2.45512
2.43352
2.31418
-2.59887
-2.70613
-2.68877
-2.8026
-27.1564
-23.3248
-26.4413
-26.0139
-78.2262
-140.047
-112.901
-159.678
2.91024
2.838
3.08395
2.98191
-18.6943
-2.68079
-115.262
-110.339
-7.15221
-25.7487
-38.2932
-78.2705
433.926
507.751
376.388
543.901
2.83449
2.8977
2.73611
2.99935
3.26844
3.21204
2.70802
2.90498
2.92411
2.86421
2.83857
-15.9869
-19.8877
-20.9023
-20.4689
166.674
168.037
182.692
217.46
-3.66028
-3.72514
-4.30567
-4.56948
-246.093
-400.255
-324.516
-388.409
-267.293
-267.746
-266.838
-267.634
-265.005
-265.039
-265.951
-264.427
-0.29108
-0.665012
-0.330206
-0.776918
-1.40344
-1.21591
-1.88936
-1.69589
-2.8221
-3.20867
-4.16389
-4.31561
-2.05474
-2.03817
-3.03065
-3.0794
-156.207
-45.0402
-253.847
-252.66
756.556
683.25
617.391
526.653
2.65126
2.56234
2.31851
2.18511
1.91009
2.10506
2.03729
131.681
231.016
-26.3091
-26.1628
-26.4797
-25.9515
-48.5
-35.2509
-3.00655
-2.77451
-2.88302
-58.3918
-65.3497
105.309
62.3562
-29.499
-33.6274
-33.0573
-13.0153
-32.8479
-82.9855
4.58385
14.9753
2.54408
53.7365
39.4279
37.3539
32.3272
33.9827
-3.16464
-3.03413
-4.29023
-4.0046
-3.4161
-3.87341
-2.85839
-3.56139
-3.99175
-4.32032
-16.046
3.48021
2.22673
-0.141109
-1.48001
3.38047
336.439
-25.8363
909.841
-2.49528
3.7252
97.9892
3.05956
-264.758
1.77556
-16.8212
3.14654
0.632025
6.1104
166.813
-366.581
2.4158
1.98632
21.4449
-1.19423
-21.1383
2.78352
-0.404439
2.50867
2.74943
-2.57019
-4.70543
2.77061
3.14952
417.163
10.5609
2.64368
3.39922
644.01
136.876
906.787
3.08423
55.8766
-250.491
-262.885
-1.63814
219.17
83.7456
-223.249
-262.954
-212.859
-246.224
-212.747
-20.7048
-236.082
-217.451
-220.578
-269.161
-269.832
-271.414
-253.283
-310.432
-294.384
13.4687
-271.298
-301.937
-267.862
-265.947
-1.77384
-264.012
-264.982
-2.25635
-265.336
-265.743
-267.347
-261.541
1.60105
-269.776
-267.324
-270.678
-264.571
-264.067
-276.302
-268.696
-268.828
-224.632
-105.444
1.86911
-269.949
-268.275
-267.965
-244.149
-11.9712
-268.476
24.4801
-256.08
-31.4285
-244.124
-268.622
17.4027
-65.0451
-198.015
-79.5683
-235.215
-199.172
-23.2195
-259.814
-66.0474
-172.608
-270.25
-28.654
5.73161
-20.3167
-20.6146
-21.0766
-22.3224
-29.5447
-23.6127
-22.0427
-268.674
-23.5517
-23.747
-25.2654
-25.1987
-25.1657
-20.6165
-26.2794
3.4707
0.382065
-18.5684
0.625805
20.6962
-222.471
-276.099
774.713
-263.552
-262.67
-272.491
1.64503
547.123
-183.44
-244.652
-257.473
-21.2985
561.274
32.5336
841.579
726.262
0.163672
839.578
1.23401
-18.2889
-240.605
-21.0549
90.8788
0.0338999
-3.14872
0.395588
-21.0203
2.36303
1.86976
171.862
-5.09506
87.5928
187.643
318.228
-26.2652
4.7705
-0.225051
-26.5836
-29.3116
-2.82521
716.87
-2.81173
323.08
162.556
742.439
551.04
2.28517
113.335
-233.797
108.801
89.5599
106.26
-24.2755
-26.1259
-26.2565
-158.519
-26.7012
-21.1919
-17.2441
-19.951
-1.91113
-0.395258
-21.7032
-253.441
-2.02056
-28.2665
-17.9836
-20.4804
728.033
-248.295
-25.5049
2.70678
-24.2642
-18.4491
-17.677
-16.9178
-214.53
6.7827
-11.1262
-17.4975
-243.148
-12.7071
-11.9866
-19.5047
-258.647
412.913
323.864
525.38
67.385
-37.6881
-1.9661
-114.561
2.92789
-194.388
-188.649
-88.9516
-29.026
3.27426
-4.67691
-3.62707
-183.755
5.4593
-109.792
-26.1101
-98.0492
65.8033
38.1305
239.4
-33.2442
-269.43
2.37627
13.0784
156.733
396.197
157.813
354.487
1257.79
1192.4
622.911
346.934
992.843
-182.999
156.656
847.852
-21.0497
343.172
638.813
338.24
-2.4406
-13.3413
277.619
-284.799
491.242
562.082
501.904
503.327
845.142
1172.11
1301.93
18.6007
1099.94
-23.9159
752.253
10.3116
2.24618
2.27808
1.50627
1.50225
0.319686
-3.41615
1.25972
3.60271
2.63311
2.47837
-210.395
11.4279
3.33862
1.11608
3.79921
3.88563
2.8525
3.18052
13.854
12.4352
3.57165
7.309
-342.301
14.3467
5.4152
4.1573
3.53374
6.9015
21.4015
18.2516
51.3814
-480.65
35.0302
54.4593
7.45903
-3.10889
2.42841
47.5285
50.4219
2.994
-133.744
-70.4985
10.2565
-390
-100.852
13.2921
1.42685
50.1977
19.3591
11.1854
-169.426
-1.14968
-106.808
-149.742
-334.581
279.144
37.1768
-30.8543
51.0292
-44.5676
-1.09159
-32.796
-33.7549
-33.758
-3.91741
50.4898
4.94884
-30.2991
-2.8145
2.28572
-0.0361515
1331.97
583.098
1480.98
-1.97648
-250.892
-19.2128
-27.2019
-228.892
7.07074
-270.893
-30.8427
-295.226
-1.25335
26.9329
-120.664
-15.5907
-16.3187
-86.8021
-35.1096
-90.6295
-23.8891
-27.1483
-27.0833
-182.904
-27.0696
-22.8017
-19.0898
8.98533
-0.571851
-21.0958
-20.2286
2.81214
3.45528
2.16954
-20.8533
-30.7199
-4.21769
-16.9213
-25.0624
-20.4118
4.71802
2.07767
-7.23629
-3.52826
111.261
3.57756
5.31006
-28.1494
-3.66904
33.0789
3.9166
-2.0862
108.203
2.70982
3.56561
2.70543
2.85349
2.31567
2.6784
-1.82368
-1.61612
-0.240432
-2.50146
5.02097
2.1539
5.92043
-10.5931
4.08595
5.30675
3.65477
-87.1263
3.52755
-155.349
-1.9037
-62.3337
3.30811
-1.55935
4.85062
3.6539
3.60799
6.97662
-78.4158
-5.30137
3.54347
3.12479
-8.01994
-13.0588
-28.6226
-28.2957
-3.66284
-2.13915
1.6809
-8.97673
-27.7845
-12.705
7.6943
-3.82996
3.27735
8.96757
8.50251
0.349303
-7.08374
-18.7329
-7.4793
-1.18051
-36.9936
-25.2249
-153.657
-9.12808
-28.6809
-260.852
-26.5641
4.74977
-259.185
-162.272
-264.234
-29.9685
-232.054
-142.046
1.57635
3.62143
-269.184
-258.996
-257.012
-264.602
-267.529
-266.889
-263.259
-266.37
3.65407
4.02169
-17.2891
-43.5241
-264.702
-49.0671
16.9001
-267.171
5.66251
-265.661
4.73702
17.969
-3.14676
-267.514
-269.746
-265.826
-268.271
-270.718
-266.94
-97.7641
-266.462
115.409
-264.715
-260.551
-265.563
-281.041
-266.125
2.72559
-264.116
2.40893
-253.69
-254.085
-262.979
-264.902
-128.914
9.89716
-183.018
195.912
-141.448
54.6799
-25.7558
1350.95
-33.3564
-92.1385
-259.641
126.618
95.8391
119.376
-243.686
-254.065
58.8457
-260.024
78.9646
19.5067
-16.8693
-265.335
-247.527
260.247
138.34
38.655
228.893
172.852
2.68984
80.4109
120.496
183.323
-254.416
3.24996
427.87
157.841
4.22212
131.358
-359.698
-1.04111
68.2002
2.87482
6.30268
142.019
50.0865
9.35051
-302.033
3.32888
2.7254
-0.0846393
262.317
7.48988
2.63538
5.3383
2.65139
2.79163
-264.947
2.71767
-2.82603
64.2808
-291.457
-1.09152
-269.333
2.43911
2.93992
0.889188
-4.64987
2.71235
2.73164
2.17062
0.638672
0.631796
-0.0303533
-264.774
3.26351
2.53028
214.128
1.71696
20.0252
-3.91344
2.2186
0.454435
0.453639
1.09302
0.952828
2.41974
-305.423
2.71349
1.26797
1.03111
2.5219
2.38751
-2.87108
1.26916
1.37185
0.632078
0.928791
2.05716
2.08113
1.48886
3.10013
1.04437
0.755851
0.541336
0.465042
0.273813
2.70831
1.10477
0.905909
-0.149193
3.37538
3.39807
3.36032
3.31364
3.26297
0.408504
2.53975
2.76713
6.13892
16.4762
-383.872
3.00127
3.90228
2.93982
-9.04764
2.92736
2.83878
34.0036
2.94565
5.34636
2.99301
23.7077
3.05774
2.83754
-80.7646
3.31317
1259.82
2.7441
2.9684
1.938
3.0621
2.84384
3.02865
104.279
1152.76
1104.63
0.75614
3.11383
-3.68964
-2.95978
-2.53887
-3.05194
2.95715
4.8709
3.17749
-2.34302
-2.99102
-3.00415
-1.58034
-2.08029
-2.83952
-0.0790887
-2.41275
-4.64412
-34.0136
-3.06975
-2.11467
10.0329
-0.494539
0.792817
-26.9209
210.041
-3.26673
0.796065
-1.1821
38.0985
-1.36882
0.585806
0.082718
-1.81309
1.09092
-1.01279
657.961
-1.09111
4.60022
0.481061
-0.581426
-2.9707
-1.77895
-0.130001
0.0985652
-0.439171
-0.0860268
0.291388
-0.531524
-1.05108
10.1557
-178.998
1.54665
2.81293
1.04277
-2.02492
-2.07131
19.6073
-0.547192
1.8509
2.88493
-1.53753
-2.60992
-0.478609
-2.52513
-2.96037
173.793
-3.38638
3.23852
-3.15913
-128.273
0.499005
-3.27345
-2.70297
-1.41254
-1.90411
-2.17564
-47.1
-2.49216
-2.42465
-3.28151
0.0179705
5.96521
-3.03441
-0.557097
-2.62837
-2.67436
-261.851
-1.20257
-1.54896
-1.21894
-1.34328
-2.737
-1.2278
1.06266
-0.411608
-1.34302
-2.16598
11.5844
2.03603
-0.00468112
28.7506
2.83669
-2.2469
-2.93839
3.14403
-1.92387
2.8832
2.01886
2.74099
4.2069
3.4281
1318.33
19.4601
-8.92716
3.8454
-16.8467
11.9294
2.84997
-267.519
-168.169
2.81389
2.72139
-0.860837
-1.43963
-2.5606
-277.35
4.062
0.966941
303.898
-2.89537
0.834168
-2.62344
2.35256
-11.2983
-53.2898
-170.085
-0.135828
2.87005
-38.5667
2.44461
2.60954
2.89045
2.2768
2.31652
2.17903
1.66271
3.062
2.23353
2.2352
-6.05508
-10.4225
2.95672
2.43755
3.18686
-3.611
2.63787
2.91237
3.09763
2.72009
2.87882
2.13775
1.46241
-4.34827
3.03837
3.09773
2.2972
1.27764
1.57764
-1.92896
0.974203
1.9284
2.52166
-26.0944
1.52413
2.07319
0.228608
-2.94467
3.1247
0.573774
2.23845
3.21255
-2.1426
1.98412
-1.09574
2.67639
3.03226
3.48478
2.99415
2.85675
3.43332
-265.379
-0.934522
1.6554
2.83495
-295.76
3.72157
-12.8646
-1.2734
3.12702
3.49637
0.126756
-0.180776
2.82029
-0.273053
-19.002
2.86476
3.99418
3.23736
1.92297
-270.85
3.58434
2.81706
2.75915
3.14818
5.33805
4.34355
11.0789
3.10578
3.67165
3.23846
2.34935
3.60576
-6.86215
0.200954
3.15158
-0.415847
2.57991
9.47688
4.55896
-265.123
-7.80356
1.799
3.33053
2.00302
446.793
2.966
3.90887
-194.004
4.18011
3.5798
4.13892
1.89297
3.53808
-0.926435
-1.81226
0.848785
0.774523
4.56467
3.08456
1.4524
2.59171
3.47632
10.0479
25.9601
11.8812
37.843
-3.0983
7.06043
3.54693
-1.83548
4.61234
7.96393
12.058
-3.53984
-2.58969
2.17337
2.45942
11.3274
11.5808
-3.35427
0.0129974
-7.06889
-4.95687
7.36336
3.08473
9.29074
1.98589
3.35387
12.849
3.16377
11.1672
11.3502
2.50333
1.11247
-5.11193
4.10753
2.68502
-2.1327
5.31545
26.5626
-5.01454
0.141615
-2.08454
2.03036
1.3401
-2.76118
-10.2967
1.52253
-16.7585
3.32205
9.31854
2.96428
-1.19132
3.45825
2.3149
2.34237
1.43675
2.74204
-312.992
0.60854
1.86222
2.16149
-24.0171
-0.546447
2.95308
1.26437
8.84712
-3.55237
0.287471
0.106884
9.32062
1.20085
20.3646
2.62512
2.01026
1.46629
-0.185502
0.968799
0.912736
0.59358
-1.0348
3.88002
0.445813
2.02532
-0.373932
-1.14738
9.69731
-1.34761
-0.484759
-1.55875
0.243981
26.335
-0.982751
-1.04371
57.3964
20.3753
0.72598
-1.76288
1.59745
1.29563
1.29297
0.65103
1.15094
-1.45602
-0.754927
-0.0944583
0.56939
3.57709
4.19729
3.87663
1.74489
2.27511
2.3693
5.63271
2.91976
8.3025
165.76
-88.4116
-2.52212
2.12836
1.81842
2.60123
1.93628
2.99432
-425.279
2.40368
-2.94518
2.9765
-0.733498
-1.83717
7.82922
359.981
17.9321
3.41486
-2.71709
-3.06448
-2.37056
-2.12996
-3.25111
-2.67443
-3.00091
-2.83485
-1.20355
-1.45199
-0.625039
-0.790713
-1.33995
3.29931
-377.266
-269.377
4.44797
421.001
13.5433
10.2725
1.74304
-268.247
1.07501
33.065
7.55704
-5.68695
1.9036
-2.19583
27.0582
53.6191
-4.13911
-1.01787
5.04585
-10.7273
0.00180237
2.84633
-2.78769
8.1998
-0.150236
-1.3562
-13.0171
9.16758
0.166462
-1.96386
5.23114
-26.6269
2.79616
-265.627
-3.23346
-0.162277
0.870284
-1.99942
-1.99635
-410.47
0.0666671
-2.11051
-0.321505
-2.54351
-2.11609
-2.60391
-27.7377
-2.39845
-2.44664
-18.9901
15.4867
-2.66833
-2.53278
-2.55154
-2.68204
-27.8081
-2.43789
-2.22818
-30.531
-2.86162
-79.1332
-2.71917
-2.8072
-1.13913
-228.058
-3.11504
-3.107
-333.131
3.00753
-3.68615
-4.21567
2.79008
-275.522
-3.15149
-2.40032
-119.637
-2.9062
3.1318
24.8304
-3.25038
-3.06309
-2.90879
-2.7404
-2.88542
-167.223
-3.34064
-2.52751
-2.8508
0.805906
-2.4961
-2.78989
-3.11663
-3.26007
-2.23139
-2.62599
-2.60012
-5.29495
2.64208
267.907
-3.79912
-5.18281
-5.15033
-2.33972
-0.708053
-2.31376
75.3746
-4.17791
-4.26146
-0.832704
-313.066
-2.17584
9.73266
-1.93856
-1.19915
-179.484
-2.06432
-5.01126
-10.9768
-5.40639
-0.0690557
-0.42118
1.17198
-265.123
10.6865
-0.316052
3.39039
-5.22424
-2.94671
-2.03035
-2.89536
-39.5308
-3.31404
80.5109
16.8709
-12.0307
-3.80105
-9.85642
-10.4916
-1.87854
16.532
19.4501
16.3494
12.0285
23.3938
9.82384
10.1421
5.83723
1.83697
4.48993
12.9261
32.2191
1.09451
2.68247
-0.126757
-9.48766
-3.29445
-51.993
1.19064
0.373148
0.266199
4.41172
17.0612
12.8819
6.76088
6.13834
11.4129
3.45516
1.07394
0.236439
1062.87
-1.17696
-0.991562
6.47512
-249.083
3.12512
-3.54173
-2.29222
-0.383398
-7.93107
-2.53267
-240.949
-3.49324
-1.45415
-2.20711
-1.93786
-5.57282
-0.0086923
-1.9794
-4.7349
-7.24653
0.376363
-2.54407
-2.25068
-2.66487
50.3398
-2.46984
2.23835
-4.02654
-387.047
-3.08092
-0.435432
-3.28268
-26.6387
1.93189
-22.6182
-1.62516
-4.56604
-4.03106
-81.917
-2.25628
-5.71541
-3.58421
1.80989
160.601
87.3885
2.75405
-306.467
-3.02598
-3.81666
-113.32
-115.473
-181.774
15.7682
31.9702
17.2224
-286.648
-174.294
0.803109
16.007
-180.78
-191.717
-119.458
-5.18939
-124.598
-5.5077
4.02843
3.24336
-319.641
-286.459
161.935
-297.107
3.05524
8.29769
-281.788
-27.1789
-373.098
-288.881
-282.473
-286.338
-258.541
-277.153
229.153
-228.525
-178.905
-355.988
-259.942
-327.814
-262.143
-272.563
260.431
-343.508
-311.975
-253.572
2.98283
-108.804
-201.436
-151.295
-296.371
-250.29
-2.89628
-295.74
2.93927
-291.73
-32.5674
968.521
2.96908
8.95661
4.1386
-24.1516
6.8227
0.565417
-2.67119
10.509
-1.9479
-2.0332
-281.024
13.5865
13.3173
-61.89
-130.601
-0.938628
14.7086
6.28224
-37.7319
6.00084
6.90754
8.46572
8.68323
7.97271
7.5519
-75.394
7.19686
-299.06
5.04484
2.73956
5.85323
5.51932
-421.712
8.12015
10.6334
7.64471
9.27239
8.26567
8.55846
11.0177
12.6392
7.58572
8.85577
9.11415
8.6684
6.72977
-2.77264
8.2415
-271.048
6.78996
6.83162
7.1337
5.46343
4.16357
-154.333
10.8761
3.59435
5.0232
5.37311
23.992
-35.4214
9.17119
-3.29939
6.69485
-336.754
-353.11
-0.364254
3.51947
-260.704
-313.488
-0.973346
-393.401
-45.6525
-72.6757
-136.958
-277.03
20.6994
24.5487
-4.56183
8.53051
-386.691
-2.81741
6.73067
6.52822
-343.241
-245.42
28.7726
2.85371
9.86979
-69.4948
11.9567
-416.215
-403.434
-275.493
-246.785
-417.455
9.85225
-194.495
12.2145
3.97165
11.9953
-243.701
-283.646
-321.248
93.3275
-154.753
-275.916
75.1489
48.8172
-286.472
6.18949
-64.4668
143.374
-0.0783854
12.3912
187.618
397.214
210.819
398.236
-411.16
118.299
234.345
117.469
40.8078
-66.1552
16.433
40.2059
2.83215
135.924
59.5795
-240.252
196.977
897.312
-182.224
55.2377
42.2504
-109.451
45.2398
241.397
1796.25
1527.58
1684.82
221.142
9.11071
-143.628
180.65
757.575
459.945
679.727
-44.4321
229.115
-276.786
653.492
1093.29
336.491
199.094
550.882
-457.96
454.686
127.488
268.81
458.875
-4.89294
367.995
817.933
650.091
302.16
93.4629
-74.3755
-16.409
-352.358
3.05237
-254.059
27.6269
64.0247
863.778
28.1183
30.8366
31.5979
32.6284
32.3583
538.56
32.6666
33.7387
33.3619
30.7477
32.9512
33.1143
0.526072
29.2487
32.8416
36.4186
32.8409
24.1214
30.5384
29.8979
15.1113
30.3079
807.63
191.265
26.2495
-4.01318
19.5023
225.268
31.2787
14.2267
32.2123
3.3868
26.9789
338.862
32.8376
20.7465
21.7906
18.2235
19.8816
11.9394
32.1969
277.89
10.9341
9.53104
28.6496
-44.4791
31.6174
12.0406
1.73572
7.58821
2.98129
-1.46612
-3.03653
31.385
9.53078
9.08939
-3.05212
-6.58188
-13.5785
-16.0946
10.0434
-5.59364
24.4932
-1.80945
17.8362
11.938
9.10933
15.9948
5.32356
7.1247
10.6977
2.81268
-5.88835
41.5142
-218.447
17.5849
9.13096
-202.187
-10.5552
-17.6397
6.48868
-0.427412
1.47391
9.00526
-2.11911
209.31
-11.3904
221.378
258.173
34.4871
12.2714
36.5094
368.668
66.4404
204.947
24.5989
-264.365
254.793
357.021
225.898
31.8495
-86.7749
-261.138
-79.962
126.68
3.43781
8.07196
161.246
119.123
150.368
9.84456
11.811
382.994
31.1178
9.77482
151.685
72.4613
493.116
1375.83
-1.47677
0.93525
1513.62
1220.2
621.861
1070.17
23.0915
600.148
628.705
236.754
3.76813
2.84795
32.6592
10.9768
25.5105
-2.36163
31.6894
31.1526
33.403
6.9974
41.7762
22.4973
29.7705
23.2899
20.9608
2.83256
19.6837
15.7012
6.73518
47.6833
29.8973
18.465
-20.4952
9.73549
66.797
44.2133
21.2653
22.8761
36.1453
143.865
24.4412
11.7454
-7.47176
402.732
20.3779
20.2074
8.51608
16.7694
61.7733
5.17208
-210.689
122.132
-31.7886
782.934
12.5563
-2.48604
92.1231
-153.639
26.8205
-28.9038
-13.8644
889.982
1.20328
21.015
9.0406
-33.2467
10.0701
1.60206
24.0314
10.9942
21.81
-59.4907
11.1483
5.57293
3.69557
6.88861
-25.259
10.2999
12.535
17.1334
20.2468
23.6331
26.1197
27.5281
7.81859
19.5098
7.60578
12.3327
12.7928
20.25
10.713
9.85313
-0.560148
10.3351
8.6362
6.22723
15.7837
10.4777
13.4083
11.5935
15.7661
-0.333915
10.1771
15.2622
15.6498
3.34296
22.6359
11.3713
-118.179
9.38543
15.9502
6.86689
8.58633
11.001
0.399003
8.1419
10.0424
10.6763
-0.90804
9.07137
8.14448
7.94078
8.98459
57.0825
7.21889
9.13549
11.0715
8.95886
11.0788
8.14343
13.3914
9.31695
4.12861
5.06307
4.21213
0.363127
5.30401
2.69285
15.6623
5.59351
3.75541
6.38513
-1.91213
-532.363
7.14188
14.7257
-3.0753
7.36973
-184.659
5.75236
8.48465
6.78415
6.10359
6.93348
23.6908
5.90947
6.17324
-111.859
6.63021
-3.60004
6.07363
8.36878
7.63449
-416.751
-447.484
-252.699
7.34641
8.58547
7.20185
21.6938
18.9685
18.8906
9.63437
10.5559
1279.27
-3.45986
8.05002
9.20184
6.69611
4.59879
-3.1168
5.74552
4.90646
16.3468
8.4452
7.07799
1.5605
8.31962
7.158
10.0383
6.91709
-472.514
5.68387
0.956221
4.52749
3.39783
8.01673
8.40786
1.05185
8.06815
9.10284
-411.927
8.56728
8.21799
6.87158
-15.7373
9.80339
7.93101
11.4172
6.58759
46.2348
10.2426
10.9963
3.66422
6.51684
8.26252
-40.9323
8.22645
5.92178
10.6738
1.328
9.48756
4.63084
8.25692
6.29606
9.59191
7.82256
4.29472
11.0525
10.8432
11.8857
12.0947
13.3667
7.87321
11.8002
10.9228
14.4008
13.4379
8.63207
-25.4684
12.8689
7.77971
-271.957
18.0032
591.932
61.5879
28.4503
16.0578
20.5666
0.163597
9.77186
-0.505013
-22.6911
-112.623
1417.2
6.52374
-28.1331
1566.37
6.41088
21.3363
46.343
267.076
177.007
797.981
2.45667
35.3031
279.629
242.016
-26.8397
32.72
-364.693
12.9617
266.652
86.8028
261.571
5.93928
8.7909
115.643
168.861
14.3383
217.383
-6.3856
4.21148
-296.497
5.12294
-0.726242
25.8568
32.2738
2.86526
3.67046
7.45793
11.4507
6.72263
9.80806
-0.327834
35.178
24.2768
16.0764
8.67587
14.834
20.3562
27.8809
7.5215
14.7915
-73.3985
452.893
28.4921
16.202
27.6111
21.0474
20.8312
805.824
23.0884
8.24386
-35.1538
8.80434
290.878
6.92979
182.844
52.2904
-424.923
115.779
1.30105
-268.668
153.349
528.884
3.80913
234.074
281.751
942.871
300.934
367.958
757.177
11.9533
27.7533
21.5318
-434.293
209.341
847.194
359.818
166.807
288.601
1214.95
-272.102
304.988
7.14233
3.17968
-0.278693
937.119
110.171
-2.4295
-291.46
384.593
6.93472
-361.331
1020.66
-228.453
873.676
3.29677
33.2285
886.825
7.09064
-409.497
39.1442
5.9035
10.2891
5.81255
25.5562
6.80928
6.36087
16.8527
14.8416
7.20961
6.79853
16.5166
7.73184
11.8694
6.17504
7.00839
8.27383
0.145177
8.7516
7.43199
3.80325
-115.316
6.67148
-221.467
-283.006
5.34679
4.52875
-317.405
-59.5181
-102.843
-427.976
-278.144
-288.579
0.130189
-11.0171
-158.013
-275.671
-388.773
-258.887
-239.371
-260.282
-26.8625
13.3412
-2.59858
-1.58063
-43.2071
-86.632
2.7509
2.58056
75.6833
-3.23967
1336.41
-4.07193
-7.1569
5.41077
2.88676
1.96664
-24.6589
-2.33233
67.3274
105.827
0.801575
10.6301
0.370295
-3.91741
90.2295
-3.68464
3.80276
0.243561
-2.62477
-345.579
8.86869
-1.63876
26.285
12.1023
7.05723
68.7649
1462.67
-2.20235
-1.17717
2.90467
-169.615
-1.85076
-23.6379
2.51285
-277.053
0.435695
-3.09455
-2.8567
24.4604
-0.312419
2.65457
-268.813
-20.443
-1.77101
-0.317503
-271.249
12.5616
3.69567
-2.21087
-4.53638
-2.9949
0.99131
0.73441
-0.200931
-2.12162
4.1176
6.15603
-2.70103
-23.3068
3.97555
1.9963
2.92765
2.25763
29.2945
-0.45286
0.000614614
-10.9968
5.54101
2.18775
0.106156
-1.13008
4.78455
26.9284
-2.0691
2.21185
22.322
-2.76182
-1.84128
28.6273
-3.3879
0.176001
2.53522
3.86796
-131.347
0.600173
1.82147
3.34651
-3.95731
1.98683
7.95158
2.73299
-1.04217
16.4426
2.79954
2.54248
2.74115
0.180879
-75.3509
5.42339
8.21842
-2.50762
3.7898
1.96305
-2.56632
1.84065
2.22901
1.76264
-1.83628
-291.725
16.1164
2.92799
-2.22798
4.00177
-24.0782
2.78576
-335.279
4.80173
-1.99474
0.968376
-1.96607
3.28864
-6.6626
-2.56308
-4.26495
-2.4572
0.428191
-2.68325
0.171885
-1.97208
-1.79089
-2.08834
-2.18841
0.339438
13.4259
-2.42362
5.52122
0.201485
-2.48106
-1.99141
4.11838
-107.603
-2.47553
-2.10286
-328.089
-9.38043
3.07942
2.88283
2.97055
2.44358
14.4303
-0.338245
117.675
3.191
1.0128
6.31079
5.58433
3.14302
-2.52719
0.645246
3.82681
3.24111
-2.77095
2.74812
2.31862
-2.7521
40.6424
2.80404
5.25313
2.62791
3.03397
17.7422
-0.831743
1.44506
0.764309
1.87429
1549.21
5.13609
-21.4252
0.293393
116.665
-2.52026
2.48522
-259.981
2.88379
3.45594
3.01964
-51.7598
-2.84137
3.40209
-269.019
1.33617
0.645588
2.63275
7.28535
-10.9291
312.759
-219.94
6.32704
199.851
-229.918
4.81961
2.69405
-151.846
-1.87871
9.07096
-261.727
-0.733834
-252.583
-195.967
-127.06
-2.3603
-259.147
-4.02069
6.25778
-26.4925
-263.134
2.3863
0.0345381
-268.394
-268.389
-13.3013
-268.116
-265.244
-20.4924
-239.553
-4.00569
12.5251
-27.4661
-262.561
4.71574
-260.875
-22.7134
-85.8876
-268.373
3.00466
5.43997
-261.715
-209.4
-24.193
-2.51331
-193.909
-89.4491
1.42738
0.0343365
4.73361
-3.77109
-26.4169
5.96531
3.06882
4.56291
1.80571
-91.7391
-11.8022
3.08804
1.95987
-1.16209
4.11506
6.05645
-0.353777
-1.77314
-2.19057
-3.64481
-24.9859
-2.00211
-2.20762
-182.653
2.60953
2.44151
5.42681
-25.6012
-153.383
-1.02837
2.73644
-29.3592
-446.503
10.2001
11.2922
41.9131
23.9348
3.14237
-4.0761
-2.52643
-2.54086
1395.4
27.6949
175.1
791.888
54.2164
-1.39886
900.773
-1.86746
24.4003
1400.39
11.9768
148.371
-266.41
1427.83
4.21818
2.30457
17.972
20.7425
-3.36534
3.86948
227.2
3.04918
254.04
188.94
148.102
-20.8464
-25.5233
-19.1404
-146.767
18.9878
-266.769
-3.48421
235.383
-19.7123
301.107
147.626
-253.292
39.6443
146.781
-18.248
158.104
320.801
1134.27
-12.0407
1003.22
50.0781
74.2428
-5.70806
-26.1976
-1.65019
-22.4702
-25.825
-270.309
0.618574
-268.375
30.9629
-21.0146
-26.0999
-171.388
-234.259
-15.9383
8.93431
-19.6068
-5.55917
146.57
-2.01528
-16.4189
8.52578
-264.689
-0.667521
-152.519
-111.282
-0.763237
-269.784
-264.316
3.60171
139.293
6.936
5.69179
-252.77
11.7656
-0.927008
0.751147
4.22103
-14.952
-266.003
-279.156
38.4001
-262.876
3.85561
-239.614
28.5777
-20.8928
-136.13
-245.624
16.0505
-2.60872
322.773
-36.582
-260.652
10.3435
-266.143
2.58809
-20.9061
-182.708
2.97468
-274.286
-268.992
-0.452476
644.785
-235.689
129.844
-5.01599
14.0044
24.5972
14.1891
-29.7946
-20.633
-140.009
-34.1821
3.03781
2.65659
43.9067
-266.445
-100.322
-268.811
3.06157
-1.15621
-0.675981
6.45459
1.90825
1.41113
19.9033
2.96164
2.17962
9.93368
-26.7538
0.628642
9.4138
-1.2002
-55.2278
-2.83185
-32.6842
11.6719
3.24719
1.90286
-404.397
17.8192
-2.30894
7.23791
7.39682
-2.59604
9.06934
4.18257
-5.13079
-0.582615
-26.6718
11.513
-2.67058
-1.42782
-321.993
-213.68
-2.19569
1.52982
-312.918
-36.0235
8.45308
2.27405
-2.09196
-2.068
-0.895102
13.9325
5.95571
13.7263
-2.40737
7.17649
7.31106
-150.033
9.42397
4.70995
8.47418
-61.7335
33.4948
7.80977
71.3827
-4.26625
1.2556
8.24342
-1.48961
-1.47509
2.60568
-2.7724
7.12395
-264.411
230.325
0.815444
-50.4373
7.78551
9.40203
109.872
-266.959
6.11404
-2.35523
-0.614847
-1.73428
31.6147
13.1053
-207.189
-1.88993
6.09638
10.9644
8.07199
3.91756
33.3561
-1.93469
-256.527
-1.85677
10.62
-8.74955
3.31622
-357.793
-137.55
0.43586
2.80554
-2.59979
-7.4111
1.03081
-454.635
17.2372
5.76205
5.43444
-0.0479758
-265.047
2.62448
-177.922
1.69845
1.47659
-2.10722
6.70625
-5.5012
-146.887
31.0808
-0.955414
-347.155
180.121
13.2164
-21.6595
1.30669
-267.539
-268.255
-2.99204
-270.972
-252.855
1052.14
8.79777
2.83654
-3.88059
10.244
-84.7008
-3.15939
0.904916
-25.2506
-266.044
-3.43921
9.81234
0.948254
20.0872
2.64657
-2.7597
6.19248
12.2767
-4.95549
1.81269
-1.59184
1.77114
)
;

boundaryField
{
    FrontBackPlanes
    {
        type            symmetry;
    }
    wallz
    {
        type            calculated;
        value           nonuniform List<scalar> 
97
(
-429.617
-378.295
-462.21
-309.122
1774.75
1124.06
186.686
-31.9737
1108.35
5.95728
39.5119
-12.7463
-198.067
-178.41
220.118
175.303
1110.81
-60.0854
-1.16397
22.5841
3.37475
-254.223
-171.597
-408.142
818.484
916.729
718.925
147.889
76.3158
49.5821
-118.802
-94.4757
-351.873
492.684
363.061
50.7403
210.517
264.103
331.105
136.034
1237.93
539.654
-116.273
41.053
128.822
193.39
1530.92
1940.72
2229.36
-402.963
22.2583
15.4881
10.7008
1392.58
437.934
263.086
-350.749
-222.654
6.62358
3.31275
281.289
270.01
-198.919
-553.187
-281.954
1652.29
1613.95
9.86744
3.63763
-456.098
47.8667
13.2985
54.2712
-108.209
165.408
728.338
658.871
1163.43
873.681
576.381
1464.45
1892.91
-11.502
-318.541
-555.572
-570.789
-168.078
1617.22
1975.46
-33.5998
-9.32488
228.125
0.724996
1359.05
428.976
-4.64571
-543.087
)
;
    }
    outlet1
    {
        type            calculated;
        value           nonuniform List<scalar> 
31
(
-2.97844
-2.943
-2.943
-5.1601
-3.01541
-2.97816
-2.95156
-2.943
-2.943
-2.943
-2.943
-2.943
-2.943
-2.943
-2.943
-4.28443
-3.19087
-2.94333
-2.94334
-2.943
-2.943
-2.943
-2.943
-2.943
-2.943
-2.98847
-2.94759
-44.0164
-2.943
-2.943
-71.3648
)
;
    }
    inlet1
    {
        type            calculated;
        value           nonuniform List<scalar> 2(-597.28 -603.589);
    }
}


// ************************************************************************* //
