/*--------------------------------*- C++ -*----------------------------------*\
| =========                 |                                                 |
| \\      /  F ield         | OpenFOAM: The Open Source CFD Toolbox           |
|  \\    /   O peration     | Version:  v2012                                 |
|   \\  /    A nd           | Website:  www.openfoam.com                      |
|    \\/     M anipulation  |                                                 |
\*---------------------------------------------------------------------------*/
FoamFile
{
    version     2.0;
    format      ascii;
    class       volScalarField;
    location    "0.5";
    object      p_rgh;
}
// * * * * * * * * * * * * * * * * * * * * * * * * * * * * * * * * * * * * * //

dimensions      [1 -1 -2 0 0 0 0];


internalField   nonuniform List<scalar> 
6576
(
2750.97
2726.92
2734.01
2740.1
2755.78
2763.21
2738.36
2741.91
2758.35
2748.81
2788.71
2773.06
2761.36
2770.63
2738.39
2744.68
2711.42
2737.55
2740.14
2785.48
2720.76
2777.7
2781.13
2734.46
2766.69
2796.16
2846.42
2760
2722.75
2725.74
2746.15
2705.88
2744.31
2766.05
2757.53
2780.54
2755.51
2782.84
2739.96
2762.79
2727.68
2720.18
2746.99
1484.58
1138.34
1851.83
1288.86
1388.4
1808.55
1828.27
1506.59
1630.68
-0.276269
-0.323487
-0.0767139
-0.820168
-2.7299
-3.98989
-1.10871
-0.0350804
-0.237387
-0.149361
-0.251479
-0.22651
-0.251223
-0.201662
0.042755
-0.00299602
-0.145165
-0.256478
-0.152403
-0.331357
-0.189447
13.1053
13.2897
13.2727
13.3388
13.3314
12.6456
13.18
17.6587
24.4413
22.9859
16.833
21.1929
24.6302
21.9095
103.157
88.8751
74.2164
101.757
227.994
136.581
305.574
952.903
884.498
978.659
763.559
826.825
969.077
960.952
1145.82
1248.56
1187.79
1157.63
1156.39
1120.2
1135.6
1761.59
1744.31
1774.75
1695.91
1793.07
2036.93
-1.68752
-0.0614626
0.1404
0.464338
0.507265
0.32309
-0.635805
793.557
2338.39
2487.8
2513.6
2388.53
2771.06
2748.55
0.503953
-0.373582
-0.151521
-1.15667
-0.485039
-1.61047
-1.00416
7.94252
13.3144
5.55397
11.951
9.49858
14.1922
7.61357
2.87577
2.53612
2.51188
0.749532
2.22163
2.93388
1.96301
2.54545
2.41337
2.45811
2.93156
1.9829
1.99455
2.27646
2.98312
2.83214
2.94185
3.02847
2.835
2.84212
2.68022
2.81236
2.88358
2.54568
2.36209
2.48486
2.76482
2.67949
2.50579
2.64257
2.39502
2.25997
2.47219
2.52331
2.40845
2.60267
2.52227
2.50101
2.57693
0.924494
0.772302
0.819248
0.962108
0.686219
0.867027
1.06511
1.04671
0.481859
0.659518
0.701805
0.667992
0.751617
0.737814
0.707322
0.684013
0.102185
0.523764
0.246236
0.255207
0.111576
0.430349
0.395638
0.995783
0.770493
0.579487
0.347927
0.602758
0.558797
0.485452
-0.105363
-0.223226
-0.645389
0.743102
-0.16678
-0.320751
-0.330446
0.399064
0.380365
0.425629
0.447665
0.37546
0.403762
0.471103
0.524456
0.487432
0.587032
0.544283
0.583901
0.682369
0.606216
0.861671
1.004
0.913818
0.811495
0.806918
0.945813
0.899851
1.3216
1.29392
1.55411
1.24385
1.10798
1.34627
1.1943
1.94762
2.21897
2.05126
1.69412
1.86972
1.77637
1.95885
2.12515
1.95914
2.60425
2.55092
2.59595
2.70028
2.5486
2.64172
2.53501
1118.94
1554.44
1351.72
1403.53
1714.73
1842.79
1811.88
830.77
730.664
553.407
1144.71
595.39
515.429
1438.38
468.013
1414.08
1233.71
1220.02
1131.12
1005.13
774.337
900.403
431.265
136.517
221.774
330.447
168.132
427.21
217.788
39.8815
203.144
169.383
1190.8
1208.02
1133.64
332.234
298.78
220.361
360.782
277.475
196.353
303.117
10.8292
21.2725
12.9165
10.6076
9.32076
233.109
40.33
612.648
90.7078
4.34386
278.299
19.8962
5.48572
5.27859
5.00189
5.20501
-7.22154
5.20554
-10.1095
22.5394
10.9585
36.2581
11.1256
-255.682
-261.55
-243.716
-262.612
-261.913
-260.699
-260.84
-185.928
-225.005
-249.125
-189.272
-227.404
-152.067
-230.189
-206.522
-160.458
-220.847
-252.587
-109.572
-215.87
-255.506
-50.2225
-3.01431
-145.867
-168.493
54.1598
430.089
-31.9737
74.1761
185.246
-26.1405
117.61
1417.56
1039.71
1108.35
1125.91
846.352
176.654
703.83
1142.08
1788.9
-222.906
-220.456
-189.493
-235.057
-217.008
-239.089
-236.075
-254.434
-261.197
-248.423
-255.052
-237.168
-261.048
-252.792
-24.751
-25.4023
-24.806
-25.5852
-25.5984
-25.4078
-25.25
-23.306
-24.3574
-18.6394
-20.6377
-12.4169
-15.991
-14.8718
-15.5277
-20.7972
0.174279
-17.8671
-15.0278
-1.06725
45.4072
-15.3798
1.24648
-15.4462
-0.812369
19.3672
101.769
457.137
86.1413
23.5176
22.6971
26.8567
1510.72
1512.65
1523.36
1443.23
1461.44
1469.41
1532.51
0.366942
0.651572
0.280367
0.547899
-0.363785
0.539773
0.0796356
-1.58112
-1.47283
-1.7297
-1.50197
-1.3825
-1.96822
-1.57087
-1.62008
-1.99313
-1.67292
-1.8174
-1.82121
-2.2616
-2.44717
-0.842434
-0.898246
-2.02171
-1.71619
-0.915476
-2.48029
-3.07967
-1.9821
-2.45924
2.23677
2.01272
2.64274
3.0781
2.13506
2.52899
1.99068
664.941
654.38
654.898
521.112
613.709
520.466
647.155
235.784
90.6597
364.744
660.243
640.878
632.183
661.994
764.019
75.6215
105.628
770.551
768.058
254.817
798.604
494.264
326.91
513.52
101.765
263.791
108.998
67.3931
396.04
818.223
146.379
237.796
244.943
675.845
-1.81271
-3.0087
-2.36537
1.69257
0.243163
-0.813728
-1.73049
5.93357
1.92869
6.7017
1.74013
0.858096
-1.04013
4.40851
-3.6353
0.813025
-3.63975
0.190943
0.0764825
-0.249202
0.0911981
0.162184
0.00601099
0.33103
0.230887
-0.231641
0.0161927
-0.072124
0.0753051
0.099765
0.203193
0.222457
0.420518
0.213827
-0.425606
0.0577077
0.386207
-0.0197571
-0.0965177
0.371925
0.0595729
-0.186732
-1.07941
-1.49696
-1.34
-0.825691
-0.844087
-0.916971
-0.953342
-1.28443
-1.17803
-0.624803
-0.532868
-0.539419
-0.359998
-0.485102
-0.37039
-0.488629
-0.0127472
-0.181338
-0.268845
0.0393851
0.0314615
-0.0968449
-0.129303
0.265373
0.252589
-0.0328679
0.413907
0.209344
0.079228
0.304285
1.96474
2.20138
2.03698
1.69209
1.85648
1.98613
2.13131
1.90807
1.85278
1.66776
1.97086
1.842
2.37195
2.48054
2.45219
2.24141
2.50804
2.49086
2.27924
2.91846
3.26239
4.71488
2.35356
4.03623
2.76353
2.0245
4.03618
4.05194
4.13857
3.94773
4.05226
4.03125
3.98794
4.14582
4.14152
4.11047
4.29604
3.97973
4.21056
4.02376
4.08997
4.18697
15.005
39.5355
5.66284
26.1671
6.61657
7.69308
4.69024
937.322
964.75
924.234
1045.47
1062.51
1000.9
985.397
538.866
790.722
838.205
-69.9087
707.747
479.773
852.653
-224.646
-253.458
-203.081
-252.089
-229.679
-218.54
-243.879
-225.487
-250.5
-230.534
-242.104
-267.172
-250.614
-252.389
-222.999
-140.614
3.49116
117.629
-19.1005
44.1968
-169.394
72.3655
-182.815
87.4632
118.027
46.5638
-22.0368
-64.8899
18.1875
-92.4342
195.917
83.8637
-61.8759
-100.009
-87.6177
19.7766
-26.6752
-68.6609
7.62796
-75.8971
-45.1065
-16.9195
27.517
81.5941
110.139
-14.7834
71.8278
-26.2003
96.3727
-4.57759
108.606
-105.43
-90.4515
-39.9379
385.159
398.24
426.258
211.188
88.3516
-146.425
-123.877
-123.168
38.1511
-29.0097
121.971
-82.7946
274.849
376.897
261.763
237.813
261.253
206.98
277.881
270.928
-193.156
-204.882
-194.305
-171.534
-193.897
-238.062
-219.171
-47.3496
-194.757
-146.346
-194.051
-178.49
373.099
18.9054
103.472
458.936
-244.537
-84.3242
418.563
373.107
283.23
1017.52
-214.553
-126.181
-323.854
-87.4087
-517.062
-66.0482
-248.793
-18.3967
75.283
-70.0115
-56.9799
42.3672
-178.779
-205.392
-294.887
-230.353
28.065
175.303
-5.24585
1057.07
337.891
1110.81
395.089
387.09
610.544
906.924
244.862
405.121
-336.647
184.69
-60.0854
-56.3026
-53.6721
-450.855
-499.065
-372.302
138.227
-123.078
846.219
604.11
803.411
884.777
820.914
919.121
887.53
-536.671
6.25214
261.816
459.314
292.638
570.827
313.334
-168.828
-175.485
-209.965
-98.0568
-200.396
-186.324
-49.6829
428.994
612.048
710.203
778.661
875.361
567.412
439.781
91.4044
9.42652
-6.79165
64.7096
-2.29633
-8.0867
-16.3059
-20.2074
-19.6447
-20.0204
-19.5728
-20.5233
-20.3601
-18.5134
-19.2737
-21.1108
-17.5975
-20.6476
-20.1841
-18.0444
-17.89
-21.6259
-21.1418
-21.6271
-21.045
-20.1739
-21.3496
-19.587
-21.6823
-21.5494
-24.0751
-23.5437
-22.7111
-22.2539
-23.0701
-22.5807
-23.3241
-23.0173
-23.901
86.5579
115.813
126.741
48.0207
-19.2933
63.8441
-26.2744
1.90126
1.73663
2.05428
2.39092
1.77894
1.19704
1.87405
2.26471
2.21468
2.73217
2.4043
2.44551
2.72279
2.58288
2.81429
2.78478
2.85253
2.95086
3.00748
1.0043
0.730929
-0.00708218
0.773615
-0.316908
0.911713
0.364565
0.11045
0.356586
1.61626
-0.316418
0.123723
1.30128
-0.0616012
4.51234
84.4688
0.295345
1.38842
1.65244
1.31903
0.7974
306.781
124.631
-2.85482
668.381
508.709
746.707
-3.94901
-2.56903
-2.90282
16.9692
-3.70555
-2.59077
-2.32637
4.82082
64.1055
886.533
65.7725
878.943
487.279
52.4675
461.927
302.649
819.207
879.58
151.456
7.36379
51.3375
106.208
254.48
152.464
177.857
373.007
353.235
104.151
148.257
661.047
524.339
679.945
1.84006
1.21157
1.17883
0.489528
0.659068
1.23271
1.61629
0.391241
0.328926
0.428876
1.11144
0.494884
0.611875
1.08286
-0.419059
-0.178206
0.0308905
-0.718242
-0.667915
-0.501697
-0.365151
0.109253
0.0731986
0.254227
-1.08561
-0.726142
-1.2835
-0.48508
-0.636133
-0.869803
-0.663999
-0.116559
-0.128613
-0.0724276
-0.147201
-0.177607
-0.126015
-0.15277
-0.0393166
-0.156131
-0.111755
-0.153949
-0.18522
-0.054066
-0.0495554
-0.0196503
-0.0909781
-0.101252
-0.0722948
-0.0697508
-0.0376151
-0.0662051
-0.03969
-0.00949776
-0.0506672
-0.050545
-0.00532806
-0.211916
-0.195291
-0.114286
-0.0777076
-0.122207
-0.219619
-0.173785
-0.125767
-0.12277
0.393808
0.331062
0.436747
0.17842
0.136951
0.231083
0.235444
0.864531
0.804654
0.815266
0.725446
0.705933
0.77633
0.741304
0.800051
1.0419
1.19064
0.607043
0.365605
0.165187
0.640068
1.11642
0.133997
-0.360375
-0.615326
-0.400168
0.375403
1.71062
1.59137
1.0444
1.16567
1.02234
1.39817
1.62417
0.979709
5.49342
5.24176
5.18523
5.37142
5.1715
5.13883
5.09249
5.1194
5.17792
4.45328
4.23725
3.93614
4.3559
4.59833
4.36833
4.16851
4.8153
4.40526
4.65599
4.66323
4.77229
5.01715
4.70358
6.76207
6.32306
6.1337
6.47898
6.20717
5.47785
6.09748
6.10618
5.9967
205.726
9.04176
13.3322
34.4271
9.00521
39.6166
342.174
341.791
317.72
425.588
388.225
326.885
658.856
449.496
372.517
311.912
383.577
320.368
411.94
117.907
360.192
-100.528
376.253
329.488
311.832
313.628
375.091
358.485
425.925
195.238
113.351
178.167
131.714
69.2323
228.476
32.1323
117.096
11.7184
256.129
76.3943
-143.293
3.80047
-14.5732
205.236
19.5823
69.5468
-261.724
-262.199
-261.514
-260.933
-256.947
-261.538
-261.984
-135.398
706.412
375.122
735.72
766.424
417.432
746.414
852.829
868.475
869.617
818.484
459.572
733.747
881.045
937.039
916.729
881.138
815.65
785.474
761.15
868.508
898.433
926.858
456.687
650.798
502.78
518.338
427.102
490.985
479.163
753.316
718.925
763.56
752.569
788.787
693.055
612.581
765.467
806.879
834.495
966.841
826.732
736.265
560.631
300.815
399.672
243.928
310.178
243.364
396.542
426.056
405.605
404.137
378.666
413.482
393.618
396.599
15.2177
117.999
302.185
349.984
338.61
138.451
129.792
66.0223
-128.092
481.722
366.798
498.684
-39.7787
23.4106
136.219
380.761
888.545
796.205
824.216
896.914
704.67
15.0365
24.427
5.70476
66.8246
7.79344
16.6612
170.802
11.6656
13.3202
12.8865
11.2683
12.363
12.2843
15.9578
14.4896
14.7171
14.6878
14.8561
14.9922
14.5727
15.0893
5.48092
4.42464
3.55868
2.72762
28.1386
4.43353
1.84035
76.723
54.4848
49.0687
569.751
559.941
118.8
283.774
109.512
96.1768
245.026
1471.74
1681.34
658.916
1640.25
1356.27
978.302
1487.18
1570.74
1828.7
1856.69
1854.54
1663.5
1297.75
1559.53
1684.13
1940.87
1885.2
1942.09
321.598
630.564
352.108
266.3
604.164
828.953
1703.85
1683.23
879.851
1645.16
2067.65
1971.27
1645.64
1706.78
1992.08
1986.52
1849.32
1974.57
2043.19
1983.47
1556.14
1952.87
2006.39
670.502
1892.56
789.853
696.56
685.571
748.438
565.54
614.395
904.248
922.861
1052.79
714.116
623.114
684.091
671.614
1955.37
1214.35
131.998
169.773
406.063
798.674
125.567
786.857
-0.549444
-1.25204
-1.56062
-2.24141
-1.33079
-2.54855
-1.47291
-1.28977
-1.20645
-0.690617
-1.33726
-2.53735
1.02325
0.439648
0.258669
0.99792
-0.141181
0.712297
1.74016
-1.06606
-2.24661
-0.907345
-1.44536
-1.26607
-1.3991
-1.5624
-1.50449
-1.66584
-0.824964
-3.07469
-2.28283
-0.982737
-1.92725
-1.06669
-1.27994
-0.908804
-0.880113
-1.0792
-0.393674
-0.485505
-0.548439
-0.45658
-0.528341
-0.576021
-0.590954
-0.64079
-0.734487
-0.545887
-0.469683
-0.387237
-0.593913
-0.509575
-0.399547
-0.279421
-0.27971
-0.320026
-0.230834
-0.282763
-0.299701
-0.0998235
-0.144489
-0.0956372
-0.0693689
-0.0315359
-0.0609342
-0.0889815
-0.0627013
-0.0603007
-0.0973162
-0.0678168
-0.0127891
-0.0888156
-0.00680323
0.0244132
0.0235127
0.0243575
0.0320048
0.0331802
0.017762
0.0178566
-0.000385668
0.00428379
0.0245124
0.0246983
0.0333161
0.0371348
0.0139472
0.0170945
0.0162589
0.0238635
0.0188684
0.00692145
0.0455087
0.0446103
0.0434201
0.0397923
0.0482205
0.0812333
0.0632065
0.0980089
0.063926
0.0518721
0.072169
0.0309319
0.0600462
0.0554512
0.0302352
0.053725
0.070263
0.0489259
0.172577
0.139057
0.18855
0.158424
0.205242
0.144978
0.181271
4.70143
5.07874
4.70981
4.45669
4.62007
5.07346
4.82454
4.69996
4.99783
4.933
4.82121
5.49504
4.66316
5.04105
3.83708
3.11761
3.04645
3.05934
2.60894
3.34523
2.67559
4.68486
4.42777
4.63876
4.23526
4.17324
4.40886
4.30239
4.55283
4.61887
4.83771
4.90695
4.82578
4.81309
4.8901
4.94653
4.84976
4.91193
4.90419
4.80756
4.94976
4.91025
4.96882
4.85775
4.92098
4.93427
5.38511
5.13266
5.42479
5.27152
5.68632
4.92863
5.03442
5.46842
5.75853
5.2164
5.10129
5.05575
5.037
5.12314
5.60231
5.10675
4.80151
4.80287
4.67187
4.7824
4.96673
4.90827
4.85504
253.801
1060.01
1590.77
1620.76
245.835
1052.68
1610.67
1306.86
1320.67
1441.01
1631.45
1641.25
1608.73
1622.97
1017.25
750.071
767.651
673.97
956.777
791.026
614.918
1021.18
693.667
1003.26
907.333
981.569
1090.99
1102.37
742.73
879.539
624.057
107.914
73.9669
576.068
606.735
380.05
414.696
143.479
460.688
485.445
317.815
255.494
540.108
418.83
576.969
952.363
748.21
591.614
611.761
629.779
594.686
645.491
578.953
461.308
591.642
389.088
288.373
275.993
309.365
279.576
256.463
231.481
388.309
262.814
405.046
107.886
374.468
458.477
336.492
285.522
554.407
253.029
-34.7284
225.42
363.209
539.904
499.986
597.276
401.231
338.986
367.087
415.38
492.684
556.248
734.844
394.906
318.322
363.061
296.923
274.022
302.989
366.221
470.337
279.778
266.154
643.096
527.444
490.616
678.593
843.458
616.544
520.162
351.458
259.558
383.847
444.317
293.814
214.559
289.892
23.2081
23.1049
22.758
25.982
34.9726
26.8166
25.2404
23.6989
25.3768
23.2412
24.1077
24.6031
21.4139
21.7421
21.6197
21.7773
36.6019
28.5379
43.9635
49.7512
41.6078
54.7337
43.1375
23.2332
22.0327
24.0068
26.2619
27.7895
21.1045
18.4768
24.7848
23.0739
23.5814
21.7252
19.9338
20.0214
14.5644
12.2284
13.0931
12.9823
13.4428
13.126
12.0136
11.9377
11.9552
11.789
11.8046
11.8906
1193.6
1244.08
1178.75
753.72
782.142
685.411
699.25
659.8
790.557
951.195
752.434
697.323
883.72
976.957
1102.15
1176.86
922.821
1043.33
994.886
893.451
1167.37
1645.68
1501.34
1542.05
1572.4
1257.35
1055.05
1561.28
972.795
1298.3
1120.96
875.496
966.749
1311.04
1511.23
1550.45
1105.99
1304.46
1665.5
1096.49
870.855
744.432
1082.72
1534.52
1684.63
1117.15
1315.09
1248.58
1716.55
1969.79
2017.55
220.571
94.5859
183.372
1691.3
1022.98
1667.85
1801.56
1475.72
1622.59
1762.57
1834.25
1807.59
-1.43542
-0.814085
-1.49602
-1.27611
0.393518
-0.744347
-1.14454
0.204052
0.444235
-0.113919
0.30703
-0.0552647
0.0164607
-0.245236
-1.86124
0.296164
-0.17195
-0.549609
-0.861033
0.00467879
-0.913881
-1.46646
-0.889439
-0.68944
-1.28745
-1.04964
-0.282616
-0.421963
0.234368
0.306023
0.354573
0.359217
0.297782
0.31012
0.396874
0.0310155
0.0456058
0.0554343
0.0551817
0.0296912
0.0644361
0.0848948
0.0578056
0.0791269
0.11632
0.0464894
0.0140163
0.0684268
0.0277705
0.0302382
0.00788407
0.0502656
0.0559401
0.0461174
0.0409689
0.0475551
0.0573104
0.0709602
0.0457975
-0.154419
0.116187
0.0639003
0.0526898
0.15566
-0.568486
0.0101436
-0.0724406
-0.722107
-0.518023
-0.69752
-0.430566
0.844868
-1.26778
-0.819678
311.938
1763.7
2756.1
2754.44
2746.49
2654.64
2668.45
8.92931
9.2718
13.1103
11.6332
6.78842
6.2628
15.8494
7.61997
49.0521
4.27976
7.43708
6.21367
394.458
7.33956
22.8405
44.9877
45.4847
0.180593
11.6774
11.2095
0.445696
20.9371
38.7797
9.53632
49.927
10.4859
30.9279
8.66383
2.77936
2.36635
2.25095
2.32907
1.95594
1.77506
2.1182
0.397313
0.792602
0.968927
1.58955
1.344
0.53344
0.815428
1.21047
0.762686
4.21455
3.78399
3.92231
3.55323
3.42511
3.52359
3.80505
3.7746
4.28741
3.89491
4.14515
4.45132
3.91756
4.06307
4.70676
4.74149
4.88007
4.7482
4.80115
4.89986
5.2267
5.58319
5.90726
5.8869
5.56548
5.60215
5.85252
5.49942
281.201
60.8074
227.569
1325.93
1632.2
799.356
476.492
1626.14
1115.75
1097.19
1682.02
1346.52
1356.81
1256.19
1498.06
1205.8
1542.56
1455.78
1546.17
1537.95
1307.96
1323.9
1325.19
1696.63
1686.18
1448.08
1662.52
1307.54
1447.8
1438.36
1438.27
1281.66
1296.48
1037.1
1292.09
1049.59
923.469
1375.07
1521.67
1036.5
772.293
980.274
928.01
1057.44
818.763
1035.14
852.005
586.426
-62.0717
550.662
-198.901
-195.366
481.747
440.176
1102.44
865.083
946.686
414.723
563.786
503.887
-237.27
-235.754
-238.093
-233.809
-224.956
-135.761
-199.249
-19.9514
-20.2026
-18.1812
-19.9134
-19.5676
-19.0254
-18.6523
14.0819
130.597
71.1081
68.899
59.5596
345.88
174.257
322.667
-17.5669
-76.8773
107.217
135.813
-78.5647
-16.4662
248.697
201.405
242.653
229.599
338.748
304.141
281.234
1320.74
907.829
1237.93
1358.55
1193.35
1289.33
1271.63
420.775
539.654
333.857
592.695
429.195
534.445
237.528
514.926
563.699
-221.392
-217.131
-248.074
-132.565
-151.313
-54.7724
74.5126
-241.629
-152.475
-240.853
31.7136
-100.05
366.821
-34.1481
496.736
-208.441
-219.133
-153.235
713.649
731.212
1055.74
811.623
729.105
898.967
953.366
1350.61
1233.34
1177.68
1312.71
1224.02
1261.45
1227.67
1280.44
1655.73
1065.11
798.175
951.165
868.224
328.376
-36.8802
794.279
368.955
734.42
800.281
717.68
-135.034
474.506
739.287
-149.22
663.518
638.188
846.683
834.741
830.496
817.277
666.486
1060.27
1349.85
1134.13
1280.74
1242.13
1398.09
1303.68
3.4654
3.68047
3.48639
3.84122
3.65849
3.56778
3.6009
2.82928
1.4711
1.95563
1.38
1.15285
1.98109
1.78473
1.04831
1.09811
0.830163
1.86915
1.72994
2.00722
0.961232
1.27524
1.86124
2.81733
1.88503
1.99802
1623.95
1550.69
2461.08
2304.62
1978.66
200.616
2181.61
5.51075
6.20304
6.27464
5.60338
4.93241
4.53514
5.76316
6.09622
6.44961
5.75627
7.57228
5.9267
5.62446
6.44108
0.45946
0.865913
0.936908
-0.964863
1.15059
-0.0159916
0.831558
6.77377
0.44427
5.4263
-1.93119
-0.520423
7.33782
0.297413
-0.390968
-0.0424686
-0.0327106
-0.107475
-0.346885
0.432189
-0.0328351
-0.1193
0.176402
-0.113411
0.150455
0.0683569
-0.646511
-0.801221
-0.623972
-0.432405
-0.651125
-0.77512
-0.717169
3.61062
3.25781
3.30114
3.3223
3.21863
3.45448
3.58622
3.84783
3.83877
3.87725
3.82691
3.75555
3.81978
3.95672
4.17888
4.39432
4.50826
4.20234
4.17881
4.32877
4.36663
4.59081
4.64089
4.53608
4.43844
4.40974
4.48246
4.45888
4.56841
4.56064
4.53307
4.61488
4.68199
4.56366
4.61731
4.68979
4.75537
928.667
1129.92
1481.08
371.407
1041.34
308.525
1297.61
1480.33
1141.81
1463.36
1053.64
871.096
656.106
1180.64
1087.96
537.436
1085.91
1440.27
1236.72
1504.48
1137.27
1281.47
1139.32
1701.91
1327.16
1719.64
1509.81
1534.96
1545.49
1696.31
1716.6
1661.46
1534.57
1257.61
1675.86
1432.77
1341.58
1482.14
1508.33
1501.43
1547.74
1094.18
1401.69
-238.392
-113.721
94.381
-35.9108
50.8875
-188.355
-231.547
-23.615
-21.6635
-23.8421
-20.3533
-22.3951
-20.6157
-20.2568
-21.5995
-21.7029
-22.2599
-21.6463
-21.1535
-9.85818
-18.0776
-16.7618
-10.7177
-13.2518
-8.63584
10.065
-17.6214
-19.7844
-17.1106
-21.589
-22.2459
78.3275
282.036
97.6148
427.881
272.91
439.142
363.74
378.211
408.267
364.601
328.905
149.397
393.931
355.588
243.194
314.657
380.921
243.311
294.203
278.005
260.669
1300.42
715.854
1099.17
1969.93
1643.75
1917.36
1454.38
1135.29
1576.83
1639.09
1308.17
1308.02
1530.92
1428.44
1173.67
1422.14
2097.08
1890.06
1940.72
1417.4
1917.56
1257.07
1753.96
2042.12
2229.36
2068.31
525.343
676.24
710.33
328.258
482.145
165.146
157.207
31.6984
98.6187
256.379
-244.232
-131.361
-130.67
-246.995
-242.4
-190.878
-261.835
835.33
242.551
326.71
267.778
293.838
415.878
448.429
11.1319
12.0924
11.6798
362.933
1209.23
131.527
100.538
0.697757
1.42351
3.41071
-0.547806
0.910788
2.67987
0.620237
-2.03324
0.774984
0.182571
-0.430532
1.75095
2.72489
2.23546
3.12422
3.77184
2.13664
3.50911
0.185613
-1.3388
1.60494
6.2191
3.29079
1.56943
4.47737
5.26239
1.85984
1.58741
4.97749
5.25469
5.53911
5.19177
5.31157
5.19941
4.90996
4.82479
4.64261
4.55286
4.5721
4.21823
3.85302
4.2601
4.14586
3.64192
4.44079
4.02391
3.4895
5.45487
4.79871
4.81361
4.23338
-0.0419452
-0.0177592
0.688633
-0.231244
0.100831
0.447045
-0.0168582
0.0770802
0.0426163
0.238559
-0.196233
-0.304888
-0.43969
-0.23097
-0.475094
0.00196531
-0.465823
0.1091
-0.116145
-0.425616
-0.023226
-0.0971168
0.167219
-0.118
0.106789
-0.150621
-0.00700166
0.0566351
0.102089
0.215252
0.165756
0.197665
0.159548
1.08508
1.28112
1.32392
1.11682
1.37847
1.67581
1.2967
1.569
1.23095
3.91467
3.73211
3.68893
3.91829
3.55798
3.65228
3.91429
4.55296
4.58146
4.47649
5.5038
4.55003
4.93161
4.15222
886.556
908.247
909.495
899.213
876.154
557.155
130.412
891.567
834.996
895.407
815.324
875.533
332.608
849.941
796.378
837.868
466.549
840.392
463.639
832.697
242.465
384.925
843.491
1291.92
1286.82
1144.34
5.34933
7.56819
5.68521
5.2974
5.72034
6.01564
5.45915
7.49935
8.35452
7.84132
7.25342
7.2275
7.92403
7.5851
320.943
53.2796
54.8638
1153.94
461.802
135.671
213.439
27.6206
10.807
21.7046
74.5366
82.5869
35.4977
26.6351
20.9887
30.4774
29.3793
64.9324
44.0072
65.79
36.8728
-24.5841
-20.0845
-23.9909
-22.0292
-18.6444
-24.9097
-25.8021
-21.9244
-24.5606
-25.0768
-25.9692
-25.7446
-21.3898
-23.8199
-23.8367
-24.0604
-23.1301
-25.4102
-24.8697
-27.7921
-27.4387
-26.6387
-30.9886
-31.7976
-29.5372
-28.3289
-11.376
-19.9217
-18.0904
-18.7564
-20.0196
-18.974
-21.2129
-6.63913
33.0359
143.8
81.1504
-2.35962
127.953
246.249
1826.61
1843.05
2072.6
465.412
458.978
630.839
230.469
442.189
255.111
397.341
857.178
1151.15
1392.58
851.759
885.158
285.166
408.506
511.345
437.934
224.488
428.893
176.061
401.873
238.547
263.086
371.859
-365.129
-349.168
-256.226
-346.921
-168.631
-329.482
-79.768
75.8872
111.225
123.807
100.812
-7.19319
135.816
35.2523
218.221
165.785
267.402
137.399
22.9917
343.587
76.8396
3.20224
-7.17405
153.445
341.26
118.853
343.762
538.915
261.927
667.639
672.218
633.414
528.044
648.935
-351.943
-170.852
-255.336
336.687
92.188
660.613
241.385
637.853
323.513
5.59394
5.67886
5.64568
5.54719
5.67228
5.64272
5.69133
5.63096
5.25797
5.26645
5.37767
5.11247
5.21488
5.05293
1.45074
1.63773
1.45597
1.65276
0.9451
1.25725
1.7103
0.158759
0.196765
0.0448386
0.853893
1.10142
0.81393
0.802333
1.01789
1.17775
0.922154
0.276179
0.136273
0.312754
0.326662
0.526981
0.281393
0.187079
0.280702
0.363403
0.222707
0.0544445
0.243033
0.0537338
0.0968494
0.124675
0.166017
0.194462
0.237369
0.203916
0.249539
0.229514
0.304767
0.0643096
0.0329686
0.150897
0.210047
0.153268
0.0952329
-0.00443864
0.0213523
-0.0191015
-0.0606876
-0.0200144
-0.0465685
-0.123752
1.18883
0.847096
1.01629
1.38274
1.421
1.30477
1.1042
465.656
411.715
468.124
424.546
112.25
182.146
802.788
795.231
811.13
5.23597
194.218
796.946
675.543
582.952
538.022
900.701
875.721
4.61794
4.57718
4.65853
4.65378
4.6136
4.57544
4.61648
4.69186
4.67627
4.75618
4.84654
4.75645
4.71101
4.7298
4.93369
4.93692
4.78981
4.77034
4.81286
4.80056
4.85474
5.32447
5.33842
6.39402
6.35452
5.97461
6.40694
6.38316
5.16396
5.17484
5.20106
5.32905
5.28992
5.7068
5.38771
5.15961
5.07262
4.93852
5.1165
5.35272
4.85699
4.88423
5.87182
9.82542
5.6856
5.61112
5.61839
5.98293
6.05256
5.76538
5.0956
5.37056
5.25156
5.44938
5.49617
5.25782
7.08249
6.38797
6.34562
6.4805
6.18767
5.42428
5.96215
6.31236
6.07873
5.93447
6.20401
5.98939
4.71281
5.09826
4.36824
28.1872
23.3186
6.57405
5.12301
22.3368
5.01782
6.5075
8.77891
5.63991
5.00559
5.14534
6.45702
7.32568
5.50906
5.5464
35.1022
33.2611
2.49029
38.9004
-2.09507
15.4893
0.674549
-17.0133
-18.7186
-20.8765
-21.6492
-19.4297
-16.2764
-19.1585
-18.4807
-13.705
-15.2161
4.69489
-11.7141
-12.6417
-18.7349
-22.557
-22.7916
-24.0205
-14.5813
-16.2484
-18.7897
-17.8794
-26.7587
-23.4616
-27.5265
-28.0719
-27.6584
-26.6272
-26.1267
70.7747
193.501
469.231
351.75
195.926
459.186
72.1453
297.172
371.254
311.807
350.258
77.0364
327.975
247.059
74.9939
323.83
204.243
350.371
307.01
281.289
357.838
-66.3514
249.379
-157.51
270.01
125.924
-291.924
-260.427
-170.343
-212.001
-135.655
-330.953
-449.025
-73.1729
-197.401
-171.821
-303.969
-198.919
-353.764
-76.1783
-211.884
-238.825
-262.528
-276.024
-199.07
-122.173
-142.358
-256.293
-379.163
-462.547
-483.267
-339.221
-286.526
-363.233
-390.013
96.4598
223.604
75.5803
0.952493
221.621
-288.589
40.2734
137.463
-179.847
32.7731
49.0847
25.6928
31.3617
30.2802
48.9899
33.2758
27.385
127.601
34.9645
34.2751
34.2289
34.1792
34.8773
35.1672
34.4287
38.5953
39.6163
44.3114
32.6526
32.4917
33.7947
33.6307
676.878
715.176
740.46
738.012
717.217
715.946
732.173
93.0304
49.9202
165.164
275.369
150.617
304.053
233.764
558.911
534.981
526.914
628.36
396.297
283.28
412.718
70.9541
19.6969
66.3978
-108.05
162.363
-3.02548
66.706
128.464
160.4
-213.267
229.736
-108.67
97.7128
246.965
240.94
28.6111
44.6912
32.4452
182.667
283.612
302.642
267.295
112.906
158.69
239.449
199.124
40.7245
16.6304
-45.6218
-1.70852
45.2798
-19.3784
59.8227
16.8643
9.5109
-124.386
-273.772
-379.439
169.617
194.073
34.0331
307.05
530.331
351.61
197.985
979.338
941.922
985.059
1006.17
1192.63
1023.1
847.771
1735.04
1784.13
1715.9
1318.48
1620.7
1758.5
1290.86
1353.96
1379.58
1365.47
1397.63
1113.96
1328.43
1109.38
1172.29
1271.71
1405.15
1334.69
1351.11
1362.37
32.5405
30.9158
36.1956
33.7039
38.0769
41.6271
42.9848
37.8154
32.5766
34.3811
38.2555
34.9874
35.2003
34.7082
33.4487
33.2256
33.4238
34.0064
33.6347
33.6563
33.9681
13.3085
21.9797
11.1753
10.6441
11.2043
14.2644
11.1174
11.693
12.328
12.5751
12.1531
12.3468
14.48
17.2534
32.1932
22.3313
32.3118
16.6894
20.7773
23.9006
15.5968
15.9254
15.392
36.6848
37.1621
21.1466
26.795
15.024
17.2415
20.1236
1538.5
1509.72
1133.11
138.543
958.258
1587.17
1006.41
1548.99
1510.28
1109.2
1072.9
1298.96
1613.88
1584.09
1465.38
1375.9
1484.25
1697.65
1354.72
1723.93
938.598
30.1164
892.377
6.7274
5.04445
20.019
124.001
622.529
6.17422
6.02946
5.22838
5.84063
5.43401
5.79963
5.59472
5.59653
5.56695
5.80359
5.73164
5.63101
5.23185
5.48673
5.20866
5.06628
5.0826
4.70956
4.69909
4.9812
4.53843
4.56815
4.54869
4.64687
3.71187
3.90764
4.09881
3.81556
3.86283
3.90781
4.02177
2.8437
2.88039
3.18577
3.13373
2.99004
3.08285
3.36657
2.08478
2.15338
2.40289
2.48501
2.2086
2.17139
2.2706
1.31186
1.72518
1.4929
1.05995
1.02137
0.272757
0.551474
0.433403
0.157035
0.134481
0.47541
0.406984
0.0820311
0.0091748
-0.00661585
-0.0316675
-0.146339
-0.0349186
0.0826549
-0.00836068
0.0422813
0.0129767
-0.221374
-0.278123
-0.21076
-0.138039
-0.180782
-0.0996198
-0.189472
-0.185668
-0.186335
-0.172072
-0.03421
-0.0240954
-0.200284
-0.183076
-0.207339
-0.279867
-0.112656
-0.165264
-0.0113448
-0.0838024
-0.377282
0.232502
-0.00809482
0.0566777
1.10693
0.522885
0.328106
0.793996
714.832
769.996
792.745
614.289
568.639
673.98
549.824
708.38
559.656
2.82438
787.07
771.001
792.24
783.646
224.19
331.353
0.302297
0.455932
1.21443
1.39301
1.58306
0.478634
0.594083
1.76393
1.29469
407.416
404.947
185.871
-0.298906
80.0899
15.887
394.306
4.3812
4.23724
4.17621
4.0006
4.0744
4.22794
4.12316
4.14987
4.05477
4.15013
3.89786
4.01215
3.9052
4.01694
4.48766
4.57707
4.6385
4.73242
4.70525
4.60754
4.5631
4.58247
4.51117
4.53846
4.45566
4.53802
4.71724
4.82517
4.81673
4.63084
4.65946
4.85559
4.7026
4.94109
4.85931
5.10535
5.04436
4.95677
4.90334
5.03543
5.12067
5.02205
5.05011
5.10008
5.29442
5.01452
5.11016
5.66773
5.9125
5.26484
5.07631
5.06905
5.26933
5.05285
5.20332
5.5004
5.23524
5.03087
5.06693
4.94577
4.89073
4.82435
5.16422
4.8376
5.04501
5.06995
4.69559
4.86132
4.68816
4.65729
4.54465
4.89522
4.82307
3.88177
3.90335
3.92566
3.30669
3.67825
3.10409
3.24793
3.96943
3.80852
4.5159
4.39324
4.34529
4.37817
4.04955
4.26007
4.49518
4.08185
4.09384
3.8629
4.26854
4.5472
4.01965
3.85753
4.08661
3.76029
3.59154
3.81071
3.79087
6.52271
13.8843
18.5232
3.19086
39.5604
97.7874
10.423
-15.0142
3.04688
11.8606
-3.00366
-3.93457
-2.45713
-15.1732
3.51659
15.5829
3.15403
14.1254
15.8936
4.18893
3.39786
-21.8747
-21.6653
-21.1284
-19.2019
-21.7719
-21.057
-20.8878
12.7549
6.85081
79.1379
104.832
13.1313
183.473
53.9658
-14.8087
-20.2622
-18.2024
-6.48906
12.7537
-20.3333
-12.3019
-3.50428
-19.7092
19.1786
-30.8981
-23.9454
36.5174
181.319
65.1268
40.6792
34.6921
47.3816
36.9769
-199.253
-456.098
-340.347
17.0048
-278.24
47.8667
-285.65
-246.178
-68.1199
-93.7343
-416.571
-166.365
-354.812
543.696
462.734
493.784
1035.55
665.906
587.941
731.333
448.411
13.2985
463.647
189.096
165.45
221.548
482.792
391.151
382.098
135.339
425.487
240.247
388.332
327.424
228.426
246.266
220.72
333.437
506.209
327.658
422.849
572.544
401.405
258.525
367.562
171.973
168.868
377.293
102.363
70.2775
355.923
569.686
451.779
512.434
404.727
904.503
1057.22
940.574
954.836
661.755
767.243
883.122
245.837
389.076
534.425
475.488
558.932
614.233
1009.61
1013.6
1053.6
872.158
1029.03
1058.31
924.759
766.299
933.989
1004.65
907.116
1061.27
979.418
1099.38
1100.9
1205.8
1183.48
1123.31
1254.69
1186.85
1163.43
1274.78
1190.85
878.171
769.317
873.681
1078.43
838.351
814.74
885.879
1058.67
897.533
849.296
791.699
1030.36
1003.75
576.381
566.616
669.804
769.374
544.606
645.932
598.79
547.494
460.59
630.232
132.182
278.001
63.9634
28.8388
17.0026
105.942
10.1408
235.433
309.912
87.787
-207.762
-319.778
49.4777
31.4899
29.8176
149.669
245.27
19.0385
29.2181
17.7893
14.181
99.814
20.0281
14.6976
16.9014
13.9733
11.6485
11.2474
11.193
12.0114
11.8864
15.1466
28.5947
21.0359
12.7778
15.9211
15.8037
12.3562
17.1848
14.6452
14.7604
17.7264
14.1537
19.1774
19.491
18.2414
16.336
19.8218
23.6395
23.3632
21.3435
18.4213
24.8084
19.8693
21.0883
25.299
21.2567
13.3563
12.5194
20.6081
13.6181
17.1351
19.3151
29.0296
915.096
1017.63
857.381
842.659
213.545
1087.08
813.72
3.95662
4.03091
4.11582
3.99538
4.00685
4.04281
4.00044
5.14122
4.83775
4.87343
4.81705
4.84296
5.04016
4.92206
4.17197
4.51078
4.08614
4.4971
4.66536
4.36246
4.30411
5.27683
5.1794
5.3165
5.09963
5.35678
5.21877
5.35056
4.40974
4.38859
4.72144
4.87174
5.13649
4.70847
4.57061
5.03382
5.02729
4.93075
4.71269
4.76799
4.84185
4.85015
3.50903
3.64517
3.63456
3.51995
3.75282
3.6324
3.44404
2.57207
2.72909
2.44909
2.09889
2.56837
2.51091
2.21038
1.48726
1.16779
1.68519
1.71654
1.83499
1.33837
0.856539
1.55707
1.76614
2.08698
1.73475
1.57654
2.00905
1.53106
1.40319
1.72238
-1.21066
-0.587635
-0.409827
92.4738
0.315484
1.61993
-2.61988
1.57698
72.0642
461.797
701.516
99.1433
1123.96
2042.74
1621.16
1354.33
1623.2
1746.14
1554.3
1554.27
1604.01
1228.6
1525.92
1464.45
1393.75
1586.73
1395.25
1612.09
1540.07
1097.02
1499.69
1915.31
1608.07
1082.93
729.864
743.504
734.149
257.234
6.16839
274.051
745.639
3.80361
258.374
1.6599
11.9535
-3.24839
121.965
9.30512
4.06899
1.97809
122.58
860.198
-6.55407
-2.6118
2760.51
2726.17
2784.7
2733.31
2678.26
2779.39
2791.65
2832.91
2828.62
2811.53
2815.43
2836.95
2747.58
2815.98
1.91764
-0.606922
13.5521
2673.23
2784.3
2711.57
2725.72
2733.54
2728.77
2723.77
2724.69
2734.49
2750.16
2763.23
2733.15
2717.74
2726.27
2729.72
2734.59
2723.2
2717.69
2727.2
2730.68
2711.38
2732.65
2728.35
2738.12
2723.25
2718.8
2713
2721.39
2726.97
2722.5
2723.51
2751.41
2739.75
2725.95
2717.71
2690.56
2720.49
2717.5
2724.99
2715.83
2720.77
2731.81
2722.15
2722.36
2672.49
2715.46
2732.63
2216.17
955.563
2847.62
2836.32
2812.99
2875.68
2777.28
2759.85
2803.44
2835.83
2825.3
2829.39
2817.66
2805.52
2761.3
2809.59
-2.53612
-1.84265
-2.02719
-2.59687
1.56718
0.456643
-2.05079
2739.03
2763.38
2720.19
2794.9
2770.9
2794.27
2754.29
2823.72
2843.17
2779.35
-0.192229
-1.10002
-0.32906
652.966
635.034
551.756
361.017
2.7563
573.933
-5.02612
28.45
603.203
1567.67
1883.74
2030.95
1598.25
1781.92
1601.1
1777.81
1694.78
1584.17
1705.77
1981.99
1617.22
1721.15
1851.25
2013.47
596.984
425.716
51.7668
33.3346
22.2312
8.17207
2.62307
1.42751
3.00974
1.4462
2.87265
3.02125
3.88746
3.39597
0.67148
0.654475
0.296549
0.391346
2397.34
2319.8
2163.17
2327.08
14.9669
6.89831
1486.04
897.656
20.7288
16.9414
16.7304
15.4928
6.28763
6.21182
6.09485
6.04277
1.12576
1.12277
0.776078
0.739719
4.88651
5.08869
21.4135
13.8485
6.7554
6.7454
5.7484
5.62756
8.96163
8.4388
9.93663
9.78458
2.81274
0.217416
1.62363
-0.816327
4.19035
4.53454
4.89623
5.35515
2.09607
0.858908
1.89685
0.36648
2.49658
3.03926
2.27634
2.59951
11.8093
11.5072
11.16
4.34786
4.16154
4.06848
3.90872
30.7662
186.102
51.9107
109.285
2.05306
1.29447
3.63504
3.75685
276.142
1169.46
249.808
1577.03
1731.18
1729.84
1687.97
1624.66
5.14256
5.09419
4.84327
4.69501
161.406
962.788
836.752
1021.05
4.45218
4.35413
4.38928
4.16699
0.107601
-0.0127835
0.0834025
-0.0435442
-16.11
-11.4083
-22.0193
-15.4807
8.8607
-115.289
144.528
-141.631
4.98648
4.8754
5.15483
5.00861
1122.94
1058.11
1037.93
1081.03
907.696
1315.27
859.572
1206.98
742.19
813.537
542.079
780.419
4.98653
5.0489
4.82677
7.23149
5.43623
5.39296
4.94149
5.26934
6.0894
5.46149
6.41447
-7.50516
-14.1236
-19.19
-18.4744
181.442
220.911
198.737
246.026
-1.44962
-1.50238
-2.02836
-2.28307
-168.746
-227.036
-312.492
-375.875
-264.666
-265.856
-265.865
-266.588
-250.248
-250.662
-86.2763
-216.476
2.27088
1.93636
2.21862
1.81132
1.30305
1.47744
0.882826
1.06315
-0.141885
-0.488868
-1.49692
-1.60901
1.97297
0.721295
-0.0919966
-0.197743
582.142
717.774
-34.0099
-8.08968
873.675
818.881
746.788
656.101
4.83218
4.73012
4.55198
4.43172
4.19637
4.35192
4.27124
931.676
1054.89
-25.3598
-25.2145
-25.5163
-25.0582
-22.8198
-25.4857
-0.194214
0.0900061
-0.00534196
741.679
782.509
1375.53
1117.45
-20.7177
-20.201
-24.7219
859.154
255.67
210.527
7.51165
27.5937
36.853
325.021
137.129
77.0645
60.193
36.6121
-0.854857
-0.659707
-1.92355
-1.65889
-1.05267
-1.46606
-0.524948
-1.17768
-1.65785
-1.95511
-7.91047
5.79942
1022.81
2.48882
0.907916
5.64142
348.743
1779.02
1029.79
-1.16752
5.89959
433.598
4.9788
-261.561
1420.19
800.275
5.8908
3.07574
96.792
300.175
-347.879
4.30093
4.23298
22.4316
1.19691
-10.1379
4.73655
1.86843
4.78155
10.4897
3.07162
-2.38789
5.40862
5.02684
452.778
14.6373
4.37112
5.54834
755.042
1944.26
954.512
5.38751
198.666
-237.753
-250.706
0.844966
228.125
127.919
-213.426
-249.121
-204.273
-221.528
-210.45
-15.1292
-233.436
-215.373
-212.518
-267.547
-268.583
-264.946
-250.028
36.4665
74.3523
29.8777
-92.3405
-25.1722
-266.865
-138.471
0.722439
-263.224
-264.171
0.43887
-264.459
-246.345
-266.461
-260.821
3.93964
-268.131
-266.329
-267.894
-250.834
-209.857
-179.059
-267.426
-267.162
396.041
650.985
3.82668
-268.219
-267.025
-263.38
519.675
-7.17434
-267.432
25.3025
-39.7878
158.528
-239.458
-267.556
24.217
574.702
398.765
589.915
411.835
355.314
231.914
-203.389
371.364
152.856
-254.691
-21.4868
26.7436
-19.4687
-16.472
-19.3661
53.3757
59.031
-18.1947
-0.148058
-93.0507
-13.7576
-20.8249
-14.7022
-23.7735
-24.4263
-20.0363
176.528
648.328
30.106
-17.9074
3.08265
23.5982
-210.458
-14.8157
902.567
-237.337
-258.923
-175.212
398.449
713.334
80.7168
-110.932
33.045
-12.6662
725.932
193.373
918.244
744.978
1.9899
883.476
3.58576
257.505
-238.15
423.456
324.038
2.17681
-0.375224
586.004
-20.4993
3.87484
23.5897
351.082
86.9762
134.717
284.387
347.301
-23.1754
87.7644
2.02155
-19.8631
16.8929
-0.491781
775.203
-0.0528594
331.789
396.397
822.609
610.899
144.343
209.11
-180.253
289.575
334.252
336.001
-23.2379
-25.281
-24.9538
203.161
-25.8099
-19.0543
-5.56636
-15.9291
0.746554
211.323
-21.0976
-203.433
0.567621
-8.8936
66.274
-15.9777
868.62
-208.127
-22.41
4.65981
-20.0321
-13.3267
-8.60978
3.01556
-178.291
798.741
9.87246
-6.88505
-197.261
260.702
7.22706
-14.8559
298.911
764.417
511.617
712.416
267.593
-27.9907
0.701963
-21.9086
5.08302
-149.167
-170.275
-62.2321
231.302
5.41713
-2.00119
710.632
-163.383
463.273
186.252
383.017
320.912
253.496
166.397
474.742
374.989
-268.197
5.03716
198.543
520.259
492.179
352.347
635.734
1307.61
1270.2
817.718
646.59
1079.1
-160.975
330.289
1057.58
-20.491
405.902
802.401
496.932
88.5342
1197.23
322.112
-258.228
757.841
774.928
558.829
646.728
1014.52
1315.63
1376.83
2498.92
1247.18
-21.9787
879.437
12.5782
3.90259
3.89505
3.04436
3.05348
5.38291
-0.71942
2.66946
4.96778
4.23699
4.12237
795.875
12.8291
4.78015
3.58884
5.19272
41.5204
5.85405
4.84345
15.4111
20.1342
5.16434
1069.15
-304.072
15.9269
183.18
5.70922
59.6726
17.3863
49.2789
176.693
124.502
518.421
63.7374
949.97
958.16
158.868
4.70131
995.66
214.691
5.1255
327.146
79.3191
11.9663
348.122
-57.8601
867.149
3.77856
125.798
21.1045
182.76
64.3573
1.11805
-20.3506
381.026
918.067
296.344
828.708
-26.2759
58.4464
911.317
8.96424
-25.0107
89.6572
-4.31305
18.4668
1118.78
6.84671
-24.5196
-0.0419271
4.45367
2.77718
1370.94
977.162
1556.83
0.821979
-212.412
-2.12478
106.664
661.765
9.22717
497.466
-25.8615
982.211
1.02752
1098.24
-73.4428
-1.90642
44.1639
1064.23
-6.80523
393.493
25.5936
-26.0812
-23.7685
-161.784
-24.7268
-17.3736
-15.5197
130.265
81.2593
-9.80719
-3.46509
5.22563
6.76502
91.3604
-16.1417
-28.3767
71.4707
15.0558
-21.9382
-17.0499
6.24214
1266.25
-2.60103
84.0864
136.736
5.19416
9.48393
-26.1752
-0.805101
33.7975
5.59775
0.357446
342.605
4.78952
5.1645
4.27466
4.48649
3.93773
4.32655
34.1885
0.741125
52.2383
0.191872
23.5266
3.70532
7.72472
-6.132
14.5933
16.3154
1642.65
1265.51
5.17583
974.064
74.238
1127.64
5.32623
92.7041
36.4865
5.77306
318.515
134.063
780.759
1141.68
14.4846
5.14858
10.4745
7.29995
729.229
-9.30022
-0.890231
0.554089
3.6122
300.175
-12.2067
66.117
8.58822
16.4788
4.95036
674.905
24.6513
30.4424
29.4733
64.623
39.4273
84.3604
183.269
262.801
935.679
15.025
-24.7336
580.671
-22.5802
591.455
-94.8274
1035.44
-219.574
-23.7112
531.332
905.268
3.95435
5.92503
-267.673
133.764
90.1016
-261.715
-260.767
-262.125
-142.534
-263.674
56.9551
130.127
29.56
594.229
-250.434
404.037
46.706
-262.354
7.51469
-259.643
72.6025
31.9418
-0.387729
-254.063
-256.476
-253.847
-250.764
-240.163
-256.978
420.148
166.963
182.597
-232.896
-92.9688
-174.126
-202.858
-179.366
4.95906
-238.481
40.6482
-228.365
-58.7766
-152.569
-202.473
-82.1219
10.7603
1040.41
1424.64
624.762
1520.1
1261.78
1359.05
105.218
1095.66
-194.452
1634.09
1590.55
889.128
331.65
-68.0061
862.528
-241.607
1592.49
2386.06
0.359469
-262.612
15.1711
1061.58
936.593
45.2379
896.426
1707.31
4.60115
1666.6
1611.18
1756.44
-97.0125
5.71125
583.862
1103.04
5.96949
1638.59
903.939
1.61281
1623.75
17.0632
270.612
1517.41
1121.88
379.475
93.2171
53.5671
4.77691
1.80223
900.509
11.6725
5.24499
169.722
5.65186
5.38252
-262.784
81.9787
0.070441
116.054
26.5402
1.17621
-256.134
94.4331
162.241
42.1408
-2.184
4.8447
4.89991
4.44383
3.09573
3.07571
2.46614
-256.148
5.35332
271.951
899.736
4.11054
24.3821
657.969
4.50912
2.91128
2.89736
3.47103
3.34399
4.54858
851.636
4.82653
3.61973
3.40914
4.68541
4.5292
-0.0921808
3.66031
3.74986
3.1152
3.37249
4.30379
4.35403
3.84059
6.39936
3.65821
3.23897
3.03759
2.94817
2.75694
4.842
3.54846
3.36274
2.39961
5.59538
6.0778
6.02263
5.45515
5.39134
3.45077
4.81265
5.00061
8.2922
24.2138
-187.387
4.86549
36.6674
4.76514
1396.57
5.01299
4.94758
1515.96
4.70604
366.221
4.76664
1026.1
4.83354
5.35539
23.4414
5.37585
1307.16
4.76985
5.29045
4.28973
5.22989
6.42016
5.25854
894.614
1226.08
1161.62
2.79262
4.94002
-0.504163
-0.183124
0.170676
-0.222102
4.87329
11.7234
5.01721
0.357518
-0.228833
-0.188704
1.08674
0.626199
-0.027905
2.48287
0.283653
6.62052
2.44288
-0.265201
0.333327
10.9215
1.98883
3.23652
-25.9857
225.767
-0.391376
1813.59
1639.36
1602.85
1.28511
3.02973
2.56642
0.841173
3.47129
1.65428
853.221
1.51027
6.18089
2.97732
1.98054
-0.702945
0.914406
2.43195
2.64738
2.1622
2.46279
2.78765
2.06984
1.64226
11.2912
674.474
3.93779
4.88643
3.39659
0.439966
0.727151
33.8451
2.01475
4.13694
4.86786
1.15581
0.267379
2.10963
0.352169
-0.0830609
1643.33
-0.521445
5.41943
-0.464429
-82.0675
2.64056
-0.394365
0.0691991
1.25452
0.762943
0.596542
786.852
0.385141
0.386944
-0.575024
2.56678
6.99248
-0.235957
2.03113
0.235792
-0.0200818
307.131
1.34762
1.04068
1.34374
1.25875
-0.082189
1.3346
3.51946
2.08568
1.36346
0.632478
15.5145
4.49297
2.70176
181.022
5.0507
0.408869
-0.586928
5.62717
0.835173
6.43441
4.58112
5.83483
6.90399
5.96312
1350.78
2355.94
2303.5
19.8187
2336.33
1992.51
7.82083
40.2127
-136.928
20.28
4.74269
1.91499
1.31941
12.9049
-250.035
10.6923
3.76736
339.721
-0.0312161
3.29101
0.177236
4.08268
72.4885
2849.76
2796.74
2.11198
4.93272
15.3997
4.34377
4.66354
4.92685
4.00027
4.08426
3.9336
4.74993
4.78282
3.97702
3.95746
279.786
64.7217
4.75396
4.31484
5.75576
-0.798567
4.80565
5.49763
4.85317
5.08978
5.27062
4.41064
3.84043
-1.7473
5.20615
5.2261
4.57009
3.66878
3.92938
0.830084
3.36536
4.26699
4.76827
-24.9395
3.9021
4.34607
2.68543
-0.0674413
5.30562
3.03061
4.52447
5.45935
0.340463
4.33582
1.55817
4.80475
5.17375
5.65256
5.22761
5.03767
5.58129
-264.477
1.8772
4.15203
4.89765
585.857
5.8135
2051.12
1762
5.33625
5.69909
2.60979
2.48625
5.17231
2.28888
77.9512
1999.23
6.00825
7.003
1503.46
-267.7
5.49905
4.98484
4.84666
673.777
7.87691
6.40921
20.4959
5.28315
5.77091
5.46318
4.17757
5.73631
292.619
1.34131
5.49625
1.85705
4.4319
920.841
6.66527
-208.072
56.2552
3.41689
5.72593
3.65947
485.668
4.63393
5.93837
-27.2833
16.3891
6.06584
6.2038
307.436
5.73869
1.74063
6.99655
1554.79
17.4619
7.11365
4.88422
1159.28
4.93027
5.82625
1346.63
1700.18
18.8671
64.5254
-0.391583
1586.33
5.43588
0.660731
6.37346
9.69053
36.0526
-0.674333
-0.607897
4.07757
4.33275
12.9444
13.1979
1808.1
1596.35
361.99
-1.06493
9.08261
5.32522
1837.98
3.91725
1897.01
1789.78
5.60787
13.0769
13.0808
4.7368
3.08578
791.388
825.45
165.854
0.639489
742.221
1964.59
-2.39174
2.39024
971.091
369.724
543.962
925.818
2240.15
4.68397
2012.44
6.00154
2051.59
5.09264
1.16037
6.13995
25.252
4.62505
3.50765
4.90986
574.113
2.68522
4.21395
4.3064
2121.01
1.81719
5.37124
1102.11
10.5612
-1.53013
2.45524
2.19761
2012.5
3.23808
1738.6
5.01368
4.03369
3.52896
2.04796
3.04462
2.97541
2.73508
1.3169
6.23356
3.10582
7.06089
1.87266
1.23061
11.4208
1.04351
1.80126
0.898102
2.41177
45.6565
1.36901
1.30854
232.014
527.448
2.74924
36.5317
3.56817
3.21379
3.25054
2.7137
3.18735
0.987667
1.53108
1.76021
2.4351
5.38425
6.66534
6.43394
3.49631
4.03636
4.0785
7.42007
4.74617
9.94706
187.652
58.9333
0.289199
3.97395
3.64472
4.4537
3.80188
403.939
2750.39
4.33497
-0.236805
5.07265
1.95984
0.61963
9.47239
368.688
2850.59
5.77031
0.146976
-0.187222
0.335827
0.143873
-0.452799
0.0844947
-0.202547
-0.0233368
1.48967
1.20182
2.04189
1.91559
1.32701
5.81798
-341.591
914.169
6.8147
428.976
20.4234
2156.66
2547.68
-267.061
1939.22
38.5783
8.47758
-2.80964
3.8743
0.457997
2656.6
2640.68
1769.57
2651.83
13.478
2200.67
2107.31
142.621
359.506
2442.38
1.75133
1.13997
2546.03
2484.33
2.72831
0.598042
36.2153
-24.6957
4.83399
-256.289
2.76952
2.07122
2.90668
0.549388
0.565577
-107.994
2.56285
0.490837
2.22721
0.12354
0.472137
0.168255
-25.5737
0.294828
0.24668
299.248
946.356
0.130117
0.226183
0.220595
0.129513
-23.3352
0.268572
0.43883
759.013
0.0024903
2836.93
0.0792303
0.0700769
1.56722
2775.66
-0.233731
-0.242675
2768.83
5.07
-0.885689
-1.50027
4.84856
-132.984
-0.258352
0.1488
159.403
-0.133979
5.11145
32.9496
-0.556503
-0.303939
-0.0446333
0.0711908
-0.23139
759.227
-0.546731
0.231508
0.0133545
2.86858
-0.0486134
-0.12275
-0.217374
-0.670076
0.567073
-0.117244
-0.0371523
-2.80689
5.28704
937.741
-1.20662
-2.49439
-2.57977
0.353592
1.94859
1.01051
1290.76
-1.617
-1.66071
1.64097
889.051
1.17909
10.6265
1.26936
2.41827
803.942
1.19118
-2.32996
-6.4087
-2.82282
2.78585
2.90993
2.9462
-233.896
12.2904
1.58608
47.114
-2.59808
-0.459451
0.543802
0.0167515
2337.51
-0.764489
403.802
208.696
74.2471
-0.216216
4.04551
14.1316
0.65709
31.4321
22.8666
18.3905
14.977
70.5379
11.6118
12.7524
7.7337
4.14456
6.95968
14.8159
33.1801
2.9076
4.404
1.76534
-2.36639
-0.533531
1435.38
3.16136
2.54094
2.22528
6.90154
21.5631
14.681
8.67595
7.86766
13.2001
5.26822
3.09719
2.41774
1195.48
1.18456
1.35502
7.60912
-4.32888
4.99072
29.8996
4.04309
1.88979
14.5237
-0.399574
-39.8095
3.33189
2.0643
1.29115
1.21957
-2.95092
2.09318
0.595645
-2.11826
-3.48131
2.50482
0.0279529
0.248096
2.19765
76.1668
0.220708
4.09105
-1.72557
562.777
88.7986
1.74778
-0.939626
-22.2393
3.7034
-1.72363
1.40073
-1.85543
-1.55983
-33.2431
0.331936
-3.14975
-1.21718
29.0378
1955.43
706.811
4.79928
484.866
-0.619607
-1.03192
1451.01
1099
927.986
1336.11
32.7023
97.8941
749.458
1238.04
2.7077
17.9504
1171.27
956.225
1027.31
14.1058
1032.17
-3.05504
5.9414
5.66513
976.961
-245.986
1841.34
-11.0088
6.32216
10.0591
129.103
-26.1379
46.7432
-263.564
-167.088
-172.371
578.204
324.05
450.352
198.558
262.375
28.6372
596.333
72.6783
-99.8679
-239.372
279.249
651.86
12.8575
699.3
5.14371
1239.9
1053.53
1163.34
-191.646
999.282
-0.202839
-270.43
5.66884
-217.231
898.576
1126.55
5.55435
10.5974
163.022
982.943
191.944
881.56
805.72
13.8761
0.707871
0.55499
-225.653
47.2707
15.9939
1160.07
1078.36
1.35551
340.425
257.139
1056.33
8.28816
10.4768
9.91525
10.448
9.1926
8.87158
1137.97
10.1993
134.701
6.5853
5.10963
7.50716
7.21921
-413.116
9.74792
12.4892
11.4026
10.1529
9.18621
9.45232
12.2479
13.9149
8.5196
9.78965
21.6194
9.54892
7.73036
0.0258369
9.14213
910.914
7.93167
7.97896
8.06791
7.64924
5.21164
962.686
74.0404
19.2663
6.02804
6.36742
456.566
733.716
10.0924
112.729
7.82911
579.373
391.144
1.9157
5.71062
572.893
404.367
684.481
-152.159
807.618
806.102
768.716
-207.5
54.1348
94.7006
-1.84203
34.5171
292.829
86.3735
8.76159
731.699
618.772
850.142
98.1732
4.81983
105.225
857.704
14.654
478.699
-372.669
127.743
999.528
-136.907
15.9832
123.094
18.3983
16.0934
13.3752
363.225
-241.318
10.8491
517.164
299.623
285.834
550.952
549.227
137.051
7.29681
218.317
469.645
384.861
720.446
671.742
813.796
522.08
782.78
516.321
158.063
347.856
143.04
44.5292
255.152
189.792
89.1105
4.71153
237.78
110.758
153.579
669.854
1027.89
229.218
69.3669
47.7032
491.835
49.9175
299.044
1839.07
1577.08
1724.99
264.682
46.18
132.317
211.48
1022.86
640.968
1006.19
1622.9
370.889
203.478
788.036
1225.17
622.736
297.257
666.631
33.0692
595.818
242.958
293.895
473.577
377.824
441.704
904.986
821.637
424.446
360.017
136.507
224.291
-342.911
5.19388
-211.129
196.731
98.0102
1027.87
69.9657
51.4953
33.7818
33.4498
33.4187
871.497
33.3994
39.7811
35.1
40.1468
33.7948
38.1274
3.08521
152.63
33.5457
52.1548
33.6376
143.137
32.0197
42.5605
23.1091
38.7315
1145.35
262.361
50.2595
215.624
60.0426
432.702
34.0655
49.8285
33.0261
16.0487
70.5031
364.623
38.4336
46.4811
72.7177
64.7755
67.6257
53.8741
33.1298
438.062
171.721
108.284
103.391
102.671
32.8199
46.9361
7.34352
12.9038
17.0399
39.8522
1.97404
33.2994
51.4505
28.5493
32.0381
1.03727
15.1903
-10.7081
12.0446
-1.29739
69.9871
2.83593
52.4109
16.1803
12.943
29.2384
20.7193
30.5532
12.242
4.96468
30.5208
99.3713
-181.251
18.8775
53.3886
-78.9598
72.9466
62.8552
47.007
1.84547
4.94376
45.8888
1.51617
257.818
74.166
314.085
275.429
61.2989
21.3766
71.051
409.133
129.038
231.542
152.29
-261.898
323.505
413.774
245.197
33.3753
123.67
-230.247
31.668
271.607
9.23051
11.5314
269.757
146.828
160.957
15.1589
24.2355
439.446
63.8716
96.0388
160.271
349.711
769.544
1397.1
1.32176
88.6877
1579
1237.91
707.732
1249.99
23.9247
665.819
698.685
395.693
5.94757
4.89385
33.8122
17.3253
118.112
98.9358
135.952
135.036
37.545
12.7518
136.468
57.4667
96.3134
34.1223
22.0079
4.90837
23.8569
58.8779
16.9148
128.949
114.038
23.352
97.1255
39.5054
98.3636
120.058
22.161
35.9592
73.8815
166.905
31.8383
12.6721
-1.48432
628.316
110.388
21.2881
686.867
24.5966
573.127
6.8594
97.788
398.964
-26.6865
926.239
808.711
175.29
142.729
-121.564
44.6616
-21.4038
809.69
1105.31
5.75788
23.617
15.2095
-3.05608
524.642
4.27041
1426.27
24.1219
22.8202
691.192
13.1684
555.465
749.043
870.388
-21.5662
12.3247
794.742
817.107
21.304
24.5258
1157.25
32.9291
9.25071
26.7026
33.1525
30.3187
119.618
688.692
18.289
749.722
1.35418
232.797
10.2939
36.6816
136.184
23.2641
41.1032
57.4138
1301.21
1.49134
11.8338
16.8932
21.591
5.09113
1735.66
16.7476
25.1934
26.8537
17.8275
929.709
54.6238
13.3192
2.94778
11.8868
18.9758
16.5051
2.53057
10.3126
10.7439
12.701
22.715
189.923
18.9715
21.3287
25.7901
21.0517
47.7932
9.20933
153.197
35.8996
5.79779
7.18251
5.83802
2.32074
7.18385
4.57646
19.0866
7.88344
732.313
9.53138
0.636644
700.953
16.6145
968.584
-0.211131
11.5653
1029.81
6.77981
9.632
7.98814
7.10417
630.219
484.085
6.89671
7.28056
761.839
7.61745
90.1931
7.07422
9.57213
8.76849
-387.734
-252.585
734.613
8.26701
9.81891
10.1897
27.339
62.7228
81.3819
10.8894
11.5367
1311.66
1641.8
9.80919
11.6191
13.6074
6.58951
-0.282382
18.1117
766.143
18.7
11.2205
14.5717
3.65866
9.61376
9.42388
11.4432
7.85097
-463.269
6.72448
3.31042
16.6141
5.25753
9.12405
9.64859
3.4299
9.26886
10.0903
-317.331
32.979
9.2586
8.01892
1567.65
38.7476
11.6092
70.5683
9.44435
474.994
12.1758
12.7149
5.279
10.6105
9.5166
1230.49
40.1261
7.56445
49.8752
3.05513
10.5859
6.28845
9.13746
7.39004
10.7368
8.8254
5.93824
14.1948
12.4874
29.7223
44.6746
28.335
221.02
757.754
18.8314
15.9523
15.5864
29.2439
-23.6289
25.4868
9.92287
-267.958
1194.5
798.473
577.098
43.2916
19.9341
148.695
2.08324
16.2115
1.78814
-13.0983
-65.5064
1471.85
7.63134
19.5548
1620.84
7.43815
25.8933
59.3033
282.713
239.792
855.574
128.71
43.9929
342.723
268.23
-25.7053
33.5011
2749.53
20.2787
294.568
116.15
311.446
112.86
35.4988
140.656
255.11
44.2057
296.572
104.181
21.2111
-287.05
26.0956
1.92768
49.46
33.3125
4.79309
10.1785
8.42941
12.5546
7.74239
10.8355
2.26039
36.1965
51.7227
60.3718
9.92996
16.9815
22.9244
35.9429
88.2981
16.0556
767.154
651.121
315.399
32.6124
240.234
29.304
30.7459
832.23
257.256
14.3647
69.109
14.9264
343.007
2454.37
232.902
120.284
-380.947
157.068
5.23548
-232.026
383.906
911.687
5.70772
468.477
313.044
1054.44
462.658
514.302
902.335
24.7201
31.4946
283.615
491.141
431.391
1151.1
381.04
650.943
299.531
1328.74
45.1822
732.82
364.944
5.03215
710.932
1073.24
474.052
187.305
-25.3373
812.433
7.92197
531.173
1245.7
178.152
1000.35
14.6523
45.3272
1042.74
36.9624
-380.068
44.4619
6.99749
11.3867
7.05246
117.019
7.79788
7.40149
312.346
56.4816
8.23688
9.9332
26.9605
9.9605
37.8868
18.9022
7.99563
9.59483
2.32809
9.57985
8.99097
5.35691
1197.62
8.47312
143.307
72.9182
7.89142
6.16806
-292.839
1312.58
1261.91
-92.3625
67.2582
195.287
2.37733
151.751
1115.95
-247.094
166.772
537.496
816.993
685.16
-24.204
220.995
-0.148558
1.79016
881.237
1656.92
4.70892
233.076
1596.84
-0.521031
1361.93
140.054
2.27491
7.93421
7.05493
3.6099
-23.9333
0.374958
149.048
1530.52
2.87742
21.0915
6.34587
1821.28
514.458
1397.68
6.70569
49.9447
0.173654
728.068
10.0421
0.909973
230.21
18.9781
8.15121
98.0729
1483.93
0.556755
1.17117
4.92793
-30.8882
0.85572
-22.9534
4.39395
-104.211
3.66447
0.846169
0.10567
36.9145
2.17116
604.406
-267.63
-19.5818
0.568377
2.17874
-257.132
14.1656
6.0789
0.495602
6.19131
-0.117597
3.36932
2.86276
2.36101
0.532287
7.27857
13.6962
-0.0339833
-19.4965
6.04458
17.1332
4.90069
1425.53
259.747
1.83498
2.58881
36.6457
26.483
3.83216
2.56352
1.45805
6.94646
1135.84
0.479702
4.13001
595.101
0.256091
8.66643
59.223
-1.02012
2.61981
724.958
5.91332
2679.8
3.04386
4.16004
5.20572
-1.47309
1794.48
1756
4.31817
1.29638
1364.99
4.77454
6.70873
6.38894
2.66399
2696.25
7.1493
9.97274
0.251374
5.90999
4.24908
0.232147
4.23176
4.46273
4.10123
2549.71
2773.37
139.392
5.1089
0.46723
6.09477
-21.7994
4.9058
27.4751
7.74265
0.677482
3.11071
0.608976
5.00535
1943.67
0.301087
-1.66209
0.406965
2.6091
0.194051
2.66813
0.596297
0.890574
0.40818
0.623198
2.79685
111.372
0.387989
614.673
3.00186
0.229257
0.822374
5.83972
274.709
0.218199
0.565534
2749.27
1778.74
6.3762
5.15525
5.14682
4.6902
1471.56
1.89521
360.502
6.02253
3.40392
7.96699
7.87069
5.03663
0.244917
3.08896
255.91
5.37042
0.0931895
4.67693
4.08487
-0.137927
55.0133
4.94956
6.96171
4.44096
4.76737
1793.91
1.73591
3.29756
2.6956
4.17808
1576.91
10.0892
-7.35939
2.47432
1667.9
0.035929
4.6272
551.317
15.2121
102.044
4.90091
1341.73
-0.134866
8.10747
77.6222
3.67478
2.41661
4.49827
8.9022
63.8654
1002.55
129.966
10.1883
1082.01
232.515
6.44694
5.62404
494.615
0.656911
10.9676
-169.003
1.81497
-4.96663
570.46
667.84
0.34614
-102.878
-1.38872
9.57858
234.971
-226.301
5.46499
2.5308
-265.26
-265.596
568.452
-213.48
-260.037
25.7064
519.099
-1.44319
50.2873
-24.8562
-261.692
6.67756
225.527
-22.0802
826.443
-267.21
4.79205
7.49114
-112.921
674.941
-21.6726
0.249995
-171.162
1158.78
3.7727
2.2686
17.1345
87.9695
-14.3498
28.4668
5.01796
1705.48
3.76336
1262.76
15.9969
4.65667
3.5646
2.89292
6.56215
7.50313
19.0204
0.815004
-0.848393
-1.09546
-8.22466
0.559787
0.446252
-165.408
5.84434
4.09908
10.9143
-24.7563
-130.522
1.03477
5.69483
-26.2467
2766.03
17.3772
17.6813
1557.48
1083.21
1229.18
-1.57928
0.155649
0.231288
1413.12
275.128
374.012
967.755
379.112
80.5645
922.41
0.616638
25.2696
1435.84
63.7111
263.321
-92.6233
1478.45
588.414
4.53806
27.0274
188.553
-0.525199
60.8593
252.612
5.07368
617.794
224.132
234.668
-20.0787
-24.6464
-10.3883
309.747
86.1127
-255.357
-0.697028
275.296
-18.9248
309.968
434.325
-250.184
957.378
344.519
31.1279
283.632
384.62
1238.94
34.8561
1067.88
61.7754
85.322
104.055
-25.011
19.8261
-21.578
-22.0178
-269.037
211.874
-267.31
33.0147
-20.3123
-24.6253
13.8263
-232.371
271.625
787.837
-18.9503
-3.11056
321.355
0.572889
333.215
10.1468
-259.805
1.9339
365.131
566.376
1.89069
-261.52
-260.778
5.36248
256.327
12.0573
7.41375
-229.058
17.8533
12.8234
2.82696
6.31019
-10.3747
-250.586
52.7909
70.6301
-241.276
375.615
-211.208
286.913
-19.4349
-63.299
254.11
18.082
0.150303
442.79
-26.9127
-248.221
14.9734
-265.263
4.71772
-20.257
-154.221
5.28688
-30.0623
-267.189
1.80211
817.139
135.734
365.845
-2.51858
15.7972
26.6753
49.4654
0.538069
598.26
280.893
-28.8736
4.86432
4.6701
1206
-231.696
341.263
-265.08
6.95559
1.40566
1.66257
58.699
4.15533
3.74973
22.4836
5.19174
7.18691
830.062
-19.299
2.39581
151.499
1.40107
2637.53
-0.0202548
207.943
18.9579
5.04948
3.61922
167.59
1257.22
0.384357
2345.46
9.38704
0.0578734
10.3566
6.14288
-2.82965
1.90044
-24.8777
22.8131
0.141
1.04614
548.312
652.884
-0.0115516
3.86842
-256.882
45.2418
12.1015
4.45512
0.522497
0.546453
1.44347
34.9202
7.04969
1793.16
659.611
15.3085
8.19274
-97.0301
11.1931
7.01167
10.112
18.5696
34.0813
9.02382
257.948
1337.26
3.33141
9.55088
75.893
0.926015
4.21831
0.0917346
8.04449
327.648
536.266
3.60464
2759.72
8.98622
10.6717
247.171
4.5441
7.15473
0.351196
1.67312
94.0513
33.2905
44.0165
633.363
0.816827
632.048
15.4508
9.68638
5.62594
34.1996
0.666553
964.109
0.639762
12.3356
39.1346
973.341
-287.516
-37.8554
2.56422
4.67114
0.265454
83.768
3.42242
2757.89
27.388
154.458
145.071
190.197
-257.466
4.49846
745.834
3.9845
10.0435
0.704382
173.011
77.2532
1039.96
39.9952
1.33162
37.5233
1761.18
15.0467
-13.9109
2.80534
-266.566
-263.299
-0.278086
-109.114
-88.1071
1150.36
163.498
4.8598
1385.7
11.1779
812.521
-0.372709
2.87563
-19.4566
-253.31
541.709
47.9122
3.33944
21.2574
4.56482
-0.530959
7.97327
15.4682
-2.57488
3.41651
2.50689
4.05718
)
;

boundaryField
{
    FrontBackPlanes
    {
        type            symmetry;
    }
    wallz
    {
        type            fixedFluxPressure;
        gradient        uniform 0;
        value           nonuniform List<scalar> 
97
(
2758.35
2711.42
2725.74
2780.54
1774.75
1208.02
298.78
-31.9737
1108.35
664.941
818.223
244.943
27.517
108.606
426.258
175.303
1110.81
-60.0854
306.781
886.533
106.208
311.832
256.129
-143.293
818.484
916.729
718.925
1645.16
789.853
922.861
576.969
594.686
275.993
492.684
363.061
1120.96
1550.45
1686.18
1375.07
928.01
1237.93
539.654
1177.68
656.106
1137.27
1327.16
1530.92
1940.72
2229.36
31.6984
909.495
837.868
840.392
1392.58
437.934
263.086
3.20224
343.762
468.124
802.788
281.289
270.01
-198.919
-213.267
240.94
1735.04
1758.5
708.38
792.24
-456.098
47.8667
13.2985
401.405
377.293
534.425
1013.6
872.158
1163.43
873.681
576.381
1464.45
1915.31
734.149
2673.23
2730.68
2715.46
2823.72
1617.22
2013.47
596.984
800.275
228.125
211.323
1359.05
428.976
359.506
700.953
)
;
    }
    outlet1
    {
        type            fixedValue;
        value           uniform 0;
    }
    inlet1
    {
        type            fixedFluxPressure;
        gradient        nonuniform List<scalar> 2(0.00385141 -0.000399395);
        value           nonuniform List<scalar> 2(2738.12 2731.81);
    }
}


// ************************************************************************* //
