/*--------------------------------*- C++ -*----------------------------------*\
| =========                 |                                                 |
| \\      /  F ield         | OpenFOAM: The Open Source CFD Toolbox           |
|  \\    /   O peration     | Version:  v2012                                 |
|   \\  /    A nd           | Website:  www.openfoam.com                      |
|    \\/     M anipulation  |                                                 |
\*---------------------------------------------------------------------------*/
FoamFile
{
    version     2.0;
    format      ascii;
    class       volScalarField;
    location    "0.2";
    object      p;
}
// * * * * * * * * * * * * * * * * * * * * * * * * * * * * * * * * * * * * * //

dimensions      [1 -1 -2 0 0 0 0];


internalField   nonuniform List<scalar> 
6576
(
-409.966
-433.884
-400.916
-408.889
-417.296
-396.598
-396.615
-383.136
-403.803
-401.325
-399.695
-391.419
-378.667
-393.974
-303.988
-321.7
-357.702
-352.285
-325.269
-317.689
-360.472
-388.236
-396.625
-467.91
-297.15
-254.402
-181.5
-438.263
-440.434
-436.433
-428.921
-418.888
-380.607
-282.49
-264.673
-280.226
-308.298
-305.554
-298.141
-301.052
-337.917
-382.956
-331.302
28.7074
5.24978
52.2299
30.3697
33.4671
84.5199
51.5654
27.5091
53.1596
-2.92734
-2.92738
-2.93719
-2.90154
-2.90198
-2.91288
-2.9121
-2.92848
-2.90362
-2.89531
-2.88144
-2.90723
-2.92794
-2.90325
-2.7476
-2.77319
-2.78671
-2.79925
-2.77335
-2.82479
-2.79938
3.56501
4.01259
4.4177
4.06121
4.00639
3.93131
4.29173
4.20613
4.49163
4.46096
4.05516
3.54062
3.99486
4.0181
7.02457
7.06096
7.06007
7.02555
7.12024
7.0305
7.01604
80.1827
69.3586
108.298
27.4757
53.168
83.0591
55.7491
210.891
183.567
176.795
184.518
212.002
163.925
191.918
186.095
172.362
210.862
160.219
183.52
183.99
-2.95777
-2.94809
-2.99308
-2.94276
-2.99046
-2.95425
-2.95036
-22.4378
-120.806
-213.918
-102.356
-48.5693
-36.1306
20.7832
-2.38775
-3.27302
-2.82531
-3.74534
-3.5475
-3.84763
-4.01448
4.29821
4.23923
4.21593
4.47876
4.47334
4.38399
4.34649
3.97917
4.17812
4.16512
4.1648
4.51361
4.42606
4.20213
3.31695
3.45348
1.56995
3.40294
3.55233
3.21209
3.88391
2.21794
0.22643
0.87656
2.53069
0.628534
2.43086
2.16095
1.67738
2.48038
-3.76216
-7.67552
-5.34113
-1.45233
-1.03166
-2.6939
-1.86689
-8.58914
-11.7105
-7.24187
-5.88862
-9.28825
-5.25688
-7.34632
-7.0915
-4.24285
-16.1484
-15.2076
-13.4734
-15.8105
-13.9176
-11.0755
-13.2695
-14.0618
-12.0076
-13.335
-14.2143
-14.2581
-14.7569
-15.0446
-14.9233
-14.2953
-11.2988
-10.5951
-11.0135
-9.74014
-11.714
-11.3307
-10.2652
-5.99874
-6.21026
-6.84706
-9.66522
-6.92213
-8.17461
-8.69844
-3.09735
-3.2079
-3.9841
-2.30804
-3.52265
-3.52094
-3.56307
-6.91886
-6.14273
-6.7651
-8.28443
-7.6659
-7.74168
-8.82244
-11.1883
-9.13322
-13.5238
-11.2483
-13.4313
-15.7294
-13.0911
-15.9989
-18.7726
-18.4027
-16.9166
-15.4262
-18.6024
-18.801
-16.834
-17.3214
-17.3234
-17.9798
-17.6379
-17.0949
-16.7403
-12.9545
-10.2872
-9.12051
-14.1783
-13.9539
-13.3225
-13.3464
-11.6765
-10.5162
0.281435
0.590088
0.681581
-0.514545
-1.60561
-0.747667
-1.04201
2.93223
2.86611
3.1064
3.12343
2.98502
2.97033
3.11939
184.496
158.508
151.353
171.128
144.759
109.964
137.672
124.092
151.152
49.4892
76.519
48.0115
47.5381
30.4231
32.1427
21.4808
0.327735
0.0405579
0.670297
0.823658
0.447291
0.336161
0.874197
0.856365
0.783493
86.9018
54.8649
63.8531
-0.613736
-1.92889
0.277562
-1.50301
-1.65568
-2.33699
-3.9496
-1.14109
-1.12942
-1.08356
-1.10701
-1.12588
-1.07737
-1.05814
-3.16661
-3.02062
-2.81506
-1.20279
-1.53274
-1.9375
-2.04693
-1.92906
-2.07035
-1.3909
-1.38975
-1.35523
-1.414
-1.38164
-1.39306
-1.35922
0.259577
0.763578
0.739257
-0.179253
0.402576
0.304637
-0.244944
-0.321456
0.907248
0.128684
-1.59249
-1.09553
0.681675
0.435868
0.461234
0.834354
0.665376
0.432847
0.747853
0.507196
0.660923
0.43439
-0.245782
-0.0622149
0.162734
191.75
190.893
202.575
165.465
166.941
176.922
178.564
185.268
185.294
198.621
173.183
159.467
112.303
139.722
152.28
165.383
34.8841
17.4686
50.5174
60.956
86.2263
37.8588
62.9454
1.33322
1.83497
1.6871
1.7038
1.81366
1.68026
1.84714
-1.28309
-1.34542
-1.27801
-1.57606
-1.51422
-1.49355
-1.48168
-1.30899
-1.33738
-1.48804
-1.50619
-1.50666
-1.52709
-1.56396
-1.50551
-1.48629
-1.54555
-1.55717
-1.55067
-1.58439
-1.57445
-1.56902
-1.56228
-1.55024
-1.54724
6.43948
3.29437
6.98477
8.43693
4.7488
3.73997
7.35777
2.88994
-1.239
-9.43651
17.8435
-5.31543
12.645
21.0992
-4.25396
-5.6341
-5.04838
-3.86705
-3.50522
-4.75656
-4.30677
-2.97951
-3.55057
-2.93195
-3.05638
-2.61768
-2.42807
-2.81591
-1.23554
-1.60869
-1.60408
-1.04563
-1.0544
-1.38127
-1.41678
-0.428109
-0.600986
-0.290353
-0.338281
-0.463627
-0.0973584
0.0339552
-0.204668
-0.0985981
-0.943818
-1.0953
-0.884244
-0.863356
-0.790561
-1.04358
-0.92285
-1.26414
-0.995879
-1.20181
-1.2106
-1.43942
-1.10905
-1.26673
-1.32775
-1.36473
-1.51162
-1.2107
-1.08427
-1.22316
-1.30487
-2.33775
-2.27887
-2.08971
-2.33852
-2.46497
-2.31986
-2.11509
-1.81219
-1.91481
-1.96074
-1.94286
-2.02162
-1.99635
-1.95205
-2.54224
-2.30232
-2.38161
-1.86227
-1.89734
-1.54356
-2.87684
-2.79118
-2.7985
-2.78387
-2.89033
-2.8431
-2.759
-2.79761
-2.82539
-2.89413
-2.62352
-2.72968
-2.72524
-2.78122
-2.87615
-2.92455
-2.78801
-2.80892
-2.68462
-2.75031
-2.89281
-2.84016
-2.85154
-2.78536
-2.7169
-2.79778
-2.92524
-2.88903
-2.86142
-2.88933
-2.83936
-2.76531
-2.68088
-2.79386
-2.85394
-2.8818
-2.90496
-2.93182
-2.87033
-2.81761
-2.87791
-2.92226
-3.3507
-3.02228
-3.08946
-3.55448
-3.17944
-3.43791
-3.18338
-3.08317
-3.21826
-4.50582
-4.8254
-4.78382
-5.11548
-4.25013
-5.25453
-4.62481
-6.13124
-5.39521
-5.44874
-6.587
-7.14307
-5.78785
-5.69055
-7.7953
-8.39626
-6.63889
-9.87103
-7.93254
-6.8651
-8.37791
-12.2491
-11.8944
-12.9268
-13.3156
-10.4836
-14.812
-14.9226
-15.6049
-17.0058
-18.2601
-15.0925
-16.5862
-10.0733
-7.17153
-8.15766
-10.1288
-7.24859
-8.77854
-11.9448
-4.43498
-0.8048
-0.960464
4.2178
0.734944
2.39641
1.57616
-2.09297
-2.03591
-2.13758
-1.95765
-1.98929
-2.0575
-1.997
-1.81896
-1.88439
-1.84677
-1.76814
-1.78727
-1.785
-1.81236
-1.86103
-1.8271
-1.67239
-1.63572
-1.68125
-1.63393
-1.66908
-1.65579
-1.69646
-0.943331
-0.974969
-1.01027
-1.03542
-1.06206
-1.01379
-0.987159
-0.97592
-1.02203
-0.96736
-0.937323
-0.982604
-0.900073
-0.951311
-0.868945
-0.90497
-0.936005
-0.991157
-0.958282
-0.912003
-0.944021
-0.429904
-0.475654
-0.404677
-0.390066
-0.428882
-0.348066
-0.384662
-0.23116
-0.220105
-0.250507
-0.26039
-0.320389
-0.231649
-0.248296
-0.256192
-0.279825
-0.326763
-0.281043
-0.282284
-0.221282
-0.280257
-0.274912
-0.320775
-0.281238
-0.328815
-0.128554
-0.124085
-0.13191
-0.116631
-0.142887
-0.20338
-0.176145
-0.204104
-0.0872626
-0.123492
-0.0610592
-0.039948
-0.0431799
-0.0718487
-0.124912
-0.215197
0.419415
0.589205
0.402924
0.262746
-0.157916
0.145782
0.782536
0.703615
1.13771
0.653478
0.87752
0.500038
0.423353
0.746127
0.351478
0.325383
-0.226463
0.144826
1.01166
0.389048
0.416527
0.0766768
0.93347
-1.19361
4.53853
-3.09239
0.143323
0.553861
0.532469
0.522102
0.640521
0.0920214
0.348894
-0.155195
0.100195
0.289484
0.512933
0.51642
82.3398
54.2246
44.6684
29.2925
9.47585
28.7868
49.2536
158.474
144.283
169.999
130.37
157.47
172.626
207.35
184.44
181.385
157.047
170.185
198.113
163.851
171.691
199.957
153.307
122.395
180.504
151.433
180.81
209.825
182.396
226.744
222.161
238.572
206.407
201.032
223.439
230.353
204.816
198.391
208.1
210.306
221.344
186.496
183.996
200.316
173.571
184.004
174.72
159.665
269.061
231.77
235.863
285.026
242.712
227.742
277.486
167.919
144.692
190.831
215.63
189.224
147.131
173.011
56.4782
73.3566
26.4881
114.57
77.6053
52.6308
82.849
53.7124
12.1835
80.8843
102.568
142.261
56.2789
92.988
-0.0609082
-27.631
-19.3458
-78.825
-57.6328
-49.1744
-4.57406
1.04427
0.158746
0.495663
-5.47332
-0.398282
0.364588
-1.06763
-2.64231
-2.59368
-16.2631
2.81548
0.880795
-7.15816
-17.8587
-1.97696
-3.00747
-1.14849
-3.35351
-4.50548
-2.63684
-3.06927
-1.71851
-2.15864
-2.61526
-2.81685
-2.30332
-2.12086
-1.71829
-2.41568
-2.06957
-2.61145
-2.42326
-1.72019
-1.98257
-1.7304
-1.74112
-1.80201
-1.74008
-1.80841
4.29937
4.08873
4.5127
3.85497
4.05389
4.12216
3.94186
4.72369
4.73467
4.5744
4.22176
4.33889
4.40759
3.45415
0.815532
-0.629179
0.863141
3.12029
3.72577
1.19487
1.08221
0.582888
1.34009
1.66737
1.38664
1.08632
0.881353
1.21675
1.2413
1.18879
1.32368
1.0955
0.879621
1.4834
1.6299
1.36314
1.46836
1.33523
1.09632
1.30413
0.684275
1.00946
0.776563
0.688415
0.459299
0.814819
0.668645
0.708523
0.608167
0.356399
0.96043
0.773701
0.776757
0.614657
-0.283577
0.0744847
0.04446
0.0279647
0.2883
0.170546
0.0515393
-0.0738357
0.299246
0.0286902
-0.0412609
0.110233
0.212603
-0.757799
-1.0359
-0.787115
-0.675292
-0.52581
-0.878157
-0.415526
-0.636591
-1.28262
-1.20744
-1.40898
-1.46602
-1.5712
-1.31018
-1.7623
-1.67846
-1.49228
-1.57374
-2.60486
-2.53685
-2.48022
-2.39292
-2.3098
-2.42468
-2.48479
-2.63724
-2.6079
-2.6939
-2.62226
-2.47129
-2.54183
-2.63653
-2.81288
-2.8612
-2.77739
-2.71742
-2.80674
-2.7138
-2.81464
-2.83336
-2.77371
-2.76166
-2.91875
-2.92664
-2.93681
-2.89322
-2.98669
-2.92838
-2.96649
-2.94277
-2.99742
-3.00764
-3.00305
-2.97709
-2.99507
-2.97297
-2.95546
-3.07461
-3.04175
-3.02117
-3.07149
-3.0232
-3.12516
-3.08585
-3.04294
-3.12002
-3.12981
-3.07418
-3.71529
-3.89487
-3.70528
-3.76818
-3.47424
-3.57661
-3.74938
-3.54998
-3.3253
-9.60678
-8.84614
-9.57747
-7.04812
-7.71724
-8.67896
-8.25528
-18.524
-18.0703
-17.3935
-15.7576
-15.3215
-17.2053
-17.0968
-13.7154
-16.2111
-14.8876
-12.9385
-10.7334
-9.75392
-8.17075
-8.10787
-7.38092
-10.0128
-9.11011
-12.142
-4.96763
2.77834
-1.94919
-7.13941
-9.07278
-5.90724
-6.23406
-0.177623
-3.55232
-2.99352
-2.91021
-3.00475
-3.02317
-2.96772
-3.08362
-2.99476
-3.00473
-3.04912
-1.86529
-1.88956
-1.86545
-1.81981
-1.83848
-1.8515
-1.82842
-1.74796
-1.79283
-1.7454
-1.73339
-1.69651
-1.71872
-1.75736
-1.58274
-1.54451
-1.58659
-1.59553
-1.5556
-1.63449
-1.58811
-1.5782
-1.6207
-1.39503
-1.42177
-1.36841
-1.46945
-1.44257
-1.40258
-1.42783
-0.696308
-0.731824
-0.7369
-0.774503
-0.73458
-0.79329
-0.753691
-0.582842
-0.558606
-0.516659
-0.583212
-0.613661
-0.623398
-0.584653
-0.596173
-0.559247
-0.631074
-0.582551
-0.531419
-0.577649
-0.579289
-0.61376
-0.639022
-0.468098
-0.438082
-0.437481
-0.423573
-0.380222
-0.409189
-0.360064
-0.483466
-0.427726
-0.440884
-0.269519
-0.151665
-0.247893
-0.0381301
-0.193975
-0.141305
0.393751
0.26603
0.421522
0.361275
0.671195
0.700261
0.484563
198.892
194.146
176.535
233.014
222.017
194.119
237.6
179.769
171.747
216.32
280.078
234.698
245.795
325.149
341.453
356.469
315.758
344.479
341.639
378.431
294.085
311.663
281.165
590.021
562.142
562.72
687.471
555.433
573.206
658.712
526.312
465.944
420.107
401.463
387.201
456.609
130.681
213.502
222.344
223.269
285.675
246.622
177.834
283.212
202.232
358.354
405.86
441.301
314.922
351.503
95.9618
-0.286011
183.47
213.939
255.025
116.39
163.986
12.9927
22.8435
43.0132
66.8629
79.9925
37.0754
56.576
-0.40871
1.0655
15.0773
-16.4694
-6.92984
-1.40715
-7.00515
30.7888
-43.1506
16.8483
-4.53316
-11.0861
22.5684
-24.8441
3.9218
4.1031
3.05236
2.87058
-0.23928
3.06879
3.85083
1.81389
3.61718
1.80511
0.343692
2.03199
2.2153
1.77457
4.3628
4.03716
4.36297
4.32484
4.37124
4.4571
4.25659
4.22963
4.3165
4.4067
4.06238
4.11796
4.18593
4.17712
3.09027
3.17423
2.77833
3.125
3.33686
3.2699
3.03855
2.95269
2.626
2.86462
2.83131
2.92523
2.59309
2.8041
2.54905
2.77042
2.82052
2.71959
2.81655
2.7094
2.52937
2.48557
2.6991
2.72181
2.6518
2.75266
2.48189
2.63339
1.80758
2.05761
2.07502
1.92062
2.12482
2.24915
2.34118
2.28174
2.14118
2.68185
2.93048
2.77973
2.69123
2.5152
2.79383
2.69811
2.71639
2.66216
2.46059
2.78197
2.90662
2.79435
2.66018
2.15117
2.34453
2.14411
2.1355
1.92331
1.76566
2.02735
1.1996
1.4516
1.41256
1.67635
1.50265
1.57375
1.40989
2.12585
2.37391
2.20917
1.14753
1.43951
1.34215
0.410787
0.605743
0.657733
-0.438509
-0.220109
-0.144137
-0.0639025
-0.206354
0.144472
-0.0261228
-0.294816
-0.243061
-0.531967
-0.308131
-0.0464307
-1.18429
-1.103
-1.01555
-0.866605
-0.718081
-0.90719
-0.987322
-0.533747
-0.2245
-0.332714
-0.699414
-0.60579
-0.323463
-0.434592
-1.51901
-1.44991
-1.29764
-1.64913
-1.3915
-1.38628
-1.62805
-3.30039
-3.02389
-3.04481
-3.53898
-3.27042
-3.01532
-3.20814
-2.95827
-2.97669
-3.04342
-2.95788
-2.95551
-3.93159
-3.75666
-4.17721
-4.03909
-4.62408
-3.88206
-4.0927
-3.25984
-3.21527
-3.30012
-3.28154
-3.28122
-3.48677
-3.39247
-3.04587
-3.05848
-3.02299
-3.09804
-2.99574
-3.11465
-3.25832
-3.14186
-3.20239
-3.23365
-3.06921
-2.94913
-3.22197
-3.03458
-3.16969
-3.19976
-3.1504
-3.24866
-3.46158
-3.24532
-2.94331
-3.04376
-2.96158
-3.14591
-3.21182
-3.15052
-3.20628
-3.06967
-3.14513
-3.15876
-3.0771
-3.02313
-2.97143
-3.14932
-3.18008
-3.09642
-3.12271
-3.22648
-3.49127
-3.24124
-3.43876
-3.2667
-3.19028
-3.21131
-2.98901
-3.06089
-2.94237
-2.87403
-2.98385
-2.96394
-2.80151
-3.26615
-3.27372
-3.68938
-3.71173
-3.86662
-3.26565
-3.48671
-2.22516
-2.30795
-2.21418
-2.2324
-2.17594
-2.26628
-2.27311
-2.55559
-2.50577
-2.56106
-2.31828
-2.42414
-2.45008
-2.52141
-2.25098
-2.25947
-2.21641
-2.26761
-2.2743
-2.23057
-2.21818
-2.60732
-2.56433
-2.66187
-2.50211
-2.46361
-2.50437
-2.51387
-2.58543
-2.54164
-2.7098
-2.86075
-2.72819
-2.62232
-2.76945
-2.88061
-2.72124
-2.47623
-2.47319
-2.56143
-2.40867
-2.43985
-2.42422
-2.47525
-2.1219
-2.08125
-2.11318
-2.10429
-2.15161
-2.12143
-2.16582
-2.11029
-2.15453
-2.06099
-2.10174
-2.09085
-2.01407
-2.02845
-2.0329
-2.04596
-2.08404
-2.07177
-1.91193
-1.94824
-1.95108
-1.9144
-1.95668
-1.90135
-1.93989
-1.62636
-1.61257
-1.57592
-1.63527
-1.67046
-1.63907
-1.60437
-1.6261
-1.60929
-1.65286
-1.55867
-1.58739
-1.6182
-1.59154
-1.33537
-1.32008
-1.28237
-1.3494
-1.38517
-1.35139
-1.31652
-1.38381
-1.35189
-1.33049
-1.34937
-1.37947
-1.31491
-1.34487
-1.20152
-1.24006
-1.18717
-1.16973
-1.13113
-1.16624
-1.20168
-0.851605
-0.884195
-0.886443
-0.847198
-0.881153
-0.90124
-0.869359
-0.989405
-1.0365
-1.03641
-1.09847
-1.05762
-1.03462
-1.07454
-0.830386
-0.884898
-0.882252
-0.943903
-0.8306
-0.902054
-0.667922
-0.715413
-0.733541
-0.717974
-0.676184
-0.739904
-0.756524
-0.794453
-0.71679
-0.753263
-0.510346
-0.553862
-0.565327
5.35811
1.01606
5.94691
0.69944
0.422389
3.64629
2.00662
563.331
538.561
497.662
614.722
493.321
477.143
542.363
621.702
581.514
569.735
725.75
716.627
737.653
775.737
710.013
729.159
837.982
725.269
716.87
680.384
63.2565
92.3016
139.427
21.7016
43.8653
57.6282
66.1681
335.152
393.163
254.326
262.979
310.255
333.458
260.555
5.25269
5.25416
5.2322
4.92256
5.043
5.21045
4.90833
10.2691
14.6782
34.9074
16.3206
13.4256
14.7641
-1.18176
6.55532
-8.4506
1.6971
3.69512
0.389284
7.47509
6.01255
-10.7551
-1.49339
4.99044
4.79467
5.05412
5.24068
4.85309
5.02716
4.75531
4.85913
5.0226
4.82393
4.8898
4.94551
4.83906
4.89379
4.75167
5.10205
4.82487
4.92186
4.96462
4.87701
4.95187
4.94743
4.88655
4.94203
4.93998
3.93226
3.7563
3.87935
3.7174
3.84846
3.81982
3.91299
3.7942
3.61927
3.75922
3.59764
3.71804
3.70918
3.79773
3.50003
3.70557
3.65102
3.72982
3.79124
3.70291
3.5862
3.0924
3.24687
3.23843
3.37604
3.24326
3.31454
3.40714
3.71392
3.82843
3.71388
3.72715
3.80907
3.08693
3.27069
3.25619
3.21185
3.0528
3.84181
3.71394
3.84651
3.79985
3.68015
3.04833
3.23451
3.26493
3.15783
3.01085
2.67291
2.47105
2.64735
2.13073
1.81168
2.08459
2.35684
2.22768
3.00508
2.87315
2.82167
2.761
2.94953
2.8562
2.98237
1.30321
1.57105
1.39565
1.6779
1.52244
1.66326
1.49204
1.80307
2.14532
2.12317
2.03027
1.80522
2.07504
2.20845
-0.0304784
0.222995
0.338575
0.706004
0.564998
0.490064
0.347503
-4.10277
-4.51031
-4.90818
-3.94051
-4.56171
-4.25868
-5.09235
-7.18838
-7.03631
-8.25841
-7.55616
-6.52961
-7.27296
-8.37356
-3.14399
-3.14144
-3.21499
-3.02249
-2.99803
-2.99251
-3.10407
-3.01865
-2.97745
-3.09014
-3.06366
-2.93901
-3.1181
-2.72395
-2.98286
-2.94265
-2.98172
-2.9545
-3.05071
-3.02002
-2.75034
-2.93115
-2.94191
-3.07282
-3.25703
-2.99998
-2.96752
-3.10239
-2.92772
-3.45747
-3.03243
-3.02793
-4.08462
-3.99741
-4.08518
-3.86989
-1.90155
-4.87946
-4.37066
-2.02962
-111.258
-19.4389
-37.4144
-21.9212
-40.0118
6.46956
-2.27771
-3.19284
-2.59825
-3.30287
-3.70013
-1.21011
2.52059
-5.93074
-8.95397
-7.40164
-6.55195
-5.30231
-2.06985
-5.4626
-3.00389
-3.06143
-2.94121
-2.96965
-2.93453
-2.72218
-2.89632
-2.48871
-2.4942
-2.34503
-3.14969
-2.24545
-2.15521
-1.78937
-2.36748
-2.37005
-2.34254
-2.35416
-2.35942
-2.32903
-2.3259
-2.42962
-2.38653
-2.41757
-2.40474
-2.43773
-2.45306
-2.41138
-2.42263
-2.45943
-2.40209
-2.40289
-2.40308
-2.40141
-2.38779
-2.40583
-2.40415
-2.40295
-2.38201
-2.39341
-2.39397
-2.37654
-2.40158
-2.39576
-2.33983
-2.352
-2.34843
-2.3444
-2.32324
-2.3403
-2.31204
-2.11933
-2.12011
-2.08602
-2.09713
-2.12856
-2.10984
-2.07796
-1.72985
-1.76157
-1.71744
-1.70426
-1.67032
-1.70056
-1.73213
-1.55063
-1.5778
-1.58367
-1.58143
-1.61464
-1.62809
-1.59753
-1.43773
-1.40497
-1.45344
-1.45529
-1.48216
-1.46905
-1.43621
-1.4886
-1.45625
-1.49696
-1.45594
-1.41037
-1.45542
-1.45336
-1.48692
-1.50407
-1.35666
-1.32247
-1.31784
-1.32044
-1.27829
-1.26592
-1.3003
-1.32139
-1.37746
-1.34069
-1.13963
-1.18097
-1.18628
-1.21528
-1.18023
-1.24084
-1.20375
-1.20237
-1.18729
-1.24034
-1.17111
-1.133
-1.17007
-1.20551
-1.17478
-1.12386
-1.15928
-1.03546
-0.977795
-1.01553
-1.04166
-1.02226
-0.985877
-1.0628
-1.09752
-1.06018
-1.02706
-7.27326
-48.7446
-16.7578
1.17899
2.13033
-14.8703
-5.75326
-26.776
-48.5936
-7.5415
56.3409
49.3415
-48.1337
-17.0817
646.167
475.538
568.155
471.214
340.527
545.545
584.594
346.806
349.681
489.817
260.836
350.167
347.986
437.25
285.031
22.6629
70.4971
484.939
202.137
392.123
273.067
422.78
492.679
489.809
479.37
69.9363
217.235
4.5163
4.41634
4.49234
4.47913
4.39468
4.51844
4.44794
4.43212
4.32902
4.42017
4.39857
4.31722
4.45242
4.38772
4.27733
4.38566
4.38294
4.35372
4.41817
4.35096
4.26846
4.37991
4.36025
4.26614
4.40275
4.49566
4.42159
4.34569
3.9556
4.08427
4.0756
4.20763
4.11786
4.14911
4.06866
4.073
3.90373
4.02828
4.06983
3.94947
4.07856
4.03187
4.10265
3.93894
4.03276
4.12074
4.01142
4.15014
4.15546
4.0835
3.98868
4.08971
4.1259
4.25927
4.2177
4.24584
4.16968
4.20202
4.09559
4.3718
4.46731
4.47725
4.2799
4.32779
4.41568
4.43074
1.16311
1.26926
0.962986
0.930065
2.70419
2.43881
1.6933
-1.36676
-4.79896
-3.91725
-0.0702539
-2.85042
-3.8692
-2.30157
-5.17997
-4.36578
-5.3985
-0.0488699
-6.67689
1.56546
1.51284
1.15564
1.15789
2.65662
1.12303
1.78407
80.6574
-15.0223
32.9862
19.427
0.58595
-6.33866
5.1648
-6.04987
-5.9446
-8.30307
-7.18371
-5.65258
-8.65943
-10.1095
-3.78931
-3.42012
-2.59811
-3.49203
-3.65216
-3.23648
-3.63262
-2.92507
-3.04305
-2.94352
-2.98246
-2.96073
-2.95853
-2.94839
-2.97878
-2.95387
-2.94914
-2.98895
-2.96191
-3.0084
-2.88828
-2.8897
-2.94616
-2.86073
-2.9073
-2.92987
-2.91574
-2.93268
-2.90896
-2.88808
-2.88201
-2.87006
-2.8644
-2.62961
-2.60117
-2.66961
-2.67463
-2.64183
-2.70055
-2.74045
-2.43292
-2.46643
-2.45217
-2.46167
-2.47755
-2.45328
-2.43562
-2.38534
-2.37811
-2.35281
-2.37296
-2.39569
-2.3743
-2.35072
-2.29515
-2.28798
-2.26047
-2.30527
-2.32849
-2.3099
-2.28417
-2.17776
-2.148
-2.18564
-2.1933
-2.2204
-2.18194
-2.20953
-2.15916
-2.18783
-2.21229
-2.18958
-2.17221
-2.21049
-2.18625
-2.15815
-2.18349
-1.82361
-1.81091
-1.77866
-1.86979
-1.83764
-1.8398
-1.80883
-1.75023
-1.7093
-1.72178
-1.78717
-1.82545
-1.82731
-1.85409
-1.82209
-1.87311
-1.84035
-1.65983
-1.70161
-1.6908
-1.70418
-1.65479
-1.75649
-1.56423
-1.57984
-1.52576
-1.59764
-1.62839
-1.58203
-1.56669
-1.53471
-1.56745
-1.59702
-1.43243
-1.44848
-1.39914
-1.4819
-1.51264
-1.46685
-1.4486
-1.47698
-1.48095
-1.511
-1.19302
-1.15982
-1.21382
-1.23757
-1.26945
-1.2029
-1.2333
-2.05619
-2.46072
-2.29724
-2.57339
-2.72692
0.111119
-0.126045
-0.53994
-0.536025
-1.30028
-0.822105
-0.393393
-2.3911
-3.27244
-5.27049
-5.91995
-6.17564
-5.24929
-4.37194
-1.37356
-0.0565031
-1.37546
-2.23919
-2.70169
0.291236
-13.7298
-5.88785
-10.9178
-7.19076
-14.4829
-5.37136
81.9745
58.0051
50.5292
11.0739
32.1878
31.4802
63.41
158.509
66.3232
173.261
81.1067
35.6349
50.0209
117.344
448.868
322.794
235.842
3625.53
1665.26
2575.12
2235.47
1314.56
3622.3
2649.44
1493.87
555.551
2067.41
1180.01
1877.96
2118.95
1015.15
621.982
470.655
452.833
514.618
-193.108
235.717
1150.72
4680.82
3073.6
4.94667
5.00269
4.93946
4.9099
4.83329
4.8712
4.94284
4.94209
4.97722
5.04238
4.79856
4.73496
4.70636
4.73814
4.807
4.69038
4.77352
5.1142
5.11992
5.14742
5.11456
5.1584
5.17099
5.13271
5.0241
5.01506
5.03601
5.06717
5.03123
5.03538
5.06565
1.57499
1.83941
2.05636
2.31229
2.49322
2.38406
1.95476
0.190058
0.0369352
0.543387
0.595202
0.37041
0.905748
1.01235
2.15573
2.50441
1.17989
2.73517
2.36335
2.1416
3.004
1.92621
1.94595
2.00195
1.61376
1.81926
1.85142
1.87356
-2.51275
-2.37845
-2.44666
-2.15466
-2.16705
-2.34164
-2.28335
-2.6593
-2.46388
-2.23564
-2.47287
-2.35367
-2.19923
-2.18098
-2.23808
-2.17873
-2.81749
-2.90409
-2.24389
-3.20797
-2.73317
-2.97616
-2.56926
-2.72649
-2.6296
-2.66923
-2.61253
-2.52833
-2.58307
-2.6532
-2.85761
-2.83813
-2.88335
-2.87717
-2.9172
-2.86782
-2.91804
-2.87658
-2.88676
-2.8485
-2.89109
-2.93441
-2.88972
-2.89577
-2.87724
-2.93026
-2.8597
-2.89009
-2.89117
-2.92069
-2.93532
-2.92163
-2.90453
-2.9033
-2.89155
-2.88994
-2.71329
-2.68716
-2.6767
-2.70177
-2.67528
-2.63923
-2.66684
-2.65136
-2.67862
-2.33255
-2.37285
-2.36016
-2.35761
-2.38354
-2.35842
-2.33182
-2.25222
-2.22525
-2.26472
-2.22441
-2.25139
-2.25073
-2.27826
-2.12448
-2.15999
-2.16262
-2.18603
-2.15892
-2.20532
-2.17683
-2.08364
-2.05652
-2.05161
-2.01597
-2.05232
-2.03471
-2.00602
-2.09998
-2.05467
-2.06921
-1.94229
-1.89493
-1.94185
-1.93091
-1.95738
-1.985
-1.80574
-1.82216
-1.77843
-1.77782
-1.74441
-1.73517
-1.78158
-1.7486
-1.72282
-1.75644
-1.37634
-1.3337
-1.33254
-1.30132
-1.3418
-1.27861
-1.3204
-1.11369
-1.16295
-1.16729
-1.15137
-1.19449
-1.21891
-1.17579
-1.27123
-1.26968
-1.22454
-1.22432
-1.27338
-1.25404
-1.21031
-1.10667
-1.15045
-1.12629
-1.19224
-1.19972
-1.16693
-1.17965
-1.24429
-1.15951
-1.12537
-1.09675
-1.09145
-1.22207
-1.15201
-1.64949
-1.71352
-1.59141
-2.03704
-1.84431
-1.63059
-1.75458
-1.27064
-1.45936
-1.3579
-1.46007
-1.34785
-2.57029
-2.47189
-2.57817
-2.66381
-2.61793
-2.59441
-2.57236
-3.3825
-3.19611
-3.15748
-2.99402
-2.90845
-3.0801
-3.22828
-2.96724
-3.03296
-2.94816
-3.03457
-2.91337
-2.93052
-2.97023
1705.41
881.253
765.694
565.179
928.854
1143.29
370.313
447.035
117.782
367.373
-647.796
132.215
890.43
95.7354
435.231
56.8139
401.969
799.639
794.42
494.294
558.331
808.973
759.992
638.893
120.673
336.725
5.54891
5.6359
5.60623
5.68585
5.74069
5.62658
5.67606
5.45314
5.4993
5.43642
5.38116
5.44164
5.33837
5.40583
5.18619
5.1913
5.12279
5.28615
5.22463
5.24933
5.18786
5.45539
5.47702
5.54285
5.08246
5.15008
5.18207
5.08256
5.15864
5.171
5.19881
5.15289
5.14674
5.08704
5.21618
5.27115
5.18856
5.15802
5.09263
5.21651
5.15823
5.27734
5.22009
-2.62431
-2.67403
-2.67713
-2.75995
-2.64363
-2.69748
-2.61373
-2.68506
-2.6821
-2.71378
-2.80444
-2.81745
-2.73293
-2.75465
-2.53202
-2.52274
-2.48761
-2.47271
-2.48026
-2.5185
-2.50894
-2.88294
-2.86405
-2.89503
-2.75754
-2.71458
-2.73902
-2.77451
-2.75088
-2.71909
-2.74362
-2.89288
-2.92326
-2.88426
-2.87133
-2.83981
-2.89313
-2.92244
-2.89941
-2.86975
-2.90588
-2.93679
-2.90608
-2.93617
-2.92381
-2.92467
-2.90912
-2.90872
-2.89707
-2.89766
-2.90186
-2.88998
-2.87541
-2.90718
-2.93389
-2.894
-2.87987
-2.90654
-2.90713
-2.92773
-2.90127
-2.89299
-2.92708
-2.90158
-2.88022
-2.90573
-2.59931
-2.62411
-2.58504
-2.59766
-2.57193
-2.5986
-2.62363
-2.375
-2.33059
-2.37547
-2.36107
-2.38671
-2.4145
-2.26667
-2.22501
-2.26887
-2.28521
-2.30899
-2.25505
-2.28217
-2.30866
-2.14326
-2.15422
-2.11683
-2.07656
-2.11166
-2.08363
-2.06249
-2.09131
-2.11408
-2.08541
-2.08156
-2.10597
-2.06541
-2.07548
-2.05046
-2.1041
-2.07922
-1.94165
-1.97077
-1.95522
-1.99482
-1.96516
-1.99672
-1.96745
-1.96089
-1.97354
-1.94828
-1.98186
-2.00662
-2.00404
-1.9792
-1.8889
-1.85652
-1.84871
-1.80206
-1.83449
-1.85919
-1.82784
-1.92766
-1.89338
-1.89066
-1.9328
-1.8997
-1.87901
-1.913
-1.65181
-1.60497
-1.64311
-1.69981
-1.66271
-1.63704
-1.67388
-1.66781
-1.70726
-1.70758
-1.71751
-1.67602
-1.66061
-1.69735
-1.51094
-1.55105
-1.55659
-1.54313
-1.58056
-1.60344
-1.56641
-1.55838
-1.53699
-1.58846
-1.61518
-1.64181
-1.57877
-1.54141
-1.54278
-1.50623
-1.53593
-1.58813
-1.55329
-1.56319
-1.53201
-1.47099
-1.44803
-1.4978
-1.52828
-1.5499
-1.50142
-1.47808
-1.51975
-1.54442
-1.47705
-1.43923
-1.47101
-1.44391
-1.47592
-1.43325
-1.46435
-1.46484
-1.46258
-1.48861
-1.46773
-1.48532
-1.49019
-1.46782
-1.37092
-1.33828
-1.33679
-1.36535
-1.33343
-1.33849
-1.37388
-1.53841
-1.46759
-1.54379
-1.45631
-1.46456
-1.49575
-1.50461
-1.56845
-1.72949
-1.6158
-1.63263
-1.59515
-1.80177
-1.65694
4.39818
-2.1646
8.57729
0.0905789
1.6714
-3.93114
4.82653
270.568
385.254
653.901
623.964
597.074
564.998
620.276
732.828
746.799
641.967
887.174
880.665
658.782
711.319
735.286
663.728
642.118
712.147
654.208
418.261
433.11
386.55
352.777
367.979
395.068
403.392
538.158
433.981
495.324
500.642
533.789
516.094
616.362
496.639
329.456
193.174
256.269
354.762
349.819
219.872
262.482
111.408
137.519
113.8
33.6798
65.3982
75.3084
43.5013
11.1374
7.89986
8.25982
9.87614
7.95399
9.05942
8.07257
8.00929
11.7896
6.77252
7.08252
7.47266
6.89938
7.13697
7.47017
7.41603
7.25406
7.34146
6.90926
6.98275
6.91327
6.98478
6.93403
6.92844
6.94259
6.77548
6.80931
6.75944
6.79705
6.73221
6.77104
6.67285
6.1551
6.06143
6.13311
6.18686
6.12859
6.0545
6.12209
6.18964
6.25415
6.1509
6.12697
6.06286
6.1283
6.18844
5.8882
5.81699
5.91638
5.94783
5.8901
5.94674
6.00677
5.82226
5.90552
5.88855
5.90982
5.96273
5.85678
5.91115
5.88036
5.8259
5.91817
6.00549
5.94994
5.61897
5.68805
5.70201
5.67896
5.73303
5.72243
5.78454
5.58265
5.65246
5.67691
5.64571
5.58334
5.88942
5.90852
5.82446
5.94743
6.00289
5.94604
5.89283
6.3707
6.30147
6.38185
6.39903
6.34592
6.29689
6.35737
6.53109
6.44121
6.48233
6.39828
6.33091
6.4559
6.40709
7.13917
7.14566
7.26554
6.99169
7.20676
7.08447
6.77249
56.7274
68.5403
98.3512
7.70108
9.62706
13.176
4.98934
9.66431
11.4768
5.5056
9.21919
7.88003
7.79873
9.76677
43.2592
60.733
51.2039
75.9418
66.6667
43.2927
6.87739
6.92369
6.90644
6.90013
6.84511
6.85858
6.91563
6.93634
6.9362
6.90541
6.92966
6.93814
6.94782
6.93739
6.91973
6.9408
7.19019
6.90407
6.95012
6.94786
6.92692
4.78287
4.74228
4.79371
4.81937
4.80217
4.74803
4.77766
4.82901
4.83577
4.75397
4.81721
4.80892
4.67776
4.6552
4.66825
4.66708
4.67858
4.68783
4.7193
4.67678
4.6716
4.68856
4.6542
4.67091
4.6698
4.68138
4.82595
4.59595
4.70345
4.78233
10.6605
3.05408
-17.9659
7.66271
-10.6722
8.56164
6.20153
-2.49931
-0.930788
-1.68578
2.58657
-20.6795
10.6298
0.687072
5.29655
-7.90849
-1.35742
1.28143
-11.5935
3.5774
-0.319077
-1.39738
-1.74875
-1.44327
-2.12584
-2.19914
-1.66076
0.248498
-2.71723
-1.94174
-2.2774
-2.54538
-2.51502
-3.02598
-3.09048
-3.03765
-2.97717
-3.01041
-3.03281
-3.04354
-3.00341
-3.08012
-3.03896
-2.93828
-2.94931
-2.3745
-2.37521
-2.35298
-2.3625
-2.36517
-2.37253
-2.35769
-2.40246
-2.38953
-2.38305
-2.40519
-2.41452
-2.41349
-2.39974
-2.45748
-2.47683
-2.45173
-2.46065
-2.48422
-2.47389
-2.44431
-2.6103
-2.58956
-2.57239
-2.55897
-2.58167
-2.60839
-2.58638
-2.67798
-2.63778
-2.66172
-2.69241
-2.71505
-2.78044
-2.74158
-2.76569
-2.79384
-2.76838
-2.74151
-2.76685
-2.87283
-2.89869
-2.88537
-2.8464
-2.87227
-2.8724
-2.84618
-2.93753
-2.91097
-2.91096
-2.88912
-2.84971
-2.87561
-2.92218
-2.896
-2.90888
-2.88289
-2.86319
-2.88889
-2.9227
-2.92253
-2.93625
-2.91051
-2.89728
-2.8512
-2.87757
-2.88985
-2.90219
-2.93763
-2.91275
-2.91343
-2.74273
-2.78129
-2.76945
-2.77049
-2.79556
-2.76897
-2.74259
-2.78802
-2.81218
-2.77755
-2.78696
-2.75594
-2.77027
-2.74479
-2.7913
-2.83156
-2.80277
-2.68433
-2.64021
-2.6786
-2.66812
-2.69376
-2.72609
-2.62064
-2.59513
-2.58218
-2.54392
-2.56955
-2.61985
-2.59456
-2.57138
-2.59608
-2.5765
-2.54503
-2.58595
-2.59525
-2.62045
-2.5718
-2.59934
-2.2478
-2.27608
-2.286
-2.32201
-2.29685
-2.274
-2.30101
-2.26763
-2.28108
-2.29235
-2.31987
-2.29725
-2.31856
-2.29441
-2.23714
-2.20978
-2.20455
-2.19264
-2.22054
-2.21294
-2.2402
-2.14422
-2.18413
-2.16801
-2.22291
-2.20183
-2.08769
-2.07515
-2.10538
-2.12266
-2.0941
-2.09695
-2.12601
-2.10243
-2.10958
-2.08844
-2.12461
-2.1442
-2.13904
-2.11868
-2.03147
-1.99881
-1.99235
-1.94982
-1.98128
-1.97246
-2.00385
-2.05753
-2.09026
-2.0517
-2.06554
-2.02688
-2.02053
-1.99757
-1.97934
-2.03617
-2.05611
-2.02242
-2.00319
-1.91814
-1.90845
-1.94552
-1.95657
-1.9189
-1.92841
-1.96271
-2.01176
-2.04221
-1.99216
-2.00131
-2.04356
-2.05613
-2.01268
-1.97378
-1.91803
-1.93333
-1.88659
-1.92144
-1.91118
-1.95379
-1.9428
-1.99117
-1.87945
-1.86208
-1.88189
-1.9394
-1.90869
-1.90076
-1.92575
-1.81818
-1.87874
-1.82504
-1.80907
-1.77048
-1.77237
-1.79176
-1.7892
-1.82119
-1.85498
-1.84268
-1.81728
-1.75374
-1.71604
-1.70646
-1.71968
-1.68455
-1.66133
-1.69346
-1.49834
-1.52103
-1.51212
-1.5203
-1.4905
-1.51043
-1.48428
-1.55166
-1.54926
-1.55506
-1.52532
-1.53435
-1.53783
-1.54126
-1.52348
-1.53278
-1.51807
-1.51761
-1.49568
-1.52284
-1.51002
-1.53675
-1.55352
-1.57561
-1.58077
-1.5584
-1.60206
-1.56798
-1.56019
-1.54558
-1.56433
-1.55863
-1.54135
-1.57804
-1.56989
-1.59368
-1.56273
-1.58369
-1.61112
-1.61313
15.8824
4.81909
17.3255
-7.13895
5.41787
4.21294
9.43459
478.601
437.426
425.639
340.993
315.533
327.439
278.517
290.222
279.028
289.799
285.172
341.73
278.028
231.234
211.008
197.094
203.68
180.343
204.654
227.497
227.139
264.055
225.311
232.367
261.244
215.188
6.33902
6.38018
6.33738
6.29865
6.34448
6.26679
6.31977
6.14685
6.14792
6.08328
6.22601
6.17504
6.19825
6.14165
6.34572
6.38815
6.34226
6.38589
6.35221
6.04691
6.10987
6.14299
6.27382
6.32623
6.35273
6.41694
6.40467
6.37705
6.32689
6.71816
6.84799
6.75746
6.62869
6.61316
6.56575
6.63916
6.43809
6.51944
6.55494
6.50228
6.56086
6.56151
6.73995
6.93735
6.69576
6.95939
7.09071
6.92985
49.0022
29.7672
64.9022
77.4755
51.3367
99.989
72.8875
157.703
129.053
169.346
128.544
155.772
153.315
181.517
220.548
192.555
193.695
212.056
213.085
226.739
204.953
187.23
174.748
186.675
184.873
136.586
165.197
177.953
189.404
163.176
241.513
217.255
224.531
167.873
142.375
186.496
204.067
182.334
145.783
171.933
81.8949
61.1985
25.8352
99.2621
126.112
90.9301
59.3324
7.56348
7.00392
10.5413
10.5544
14.859
7.04128
6.63005
7.0967
7.17303
7.31329
8.32505
8.7063
9.04592
10.0624
9.90473
9.6799
9.55077
4.97356
4.85516
4.96627
4.86363
4.94567
4.81157
4.91391
4.73259
4.81302
4.79355
4.83008
4.60219
4.6839
4.77227
4.89348
4.85132
4.9277
4.7501
5.03894
4.93868
4.94348
4.81275
4.94931
4.86117
4.77186
4.67934
4.60405
4.64005
5.00736
4.60388
4.43969
4.5087
4.80413
3.7088
3.81444
3.31982
3.79448
3.07467
3.12366
3.75269
16.5005
1.29589
5.63123
11.8782
-0.599899
-14.433
-19.2251
-2.02851
-2.05621
-2.12049
-1.97113
-1.9635
-1.98479
-2.01685
-2.27364
-2.3118
-2.35369
-2.31076
-2.24315
-2.24541
-2.31955
-2.0473
-2.0557
-2.00436
-2.0517
-2.10542
-2.06665
-2.02172
-2.26276
-2.28231
-2.29951
-2.28356
-2.24507
-2.28525
-2.24914
-2.34423
-2.32315
-2.32138
-2.31169
-2.28742
-2.30421
-2.32799
-2.21373
-2.24244
-2.22388
-2.25256
-2.22596
-2.25609
-2.22991
-2.42383
-2.38781
-2.40282
-2.40038
-2.37562
-2.39999
-2.42329
-2.48381
-2.47044
-2.49687
-2.51973
-2.49579
-2.49478
-2.52015
-2.59403
-2.61893
-2.57891
-2.56808
-2.54143
-2.5934
-2.6189
-2.59421
-2.56809
-2.53787
-2.56345
-2.57772
-2.5378
-2.56351
-2.59004
-2.56448
-2.89478
-2.8813
-2.90765
-2.90346
-2.92549
-2.89411
-2.89065
-2.86415
-2.90188
-2.93177
-2.92263
-2.89117
124.937
151.665
154.095
187.27
160.66
151.873
178.775
188.168
160.924
184.87
185.08
198.373
158.728
158.3
152.424
165.374
138.737
112.136
138.784
150.181
136.009
109.43
-2.88653
-2.85116
-2.88943
-2.88443
-2.857
-2.84765
-2.88808
-2.8478
-2.90055
-2.87504
-2.93706
-2.91407
-2.91275
-3.52782
-3.50613
-3.63335
-3.60905
-2.10371
-2.59065
-3.19503
-225.089
-233.601
-170.807
-226.61
-249.58
-124.752
-153.253
-68.6108
-47.3032
-43.5119
-34.9794
-39.6489
-60.524
-20.4767
-2.99341
-2.93464
-3.03781
-287.57
-215.967
-264.428
-545.433
-562.122
-535.009
-536.215
-510.393
-536.644
-545.325
-520.733
-526.604
-512.043
-528.649
-529.017
-520.113
-506.853
-528.872
-543.823
-526.914
-508.751
-487.839
-552.793
-567.531
-558.018
-516.449
-547.073
-542.551
-568.894
-548.72
-536.414
-532.804
-555.98
-545.363
-537.26
-539.816
-538.455
-512.672
-529.875
-530.777
-550.448
-574.053
-559.157
-558.97
-548.392
-542.353
-487.92
-74.1138
2.35696
-26.3051
-49.8267
-38.4007
-6.64033
-57.9969
-194.87
-130.383
-134.636
-150.391
-168.398
-123.464
-154.059
-194.265
-165.816
-4.36904
-4.01386
-4.1727
-4.22877
-1.51937
-2.22653
-4.02969
-264.033
-216.75
-255.467
-167.799
-212.31
-184.957
-246.745
-153.111
-168.139
-231.501
-3.14861
-3.45311
-3.10696
-2.7701
-2.71351
-2.81884
-2.81415
-2.835
-2.97467
-2.77886
-2.80359
-2.99594
137.697
165.563
167.713
201.804
176.055
165.301
191.528
202.08
175.701
186.021
186.857
212.533
120.652
149.428
162.506
-2.89035
-2.58286
-2.81221
-2.9083
-2.89843
-2.84369
-3.30839
-4.30401
-3.16747
-3.34619
-1.08503
-2.77344
-2.37951
-2.55725
-5.58497
-6.0361
-4.98714
-5.18109
21.7117
-8.40469
3.65095
-5.40104
-3.21363
-2.2734
-4.72096
-6.35777
4.60848
4.67075
4.55298
4.61862
-2.88307
-2.85444
-2.93784
-2.6779
-15.7494
-13.866
-13.9115
-12.3032
-1.94327
-1.75997
-1.66634
-1.5326
-2.72652
-2.66996
-2.54899
-2.6379
4.95971
4.97775
4.95508
4.97723
3.81548
3.8468
3.15979
2.99872
-1.68591
-1.64517
-1.7
-1.66174
-0.269071
-0.0864992
0.621995
0.900139
-0.260841
0.842761
-2.2127
-0.998212
4.94974
4.93756
4.95815
-2.19133
-2.07465
-2.08588
-1.98989
-1.58676
-1.82588
-1.47899
-1.02395
-1.62416
-1.59881
-1.6217
-1.59021
4.29685
4.23275
4.08978
3.98779
3.81526
3.74033
4.04285
4.00769
-2.79488
-2.69297
-2.65263
-2.55846
5.24725
5.29021
5.16293
5.19382
-2.33002
-2.25644
-2.18548
-2.13109
-5.4312
-5.35771
-4.16121
-4.28376
-1.45667
-1.43304
-1.36359
-1.33507
-2.79563
-3.26601
-3.48346
-4.75243
-2.411
-2.39824
-2.30731
-2.29301
-1.13484
-1.18266
-1.09434
-1.14351
-1.367
-1.37305
-1.28041
-1.28653
-5.58679
-3.69006
-0.251088
2.30085
-1.82371
-1.81755
-1.76551
-1.77304
-2.29803
-2.28597
-2.33796
-1.90871
-1.90414
-1.95312
-1.95916
5.7512
-7.76773
3.5081
1.96026
18.8144
36.6309
16.1474
43.991
1.15122
1.28503
0.650253
0.802429
43.7782
24.7699
176.476
165.803
0.0138255
-0.0646277
-0.00435738
-0.0732765
-0.878257
-0.935726
-0.854906
-0.911396
-2.56413
-2.60217
-2.55353
-2.59153
-2.69715
-2.68011
-2.76317
-2.74577
-2.02945
-2.24893
-2.14612
-2.32139
-2.69335
-2.76025
-2.86592
-2.87864
-1.00142
-1.0544
-1.00328
-1.05816
7.8303
7.67428
8.0431
8.54872
-2.42654
-2.4842
-2.41981
-2.4502
-2.29866
-2.25946
-2.24994
3.60204
3.34582
-2.38913
-2.94743
-2.05189
-2.57629
-2.7915
-2.78955
-2.6887
-2.81765
-2.82273
3.67183
3.64791
3.31609
3.42421
-1.53456
-1.55691
-1.57694
-4.07555
-1.88719
-1.81088
-0.866614
-3.40346
-2.97108
7.15776
7.06913
7.04085
6.96885
6.93783
-0.142065
-0.148436
-1.17285
-0.834976
-1.82
-2.14667
-1.80407
-2.50489
-0.970587
-1.37125
-1.32099
-2.87031
3.04843
-1.34398
-7.8422
-2.19001
389.516
3.38097
93.4192
-1.55793
-2.89902
-12.136
-2.11786
-0.789046
1.05034
4.65827
-1.84348
-2.30336
-1.45958
85.4742
124.205
-2.24236
-2.27087
5.21864
-18.444
-2.49352
-1.94643
-13.2889
-2.6293
-1.8197
1.44243
0.307779
-2.19014
-1.97058
909.03
4.76832
-2.02468
-2.2116
13.6717
2.78687
64.2894
-2.72337
1.25736
12.339
40.8061
-17.1556
777.149
127.446
61.9439
0.807702
84.1517
0.916937
88.7744
-2.80104
26.5494
68.8485
42.5085
-0.188624
-0.252887
-0.362917
1.15485
-0.387881
-0.260537
4.34498
-0.157126
-0.129762
-0.0943024
-0.278806
-15.3036
0.152835
0.186845
-2.39794
0.0978223
0.176516
-0.00776857
0.729872
-2.42117
-0.353448
-0.0630368
-0.446853
0.202779
0.0716614
4.55247
-0.255374
-0.377862
-0.382609
-0.447738
3.37632
-0.424037
-0.228651
-0.431965
-0.460938
60.7329
-0.112058
7.50215
-0.176004
0.125804
2.70776
-0.135715
4.91264
-0.197965
-0.14476
-0.532574
-0.233529
0.0208102
0.128869
0.284106
-0.0192786
0.628755
-0.284945
-0.877246
-1.31327
-0.255365
-0.392862
-0.891333
0.0117879
-0.416734
-0.342658
-0.386445
-0.452478
-0.559091
-0.695569
-0.623477
-0.664396
-0.797453
-0.127963
0.0973579
-2.57243
-2.35554
-0.0761638
-2.46723
4.82164
23.9834
-0.258609
135.646
6.95177
1.69659
1.44224
-2.48844
64.7715
1.48082
0.509872
0.351554
9.16735
216.352
6.64637
253.816
423.312
5.09369
348.344
-2.36907
0.660261
33.7504
0.0676381
89.4906
0.906331
-3.31652
-2.48569
1.78476
-1.66989
-1.4229
6.56323
-1.58568
527.481
359.97
581.854
-0.768049
-1.47951
-15.1488
-0.670341
-0.629118
-2.15121
305.492
-2.10812
790.934
115.528
284.154
632.87
-46.912
48.3084
0.349148
137.934
46.8361
236.557
-0.702997
-1.05355
-1.28072
0.416099
-0.957953
0.0495408
0.0567941
-0.0699585
-2.65794
-2.48458
-0.437584
-1.1574
-10.1587
-2.794
-3.18198
1.67771
153.97
-1.2352
-2.95872
-1.94317
-2.57025
-52.2484
-3.40012
5.64221
141.646
4.74665
-20.0334
9.89896
-0.461831
-4.77538
-3.56229
8.64238
4.76999
-5.69035
-5.73176
-4.47878
6.63185
-2.57343
-2.67068
-1.11862
-2.09108
-4.11477
-4.86243
-2.95021
-3.39343
-2.23592
-2.72706
-21.1977
-2.26198
-4.67913
-5.80309
0.139714
-7.46271
-3.20142
-6.19185
237.099
-6.3256
-0.235476
-2.72902
-6.93792
-6.78884
-5.64027
-6.91966
2.24206
313.467
147.621
164.581
-3.65017
61.1943
-1.13067
-4.36854
4.54098
0.827946
169.169
130.999
492.159
-1.43103
3.61394
745.514
4.80142
15.808
4.08309
67.1062
31.1283
27.6992
376.472
723.116
13.1525
58.083
-1.52751
210.622
-1.50142
-1.90202
-1.82037
-1.72495
-1.74379
-1.63449
0.312035
-1.56052
-1.53829
-1.78336
-1.87273
-1.20417
-1.50665
-1.59976
-1.70047
-1.5731
-1.71423
-1.9577
-1.80882
-1.50321
-1.78276
-1.67672
-3.16538
321.082
-1.61101
-0.627076
-1.64149
-1.68567
-1.72115
-1.41694
-1.70042
-1.79472
5.21071
-1.66439
10.4534
-6.81532
-1.75485
-2.33114
19.6584
-1.71894
-2.20158
-5.196
-1.70343
4.13284
5.60815
-1.01821
-0.990034
-2.4276
-2.1254
-1.53723
-1.66358
-4.06616
-0.746685
-1.42992
6.39056
4.46257
340.394
73.8454
-2.29719
-1.67847
-0.827049
-1.60384
-1.6648
-1.59525
-1.62568
-1.54482
14.6786
4.96737
-1.90704
-2.59454
-2.18826
-1.49603
336.318
6.70327
67.1953
-2.7883
-1.1796
118.896
-1.70289
4.90936
-1.55389
4.64533
-1.79445
5.01053
-1.31783
-0.335681
-1.62447
6.20093
-3.19573
3.98931
-2.1085
-1.10571
-0.468124
-1.07071
-1.67387
-1.15011
-1.05432
-1.42018
-1.45914
2.58836
44.2547
-1.29884
-1.24767
-1.99018
-1.4884
-1.38274
-1.22531
-2.50075
-1.5842
-1.39195
-1.15211
-1.44886
-1.58403
2.93227
-1.5514
-1.55237
5.90624
-1.61639
-1.357
-0.925474
-2.36127
6.7826
-1.59923
-8.50949
11.0588
-2.08207
-1.64386
-1.69629
-1.72362
-1.77594
-1.76739
-1.61498
-4.30757
-1.58904
-2.59546
-1.36365
-1.72325
-1.31318
95.8501
-1.57474
-1.41269
1.99203
4.11581
-1.66432
-1.09528
-1.31623
-1.23327
-1.64615
-1.62004
-1.53357
-2.63581
-1.4987
-1.54271
-0.654784
-1.50427
-1.62949
-1.67284
-0.903346
-0.920247
-0.66279
-0.906959
-2.66092
-3.39695
4.37055
-1.6009
-0.780539
-1.22935
4.96344
-0.79623
-1.71773
-1.00095
-1.06838
-1.15883
-0.961784
-0.753442
-1.52897
-1.33173
-0.581552
-0.633597
-0.992271
-0.94692
-0.949634
-1.11063
-1.46081
-1.27271
-0.920542
4.65367
-0.805226
-1.91726
-0.777262
-0.938736
-2.39988
-2.84693
-0.188128
0.156536
-0.598652
-0.728924
-0.599778
-0.569355
-0.734315
-0.623043
-2.63894
-1.64477
-1.05201
-0.460685
-0.745573
-0.289378
4.57126
-0.604358
4.87605
-0.890021
-0.706151
4.95455
-2.6722
-1.06743
-1.04397
-0.87709
-1.09748
-1.08677
-0.94702
6.48133
-0.873098
-7.00359
-0.780138
-0.757281
-1.03093
4.65251
-1.0703
-2.69667
-0.620072
-1.42846
-0.598389
-0.93057
-0.560567
-0.537106
-1.8246
4.69653
-1.25392
-1.4866
-1.36964
-1.48104
-1.39749
208.492
-2.33225
-1.34979
-1.22931
-1.61163
-1.50006
-1.46382
-1.26195
-0.133883
-1.14818
-1.1726
-1.52679
14.508
-21.9967
0.109097
-1.21299
-1.44746
-1.45042
6.97451
-1.29239
-1.5666
-2.46806
-1.6239
-1.57825
-1.60227
-0.398842
-2.05444
8.9014
-1.49868
4.14691
-1.56932
4.40584
-2.61331
-1.59666
-1.85601
-1.81278
-1.50964
-1.72465
-1.71307
-1.33223
-1.72957
-1.93486
4.81044
-1.31207
5.04266
-2.05391
-1.73546
-2.06707
-1.92339
0.213258
-1.92885
-2.47727
7.00906
-0.192534
-0.648486
-1.03324
-2.13411
-2.06424
-1.80054
-1.95916
-2.13739
-2.17766
-2.28454
-2.4636
-2.45181
-2.50313
-0.774032
-1.82255
-2.34528
-1.20014
-2.39853
5.06605
-2.61212
-2.28251
-2.46726
-2.4538
-2.39444
-2.40522
-2.15084
4.64941
-2.04747
-2.36547
-2.39071
-2.18439
-2.15914
-2.774
-2.40953
-2.3995
-2.48689
-2.45348
-2.28045
-2.31303
-2.37258
-1.86329
-1.31028
-2.4769
-2.49203
-2.4896
-2.49198
-2.1787
-2.43583
-2.442
-2.49888
-2.16569
-2.15003
-2.12497
-2.27062
-2.28273
-2.74552
-2.34968
-2.3049
-1.23411
4.80757
5.20839
-1.9721
-1.28759
-1.87393
-1.41976
-1.75102
-1.79251
-1.51897
-1.81646
-1.7047
-1.81985
-1.69164
-1.82417
-1.8668
-1.61127
-2.22753
157.288
-2.03125
-2.00912
-2.38135
-2.25055
-1.9479
-2.14203
-1.43941
129.97
126.101
4.41619
3.57424
-2.88013
-2.77322
-2.70946
-2.81235
-1.86299
-1.39758
-1.89561
-2.69611
-2.76067
-2.81314
-2.66864
-2.70742
-2.81162
-2.55793
-2.69638
-2.65511
-2.75733
-2.79967
-7.55533
4.87773
-2.48914
-2.45418
-2.55596
32.723
-2.86505
3.46614
3.63689
3.29019
-2.65515
-2.45068
-2.49024
-2.65685
-2.38713
-2.65581
6.82816
-2.60515
4.97849
-2.50006
-2.56725
-0.0754524
-2.69408
-2.54604
-2.54271
-2.58526
-2.54955
-2.50306
-2.56478
-2.66888
4.86801
5.93098
-2.40746
-2.05654
-1.18015
-9.23786
-2.77688
5.04673
-2.4849
-2.31531
-1.86218
-2.64766
-2.86322
-2.58768
-2.87358
-2.84961
-1.55634
-2.82187
-2.8572
-2.51893
-0.630232
-2.39053
-2.83804
-2.70477
-2.61543
-2.57692
-2.72946
-1.35527
-2.86745
-2.77526
-2.57117
-2.5291
5.07492
-2.73068
-2.53845
-2.84272
-2.65841
4.12103
-2.34324
-2.32343
-2.28986
-2.2747
-2.4485
-2.39704
-2.26072
-2.3059
-2.67585
-2.76586
4.60849
-2.22556
-2.07056
18.0547
-2.84243
-2.37686
-1.81681
-2.15829
-2.72275
-1.92961
-2.3912
-2.08544
-1.88644
-2.07189
168.612
4.45366
-3.68568
-2.03513
48.2523
-12.2756
-2.04117
5.93962
148.976
-2.42073
-2.37649
-2.6372
-2.5207
-3.00453
4.71553
-2.84966
-2.99525
755.18
-2.83637
-2.46523
-2.79989
-1.94499
-1.3554
5.21539
-143.568
-6.78352
-2.85581
67.8689
-2.16252
-2.33459
-2.72686
-1.90111
-1.99808
-2.01312
-2.68752
-1.77736
-1.94758
-2.02251
-0.832485
-1.48841
-1.9845
-2.08399
-2.21139
-2.73288
-2.67751
-1.91593
-1.79467
-2.19853
-2.19766
-2.42399
-2.40842
-1.21214
-2.34426
-2.31975
-2.37951
-2.40664
-2.40199
-2.75226
-2.39794
-2.37972
-2.6744
-1.90834
-2.42499
-2.55774
-2.39392
-2.8015
-2.26966
-2.42534
-2.582
-2.75775
-8.9358
-2.49648
-2.23906
-2.68913
-2.91499
-2.90445
-2.74085
-2.37401
-2.97108
0.112071
-2.83142
-2.23711
-2.48779
5.69841
-2.99663
-6.25453
-5.27126
-2.139
-2.84212
-1.90706
-2.09769
-2.50174
-2.20298
4.71497
-6.30624
-3.05843
-2.8872
-4.14305
-0.379253
-2.28638
-2.85156
-2.49089
-6.07968
-2.30585
-2.89645
4.75102
-2.42766
-2.98781
-2.59112
-1.82329
-2.9408
-1.777
5.31449
-2.78995
-15.9546
-2.34909
5.35437
-3.04272
-1.11983
-1.31988
-1.83145
-2.39901
-1.89297
148.41
-1.89482
-3.05348
0.466059
-2.85434
-2.23719
-3.10067
-2.04885
-2.78944
-2.63962
2.22976
-6.35866
-1.39073
-2.45863
-2.01567
-8.7131
-2.62481
-2.94109
5.83104
16.8324
3.9906
6.94379
-3.95366
1.5692
3.49435
-11.7538
3.94792
3.94006
6.36839
2.80065
3.10711
3.31596
3.58508
4.40971
4.25027
-4.99216
1.3904
2.08461
1.31886
4.05798
-2.618
10.2088
2.63556
2.97389
11.5263
-2.33047
4.44685
4.19155
-2.37861
1.53682
-9.65019
0.0834923
-3.01573
-2.76645
6.40098
11.2465
-2.65815
-0.448924
-4.06093
-0.192572
-2.31584
-1.41351
0.194664
1.97338
-6.81078
-2.19407
-3.76763
-3.0406
-5.85156
-5.02257
3.00611
1.42395
0.648438
3.4122
4.96031
0.00907098
-2.38055
2.51276
11.4831
-2.09341
-2.24582
-0.404204
3.9055
2.61386
-5.92723
3.02546
1.82172
0.211038
0.674202
1.95475
1.09323
1.094
-13.0726
-1.38031
-0.605891
-6.04358
-17.0853
-2.45806
-3.23952
1.13032
-11.5571
-18.7046
3.9859
-17.5853
-17.28
-16.9737
-10.3572
6.03569
-17.2784
-15.3381
-1.0701
5.60062
2.29984
2.06581
3.75352
4.64929
4.60095
0.603926
1.47105
-18.1588
-12.3097
4.89938
4.88412
5.02493
5.00627
5.0015
4.96701
4.83812
4.96199
3.87256
4.12439
4.41289
8.54757
40.8201
-2.41428
-2.04368
4.76876
4.07919
4.49509
-0.874628
-401.066
3.54133
-2.47395
-1.64267
-2.21332
-13.0811
4.95815
666.43
9.56119
-2.43844
-2.89932
-3.52022
-4.21018
1.08034
-3.91049
-3.43279
-3.54305
-3.4031
-0.996637
-1.67653
-0.63091
-0.461637
-1.84908
-3.1764
5.16045
4.68176
-2.60229
730.778
4.5928
3.99185
-0.621837
-0.177831
0.298506
6.93209
4.95556
-4.7206
3.15278
-4.08394
22.2589
-22.5364
-2.69965
13.7115
-2.54018
-5.1508
-1.51459
-2.28127
-2.57957
7.16974
3.21772
-2.61346
-6.51611
-3.2586
-0.38464
-11.5113
-1.40392
-2.07336
-2.02901
-0.91997
2.61207
-13.321
2.04423
-12.4439
-13.0532
5.72039
-2.15983
-10.3673
-1.40317
-6.23608
-10.1514
-4.26483
-2.56129
-4.39783
-6.06968
3.52396
3.88996
-3.82675
-3.61411
-3.51147
-3.39136
-2.42955
-5.70094
-5.63235
4.88708
-3.24786
-62.1127
-3.55289
-3.08616
-1.09048
-198.664
-2.99365
-3.00796
-308.514
-1.85095
-2.84943
-2.81791
-2.05281
4.21457
-2.9099
-7.55354
0.156204
-3.77553
-2.01238
3.55682
-3.80933
-3.57189
-3.24001
-3.7481
-4.92453
-0.772609
-2.99498
-4.20781
-3.25054
0.165755
-5.53407
-5.24073
-2.8519
-4.06328
-2.79345
-1.22684
-6.04352
-1.92847
-2.04511
-1.28737
-3.38621
-2.51138
-2.47135
-5.87083
-1.48422
-1.91222
-1.69604
-1.68707
-1.93193
-0.779705
4.6128
-2.09117
5.41036
-2.46599
-2.46037
-0.831339
2.30597
-2.309
-2.75572
-1.92441
-2.31974
-0.656833
5.03399
-0.62139
4.51907
4.89782
-2.24037
-2.13963
-5.0534
-1.56486
-2.81966
-5.15994
-4.16515
-1.93563
3.95684
3.30588
-2.69866
2.72104
3.31226
-12.8885
4.51634
4.55004
4.62752
4.59094
4.36994
4.86638
4.79255
4.868
4.74119
4.6384
4.78964
7.16069
4.94747
4.87193
4.99738
2.62232
-2.58883
4.14437
3.79662
-1.87514
3.88724
5.00192
4.6777
4.85973
4.97137
4.99016
4.8505
3.8485
2.45869
-8.34324
186.566
-9.16656
-13.331
5.02068
0.109674
3.20898
2.43716
1.35744
-2.2361
2.50024
1.56818
34.7441
2.2573
1.46527
0.941612
3.95125
-2.40461
2.37477
-10.0958
2.28105
2.38164
1.54543
0.0585004
0.413831
1.61431
6.88008
-1.92185
-2.10981
0.578745
5.40295
-2.50225
1.40392
0.834031
-2.46562
-1.727
-1.51988
2.06088
-2.66674
-0.887501
-1.34613
-8.57207
-2.1706
0.0710459
-1.46491
2.85161
2.05995
-2.04065
5.64518
-0.21374
-2.6247
4.10347
3.56633
3.95482
3.23198
6.65912
4.58428
4.28451
4.38741
4.90276
4.75473
4.26371
3.86528
3.81785
2.46697
3.76643
-1.26869
-2.56672
-1.84204
4.29983
4.66621
3.22038
4.18333
-1.86276
5.04623
4.47536
-2.223
5.15422
4.92353
4.88616
4.9863
4.96198
4.71636
95.8551
4.97554
4.88133
5.24866
4.87858
5.16119
4.16239
4.70685
692.649
5.03023
5.0015
3.8276
-1.88475
4.5775
4.5686
4.64225
4.92168
4.94603
-4.51069
4.94262
-1.85611
4.44848
3.40627
53.3683
-1.86411
4.9398
4.93227
4.67457
4.74393
4.54429
4.84143
4.91283
-2.332
-10.2053
4.48076
4.79788
4.83014
5.10621
5.13064
5.10284
4.70192
5.00198
4.97395
5.08277
5.06356
5.02497
5.01173
5.04194
5.06439
5.0233
5.01888
5.94623
4.97313
-2.05884
4.99076
4.98737
228.355
4.93902
4.90771
5.01201
5.08657
5.12455
4.99394
4.39316
3.71836
5.07759
5.34811
4.8237
4.7965
5.14996
-3.81071
4.85105
5.18875
5.07806
5.05313
4.97149
5.34479
5.40437
5.29968
5.57702
5.47173
5.48992
5.56726
5.69694
5.74253
5.47366
5.22379
5.14679
5.49364
5.69733
-6.43127
-2.37972
5.81747
5.86717
6.12053
5.63399
5.86344
5.81299
5.6619
4.78597
4.92504
6.19178
-2.47632
5.00089
5.66622
-1.39658
5.0888
5.82457
5.22181
5.34198
6.25462
-1.95815
4.89997
5.56169
4.20974
5.39423
5.23575
5.46589
4.83173
5.42656
4.30116
5.71116
4.73392
5.22957
4.02
6.19809
4.50396
6.20462
6.5255
6.31884
6.1803
6.57058
6.51591
4.83739
5.06483
6.40906
6.63593
5.503
4.48877
6.57933
6.66465
6.73818
6.71958
5.46312
6.90776
7.11945
6.8895
6.81102
6.42606
6.41605
6.7079
-1.98291
6.73249
6.81714
-0.426283
6.58662
54.4628
6.19409
6.91111
6.93156
6.101
6.98776
156.182
151.775
143.194
156.117
374.812
4.77332
6.33758
6.79521
6.89422
7.05235
6.78685
3.43195
6.81037
5.8876
8.58768
80.1625
6.8742
7.83667
10.1917
6.11614
8.2389
6.90875
553.558
903.927
3.40589
103.762
82.3453
36.1056
6.94729
7.67613
14.0458
13.4113
247.523
-2.34765
251.71
7.36931
7.03527
41.3136
5.1187
6.0475
6.57441
6.71184
6.73004
6.86341
6.98585
6.73858
6.8715
5.73203
6.86927
6.47476
-2.55859
5.82899
6.8436
6.99721
6.58226
5.46395
7.01016
-8.07279
4.96229
5.80594
6.79501
6.83684
3.16458
-2.47567
2.64282
8.43853
6.61013
4.44093
6.3774
7.69926
7.70373
90.3593
6.49821
11.9287
11.2422
-6.48741
10.9221
5.40042
7.00443
60.7158
11.9162
10.4838
10.5776
11.6245
7.00663
7.01186
3.28772
15.3493
9.56313
23.8652
18.0049
5.2612
5.53108
5.10671
2.40435
13.3146
19.8943
57.3703
4.73669
87.5694
4.02105
31.9007
4.64742
5.1818
4.89689
2.28339
4.54476
5.16245
4.92776
-2.20598
483.293
199.526
469.767
3.29247
5.37727
139.727
159.32
412.91
5.10226
-15.8525
200.437
279.004
156.421
201.497
5.15052
360.888
528.329
607.705
4.89217
7.01905
692.492
398.323
527.768
227.222
0.212146
240.625
391.682
105.585
7.19294
49.7153
390.626
243.078
46.9058
-16.1391
5.01204
9.23469
5.50108
21.1929
4.94852
4.93425
225.133
4.47628
4.71265
36.6581
5.66109
1.955
1888.13
-2.6538
-1.42912
561.925
219.727
-3.75472
126.224
9.3053
54.3254
-1.08919
11.6316
-2.78563
-1.97348
7.20368
8.57223
5.02377
4.98213
4.84049
4.76327
6.72233
-8.97379
4.38761
4.28621
4.26886
4.2221
5.161
-2.68297
5.0497
4.92756
6.98673
4.26389
4.65288
4.96534
0.00218204
5.0217
4.33761
4.7584
8.65075
7.48322
4.42204
8.20038
5.13078
4.88705
19.0826
57.9772
3.00253
6.48382
6.20039
4.79902
22.7908
-1.43872
0.240447
18.0429
-1.5842
7.32182
28.9447
-1.61852
3.0293
-6.75148
7.53956
-1.70137
-11.9373
51.8239
-2.95302
5.16807
4.96246
-7.5905
1.86146
-2.20178
-1.63803
4.69552
16.02
-15.1584
4.39009
2.46133
4.7054
5.1004
-1.43637
3.30404
5.134
-4.59997
7.17505
8.86909
3.19268
-1.5533
-1.49943
-1.3069
2.67379
3.95731
6.59926
0.675837
4.58882
5.11831
3.21971
11.4323
4.28373
-2.05114
-1.03476
4.67114
4.39704
5.36454
7.43525
5.05221
4.08892
4.44481
4.47081
4.58614
17.7394
4.84245
-1.73542
-0.536274
4.52325
3.37921
4.53023
4.44609
-2.13783
3.99307
4.70104
3.10134
-2.30525
4.81995
4.88828
4.87527
4.81315
-1.65867
4.88458
4.75165
4.67916
4.82771
4.71007
4.99677
7.71942
4.78437
4.98634
4.96967
4.97852
3.96432
4.97104
-2.17765
4.58076
4.95377
-13.4907
4.91636
-12.9309
4.40071
4.86963
8.51857
-3.09969
5.03245
4.76921
5.02941
4.9182
5.11645
5.017
6.04432
6.00192
5.01769
5.00969
5.38146
5.05406
-1.58906
5.03954
5.11024
4.95676
5.37693
5.36119
5.00433
5.01576
4.90585
5.02876
4.69191
6.91322
7.76273
4.9607
4.95884
168.711
3.16939
4.98788
4.87539
4.97494
-2.13099
-2.68581
5.01879
-1.06068
4.50222
5.02605
4.87404
4.69379
4.99491
5.03415
4.81195
5.00331
180.488
5.05383
-2.36034
5.06174
4.9952
4.94945
4.92234
-2.38834
4.94155
4.9813
5.44843
4.79474
4.97712
4.99345
-14.2191
4.76867
4.91001
4.74456
5.02336
18.2699
4.54114
4.90747
4.99107
4.90808
4.96754
4.72382
4.81787
4.68577
4.72492
5.04012
4.91947
4.85177
4.90494
5.09029
4.8646
4.99728
4.92715
4.447
4.20224
4.66576
4.62484
4.45989
7.53085
5.32165
4.96946
4.36443
4.32231
4.78843
-1.13923
4.88132
4.99974
-0.428719
-2.34506
11.7971
5.15901
4.95549
2.62319
10.9385
4.65098
9.63908
-8.49051
11.9298
-2.43192
87.2769
5.13891
2.18562
2116.2
5.18782
4.92172
11.4325
442.452
25.3536
1.70144
78.5421
9.78874
480.747
161.103
-0.831061
6.58417
-339.212
-1.2023
657.987
494.38
263.717
242.176
4.98458
11.8551
431.791
11.3367
27.5672
5.19879
5.08699
335.813
4.85703
-2.63377
1.59696
6.37423
-1.91545
5.03792
5.01123
4.41208
5.3316
4.95818
-2.56655
6.93643
8.56066
-23.3454
4.88422
4.32438
2.60021
6.89998
5.18332
3.43049
5.93443
6.46303
6.56775
2.44204
5.85623
8.38829
1.21074
153.26
7.24824
5.03431
4.75311
5.183
675.222
-11.707
17.5523
7.05415
264.428
628.542
157.708
88.6475
8.44602
6.7018
-2.47168
10.3693
791.683
86.7681
8.04219
40.9105
45.6646
4.79779
2.76005
9.26439
5.37073
8.96753
6.95657
688.375
6.54831
562.325
85.5457
-0.386742
6.66181
6.24454
3.47543
2.32099
32.2743
-6.3582
-2.44345
6.11908
6.6
5.204
5.61035
7.14328
5.9772
4.98959
5.2797
6.52704
9.85714
5.59461
5.46514
7.00071
5.1771
4.48919
5.27564
6.18957
5.41463
5.14217
5.71616
5.63362
4.99786
4.90707
4.75455
4.98006
4.96072
5.1715
5.01132
4.96425
4.78607
4.90412
4.96782
4.98468
4.98287
4.99295
0.0701044
4.62127
4.93449
4.98646
5.02919
4.83305
4.88367
5.33771
5.7364
6.09703
1.9795
5.36567
5.03721
4.55821
5.56914
4.63432
5.42901
4.74324
-2.73225
1.50614
0.192605
1.34051
3.4563
3.55762
-2.51118
2.21643
2.25481
1.2261
183.867
1.25401
-36.8506
-1.56696
-2.02541
-1.87521
-0.92018
-2.70878
-1.59523
-1.67812
2.20513
4.49921
-2.46214
-4.09833
-6.54228
-14.7189
-2.89997
-1.09474
-3.32342
5.1465
4.93027
-5.58552
5.6569
4.89047
4.97927
5.21088
651.203
-2.52922
-6.64312
-2.86233
0.281445
-2.6507
-1.25342
-2.34611
-0.0234762
4.1285
-2.88923
-2.5978
6.26333
-2.38589
3.168
-0.214682
2.06823
-3.38251
-2.39865
-0.557109
4.34706
-2.41942
-2.63039
2.16817
-3.11218
-2.3844
-0.794591
-2.5256
-2.54268
-2.03498
-1.18732
-2.50625
-1.40841
-2.83228
-1.96969
-2.47454
5.57918
55.9406
-1.38519
-2.14932
3.51456
-2.0151
-1.87033
-2.33841
-1.6351
-2.99444
30.9229
-10.6265
3.81194
4.38283
-2.76045
-2.92603
-7.07342
0.774856
-2.37623
4.84192
-3.00309
-102.056
-2.41103
-2.47885
3.29021
-3.23479
3.74855
5.90708
-1.71414
-8.05505
0.657849
-2.57613
-2.02268
-1.99731
-2.42625
-51.3991
4.14193
3.76391
-3.69315
3.25199
-2.44302
-2.79722
-2.45271
-2.24473
-2.37159
0.463403
-267.935
9.98352
-2.81215
-2.40367
-3.09816
-1.16616
-2.14686
5.37817
-1.79339
-2.6713
1.64265
-9.79264
-1.73194
4.19387
-2.86176
-3.0178
-2.85814
-6.21462
-2.87627
-2.44795
-2.56919
-2.31791
-2.50164
-2.8048
-2.46609
5.40829
-2.80937
2.898
-2.79835
-2.70955
-2.81339
4.51465
-5.97483
-2.69532
-2.67033
-301.402
3.5853
-1.87129
-2.07042
-1.78672
-2.29708
-1.47343
-11.0548
1.52781
-1.68851
-2.39111
4.56672
-1.35347
5.00853
-3.39509
-2.45542
-2.25367
-2.215
-2.95628
-1.9171
-2.13715
-1.79514
6.95306
-2.14964
4.30963
4.4051
5.02103
3.79676
-2.56744
4.71766
4.28896
-2.29643
182.563
-1.46568
-0.819746
-3.14327
-1.61481
-0.979004
-2.15476
-1.30573
-2.18924
-2.38535
-1.77992
-1.38881
-4.63827
-1.63794
-0.436118
-2.35359
5.06538
-1.98866
4.64535
-1.19732
-1.33751
-1.21167
-1.19094
-1.42301
-1.32178
-1.48341
-2.08111
-0.924074
-10.9026
4.06671
-1.08384
-2.45498
-0.0302694
-0.591682
-0.523228
-5.03571
-0.794657
-0.630438
3.48003
-0.884229
-0.720662
-2.99528
-2.50436
-0.538312
-0.557249
-0.719632
-1.01618
-0.713035
-1.00114
-0.835452
-3.09003
4.67571
-0.779457
0.459802
-1.48545
-1.05992
0.119078
-0.879924
-0.165193
-1.84591
-1.44012
-0.982273
-0.656898
0.355933
-2.01597
413.553
-1.23873
-2.34744
-4.50264
-1.3999
-1.48737
-1.51445
-1.22732
-2.0935
2.16615
2.37902
-1.34121
-1.52707
-1.66809
-1.80491
-0.490917
-1.60326
-1.55269
-1.22336
-4.40764
-1.55556
-3.51185
-1.03176
-8.52155
-6.62907
-6.74551
-1.70519
-1.88016
-1.28161
-1.27486
-1.66607
2.36363
-1.52303
-2.38748
-421.637
4.67458
4.12962
-1.64419
23.15
-6.84399
-2.7946
-2.42857
-3.81374
1511.42
-2.86777
234.277
19.6233
-4.08094
-1.3701
97.2434
-11.6151
3.08256
665.519
5.82266
-6.57299
-0.394332
154.926
-22.9083
-2.28059
4.93832
12.6261
-2.8701
-1.39754
662.003
-2.16716
-6.4172
461.613
423.62
-0.633395
-2.17667
-46.1923
0.163752
4.53404
-0.147595
-2.94483
127.161
-0.244916
817.943
-10.0488
1.60574
-1.69572
133.516
-1.40831
56.4536
44.7304
128.787
17.5228
20.8661
13.1387
19.9907
6.40112
-0.820282
1.97549
-0.62817
-2.83003
-0.26666
2.4276
-0.100946
4.58535
-0.0962501
-1.29694
0.172293
77.2726
0.226563
4.31235
-0.0550358
-1.57204
51.99
-7.67692
-0.195727
4.93586
-0.702465
-2.2037
0.106443
-0.289069
-2.64053
-0.535662
-0.76268
4.35605
403.01
4.91595
4.97092
-1.14249
5.10098
2.25998
-1.0233
-3.0126
46.7862
-0.93353
-0.026147
143.099
0.475195
3.86441
-0.618747
-4.22417
0.311175
0.104114
-0.774895
4.73405
-4.56024
82.558
0.521401
0.476839
4.51319
0.0683787
-2.13939
0.191648
71.7554
-1.97132
-0.472015
-0.0124153
-0.909896
64.0955
-0.716779
143.105
-2.33592
4.35751
6.64579
4.64249
-1.69152
-2.56783
0.299009
-1.61299
-1.89247
-1.97081
-1.45381
-0.554629
-1.37967
-0.451013
-1.80966
-2.5471
-0.91128
-2.17423
-2.26465
-2.35863
5.36253
-1.74713
-1.7237
-1.54862
-1.57087
5.05027
5.48579
-1.7307
16.8335
-2.76338
-4.50882
-1.28628
-1.73425
5.0439
5.48819
3.76209
-5.36532
1.96459
4.74672
-6.10225
4.85169
5.01705
0.452969
-2.62258
-2.74804
4.64418
-3.70427
1.28478
5.24489
3.97098
1.53801
-2.36004
5.02114
3.66415
5.01136
-2.19946
-8.67776
-8.08857
-17.6857
-28.7383
5.03191
3.67976
-1.92174
4.85643
5.02939
-6.14627
4.91407
2.03236
4.98717
-2.24975
6.86657
4.98372
5.63957
-4.76757
-0.115697
4.92134
-2.02772
-10.2371
-1.74335
-3.00059
4.98049
-0.663289
6.43609
-3.05425
-39.0059
5.00996
4.97135
154.476
4.29316
5.01525
-4.55997
-3.59185
2.35339
6.34719
-1.02392
5.97103
-2.35673
-1.74193
4.60487
4.97408
4.68356
6.43717
-2.18755
5.11864
-13.0832
4.91111
-1.02832
-5.85746
5.12883
-2.10821
-5.73905
3.76919
-2.82896
-1.55231
-2.39965
-429.549
4.70484
-1.27168
-0.4547
-2.45083
-0.862487
-2.33429
4.74178
-2.30742
-1.68188
-2.79532
0.909475
-1.28266
-1.14896
17.2966
-0.336094
5.84668
3.12347
4.85849
-1.1358
-1.6796
-0.0578644
-0.356894
-1.80856
-0.169782
-0.698413
554.999
-0.922952
-2.49228
-8.50075
4.81417
-0.713086
-2.64195
4.26196
-1.26404
-0.635268
6.22082
4.74495
-2.40273
5.51608
3.15454
0.186286
3.71831
4.63553
0.436522
-1.8083
-0.215909
-2.32791
)
;

boundaryField
{
    FrontBackPlanes
    {
        type            symmetry;
    }
    wallz
    {
        type            calculated;
        value           nonuniform List<scalar> 
97
(
-405.442
-356.067
-437.311
-281.866
219.62
52.2587
-1.92374
208.706
205.19
-1.26589
-2.29969
-1.89997
-0.0587248
0.402924
1.1299
215.08
245.838
225.848
0.682523
0.0741719
-0.758738
-0.580862
-0.425098
-0.272186
285.333
362.6
474.703
2.68009
2.14586
1.41081
-1.03465
-0.885836
-0.736169
626.957
743.784
3.71096
3.25911
-1.45426
-1.31876
-1.18453
76.4237
501.404
4.07385
-1.82556
-1.70418
-1.58247
2075.99
476.619
4685.97
4.93946
-2.16087
-2.05204
-1.94229
898.888
800.551
125.923
5.45276
5.1847
-2.37547
-2.26573
667.54
717.402
545.989
5.91554
5.70055
54.1031
12.964
-2.78867
-2.6786
442.682
333.57
272.814
6.33991
6.14562
6.55494
6.91532
6.93925
225.804
231.431
246.768
204.942
152.808
-2.89235
-285.134
-531.01
-546.449
-149.054
217.788
165.134
-2.89298
4.67141
790.287
-2.47144
221.63
743.915
-2.59271
4.38757
)
;
    }
    outlet1
    {
        type            calculated;
        value           nonuniform List<scalar> 
31
(
-2.943
-2.943
-2.943
-2.943
-2.943
-2.943
-2.943
-2.943
-2.943
-2.943
-2.943
-2.943
-2.94301
-2.943
-2.943
-2.943
-2.95176
-2.943
-2.943
-2.943
-2.943
-2.943
-2.943
-2.943
-2.943
-2.943
-2.943
-2.943
-2.943
-2.943
-2.943
)
;
    }
    inlet1
    {
        type            calculated;
        value           nonuniform List<scalar> 2(-572.446 -578.968);
    }
}


// ************************************************************************* //
