/*--------------------------------*- C++ -*----------------------------------*\
| =========                 |                                                 |
| \\      /  F ield         | OpenFOAM: The Open Source CFD Toolbox           |
|  \\    /   O peration     | Version:  v2012                                 |
|   \\  /    A nd           | Website:  www.openfoam.com                      |
|    \\/     M anipulation  |                                                 |
\*---------------------------------------------------------------------------*/
FoamFile
{
    version     2.0;
    format      ascii;
    class       volScalarField;
    location    "0.2";
    object      p_rgh;
}
// * * * * * * * * * * * * * * * * * * * * * * * * * * * * * * * * * * * * * //

dimensions      [1 -1 -2 0 0 0 0];


internalField   nonuniform List<scalar> 
6576
(
2775.79
2751
2759.39
2764.58
2780.75
2788.28
2763.69
2766.33
2782.52
2772.71
2813.66
2797.36
2785.54
2794.8
2760.34
2767.19
2733.65
2761.15
2763.61
2810.49
2743.15
2802.18
2806.08
2759.37
2790.08
2820.54
2868.89
2785.67
2746.64
2750.64
2770.44
2731.33
2769.61
2793.24
2786.49
2807.8
2782.18
2809.5
2767.76
2789.42
2754.19
2746.02
2773.09
193.939
117.529
212.685
122.593
205.512
216.65
209.26
212.19
211.565
-0.000985658
-0.00101988
-0.000321759
-0.00145896
-0.00190411
-0.00229058
-0.00150622
-0.000373596
-0.00178816
-0.00136284
-0.000627737
-0.000145197
0.000171164
-0.0014203
-0.00168928
-0.000996235
-0.0013839
-0.000779091
-0.00115936
-4.63304e-05
-0.000909258
4.81245
5.4464
5.71507
5.43807
5.2437
5.2061
5.61226
5.89118
6.42636
6.16976
6.28122
5.22126
6.19254
5.41914
7.34865
7.41131
7.42429
7.40219
7.48341
7.38086
7.34012
221.659
223.573
223.862
218.656
220.328
227.577
221.638
225.781
224.733
225.843
225.684
226.892
226.112
227.829
221.13
220.534
219.62
221.53
218.555
219.024
-0.047211
-0.0112308
-0.0825237
-0.0164239
-0.0641279
-0.0542175
-0.0503262
721.806
2234.54
2497.58
2625.25
2553.19
2735.71
2817.44
0.538585
-0.346688
0.111547
-0.845337
-0.647493
-0.937104
-1.10395
6.13316
6.06105
6.06402
6.30058
6.26888
6.17953
6.16831
5.93237
6.11818
6.09204
6.09172
6.41425
6.32671
6.12905
5.37964
5.50302
3.6589
5.41307
5.58873
5.27477
5.92033
4.28094
2.31587
2.92649
4.58062
2.70512
4.46791
4.17171
3.72744
4.50429
-1.60621
-5.48006
-3.1702
0.664037
1.11228
-0.523686
0.278119
-6.42087
-9.51345
-5.08748
-3.74572
-7.1175
-3.14198
-5.20341
-4.94818
-2.12837
-13.7696
-12.8025
-11.1071
-13.4448
-11.5257
-8.72145
-10.9418
-11.7209
-9.64035
-10.8501
-11.7432
-11.7457
-12.2976
-12.6132
-12.4384
-11.8376
-8.8261
-8.11044
-8.50144
-7.28061
-9.28072
-8.87152
-7.78063
-3.42789
-3.62436
-4.28956
-7.13332
-4.36351
-5.6148
-6.16557
-0.272765
-0.409608
-1.19889
0.437722
-0.750595
-0.722629
-0.791057
-4.24205
-3.45368
-4.10175
-5.64739
-5.00223
-5.07859
-6.18563
-8.59736
-6.51804
-10.9452
-8.65783
-10.8654
-13.1903
-10.5258
-13.5304
-16.3431
-15.9472
-14.434
-12.9699
-16.1725
-16.3447
-14.4783
-14.9528
-14.9937
-15.5976
-15.2294
-14.739
-14.358
-10.692
-8.06352
-6.87069
-11.8751
-11.6769
-11.0331
-11.0826
-9.43896
-8.25233
2.43204
2.70095
2.81889
1.62479
0.559694
1.36347
1.09564
4.8723
4.81931
5.03332
5.02408
4.91195
4.89725
5.02004
205.141
205.43
204.843
204.911
204.819
202.869
204.301
203.859
204.642
204.995
205.964
206.126
202.568
211.993
201.748
200.838
1.11835
1.88277
2.43196
1.81323
1.42887
3.29707
2.43145
3.12768
1.83533
200.925
208.634
201.287
2.2468
-1.15121
1.75583
-0.80993
-0.886318
-1.40768
-3.17904
0.00629796
-0.00830349
0.0244135
0.0141109
0.0215096
0.0437517
0.0366961
136.749
21.2537
-0.925097
143.772
8.4078
0.143509
-0.144932
-0.0391141
-0.140538
-0.182194
-0.194185
-0.185942
-0.165886
-0.159798
-0.171223
-0.163658
1.6059
1.61497
1.47597
0.576989
1.41261
0.96506
0.464002
0.711032
1.83227
1.47368
-0.212762
-0.0714767
2.33804
1.21217
1.43103
2.41581
1.41666
1.69111
1.53868
2.29185
1.52145
2.52279
0.750881
0.88945
2.43581
208.392
207.535
208.706
208.382
209.859
209.329
210.971
204.975
205.001
205.19
206.028
205.45
204.269
205.413
204.832
204.797
191.532
198.654
202.396
204.348
199.937
204.13
201.151
3.59846
6.33132
5.20029
6.93999
40.3409
5.35788
8.6651
-0.349981
-0.450672
-0.370951
-0.68499
-0.427553
-0.599258
-0.614462
-0.415508
-0.417622
-0.3713
-0.363173
-0.403055
-0.436609
-0.499753
-0.388752
-0.395822
-0.295721
-0.342424
-0.328822
-0.382702
-0.373411
-0.357897
-0.379842
-0.34153
-0.311572
84.3237
205.446
756.832
333.175
78.5417
5.25487
132.774
1500.74
1509.52
1527.15
1478.49
1453.79
1488.38
1531.82
-1.88471
-3.25172
-2.63972
-1.51094
-1.12284
-2.37417
-1.8981
-0.553325
-1.09811
-0.466344
-0.603915
-0.191495
0.0243917
-0.337164
1.13371
0.7737
0.804585
1.33676
1.30171
1.00113
0.991894
1.94991
1.80331
2.07453
2.0266
1.92753
2.25438
2.35942
2.16021
2.24
1.54369
1.41849
1.59013
1.62415
1.67067
1.47021
1.56466
1.30921
1.53806
1.3584
1.36538
1.16284
1.44065
1.30925
1.24735
1.22351
1.1029
1.35126
1.45142
1.33881
1.28337
0.445827
0.491569
0.654446
0.447688
0.347511
0.466344
0.644835
0.840868
0.764529
0.721231
0.736479
0.684001
0.725034
0.743054
0.285138
0.485635
0.419482
0.802178
0.780246
1.09462
0.0471764
0.10656
0.0948598
0.11387
0.0336865
0.0634046
0.121228
0.0913731
0.0679736
0.0255126
0.226042
0.146165
0.141848
0.11214
0.0318071
0.0096893
0.0936698
0.0805862
0.165465
0.126053
0.0295449
0.0559174
0.0576777
0.0975719
0.146328
0.0917276
0.0111948
0.0342655
0.0618677
0.0208169
0.0576488
0.125132
0.17014
0.0834457
0.049644
0.0445526
0.0213958
0.0050456
0.0297452
0.0824656
0.0326746
-0.0116698
-0.670491
-0.355207
-0.44867
-0.861137
-0.459816
-0.757702
-0.476892
-0.402959
-0.56433
-1.94387
-2.28973
-2.20873
-2.52726
-1.63562
-2.69258
-2.03659
-3.55178
-2.77632
-2.85614
-4.02068
-4.55047
-3.16896
-3.09794
-5.33409
-5.9219
-4.1514
-7.38354
-5.41878
-4.35132
-5.89042
-9.98599
-9.67007
-10.6761
-11.0131
-8.20671
-12.5613
-12.6983
-13.3411
-14.7318
-15.9573
-12.8418
-14.3093
-7.89919
-5.02364
-5.99692
-7.9284
-5.07447
-6.60483
-9.74259
-2.26204
1.34281
1.2011
6.41685
2.90959
4.56904
3.77524
-0.315339
-0.300821
-0.363878
-0.26274
-0.267949
-0.310097
-0.275822
-0.189844
-0.215853
-0.204515
-0.178431
-0.17129
-0.182153
-0.183236
-0.205632
-0.19798
-0.165889
-0.155501
-0.161614
-0.153706
-0.162581
-0.149295
-0.163688
0.120854
0.115493
0.093334
0.0813191
0.0809564
0.102953
0.103303
0.140818
0.120981
0.13624
0.153138
0.134134
0.164112
0.139151
0.195241
0.185492
0.167595
0.151858
0.158457
0.178459
0.172718
0.37152
0.352046
0.383608
0.385082
0.372542
0.400805
0.390485
0.439539
0.424436
0.432392
0.466349
0.408896
0.411343
0.420973
0.468859
0.416492
0.402558
0.435398
0.411524
0.484992
0.410959
0.420101
0.400856
0.45733
0.411974
0.502574
0.458396
0.493182
0.75491
0.523638
0.447994
0.434753
0.837254
1.21605
0.726648
0.740151
1.20524
0.789917
1.23274
0.923478
0.827866
1.05198
1.34763
1.05356
1.27417
0.81901
0.822764
1.67707
1.9141
2.11428
2.55796
1.77205
2.18709
2.71727
3.39057
1.19187
1.23421
2.09242
1.12546
1.87885
2.41594
3.33155
2.78658
1.80123
-0.429401
25.2951
-1.70287
1.62282
1.62943
1.53603
1.95379
1.7248
5.76479
1.30227
0.753134
9.92282
1.72411
2.68417
2.89453
199.987
193.317
193.48
175.027
142.141
187.287
186.518
208.399
207.346
206.786
223.088
223.911
225.929
225.743
229.11
226.054
227.993
213.729
215.381
215.277
215.225
217.223
217.872
213.201
218.785
215.743
212.341
215.08
213.927
244.521
239.938
245.838
250.46
245.085
244.782
251.696
252.435
246.01
223.115
225.321
225.848
227.787
225.288
231.097
230.615
220.791
224.645
222.727
283.951
272.936
284.912
299.915
283.877
289.929
313.396
234.118
234.566
244.322
255.982
255.853
239.965
239.599
223.516
216.312
205.968
226.836
216.568
215.966
226.791
215.146
151.404
234.078
247.085
257.127
194.203
228.699
104.118
91.2612
24.4574
150.896
143.63
198.09
38.4134
5.91401
2.64876
3.15661
3.98124
2.19874
3.57452
6.13909
22.7126
10.7649
8.49589
64.305
15.4228
26.9495
208.563
-0.531507
-1.38548
0.52922
8.24857
-2.55886
1.98387
-0.638749
3.37472
-0.974318
-1.41861
-1.99541
-0.052778
-1.29691
-0.567864
-1.63871
-1.25894
-1.80456
-1.56746
-0.733829
-0.156749
-0.729212
-0.767189
0.391402
-0.568744
-0.369787
6.23066
6.03317
6.41772
5.83886
6.01146
6.05346
5.89945
6.65513
6.63978
6.51898
6.17961
6.27025
6.36536
5.43838
2.87838
1.46135
2.91285
5.13083
5.76251
3.34952
3.25
2.77696
3.48161
3.78262
3.52816
3.25411
3.07981
3.37579
3.41347
3.36097
3.46958
3.26767
3.07807
3.62492
3.74514
3.51781
3.60989
3.50303
3.2904
3.47193
2.94229
3.22806
3.02144
2.94906
2.74622
3.04919
2.92929
2.96829
2.88108
2.65559
3.18078
3.02033
3.02339
2.88757
2.12041
2.43905
2.40903
2.38815
2.62221
2.50446
2.41173
2.30387
2.62033
2.38919
2.33238
2.45759
2.53369
1.71125
1.47257
1.68194
1.78062
1.90383
1.60404
2.01411
1.81932
1.30825
1.37029
1.20817
1.09594
1.0039
1.2255
0.85222
0.909779
1.06969
1.0145
0.219883
0.261621
0.305106
0.379268
0.436115
0.347513
0.313673
0.148087
0.190567
0.130841
0.149927
0.274617
0.230354
0.16194
0.0801907
0.0450135
0.102539
0.0547681
-0.0214171
0.0321085
0.0100995
-0.0348953
-0.00152589
0.0368043
-0.0239331
-0.0186777
-0.00257339
-0.0115371
-0.0787291
-0.0204159
-0.0585286
-0.00852883
-0.0894605
-0.099684
-0.108228
-0.09541
-0.0687183
-0.0466108
-0.0185965
-0.174531
-0.141669
-0.110582
-0.160899
-0.0991836
-0.227417
-0.192491
-0.118921
-0.222278
-0.249595
-0.167682
-0.942173
-1.14803
-0.919024
-0.968788
-0.64856
-0.777208
-0.976267
-0.750585
-0.499621
-7.04484
-6.27105
-7.0418
-4.43362
-5.12902
-6.11701
-5.66706
-16.059
-15.5921
-14.9021
-13.2663
-12.8038
-14.7139
-14.5791
-11.3481
-13.8586
-12.5608
-10.5334
-8.35289
-7.36898
-5.81406
-5.73853
-4.99855
-7.60296
-6.72603
-9.73073
-2.70728
4.99926
0.298014
-4.83871
-6.79926
-3.62061
-3.97372
2.05643
-1.29198
0.298975
-0.222089
0.308323
0.40252
-0.130014
-0.465765
-0.113803
-0.354874
-0.46632
-0.135441
-0.14657
-0.148744
-0.12938
-0.121772
-0.134792
-0.137987
-0.105696
-0.124293
-0.116273
-0.117408
-0.106805
-0.102739
-0.115097
-0.0718599
-0.0599046
-0.0625691
-0.0715089
-0.0578612
-0.0710601
-0.0509486
-0.0541818
-0.0704033
0.0107415
-0.00285124
0.0110856
-0.0111192
-0.0105156
0.00319955
0.00422153
0.275035
0.265796
0.263347
0.249393
0.26304
0.246372
0.259695
0.310669
0.321767
0.337438
0.311988
0.307816
0.298079
0.310547
0.310477
0.321126
0.30342
0.312529
0.334757
0.314804
0.313164
0.304969
0.295473
0.347342
0.351082
0.349055
0.365589
0.382665
0.364301
0.390922
0.346862
0.363189
0.363168
0.42124
0.68465
0.485617
0.860764
1.01769
1.12042
1.61229
1.64676
1.66605
1.02319
1.50446
4.04623
1.92941
235.679
244.071
239.596
276.808
278.948
264.188
307.67
276.107
268.092
286.389
285.333
266.229
277.326
341.791
358.095
362.6
358.676
387.397
374.046
410.839
330.872
361.588
344.228
604.91
603.308
611.769
723.382
617.62
614.372
673.602
561.346
474.703
468.28
436.498
448.512
491.643
326.525
383.237
376.146
364.702
401.161
390.535
347.106
450.6
398.858
514.306
549.991
559.525
485.332
495.662
294.872
245.025
360
460.746
476.874
382.486
411.945
378.561
411.162
381.166
416.866
397.001
402.453
398.919
111.631
4.34462
405.922
12.0037
546.844
31.6339
64.8562
681.757
678.542
779.022
508.821
762.327
772.931
627.255
5.0372
5.1239
4.11673
16.127
1.21246
4.4733
4.9012
2.99887
4.83004
2.97614
1.50079
3.21699
4.21828
2.90379
5.62117
5.45527
5.58676
5.55476
5.65987
6.10993
6.57374
6.07334
6.14708
6.26355
5.94551
5.97481
6.04278
6.06024
5.03471
5.13181
4.76218
5.05631
5.24189
5.20121
4.99613
4.91466
4.61424
4.81344
4.79327
4.86091
4.58133
4.76607
4.53729
4.71924
4.78248
4.68155
4.75224
4.67137
4.51761
4.47381
4.64792
4.68378
4.61377
4.68835
4.47013
4.59535
3.89655
4.1203
4.12458
3.99645
4.17437
4.28556
4.35132
4.30502
4.19073
4.62454
4.83376
4.70928
4.63656
4.48679
4.71288
4.64343
4.66083
4.61975
4.44445
4.71328
4.81165
4.72566
4.61776
4.19985
4.36693
4.19542
4.18418
3.99826
3.85638
4.09179
3.38142
3.60714
3.56547
3.78985
3.64242
3.70301
3.56543
4.17278
4.38142
4.24296
3.34423
3.5968
3.51258
2.7126
2.88128
2.92013
1.96579
2.15791
2.22074
2.28784
2.17166
2.46994
2.32562
2.07006
2.13496
1.87233
2.04361
2.27903
1.32512
1.38012
1.45444
1.59025
1.71249
1.54966
1.49581
1.82675
2.09658
2.01465
1.67422
1.74157
1.99762
1.91277
0.994775
1.02446
1.18987
0.838378
1.06973
1.10122
0.885738
-0.620177
-0.330538
-0.325185
-0.871913
-0.629634
-0.186202
-0.405299
-0.16857
-0.147569
-0.240578
-0.155036
-0.17895
-1.29519
-1.09398
-1.50138
-1.35012
-1.9614
-1.21937
-1.45629
-0.456999
-0.386148
-0.510423
-0.478694
-0.452101
-0.683926
-0.615913
-0.152804
-0.178552
-0.116779
-0.204684
-0.0761022
-0.225668
-0.391237
-0.248501
-0.32655
-0.384094
-0.161248
-0.0148859
-0.340291
-0.109974
-0.271367
-0.310076
-0.252076
-0.376624
-0.611322
-0.368773
-0.0153248
-0.115781
-0.0230852
-0.244213
-0.310116
-0.238312
-0.320347
-0.163461
-0.252061
-0.278835
-0.150741
-0.0967746
-0.0345634
-0.249249
-0.280009
-0.185841
-0.212122
-0.353566
-0.644637
-0.355184
-0.592116
-0.393782
-0.291084
-0.338387
-0.0649927
-0.163157
-0.0490166
0.0499869
-0.0861188
-0.0836615
0.10506
-0.463228
-0.444471
-0.899655
-0.908902
-1.09005
-0.43652
-0.683831
0.247152
0.191396
0.360548
0.253237
0.335783
0.296258
0.329203
-0.0863193
-0.0491803
-0.118263
0.238399
0.104493
0.0507043
-0.0512982
0.249012
0.214941
0.298209
0.193661
0.214403
0.295614
0.301869
-0.320212
-0.305531
-0.402981
-0.230168
-0.164975
-0.258702
-0.241854
-0.338098
-0.322248
-0.384063
0.492662
-0.39721
-0.318706
-0.441836
-0.395729
-0.544304
-0.36536
-0.322904
-0.424283
-0.271522
-0.276421
-0.313342
-0.338107
-0.189662
-0.175289
-0.167809
-0.145772
-0.166819
-0.162919
-0.181031
-0.178056
-0.196017
-0.11655
-0.11789
-0.133277
-0.109044
-0.0971519
-0.114741
-0.101518
-0.113322
-0.127328
-0.116395
-0.113288
-0.129269
-0.0925784
-0.108592
-0.105809
-0.11807
0.00276736
0.00342084
0.0137954
0.0069994
-0.00192202
0.0031972
0.0116204
0.0161679
0.0198376
0.0156785
0.031042
0.028595
0.0240661
0.0244484
0.0835476
0.0856983
0.0971331
0.0826531
0.0731607
0.0806682
0.0892563
0.0788966
0.0845446
0.0928066
0.0870646
0.0832437
0.0952461
0.0915689
0.125432
0.113162
0.126641
0.130945
0.143268
0.134437
0.125265
0.222435
0.216121
0.214812
0.226842
0.219163
0.213153
0.218758
0.192149
0.171331
0.174052
0.151399
0.165976
0.173209
0.159565
0.232862
0.217765
0.22041
0.198174
0.232648
0.213746
0.288531
0.267317
0.262327
0.267383
0.282897
0.258592
0.25511
0.243457
0.268567
0.258371
0.341003
0.323763
0.325436
8.83277
3.89798
60.012
0.996775
2.78666
10.8943
9.51494
607.124
595.483
567.729
684.614
589.594
573.474
612.416
626.957
613.046
601.266
742.392
733.268
743.784
818.654
752.931
761.566
870.389
762.056
766.795
743.447
120.615
117.726
183.741
53.802
45.9805
59.7632
76.965
492.09
566.561
452.941
343.742
457.693
507.429
451.118
6.16806
6.00429
5.92816
5.89074
5.97596
5.89475
5.63895
199.835
183.015
220.655
550.356
34.6912
15.454
53.6475
12.15
108.897
2.58226
5.79735
1.23252
293.148
65.1425
600.707
157.404
5.89326
5.73553
5.97572
6.11286
5.7633
6.02724
5.73058
5.83482
5.86374
5.73988
5.82548
5.85371
5.75985
5.81627
5.64427
5.96948
5.72989
5.81118
5.98152
5.93882
5.95487
5.96374
5.93083
5.93178
5.95607
5.68401
5.53432
5.61796
5.49543
5.60021
5.57157
5.63846
5.54595
5.3973
5.49783
5.37566
5.46979
5.46093
5.52321
5.27538
5.44151
5.40009
5.46283
5.49798
5.43593
5.34549
4.95923
5.08743
5.07606
5.19032
5.08381
5.13904
5.20537
5.44085
5.52909
5.44519
5.45408
5.50972
4.95985
5.11733
5.09845
5.05849
4.92571
5.53225
5.44379
5.53695
5.51656
5.42314
4.93146
5.07823
5.09551
5.01469
4.89398
4.61998
4.45754
4.60756
4.18029
3.90065
4.14728
4.36698
4.2641
4.90573
4.80008
4.76174
4.7142
4.87646
4.78313
4.88302
3.46663
3.70819
3.54593
3.78876
3.65958
3.77412
3.62918
3.89641
4.21239
4.1771
4.09734
3.89857
4.14211
4.24924
2.26871
2.4959
2.59834
2.92636
2.81163
2.73669
2.62041
-1.61965
-2.00092
-2.4382
-1.48367
-2.07859
-1.82811
-2.63551
-4.52551
-4.36038
-5.62202
-4.89273
-3.84054
-4.6099
-5.73501
-0.237781
-0.248377
-0.335067
-0.12914
-0.078385
-0.103533
-0.236993
-0.125296
-0.10162
-0.240595
-0.155701
-0.00476477
-0.236411
0.202398
-0.0565124
-0.0057836
-0.0816068
-0.0544339
-0.140135
-0.109438
0.155917
-0.0380394
-0.0619808
-0.164846
-0.322794
-0.104547
-0.0595748
-0.220507
-0.0197941
-0.56444
-0.126259
-0.148085
-1.31699
-1.25607
-1.30427
-1.10229
0.839772
-2.11191
-1.57677
339.874
1808.06
2761.04
2756.27
2745.52
2665.9
2669.45
0.844415
0.598107
0.305421
0.627561
2.5385
1.68017
323.259
1.08778
32.1362
-4.60129
-3.61505
-2.34981
442.787
-2.42698
-0.131089
-0.214935
-0.0552126
-0.0704959
-0.0616534
0.124335
-0.0234988
0.698293
0.313979
1.51283
-0.242115
0.575927
1.51214
4.12395
0.0634529
0.0867638
0.127742
0.102843
0.123668
0.180356
0.157303
0.185801
0.202612
0.158431
0.131844
0.125139
0.162365
0.177759
0.14024
0.129721
-0.0766569
-0.0511787
-0.0382317
-0.0234215
0.0164717
-0.0278406
-0.0524384
-0.0556165
-0.0609466
-0.0329305
-0.0466314
-0.0554812
-0.0279638
-0.0484201
-0.066935
-0.0528279
-0.0886801
-0.0715086
-0.0766209
-0.0936864
-0.0916951
-0.0741629
-0.0880797
-0.0802642
-0.0651023
-0.0702553
-0.0778053
-0.0722017
0.0175204
0.0120758
0.0167923
0.0168311
0.0244952
0.0205338
0.015239
0.0513496
0.0504501
0.0472122
0.0468179
0.0398863
0.042206
0.046487
0.0732709
0.0797544
0.0706994
0.0705403
0.0699494
0.0682298
0.0747945
0.0635074
0.0695865
0.0681652
0.0697675
0.0864363
0.0676646
0.0697217
0.0624367
0.0610547
0.0894125
0.0973195
0.0993207
0.0993522
0.115224
0.111827
0.10373
0.100157
0.0834992
0.0939921
0.147031
0.131967
0.129286
0.123933
0.132702
0.114134
0.12495
0.124582
0.126522
0.112886
0.129568
0.141399
0.130605
0.12144
0.136405
0.147911
0.138761
0.170616
0.188869
0.177405
0.167046
0.173311
0.183414
0.15904
0.150603
0.16166
0.168505
89.5237
369.597
14.9063
15.0141
15.478
75.0512
7.85176
108.584
75.9684
136.237
340.874
387.309
173.976
218.789
790.685
632.547
686.255
641.753
537.312
716.229
728.787
496.503
515.035
629.074
371.646
403.082
480.779
550.651
301.119
38.7494
76.4237
526.429
237.991
422.632
290.19
457.694
501.404
524.73
512.77
117.949
277.069
6.05783
5.98415
6.02074
6.02067
5.96249
6.0337
5.98947
5.97366
5.89684
5.94857
5.94011
5.88503
5.96769
5.92926
5.84514
5.91406
5.92448
5.89526
5.93343
5.8925
5.83627
5.90393
5.89741
5.82958
5.91363
5.98026
5.93247
5.88285
5.61188
5.71427
5.70298
5.79559
5.7321
5.75284
5.69866
5.70475
5.57489
5.67317
5.70334
5.62239
5.72521
5.67851
5.72302
5.61186
5.67941
5.75425
5.68434
5.79678
5.77583
5.73014
5.6616
5.73635
5.79882
5.90591
5.8512
5.86621
5.81632
5.84866
5.76851
6.00092
6.0833
6.06696
5.94844
5.97005
6.05794
6.04673
3.22216
3.31462
2.99518
2.96249
4.71014
4.44513
3.72654
0.744745
-2.66116
-1.76633
2.04127
-0.712649
-1.70515
-0.163347
-2.90649
-2.10545
-3.09874
2.17205
-4.42969
3.86465
3.77729
3.43178
3.4056
4.87818
3.39703
4.03288
1477.49
1362.22
2483.12
1906.85
1417.37
147.802
2095.35
-3.18487
-3.12332
-3.36903
-3.35271
-2.59608
-5.86661
-6.8908
-0.367989
-0.271903
0.545958
0.313883
0.21816
0.0925974
0.232362
-0.0452292
-0.136902
-0.0504964
-0.080668
-0.0326326
-0.0646148
-0.0202912
-0.0769897
-0.0468007
-0.0683794
-0.0775172
-0.0241718
-0.0969643
0.0201679
0.0056675
-0.00319427
0.0338514
0.0359398
-0.00752616
0.0106152
0.00418923
0.0173935
0.0225083
0.0285752
0.0300063
0.0356662
0.142549
0.144711
0.115693
0.123806
0.130335
0.0978945
0.0842794
-0.00673554
-0.000833135
0.000286671
-0.00920724
0.00118943
-0.00082362
-0.00944024
-0.0248473
-0.0307615
-0.0317308
-0.0256042
-0.0220627
-0.0269513
-0.0296401
-0.035389
-0.0413516
-0.0401211
-0.0323673
-0.029312
-0.0370018
-0.0375436
-0.0362426
-0.0327611
-0.0309755
-0.0254985
-0.0263249
-0.0272767
-0.0285972
-0.030778
-0.0331685
-0.0138278
-0.017402
-0.0131691
-0.0120288
-0.0140718
-0.0122422
-0.0113096
0.015734
0.0152966
0.0212646
0.00897097
0.014838
0.0126791
0.0173703
0.0234176
0.0249312
0.0255925
0.0250147
0.0130159
0.0137812
0.0106544
0.0163769
0.00739631
0.0138766
0.0349898
0.0326258
0.0303001
0.0300546
0.0400291
0.0171605
0.0491305
0.0466589
0.0613256
0.0446269
0.0401494
0.0470985
0.0492983
0.0549997
0.0485431
0.0452465
0.0758289
0.0729107
0.0828426
0.0596361
0.0551712
0.0615496
0.0666631
0.0645584
0.0605939
0.0568115
0.107656
0.11458
0.0999871
0.0893832
0.0837702
0.0977707
0.0936449
0.45482
-1.65038
-1.27774
-1.77993
-1.96333
13.9704
1.72592
1.00987
1.049
0.36435
0.864955
1.92733
2.99811
3.39759
-0.600589
67.2984
-1.96176
4.6717
-1.23767
-0.265861
9.97126
44.8563
1.5057
-1.58255
103.386
144.584
-5.07838
-10.1764
-6.42207
327.124
143.505
407.783
409.906
398.119
412.378
397.051
409.419
415.323
369.799
238.821
421.702
232.482
61.8496
226.146
366.056
497.131
356.046
277.28
3640.1
1705.62
2623.21
2296.43
1349.77
3636.89
2689.04
1541.09
584.761
2075.99
1211.63
1912.3
2150.82
1031.34
638.125
476.619
494.795
556.571
-163.143
260.57
1181.58
4685.97
3102.17
6.2596
6.28934
6.25502
6.2386
6.18827
6.21041
6.25577
6.25327
6.27526
6.31415
6.17368
6.13636
6.12089
6.13953
6.18212
6.11805
6.17492
6.33166
6.32425
6.33861
6.30575
6.32331
6.3359
6.3239
6.33353
6.33763
6.3323
6.33719
6.32752
6.33167
6.33566
3.52818
3.77946
3.98328
4.23921
4.39386
4.2847
3.88171
2.19704
2.0691
2.59046
2.60152
2.40297
2.9642
3.07299
4.22872
4.55364
3.25403
4.77124
4.37309
4.19083
5.06025
4.05558
4.28389
4.20247
4.09536
6.91861
4.07731
4.07242
0.0779021
0.299517
0.343257
0.397683
0.41189
0.260296
0.280959
-0.0573995
0.161646
0.375208
0.122146
0.26685
0.364832
0.360589
0.32648
0.411391
0.265062
0.831146
0.951692
0.670686
0.68882
0.746773
0.664004
0.0982229
0.155691
0.129197
0.15963
0.217543
0.189077
0.145233
0.0354483
0.0417886
0.0228531
0.0246491
0.0109085
0.0261138
0.0100632
0.0252442
0.0203225
0.0322962
0.0203738
0.00333382
0.0217438
0.0121905
0.0175792
0.00398288
0.0219744
0.0178629
0.0167885
0.00566821
0.00155209
0.00472156
0.00605328
0.00728544
0.00852769
0.01014
0.00633611
0.0061891
0.00351131
0.00472188
0.00493334
0.00156209
0.000229027
0.00257678
0.00159148
-0.0114601
-0.0123491
-0.0128003
-0.0102423
-0.00990121
-0.01106
-0.0107296
-0.00996542
-0.00926865
-0.00932235
-0.00843112
-0.00913148
-0.00847041
-0.00972881
0.00303387
-0.00619771
-0.00620471
-0.00596467
-0.00513354
-0.00948619
-0.00727815
-0.0069272
-0.00608666
-0.00380729
0.00818379
-0.00188692
-4.30813e-05
0.00236437
-0.00838223
-0.00248553
-0.003887
0.00215371
0.0101073
0.00260087
0.000399398
0.00020963
-0.0011323
0.0178316
0.0145515
0.0188695
0.000206561
0.00733928
0.00344079
-0.00355373
0.00315307
0.00264967
-0.00468554
-0.0231142
-0.00675588
-0.0187286
-0.000644767
-0.0148521
-0.00421237
-0.019727
0.0555953
0.032618
0.0414157
0.0441994
0.0273504
0.0292069
0.0460514
-0.0669059
-0.0522174
-0.0333563
-0.0594065
-0.0821972
-0.0628522
-0.0453998
-0.0424876
-0.0468473
-0.0358264
-0.0754988
-0.0567069
-0.0764716
-0.0629134
-0.363817
-0.264407
-0.0645919
-0.187816
-0.157023
-0.311875
-0.263541
-0.742618
-0.819792
-0.658251
-1.18253
-0.963725
-0.722532
-0.867166
-0.390287
-0.416909
-0.464053
-0.553331
-0.414958
-1.75664
-1.64635
-1.79354
-1.90588
-1.83345
-1.81019
-1.81462
-2.49194
-2.28745
-0.629434
-1.97211
-1.95905
-1.02797
-2.39102
-2.08021
-2.16187
-1.65718
-2.06352
-1.98117
-1.58227
-1.65344
1754.23
939.753
801.678
580.054
969.925
1192.29
405.05
508.457
132.657
408.498
-601.274
166.05
898.888
154.25
465.346
89.4801
418.61
816.281
800.551
537.212
601.249
841.38
792.399
670.394
125.923
368.225
6.58682
6.6344
6.61786
6.6712
6.69977
6.63821
6.66141
6.55587
6.57574
6.54177
6.51016
6.54437
6.48313
6.52432
6.39577
6.39825
6.35865
6.45369
6.41845
6.43263
6.39744
6.55636
6.56486
6.60441
6.3332
6.37455
6.3934
6.33506
6.38487
6.38408
6.39876
6.37911
6.37296
6.33954
6.41081
6.4395
6.39633
6.37893
6.33981
6.41114
6.37913
6.44569
6.41472
0.349105
0.151093
0.90371
0.221872
0.362742
0.957651
0.0414091
0.0802917
0.128282
0.0363381
-0.0390902
0.00560556
0.00751465
0.636688
0.0868492
0.0698571
0.0918435
0.0936037
0.112332
0.100371
0.0836535
0.0101232
0.0158784
0.0111754
0.0234029
0.0269463
0.0287826
0.0195763
0.0169264
0.0224347
0.0241861
0.00657296
0.00246557
0.00730873
0.00709827
0.0123376
0.00632385
0.0032918
0.00529685
0.0086784
0.00558453
0.000954401
0.0053792
0.000698482
0.00254823
0.00168378
0.00147286
0.00187018
0.00301117
0.0024201
0.00434919
0.00309086
0.00451463
0.000777804
0.000345991
0.000817278
0.00180851
0.00141885
0.000830289
0.000380733
0.000559652
0.000957922
0.00102797
0.000247732
0.000586397
0.00135242
-0.00669029
-0.00520839
-0.00555541
-0.00503439
-0.00559007
-0.00597807
-0.00473391
-0.0101196
-0.00512465
-0.0105822
-0.00933029
-0.00868452
-0.010205
-0.00595793
-0.00371
-0.00815454
-0.0113575
-0.00885989
-0.00747876
-0.00832397
-0.00853657
-0.00436062
-0.00217925
-0.00421177
-0.0226308
-0.0183145
-0.0165606
-0.0216968
-0.0242374
-0.0207291
-0.0183429
-0.0144845
-0.012625
-0.0114768
-0.00840853
-0.00966771
-0.0107469
-0.0121473
-0.00595721
-0.00880915
-0.00639607
-0.00658226
-0.00319177
-0.00847925
-0.00548143
-0.0120646
-0.0115768
-0.0125889
-0.0198999
-0.0183788
-0.0157944
-0.017237
-0.0101454
-0.00404025
-0.00936671
-0.00213892
-0.00829096
-0.00671333
-0.00164209
-0.044532
-0.0365213
-0.0469424
-0.0496705
-0.0428466
-0.0484349
-0.0561474
-0.0226837
-0.0152633
-0.0271228
-0.0312669
-0.0204434
-0.0210539
-0.0316191
-0.0824785
-0.0956582
-0.0828388
-0.0796303
-0.0644108
-0.0752832
-0.0857442
-0.0263362
-0.0401707
-0.0325756
-0.0322489
-0.0433996
-0.0400071
-0.0292477
-0.0474954
-0.0523902
-0.0644442
-0.0780221
-0.0783764
-0.11951
-0.108423
-0.122932
-0.125789
-0.129214
-0.128869
-0.120305
-0.130206
-0.125301
-0.0642799
-0.0675926
-0.0779527
-0.0952873
-0.0906323
-0.0684266
-0.0713635
-0.0867587
-0.0851536
-0.154483
-0.142943
-0.161584
-0.173896
-0.179635
-0.163231
-0.168058
-0.243003
-0.253881
-0.240497
-0.298437
-0.289753
-0.268353
-0.272258
-0.280462
-0.234683
-0.272602
-0.222334
-0.216697
-0.248024
-0.257143
-0.553052
-0.469099
-0.584647
-0.444675
-0.426655
-0.510364
-0.492971
-0.587458
-0.774124
-0.618714
-0.507577
-0.587018
-0.83935
-0.675946
15.3819
24.5748
40.2344
98.1469
48.6885
404.589
37.5759
320.492
448.317
690.679
638.854
638.24
614.047
682.462
768.738
761.689
683.133
935.347
915.7
667.54
772.63
770.321
698.763
673.65
717.402
685.74
433.151
474.276
435.599
414.964
403.89
436.234
418.282
602.91
525.01
546.938
539.118
545.989
580.846
654.838
535.115
491.3
394.62
431.376
503.651
524.929
421.318
437.653
273.232
286.224
285.267
174.842
225.706
250.472
244.939
12.1468
8.95611
12.1753
10.8508
9.46687
59.8271
25.2846
9.14006
12.7505
7.18876
7.49222
7.84857
7.31252
7.64633
7.90392
7.77903
7.63238
7.80516
7.38195
7.47469
7.42777
7.41253
7.38798
7.38633
7.42392
7.34041
7.34798
7.33752
7.36199
7.32342
7.36226
7.29034
6.94777
6.89351
6.93892
6.96639
6.93439
6.88658
6.92789
6.96479
7.00302
6.93919
6.92839
6.89056
6.92972
6.96359
6.79473
6.7498
6.80977
6.82808
6.79663
6.82699
6.86074
6.75844
6.80229
6.79846
6.80396
6.8306
6.7772
6.80529
6.79026
6.76208
6.80893
6.85684
6.82756
6.64666
6.68947
6.69904
6.68037
6.70817
6.70632
6.74216
6.62494
6.66847
6.67979
6.66172
6.62563
6.79595
6.80191
6.75727
6.82768
6.85687
6.82629
6.79936
7.05826
7.02845
7.08255
7.07345
7.04662
7.02387
7.05807
7.17486
7.12439
7.15237
7.0946
7.05351
7.12594
7.10341
8.94199
9.19558
9.22128
10.5365
10.5239
10.265
10.1807
211.561
210.418
213.965
24.9725
22.4602
44.7541
20.0134
15.0535
39.6404
19.9753
15.2214
14.7535
15.8824
132.561
193.878
197.133
188.936
183.556
200.813
206.051
7.39419
7.41418
7.38379
7.39062
7.36189
7.34907
7.37984
7.40845
7.42144
7.41709
7.3571
7.39204
7.40153
7.41771
7.49681
7.53382
7.75409
7.44016
7.51377
7.51644
7.46709
6.03103
5.96418
6.00247
6.01497
5.97149
5.94361
5.99951
5.89409
5.92716
5.8591
5.90814
5.92609
5.823
5.80648
6.02054
5.99309
5.99151
5.96131
6.01908
6.0028
5.97134
5.98832
5.92767
5.99337
6.0055
6.0435
6.13526
5.87874
6.01268
6.11803
1590.88
1561.89
1319.13
491.149
1184.93
1596.31
1333.14
1111.92
1069.52
668.01
657.986
947.422
1469.43
1584.18
938.504
928.931
1264.24
1691.11
937.864
1598.62
162.964
0.503192
503.401
0.535739
-0.241996
1.24561
23.3451
388.626
-0.81982
0.0274891
-0.420748
-0.194343
-0.645769
0.40303
0.0872541
0.413342
-0.102874
-0.566503
-0.560626
-0.168654
-0.184436
0.370689
-0.47137
0.501348
0.446642
-0.127891
-0.115459
-0.132645
-0.0896144
-0.0660041
-0.0996447
-0.111075
-0.0200818
-0.0202839
-0.0269496
-0.0228044
-0.00586577
-0.00483734
-0.0173561
0.0300041
0.0369365
0.0226243
0.0268357
0.0295462
0.0136039
0.0169048
0.00859471
0.00305205
0.0070875
0.00736397
0.0109421
0.0105002
0.00623357
0.00222948
0.00301569
0.00535403
0.000939319
0.00457489
0.000507974
-4.65597e-05
0.0021189
0.000244184
-0.000573473
2.1981e-05
0.000961078
9.47522e-05
0.000510075
0.000693487
0.000240119
0.000657395
0.000518234
0.000460055
0.000210424
0.000492073
0.000503442
0.000382372
0.000373944
0.000750238
0.000167833
7.54739e-05
0.000333389
4.82582e-05
3.9542e-05
0.000614283
0.000594025
0.000761687
0.000180024
-0.000353409
-0.000268837
-0.000176589
-0.000268884
0.000592709
0.00139292
0.000118559
-0.00128344
-0.00196261
-0.00119222
-0.000336561
-0.00163769
-0.00268059
-0.00147139
-0.00116178
-0.00105211
-0.00181462
0.000302916
0.00602818
-0.000752429
0.00398735
0.000172635
-0.000629146
-0.00333828
-0.00418314
-0.00167559
-0.00411655
0.000595113
0.0016193
-0.00104245
-0.000398919
-0.0064524
-0.00518013
-0.00595224
-0.00613585
-0.0072984
-0.00664983
-0.00438768
-0.00538018
-0.00847874
-0.00689427
-0.01453
-0.00934556
-0.0108425
-0.00700604
-0.00593245
-0.00983412
-0.0110937
-0.0274499
-0.0294516
-0.0262345
-0.0228313
-0.0239447
-0.0273741
-0.0281078
-0.01662
-0.0169287
-0.0150619
-0.016309
-0.0199626
-0.0149923
-0.0171267
-0.0386833
-0.0376026
-0.0455102
-0.0467391
-0.0483686
-0.040764
-0.0417471
-0.0289803
-0.0294721
-0.0264931
-0.0288347
-0.0340352
-0.0337575
-0.0343605
-0.0383097
-0.0293134
-0.0270318
-0.0298834
-0.0326642
-0.0484983
-0.0425099
-0.0476479
-0.0575465
-0.0508514
-0.0456902
-0.0516118
-0.0476164
-0.0412259
-0.0479094
-0.0447889
-0.0499703
-0.0411536
-0.0462657
-0.113088
-0.106402
-0.0941244
-0.134242
-0.121854
-0.0760887
-0.0662649
-0.0743165
-0.078591
-0.0722574
-0.0648396
-0.0718829
-0.0744248
-0.0778692
-0.0886649
-0.0734417
-0.0620453
-0.07156
-0.0795769
-0.168049
-0.159084
-0.135314
-0.170739
-0.186707
-0.173004
-0.155834
-0.199202
-0.169732
-0.198171
-0.190841
-0.19941
-0.189151
-0.205493
-0.194503
-0.216596
-0.127704
-0.136615
-0.143283
-0.161382
-0.156946
-0.149018
-0.147725
-0.189059
-0.21021
-0.182781
-0.193091
-0.180778
-0.152012
-0.158262
-0.142561
-0.174551
-0.182062
-0.169769
-0.170637
-0.19031
-0.178887
-0.182443
-0.182524
-0.173669
-0.17673
-0.18258
-0.228324
-0.224738
-0.202694
-0.197735
-0.194212
-0.214145
-0.214263
-0.255333
-0.23962
-0.23246
-0.228988
-0.264126
-0.241508
-0.270851
-0.358546
-0.341571
-0.313718
-0.300129
-0.304492
-0.331634
-0.345109
-0.254112
-0.33115
-0.362659
-0.384687
-0.322052
-0.428631
-0.351191
-0.351477
-0.35
-0.395027
-0.336267
-0.29282
-0.434985
-0.453133
-0.490066
-0.472247
-0.46584
-0.546915
-0.522651
592.256
187.396
628.267
500.308
6.35429
60.9856
669.728
510.133
442.682
457.17
357.635
332.175
333.57
321.435
333.14
311.435
322.207
335.097
378.516
341.091
246.123
252.174
246.143
239.59
242.53
245.819
242.387
262.174
272.814
273.484
267.402
296.279
276.499
7.02167
7.04014
7.02245
7.00757
7.02734
6.99119
7.01798
6.93601
6.93446
6.89871
6.97313
6.94844
6.96114
6.93081
7.02606
7.05289
7.02325
7.06101
7.0359
6.87724
6.91392
6.9339
6.99561
7.02163
7.0355
7.14878
7.08112
7.0472
7.02293
9.52086
10.799
9.67335
7.12185
7.41349
7.79696
7.45702
7.21278
7.34485
7.48465
7.09349
7.61326
7.12645
10.3538
10.8806
8.87888
9.75932
9.63013
8.71764
197.741
189.808
199.762
213.72
207.2
217.199
209.183
227.601
225.399
226.277
224.89
225.842
223.385
225.311
225.804
224.087
225.227
229.886
230.915
231.431
235.921
231.337
231.993
230.781
228.979
226.469
230.725
230.487
228.806
228.188
246.768
248.786
256.063
237.943
238.721
243.426
247.853
252.269
242.129
242.003
236.598
218.785
199.369
242.581
242.365
224.429
219.411
8.66256
9.49693
12.2073
29.4867
82.8846
7.61206
7.21008
7.7076
7.77947
8.92572
9.07906
9.50397
9.7664
10.7571
10.6237
10.426
11.0173
5.91237
5.76633
5.87517
5.7431
5.84173
5.69506
5.82044
5.55068
5.66096
5.5934
5.69234
5.47993
5.59535
5.59278
5.78941
5.76288
5.86316
5.64237
5.92864
5.90934
5.92967
5.85826
6.01371
5.86356
6.6003
5.78043
5.52458
5.52818
6.09731
5.6763
5.39302
5.45741
5.87234
5.37841
5.77304
4.69262
5.51682
4.84165
4.93121
5.40807
761.68
1012.75
274.484
1047.81
216.531
996.073
887.705
-0.294286
-0.308838
-0.346857
-0.25004
-0.268691
-0.26365
-0.269484
-0.316068
-0.36737
-0.369841
-0.379469
-0.338135
-0.314114
-0.361982
-0.221111
-0.216369
-0.204441
-0.19923
-0.226678
-0.214186
-0.195526
-0.200085
-0.232769
-0.210554
-0.247162
-0.234947
-0.222577
-0.212735
-0.0450562
-0.0502546
-0.0616233
-0.0650719
-0.067075
-0.0575897
-0.0550947
-0.0678356
-0.070266
-0.0648459
-0.0541089
-0.0537814
-0.0576437
-0.057739
-0.0151634
-0.0185527
-0.020428
-0.017983
-0.0195088
-0.0175947
-0.0146192
-0.00943988
-0.00920585
-0.00936552
-0.0059428
-0.00827971
-0.00727085
-0.00636718
-0.00484604
-0.00346755
-0.0028693
-0.00518226
-0.00481036
-0.00422475
-0.00344383
-0.00503358
-0.00518361
-0.00656311
-0.00586454
-0.00699309
-0.00649515
-0.00592225
-0.00617491
-0.00689053
-0.00170563
-0.00137209
-0.00143627
-0.00255118
0.00170144
-0.00107888
-0.000544085
-0.000318314
-0.000971731
-0.00457812
-0.00624365
-0.00106031
203.841
204.403
204.206
204.538
204.203
204.558
205.232
205.434
204.461
204.577
204.787
204.942
204.71
204.283
204.976
204.788
204.391
204.103
204.474
205.339
204.126
203.144
-0.00338765
0.00570387
-0.00190325
-0.00128975
-0.000129548
-0.00100111
-0.00201469
-0.00115849
-0.00134929
-0.00211418
0.000683387
-0.00260406
-0.0012878
-0.599746
-0.604367
-0.739394
-0.728411
0.803259
0.337426
-0.293284
2791.81
2758.93
2819.06
2765.91
2718.57
2828.49
2824.36
2860.56
2855.48
2846.25
2841.68
2863.4
2789.99
2856.48
-0.0820097
0.00309153
0.0336418
2706.63
2814.8
2741.95
2750.41
2758.3
2753.47
2748.16
2749.41
2759.2
2775.1
2788.22
2757.78
2742.81
2750.78
2754.5
2759.31
2748
2742.36
2751.99
2755.24
2736.54
2757.46
2753.12
2762.95
2747.89
2743.36
2737.31
2745.93
2751.53
2747.13
2747.97
2776.15
2764.44
2750.48
2742.17
2715.04
2745.07
2742.18
2749.55
2740.46
2745.36
2756.43
2746.75
2746.94
2696.9
2739.8
2757.38
2233.55
958.216
2859.08
2848.88
2833.86
2865.97
2788.19
2782.65
2822.77
2855.45
2843.97
2850.33
2829.96
2823.74
2775.69
2828.51
-1.44097
-1.11211
-1.27871
-1.34813
1.3876
0.701547
-1.12795
2758.85
2781.76
2738.77
2814.15
2794.02
2813.53
2776.11
2842.75
2864.29
2800.9
-0.210875
-0.541707
-0.195555
0.122972
0.150654
0.0716009
0.113079
0.0659587
-0.047437
0.122098
0.0868548
-0.0792161
216.525
218.115
217.638
217.57
218.097
217.854
217.804
217.845
217.743
217.551
218.388
217.788
215.246
217.746
217.686
-0.00253794
0.265537
0.0624699
0.0294433
0.0130348
0.0677729
-0.851617
-1.86037
-0.773455
-0.968227
1.37173
-0.328452
0.011579
-0.108979
-2.98134
-3.44558
-2.31962
-2.52627
2393.25
2313.08
2298.6
2329.3
-1.09163
-0.191881
1390.42
1142.07
6.10412
6.12523
6.02233
6.03562
-0.716248
-0.734831
0.435201
-0.352657
-13.354
-11.485
-11.452
-9.85856
1.19189
0.732863
2.42775
1.9428
-0.33168
-0.270554
-0.226309
-0.163991
6.36548
6.37039
6.29516
6.30418
5.7862
5.80438
5.1962
5.02199
-0.131068
-0.134705
-0.127035
-0.138013
1.95899
2.14157
2.80293
3.06793
1.9201
3.01055
0.0339388
1.23527
5.92196
5.96236
5.94351
0.871492
0.611679
0.953893
0.124875
-0.204438
124.595
8.75738
152.245
-0.191984
-0.206156
-0.171578
-0.182
6.05736
5.98012
5.91598
5.80084
5.62832
5.55339
5.80335
5.75506
0.533594
0.588226
0.653447
0.134425
6.37712
6.40694
6.35849
6.37625
-0.34302
-0.427682
-0.32323
-0.318036
-2.72473
-2.66438
-1.38903
-1.52473
-0.471264
-0.40827
-0.391342
-0.323429
-1.92895
-1.67856
-2.57086
-3.00587
-0.335189
-0.361837
-0.244634
-0.269745
0.0607277
0.0523224
0.0880866
0.0783326
0.0256353
0.0327249
0.0465368
0.0535575
-4.68594
-2.37244
26.9481
3.39355
-0.0237865
-0.0176299
-0.0181372
-0.0125346
-0.130242
-0.10504
-0.104482
-0.0299566
-0.0253823
-0.0349559
-0.0278534
20.5814
11.0345
9.23337
5.92891
20.5499
47.1293
18.3228
82.3249
3.33216
3.45283
2.89688
3.03592
166.11
142.93
360.338
328.037
0.578986
0.539912
0.547525
0.518025
0.212205
0.194151
0.222418
0.205343
-0.00216992
-0.00078992
-0.00470724
-0.00329586
0.00933743
0.0132387
0.00901512
0.0132771
0.637626
0.457562
0.507814
0.371963
7.55862e-06
-0.00120165
-0.00175998
-0.00133575
0.181009
0.167444
0.179147
0.163679
19.3682
7.96855
48.3797
10.4306
-0.245612
-0.31642
-0.186342
-0.203591
-0.0126097
-0.0128298
-0.016443
5.36255
5.15889
-0.503597
-1.15639
0.545146
1.00094
-1.88201
-2.02328
0.122875
0.0466422
0.0545539
5.4192
5.40842
5.14229
5.23728
-0.457219
-0.545263
-0.552076
784.373
93.5953
90.0031
2.00511
65.9123
1.21732
7.49677
7.43175
7.4166
7.35831
7.38349
2.12542
2.13219
1.17347
1.4982
0.539449
0.244482
0.529105
-0.12688
1.36259
0.988202
-0.191114
-0.890319
4.99287
1.20485
-5.46417
-0.114192
429.77
5.24658
224.8
-0.230902
1.54189
292.871
-0.294449
0.235726
1623.33
6.09032
0.00900258
0.140395
-0.132634
229.417
268.715
-0.214197
-0.0242447
61.7524
-16.049
13.9943
-0.00198069
-11.0131
0.755524
0.00649911
3.58395
2.59382
0.482625
-0.104968
961.568
6.12324
0.921361
-0.135785
174.443
4.71818
201.968
-0.715762
18.8228
127.03
186.327
-14.6686
790.287
206.274
206.463
1.58464
214.429
1.47991
220.155
131.204
142.207
212.843
186.212
0.46987
0.443635
0.399097
2.09279
0.375729
0.606849
5.58762
0.421609
0.705088
0.573775
0.417552
-12.8043
0.817235
0.927634
0.295382
0.588278
0.663993
0.874346
5.96491
-0.0823072
0.408626
0.544082
0.367709
1.8103
0.624812
6.06335
0.454121
0.397296
0.379416
0.329357
5.33427
0.377393
0.46768
0.369459
0.340514
437.249
0.490827
8.88102
0.494191
0.600447
28.5463
0.486439
6.04684
0.476168
0.512359
0.278722
0.462932
0.612771
0.617494
0.732993
0.591234
0.987489
0.42502
0.0167037
0.0136809
2.21802
1.51797
0.870829
0.666806
0.507415
0.50528
0.825297
0.362099
0.672249
0.337434
0.257688
0.188605
2.0308
0.659399
0.617512
-0.0104628
0.442924
1.09866
-0.0103809
5.53757
157.312
0.450848
267.025
56.9797
1.97323
2.22718
-0.00530436
197.888
1.77076
0.865559
0.760569
34.7824
399.514
7.23758
332.631
489.002
6.91989
426.86
-0.0173336
0.970664
175.969
0.640081
266.222
3.04786
-0.544342
-0.00256201
4.49825
-0.157879
-0.0959569
46.7509
-0.179908
671.078
530.38
726.304
0.098876
-0.126285
-12.8982
0.168811
0.262013
0.181958
371.006
0.585237
843.483
318.497
428.068
764.25
75.0604
103.213
1.50395
396.487
130.447
471.237
1.07952
0.817509
1.81963
0.850595
0.331819
0.621272
0.646743
1.35278
-0.00400335
-0.00144373
2.75071
0.130133
-7.56989
-1.99072
-2.16761
10.8687
298.486
0.104886
-2.20532
0.00127576
4.24539
370.937
2.68031
219.586
220.474
6.13929
314.806
102.905
29.6104
34.2617
41.2098
283.811
6.20204
-4.63171
-4.16205
-0.757238
7.19679
-1.58634
-0.00360868
1.50605
-0.0546722
-2.12515
-2.77416
-0.628968
-2.40861
-0.094409
-0.059989
615.329
0.0542375
540.239
40.4072
106.74
117.19
101.584
36.9531
476.117
-5.49602
0.460995
0.101735
-6.12761
-6.03386
-0.719847
28.7948
164.351
418.518
189.472
391.749
78.4892
89.593
0.0655837
120.265
7.2042
2.85615
180.829
297.203
662.712
-0.130356
5.46641
811.047
6.19406
149.825
10.1664
68.887
80.3703
29.698
543.864
854.639
2492.97
68.0854
-0.305655
341.693
0.0528533
0.0157841
-0.194717
-0.18714
-0.193497
-0.189297
2.5401
-0.219128
-0.207476
-0.0915419
0.393694
0.0833643
-0.150143
-0.147466
-0.189595
-0.164516
0.0504582
-0.000117605
0.0703266
-0.0289066
12.1977
0.115866
1045.81
399.91
-0.121305
114.818
-0.0456158
2.14771
-0.179637
78.7153
-0.607385
5.7076
6.40627
-0.42733
913.798
1048.57
-0.698382
-0.0582407
888.099
-0.566818
-0.0732047
-4.25849
-0.729692
5.79391
6.63292
-0.0899445
1031.71
-0.0758144
121.127
-0.100649
-0.545175
107.104
1.5208
0.192077
7.0606
5.96032
475.702
850.772
-1.34222
-0.498831
0.158309
-0.198061
-0.589797
-0.429877
-0.505065
-0.244144
1056.8
6.47825
-0.867042
0.177619
-0.0204584
1.09221
355.261
7.48079
210.93
0.0101619
0.121068
250.036
-0.584702
6.23631
-0.0271286
6.07738
0.538017
6.3112
0.962784
901.122
-0.605488
217.571
422.604
5.64471
0.319265
146.756
0.562013
-0.143722
-0.786033
1.01858
-0.132793
-0.303448
-0.224165
103.228
82.4682
-0.208365
-0.130937
-0.0325977
-0.0826276
-0.108349
-0.147971
-1.68582
-0.191566
-0.209522
-0.165687
-0.253293
-0.125075
1085.76
-0.263855
-0.146598
6.53638
-0.118649
-0.0563282
-0.0414542
0.502661
7.38806
-0.101491
-6.06422
43.16
-0.00623923
-0.106708
-0.145997
-0.120772
-0.159954
-0.125132
-0.182926
-1.95583
-0.143848
0.0978698
-0.0761173
-0.164634
-0.0256443
446.87
-0.0244418
-0.00691578
1615.28
5.7318
-0.04833
0.10029
0.0238596
0.0542656
-0.0958571
-0.174849
-0.0226876
-0.723188
-0.0009535
-0.00555654
0.225688
0.00661044
-0.0135043
-0.0174388
0.0820118
0.0519712
0.205246
0.0145639
0.111248
-0.703709
6.30219
0.00194614
0.0914565
-0.0994714
5.84443
0.12344
-0.0623327
0.089514
0.0220791
-0.0420925
0.0498485
0.131705
-0.202028
-0.109891
0.321995
0.215499
0.124466
0.0778505
-0.0397378
0.111213
-0.33094
0.0279613
0.169919
6.08572
0.219545
-1.02927
0.208095
0.138587
-0.0218734
-0.858101
0.484419
0.659402
0.2816
0.256433
0.30675
0.310897
0.237904
0.296623
1.13512
-0.00250478
-0.040363
0.340326
0.239784
0.447546
6.08216
0.30217
6.49203
0.200441
46.158
5.65312
0.0868306
0.128132
0.151593
0.200234
0.137501
0.135069
0.182856
7.08727
0.217364
-6.22237
0.244633
0.254353
0.164637
6.0977
0.151548
-0.302941
0.299595
-0.114657
0.30814
0.199307
0.319686
0.33001
1.22953
5.50971
0.0730285
0.0505566
0.0624155
0.0298403
0.0477034
221.63
0.403035
0.0559869
0.0976342
0.0306369
0.0370985
0.0470617
0.0781374
1.50544
0.139355
0.114933
0.0235121
2387.15
234.327
0.608544
0.0876808
0.0634206
0.0604663
7.36339
0.100254
0.0362512
0.720163
0.0315028
0.0377437
0.039993
0.376335
-0.0837248
10.1885
0.0516182
5.89465
0.0466707
5.91673
0.0406058
0.0193305
0.00960953
0.0134262
0.040656
0.0227229
0.00802154
0.073549
-0.0084755
-0.00355525
6.66291
0.093713
6.33019
-0.0174961
0.0119152
-0.0306541
-0.00522445
1.11914
0.00246309
0.294917
7.3454
0.443756
1.619
0.149184
-0.00572238
-0.00154119
0.0125258
0.497683
-0.00900796
-0.00986239
-0.0116294
-0.00674211
-0.00810051
-0.00686335
0.237602
-0.0094835
-0.00667449
0.126808
-0.00736944
5.67095
-0.0107332
-0.0095983
-0.0104148
-0.0100835
-0.0164224
-0.0140657
-0.0224544
6.08147
-0.0110533
-0.0137306
-0.0126949
-0.0428673
-0.0176144
-0.00180648
-0.0183762
-0.0214896
-0.00376492
-0.00978127
-0.0338197
-0.040131
-0.0208474
-0.0108157
1.25169
0.00621685
0.00422193
-0.00647207
-0.00885466
-0.0503162
0.00786885
0.0148332
0.0499229
-0.103005
-0.113624
-0.101701
-0.129114
-0.154355
0.632462
-0.0767907
-0.0714184
-0.0122677
5.93278
6.40396
-0.119628
-0.0657533
-0.113423
0.0254267
-0.0299231
-0.0320021
0.0181921
-0.0690927
0.00325943
-0.059343
0.0163187
-0.103077
-0.0406056
-0.619958
-0.164848
222.978
-0.00797499
-0.0515368
-0.0296169
-0.0827607
-0.0165941
-0.0662082
0.0583319
221.899
218.068
6.45273
5.40048
-0.00282613
-0.00102741
-0.00296369
-0.000747598
-0.0499289
-0.0575003
-0.0694109
-0.00275267
-0.00162229
-0.00153628
-0.00156118
-0.00092684
-1.26938e-05
0.00402286
-0.00302884
-0.00117447
-1.45791
-0.00119995
-5.11161
5.67511
-0.00600859
-0.0104723
-1.64816
88.4747
-0.000887941
5.33176
5.48937
5.14266
-0.00121257
-0.00696772
-0.00710487
-0.0029177
-0.00911349
0.011255
7.18928
-0.00376907
6.51565
-0.00379877
-0.00528577
2.19203
-0.000725449
0.0159125
0.00610358
0.0161101
-0.00072899
-0.00679387
0.0365873
0.0244669
5.95864
6.81123
-0.0163191
-0.00698151
1.17188
-6.78074
0.0215819
5.84004
0.0770414
-0.0292694
0.00343734
0.045682
0.0140763
0.000559483
0.00371938
0.0276863
0.0465131
0.0422791
1.02933
0.174395
0.678914
-0.245275
0.0392513
0.0674
0.0516286
0.0901345
0.0427167
0.0767859
0.0098538
0.0363396
0.135299
0.0197117
6.08662
0.0677693
0.049774
0.0214411
-0.00447302
5.73702
0.205543
0.264781
0.272057
0.326628
0.205399
0.164891
0.234064
0.190319
0.0306355
0.0325944
5.91877
0.37615
0.733795
101.431
-0.376754
0.277073
0.529507
0.425413
0.0362931
-0.0114381
0.17309
3.19044
1.09784
0.4932
221.165
1842.13
2120.53
8.55238
2449.39
1942.42
-0.00475568
6.81988
213.952
0.412263
-0.402033
0.280113
0.265494
-0.127129
6.14758
0.19445
-0.193104
807.729
0.0277837
-0.00838384
-0.00141976
-0.237043
379.247
2907.89
2823.26
-4.53594
0.443664
224.333
-0.296919
-0.412166
-0.494853
-0.180026
-0.237584
-0.265756
1.11344
-0.0694035
-0.226496
-0.262536
0.139733
-0.161467
0.983458
-0.231518
-0.188122
0.0787035
-0.500833
0.650717
-0.0867176
-0.267231
-0.240083
-0.151105
-0.0304232
1.24471
-0.176476
-0.191383
-0.106626
-0.0155053
-0.0502782
0.00678863
-0.00681093
-0.0411327
-0.419164
0.82567
-0.0469265
-0.28479
0.062895
0.075736
-0.0887292
0.031483
-0.278851
1.83144
-6.45148
0.621223
0.414923
-0.485506
-0.729339
1.58713
0.385165
-0.193091
0.265579
0.851137
0.0586932
0.276804
-0.420636
6.68377
1.0368
1469.64
1684.16
-0.076314
1.37411
0.576825
0.581673
0.262886
0.364532
5.10771
1551.12
0.546722
-0.474694
1581.57
0.395949
-0.427197
-0.63898
0.669518
1085.81
19.6425
1.29928
5.8217
-0.568911
-0.825476
-0.691984
-0.207306
1.47155
0.890078
6.40495
-0.196118
-13.6776
0.576028
1117.84
-0.899008
0.115147
-0.124318
-0.215337
0.0807892
-0.236112
181.471
0.733006
-1.03961
2.05814
11.2026
0.277668
1.1223
0.33939
-0.310468
0.0274427
4.29244
1301.58
2.63851
-0.0158079
-0.0975328
1256.64
0.102522
-0.856294
1302.29
1694.31
54.1446
7.3064
-1.24718
1594.65
5.48301
-9.25594
5.72117
5.7332
7.73455
4.73424
5.04256
5.56843
5.41544
6.02579
5.86628
1793.79
1597.88
302.77
3.27648
5.83403
-0.705331
1844.44
4.56689
1902.25
1797.34
0.212763
6.06704
5.8033
-0.14514
3.50762
1204.19
1255.58
-0.434025
0.00573706
763.425
2001.79
-0.056773
1.8029
1404.32
2.19859
999.19
0.018543
2257.47
4.04989
2120.49
-0.157665
2045.25
-0.800951
-3.49896
-1.21043
5.87053
3.50014
2.71132
5.58461
6.28725
2.08506
-0.0288238
4.6456
2242.67
0.258307
-0.275109
1508.67
5.678
4.58862
-3.75879
4.9287
2010.42
2.24753
1817.46
4.13715
3.11691
3.15794
-10.8365
0.695754
1.45735
-3.90162
-14.7328
-0.0686789
-0.484318
8.93671
-9.30989
-16.3255
5.64551
-15.1922
-14.993
-14.5125
-8.18549
6.87342
-14.9235
-12.9822
111.021
6.58598
4.32349
4.1285
5.7245
6.56768
6.55866
2.66787
3.50761
-15.7121
-10.0214
6.75186
6.74976
6.66719
6.60912
6.61749
6.71437
6.59861
6.66994
5.80134
5.95062
6.05547
9.79742
210.699
0.397045
-0.230622
6.59498
5.93192
6.36087
1.6085
2774.61
5.47296
0.232508
-0.131796
0.481729
-10.6234
6.3902
718.739
2834.35
0.0381052
-0.0352577
-0.642959
-1.50348
3.05135
-1.11219
-0.673858
-0.744689
-0.591366
1.69656
0.977262
2.03602
2.24466
0.817886
3.51655
6.38229
6.10068
-0.137333
743.915
6.02485
2157.42
2544.87
0.492291
1943.65
7.39192
5.89419
-1.84328
5.12368
-1.43012
2653.35
2563.12
1902.21
2664.57
19.0782
2212.87
2112.73
-0.0909366
-0.0176047
2444.17
5.37813
-0.117295
2552
2496.76
2.17721
-8.94618
2.5077
-1.04035
-0.00573028
0.196769
4.61285
-11.0835
4.08073
-9.89398
-10.4872
6.6926
0.336431
-7.76278
1.14555
-3.56903
-7.56315
-1.49265
-1.7369
-1.70331
-3.37625
5.44213
5.74244
-1.02831
-0.854255
-0.739046
-0.579521
-1.57342
-2.99436
-2.96509
6.29286
-0.383434
2853.95
-0.753592
-0.2088
1.61587
2805.06
-0.116352
-0.143794
2793.45
0.00152441
-0.0772413
-0.111417
-0.00325922
5.81742
-0.0325988
-5.00473
1.04536
-1.00335
-0.0810728
4.47914
-1.11599
-0.812852
-0.375852
-0.936507
-2.2706
0.19961
-0.222791
-1.44872
-0.386388
2.22861
-3.09037
-2.57367
0.0122669
-1.47505
0.00502015
1.26942
-3.48157
0.554655
-0.0218296
0.105275
-0.797975
0.142554
0.0906077
-3.17736
1.11716
0.754857
0.0250591
0.861748
0.656309
1.67715
6.05799
0.615327
6.41686
0.345613
0.338098
0.180294
4.35552
0.358078
0.121579
0.637546
0.45245
1.78688
6.79449
0.285138
6.12195
6.76343
0.518677
0.461747
-2.57028
0.997103
0.0576477
2442.49
-1.61634
98.927
5.82245
5.26346
0.165508
4.74431
5.28298
-10.3497
6.26371
6.258
6.34861
6.35144
6.09103
6.58747
6.53992
6.6285
6.56739
6.45145
6.49759
8.01729
6.76053
6.59302
6.82357
4.65873
0.170184
5.86547
5.76733
0.292952
5.84482
6.6179
6.31996
6.50199
6.57421
6.63242
6.36138
5.66182
4.48211
-6.15839
277.049
-6.81341
-10.9883
6.13742
1.47147
5.07462
4.46043
3.49896
0.0367988
4.52351
3.69656
93.7869
4.31999
3.59365
3.12255
5.86941
0.183627
4.45059
-7.52024
4.35687
4.44433
3.6738
2.34454
2.66046
3.74269
7.34025
0.732083
-0.283621
2.85165
6.51969
-0.00598013
3.54544
3.06752
-1.50014
-0.189849
-0.403124
4.1367
0.0266064
1.50365
1.10969
-5.98385
0.378215
2.40965
-0.111688
4.76978
4.12264
-0.00423728
6.65681
2.16428
0.134344
5.81143
5.37939
5.67591
5.0976
7.26347
6.20027
5.9005
6.0034
6.71581
6.37072
5.91911
5.57324
5.5258
4.51651
5.48752
1.17502
0.800693
-0.0158346
5.85012
6.09826
5.07286
5.79932
-0.0234251
6.26807
5.97311
-1.38659
6.37607
6.25048
6.22625
6.28698
6.26266
6.12214
247.917
6.27621
6.22141
6.43109
6.21866
6.38303
5.76524
6.15204
784.608
6.31776
6.30217
5.54869
-0.0322731
6.12779
6.10575
6.15313
6.26177
6.28611
-1.81735
6.26956
-0.0299143
5.95936
5.23247
205.621
-0.0247676
6.34557
6.3249
6.21173
6.25481
6.14713
6.28662
6.35802
0.321912
-7.61581
5.99164
6.33503
6.38043
6.34119
6.35248
6.32469
6.25222
6.32892
6.31403
6.30461
6.29854
6.25995
6.3124
6.23751
6.24681
6.32397
6.34583
6.82649
6.47087
-0.0355675
6.39653
6.41942
358.759
6.44989
6.44486
6.35209
6.10969
6.06446
6.0533
5.36522
4.61509
6.03622
6.27824
6.32145
5.79439
6.13859
-1.01226
5.77349
6.38432
6.1948
6.183
5.91832
6.35642
6.42914
6.42956
6.47955
6.48337
6.47534
6.5395
6.60352
6.6622
6.38351
6.34053
6.26352
6.57096
6.68269
-4.15822
-0.507526
6.73713
6.7737
6.92196
6.64562
6.7437
6.71952
6.63412
6.19174
5.49482
6.96708
0.230168
6.34098
6.65157
-0.122189
6.28436
6.69204
6.40424
6.45871
7.01662
-0.000560759
6.33202
6.57332
5.31399
6.51097
6.41817
6.55636
6.2375
6.51702
6.4404
6.69652
6.10207
6.32003
4.83328
6.96011
6.0017
6.96663
7.11672
7.02829
6.95545
7.1618
7.12026
6.23002
6.15529
7.06596
7.18773
6.52777
6.13103
7.14427
7.15076
7.22429
7.18016
6.55358
7.29486
7.46104
7.33799
7.31027
7.0961
7.11236
7.2597
-0.156711
7.23177
7.30325
0.375149
7.13842
58.7304
6.96924
7.30646
7.37826
6.91556
7.36877
395.267
217.165
221.723
220.209
466.08
6.17909
7.0339
7.25631
7.26034
7.39417
7.37346
5.28443
7.25748
6.79413
63.1861
223.288
7.25601
8.11257
39.4126
6.91757
8.52814
7.26348
645.4
943.337
5.32406
234.102
226.864
199.778
7.30226
11.6452
42.9964
26.2526
390.587
-0.206141
317.401
7.9729
7.37686
210.373
6.28494
7.08924
7.32101
7.40959
7.52735
7.27684
7.58928
7.22765
7.33244
6.64739
7.38024
7.17108
-0.00976399
6.93552
7.40888
7.38154
7.25424
6.73755
28.3014
95.4757
229.22
9.21543
8.07741
7.23245
5.96827
-0.00567126
4.05369
8.71467
7.45411
5.55251
7.64545
10.1753
18.6862
230.415
7.20962
37.2268
86.2065
259.616
314.77
6.097
7.63594
220.873
44.7077
11.23
11.4606
14.9673
9.5687
50.7872
434.255
130.328
27.675
163.758
201.583
8.29745
6.4614
5.86872
134.584
239.214
395.157
447.151
5.51339
414.485
270.181
213.954
7.19031
5.78722
5.5086
34.8385
47.7913
5.85876
5.62684
-0.0644585
614.643
278.354
535.457
4.78147
6.08673
371.306
411.579
583.701
5.87741
-13.5767
452.029
515.275
443.769
266.938
6.9606
544.816
672.751
673.396
5.60564
7.41415
758.019
582.252
659.147
475.502
0.672172
307.144
454.765
193.143
7.81774
224.194
456.316
479.557
187.381
405.626
6.33899
17.1164
5.83358
24.2074
5.6055
5.60458
268.792
4.87513
5.06627
38.5663
360.866
50.533
1957.84
0.16347
-0.115308
614.859
232.649
1.88623
250.187
10.0313
96.2935
1.2585
152.318
0.356648
-0.0027583
7.76953
17.0238
5.52456
5.44235
5.347
5.28514
7.28727
387.138
4.84094
4.77803
4.73489
4.72725
5.92342
-0.387224
5.72034
5.49597
7.61891
4.68512
5.61358
5.55709
129.368
5.61036
4.78902
5.43373
9.45771
13.939
4.86505
9.76025
14.6061
5.70754
460.478
315.41
536.062
135.164
6.97554
5.80894
663.197
-0.0460795
0.704605
337.68
-0.254416
7.61005
856.079
-0.477876
145.228
-5.71818
9.81714
-0.778976
766.735
205.921
-0.141372
5.78013
6.00994
-6.30644
418.112
0.608813
1405.25
6.80898
55.1251
636.876
5.77013
450.358
555.59
6.33538
-0.34591
5.41751
615.6
1036.66
65.2448
32.5947
1106.35
-0.186386
-0.15334
7.73991
3.85877
5.2797
28.1772
411.43
5.79735
525.248
5.08939
52.7309
5.94102
1.73846
160.111
5.893
5.91194
45.6244
1300.56
6.86526
5.74545
5.98199
6.02488
6.33351
1738.87
6.14378
-0.774475
0.606897
6.02113
1059.19
5.97927
5.74936
0.413135
5.71839
6.02801
4.58675
0.453804
6.0418
6.18894
6.21535
6.14009
-0.493503
6.29035
6.2888
6.22945
6.11524
6.10271
5.9033
20.0916
6.08506
6.5235
6.51996
6.47626
5.92208
6.40309
0.8066
6.11792
6.39895
912.633
6.4141
-10.3781
5.91159
6.31482
789.301
-0.235531
6.33312
6.2144
6.04106
6.04808
6.24633
6.00238
6.85888
6.80457
5.99078
6.10015
6.47192
6.02819
-0.157014
6.02795
6.29266
6.0735
6.49367
6.49107
6.29187
5.92229
6.10141
5.90901
31.0607
412.587
334.248
5.83356
5.86537
221.263
5.08756
5.86873
5.68319
5.78964
2.53424
0.112654
5.79394
0.0691932
6.05254
6.31358
6.38491
6.54626
6.21675
5.83561
5.94192
5.92302
311.516
6.0786
-0.00859225
5.8763
6.74256
6.03991
6.14418
-0.0103239
6.12397
5.95352
6.53889
6.22679
6.00189
6.12333
1573.98
6.10875
6.23696
6.15471
5.89047
527.65
5.66606
6.52346
6.54137
6.44523
6.20252
6.22156
6.21051
6.32803
6.23579
6.76121
5.9968
6.50716
5.77958
6.16761
5.98134
5.98263
6.56941
5.69011
5.84951
6.07154
6.07003
5.99763
342.143
727.825
5.95565
5.92597
5.89457
6.28617
-0.166205
5.59105
6.33983
0.372705
1166.51
47.8784
686.015
5.91985
3.7649
466.776
6.56918
97.1887
-6.20268
324.582
-1.10023
120.115
6.22937
31.9864
2168.94
6.19948
5.4783
14.5387
572.919
27.0104
11.9067
334.263
10.3805
558.579
314.199
-0.000105456
7.24107
2775.01
211.043
723.677
638.865
432.046
490.533
23.823
15.0121
602.583
30.4483
35.331
5.71314
5.849
480.329
5.42857
0.0201527
12.5027
6.94551
0.00271755
5.83935
5.9309
5.18764
6.31761
5.96982
0.0216794
7.3779
233.085
258.289
6.1192
5.04496
5.58042
93.8623
6.3132
4.32219
6.80155
44.5389
7.1721
3.69652
6.69477
54.3831
4.96738
232.088
8.39593
5.70435
5.22711
8.38702
754.045
2438.43
24.0797
7.40896
343.257
707.37
445.268
312.926
8.73708
7.16059
-0.521449
37.2422
857.373
218.095
8.9437
191.679
184.318
5.82737
15.6908
575.355
6.50061
69.1073
7.64084
780.342
7.11325
620.826
229.841
0.375635
7.16106
7.00655
5.32803
4.34427
182.453
49.2239
0.000270638
6.9205
7.10463
6.17696
6.63512
8.26072
6.84431
16.0322
6.35703
7.18395
26.2996
6.51516
6.54246
7.39485
6.25442
5.35483
6.30041
6.95655
6.38686
6.16694
6.60039
6.29078
6.00949
6.33912
5.78675
6.38584
6.30557
5.83082
5.98354
6.26492
6.65168
5.71977
6.41301
6.49556
6.30981
6.38558
0.637435
6.06646
6.53733
6.43165
6.31673
6.2651
6.2763
6.46759
6.70862
6.91159
4.22743
6.44299
6.32475
6.05596
6.59391
6.13206
6.50634
6.13588
-1.92154
3.64766
2.44695
3.48203
5.26936
5.38382
-0.503767
4.25284
4.27809
3.40704
223.282
3.43495
189.041
0.0803922
-0.00213065
-0.194343
3.83764
-0.00228954
10.0368
0.0298382
4.28106
5.96491
-0.0052901
1769.87
-5.76772
1657.8
0.9688
-0.0174162
-0.5249
6.36835
5.69728
-3.03679
6.57533
5.6581
6.0566
6.17565
692.212
0.230625
-4.30438
0.373784
1.26944
0.0557796
1.41627
0.163187
1.20657
6.0598
0.0529353
0.213811
55.8461
0.0972071
5.09931
0.458913
15.623
-1.04392
0.0975886
0.323144
5.94993
0.00997572
0.0760791
4.244
-0.234877
-0.00602746
1.33543
0.0363482
0.111227
0.46152
0.0082414
0.160789
-0.331083
-0.609407
0.00103322
0.233951
1377.78
126.781
0.901238
0.439782
5.44586
9.20872
-0.228021
0.118621
0.953022
-0.532633
1321.3
-8.07774
5.73044
677.295
0.10371
-0.0619216
-5.82293
3.02149
0.0674502
1059.54
-0.167999
2709.11
0.0326511
-0.140205
5.51884
-0.751667
1994.18
1779.1
-0.163851
-5.7142
1357.59
-0.260461
0.000601743
-0.0265929
0.0568527
2720.35
5.8697
5.80368
-0.934067
5.11793
-0.157005
0.00124952
0.0245684
-0.0112319
-0.0330003
2562.36
2797.16
508.016
-0.586182
0.289647
1.20654
-0.15433
-0.228698
6.50805
4.4837
-0.00422671
3.78453
-7.21735
-0.0896746
2154.98
0.0024045
-0.416428
0.00602247
-4.03306
0.00102841
0.048295
-0.0072275
0.362262
-0.00537362
0.00680381
-0.00923774
6.66839
0.00223503
4.86872
0.000123068
-0.00305737
-0.00177731
6.23579
104.502
-0.0019674
-0.00325559
2775.96
5.42463
-0.0188088
-0.0471465
-0.0393497
-0.0504574
0.024319
-8.82002
21.1248
-0.0462474
0.000257179
6.22214
-0.0265239
6.66392
-0.622835
-0.0117068
-0.00703829
-0.0866214
-0.0919812
0.00107535
0.146464
0.806241
7.32881
-0.00811033
6.01879
6.21821
6.74212
5.63609
-0.00547356
6.57021
6.22031
-0.0103774
221.978
-0.0204862
0.0872156
-0.960874
0.0405955
1.47785
-0.0132403
0.0869111
-0.00829547
-0.00732464
-0.0588318
0.0432477
-1.93179
-0.0350936
0.365393
-0.0149858
6.81274
-0.1756
6.26134
-0.10685
0.0945458
0.115283
-0.00850916
0.0747346
0.0708613
-0.0513575
-0.00528142
0.205803
-8.36625
20.433
0.15114
0.0938177
0.759678
0.275449
0.293048
-2.32915
0.216976
1.74758
5.24467
0.127404
0.264695
0.424935
-0.00809588
0.328802
0.323004
0.186959
0.166251
0.259184
-0.0156555
0.189319
-0.528076
6.10776
0.0747946
1.31896
-0.0402625
0.12251
0.778891
0.144847
0.491805
-0.0985444
-0.0343416
0.147603
0.249631
1.1683
0.677383
544.924
0.0619396
-0.00883263
-2.26893
-0.0729577
-0.147289
-0.279462
0.00765517
-0.162198
1809.48
4.33672
0.0514319
-0.186984
-0.130938
-0.202063
2.89576
-0.0923767
-0.136677
82.1976
-1.8195
-0.215466
-0.963038
-0.0592895
-5.95929
-3.97492
-4.91418
-0.168034
-0.224766
-0.0466284
3.9259
0.689531
4.42631
-0.117256
-1.5596
2790.89
5.85701
6.45541
0.0112145
1292.36
1099.53
-0.29834
0.251605
-1.04151
1550.56
447.282
469.811
81.3361
410.5
-0.135117
111.75
-9.13189
38.925
729.687
215.979
-2.77156
0.380815
220.615
581.226
-0.047103
5.59585
114.312
-0.0584968
-0.0968733
740.591
-0.334761
-5.75199
592.605
607.428
4.82498
1.80737
377.503
0.655734
6.18944
0.509396
-0.185788
410.073
1.12112
857.358
204.039
37.2075
820.805
408.111
-0.186467
379.573
46.2042
135.934
99.0714
31.6797
13.6495
22.525
11.5929
0.0684916
4.05132
1.67689
-1.99476
0.443202
102.505
0.509893
15.0988
0.821961
-0.311366
29.0581
208.604
0.680747
6.02031
0.678578
0.871671
227.637
-5.08825
0.503553
6.48615
0.269755
0.398522
0.660329
0.424302
0.0133968
0.331452
0.248954
6.11665
586.01
6.30858
6.67887
26.6272
6.72534
4.29639
1.05303
0.455003
328.784
0.183209
0.579063
208.774
0.85723
282.062
0.30092
552.239
2.56587
1.12941
0.249877
6.38945
-1.80121
96.8131
1.80126
0.819353
6.01403
0.684593
-0.0110043
1.32444
203.136
-0.0531584
0.342547
0.57924
1.34445
246.121
0.268579
425.319
0.16034
5.91184
24.0275
6.14023
-0.588675
584.746
0.749906
-0.576055
-0.0794065
-8.0553e-05
0.0439394
0.312485
0.065522
0.36355
0.00340804
0.0147806
1.42729
-0.00642362
-0.0180214
-0.020032
6.03793
-0.0391788
-0.0157416
0.00168103
-0.650301
6.81077
107.28
0.870571
2707.43
0.0482176
-2.57306
3.87883
-0.0788545
6.75185
6.56552
1235.29
-2.67193
2400.8
6.34956
-3.44833
6.03411
6.67245
2.72588
-0.139524
-1.79309
5.99082
-0.892681
3.43944
6.42732
5.67893
3.6664
-0.0214437
6.30868
80.9456
5.72081
-0.0185225
-6.06287
-5.47387
-15.3463
253.103
6.10923
5.54538
1165.49
6.40672
5.8965
-3.07925
6.41181
4.1921
6.27471
-0.209269
7.36384
6.17929
46.5905
1569.6
1.96131
6.20887
0.678774
-7.845
-0.140509
-0.136397
5.8904
0.256377
7.09299
0.306715
2771.32
6.19239
5.89102
374.272
5.89601
6.04002
-1.8533
-1.30581
4.37667
7.18961
0.0534014
6.83815
0.349721
0.0185832
5.83986
6.36671
6.39152
7.14669
0.413699
6.35362
-10.5867
6.56651
-0.00355422
1256.21
6.36381
6.47683
-3.60856
5.63495
0.0568281
-0.159672
-0.00849303
2782.98
6.30769
0.0158549
82.6846
-0.00711465
0.214837
0.819966
6.13442
-0.0213695
-0.184145
0.0162836
4.72008
-0.100228
0.086018
279.56
1.95082
6.76635
4.98909
6.46133
-0.110864
-0.181845
0.587042
0.405118
0.845377
0.44936
0.273806
642.585
154.396
-0.440304
1158.61
5.65306
0.206587
0.143343
6.23276
-0.239156
0.284399
421.831
6.19014
-0.0115696
6.13746
5.0728
2.41435
5.88217
6.02817
2.72257
-0.202713
2.61484
-0.0418683
)
;

boundaryField
{
    FrontBackPlanes
    {
        type            symmetry;
    }
    wallz
    {
        type            fixedFluxPressure;
        gradient        uniform 0;
        value           nonuniform List<scalar> 
97
(
2782.52
2733.65
2750.64
2807.8
219.62
208.634
-1.15121
208.706
205.19
1.30921
0.485635
0.780246
0.740151
1.05356
2.11428
215.08
245.838
225.848
2.94229
2.43905
1.71125
0.312529
0.363189
0.42124
285.333
362.6
474.703
4.62454
4.19542
3.56547
0.174052
0.217765
0.262327
626.957
743.784
5.44519
5.09845
0.0697675
0.100157
0.129286
76.4237
501.404
5.70298
0.0137812
0.0300546
0.0466589
2075.99
476.619
4685.97
6.25327
-0.00620471
-0.00248553
0.00215371
898.888
800.551
125.923
6.55636
6.3934
-0.0105822
-0.00595793
667.54
717.402
545.989
6.80893
6.69904
211.561
44.7541
-0.00333828
0.0016193
442.682
333.57
272.814
7.02325
6.9339
7.48465
10.8806
9.75932
225.804
231.431
246.768
204.942
205.339
-0.00190325
2706.63
2755.24
2739.8
2842.75
217.788
217.686
-0.00253794
6.09032
790.287
-0.00144373
221.63
743.915
-0.0176047
5.91159
)
;
    }
    outlet1
    {
        type            fixedValue;
        value           uniform 0;
    }
    inlet1
    {
        type            fixedFluxPressure;
        gradient        nonuniform List<scalar> 2(-5.2205e-05 -0.00023665);
        value           nonuniform List<scalar> 2(2762.95 2756.43);
    }
}


// ************************************************************************* //
