/*--------------------------------*- C++ -*----------------------------------*\
| =========                 |                                                 |
| \\      /  F ield         | OpenFOAM: The Open Source CFD Toolbox           |
|  \\    /   O peration     | Version:  v2012                                 |
|   \\  /    A nd           | Website:  www.openfoam.com                      |
|    \\/     M anipulation  |                                                 |
\*---------------------------------------------------------------------------*/
FoamFile
{
    version     2.0;
    format      ascii;
    class       volScalarField;
    location    "0.5";
    object      p;
}
// * * * * * * * * * * * * * * * * * * * * * * * * * * * * * * * * * * * * * //

dimensions      [1 -1 -2 0 0 0 0];


internalField   nonuniform List<scalar> 
6576
(
-377.588
-400.337
-368.553
-375.623
-384.874
-364.183
-364.153
-351.237
-370.848
-368.291
-368.225
-358.973
-346.408
-361.447
-272.304
-289.625
-325.764
-320.251
-294.084
-287.529
-327.47
-356.323
-365.174
-435.777
-265.636
-224.307
-150.809
-406.833
-406.278
-403.734
-395.556
-386.25
-347.979
-250.868
-232.966
-248.444
-275.517
-273.739
-265.32
-268.806
-304.362
-350.439
-298.737
700.801
372.427
1129.26
540.837
609.183
1108.26
1030.03
684.563
865.149
-3.44223
-3.16189
-3.33522
-3.74075
-4.54921
-5.25405
-3.97976
-3.64562
-3.56871
-3.55538
-3.47705
-3.55996
-3.75478
-3.55617
-2.76459
-3.00426
-3.04047
-3.2467
-3.04376
-3.3069
-3.13005
9.91876
5.09381
10.76
8.17062
11.1461
11.0067
10.0186
4.39242
3.57722
3.95058
4.24679
5.47663
4.10701
3.55158
19.2667
19.1122
20.4777
15.5969
14.4808
19.6509
15.7356
210.877
216.527
290.51
187.313
214.083
212.441
179.392
379.702
355.798
319.133
360.234
459.476
339.088
365.733
1117.78
1169.44
1200.26
1036.23
1231.76
1578.86
-3.08336
-2.96187
-2.45039
-2.56938
-3.14317
-2.33037
-2.85639
-9.27903
-34.5817
-93.6025
-84.3118
-7.77318
-33.798
8.50758
-2.51868
-3.06096
-2.95956
-3.32585
-3.13614
-3.47306
-3.3939
-38.2052
-42.564
-38.3225
-13.7854
-34.2333
-37.5206
-15.4339
-7.05631
-7.10424
-9.69225
-6.96808
-7.95706
-7.38738
-5.98512
-3.40317
-3.56739
-3.35771
-4.75733
-3.406
-2.46587
-3.31077
-3.68099
-3.74022
-4.38767
-4.26714
-4.12814
-5.90411
-6.65728
-5.22359
-5.95619
-1.94261
-1.70613
-1.97343
-3.0869
-2.30911
-1.15634
-1.97118
-2.96009
-3.00959
-3.83844
-3.27976
-2.90972
-5.02327
-4.55321
-4.42106
-5.45255
-2.3007
-2.20123
-2.38063
-2.31609
-2.33789
-2.59237
-2.1859
-2.32809
-2.48398
-2.37554
-2.34907
-2.24804
-2.51046
-2.19328
-2.55194
-2.44301
-2.66384
-2.55606
-2.41963
-2.72537
-2.63202
-2.57852
-2.55608
-2.35704
-2.18725
-2.3127
-2.41093
-2.59626
-2.37079
-2.2059
-3.08173
-3.19827
-3.24892
-2.96036
-2.90189
-3.19113
-3.32501
-2.69384
-2.65048
-2.55184
-2.58421
-2.67242
-2.65504
-2.58898
-2.55356
-2.55726
-2.45811
-2.56486
-2.52284
-2.41341
-2.46586
-2.3749
-2.32445
-2.31654
-2.4133
-2.48042
-2.30444
-2.33474
-2.01759
-2.12005
-2.10776
-2.14707
-2.14575
-2.06357
-2.04822
-1.79209
-1.78514
-1.27382
-1.98735
-1.83723
-1.85624
-1.91287
-1.80103
-1.46587
-2.66335
-3.48672
-2.81535
-2.65229
-2.54812
-3.17011
-3.26236
-91.4087
-89.3891
-94.3378
-95.0913
-94.3414
-91.0322
-95.3481
1333.07
1184.64
1023.6
1609.95
1056.46
1004.48
1754.85
958.285
1811.48
1388.76
1411.12
1264.52
1277.04
1059.72
1148.5
820.129
125.024
130.454
216.277
207.26
261.247
146.676
129.338
176.929
162.416
1468.83
1419.14
1409.82
444.033
522.111
283.323
663.7
603.437
435.461
543.703
48.5525
51.5886
65.3034
59.8372
51.9385
61.0704
68.8438
-0.923353
-1.5746
-0.568277
1.08413
-0.761807
0.672187
1.50479
0.304619
1.29543
6.41302
2.20857
-2.25599
3.65135
-5.0104
-1.63783
-0.0757817
54.8416
56.1193
59.311
54.1996
55.0489
57.4342
57.672
64.2042
61.1884
52.9205
55.5614
47.6764
59.8061
59.0363
57.0283
58.347
163.452
168.875
182.546
159.046
185.387
144.178
220.396
230.784
150.463
475.102
888.267
422.583
508.23
557.608
402.657
574.9
1845.42
1502.02
1599.8
1578.38
1325.66
668.362
1199.43
1525.7
2142.9
109.563
69.9365
100.7
101.689
120.155
100.391
143.619
60.0477
56.0794
59.6761
59.6696
62.8311
57.6565
61.7899
42.6283
56.4896
43.8562
58.0144
59.3573
58.0137
59.2481
53.5677
54.7149
61.2097
56.7165
58.47
56.6175
59.5676
52.5865
54.0326
9.97517
30.9732
36.8128
57.672
32.866
30.9191
41.5549
38.6328
18.0346
11.7423
7.74806
10.4689
7.93225
10.2627
9.69205
8.91498
3.18666
-1.79826
-11.3922
15.8648
4.97278
14.9056
11.5215
-2.90462
-1.30723
-3.77644
-2.06315
-3.74348
-1.59093
-2.85551
-4.31094
6.47457
-4.954
-5.26131
-5.76899
3.60901
-3.04091
-3.10694
-3.50328
9.01329
-11.7629
-18.0047
-19.9921
-11.8247
2.26496
81.848
20.5188
-7.22519
62.9526
-42.6993
-20.425
4.33966
-19.6613
44.9092
123.433
64.3209
80.5802
97.0195
160.678
102.587
128.765
230.826
161.873
102.579
144.429
144.063
147.089
145.721
120.71
157.428
169.102
199.999
142.695
143.632
1.00786
-0.254468
61.4981
7.57049
33.7114
10.5049
45.649
150.735
76.1045
104.748
81.1701
67.4186
92.1922
71.3581
27.4174
44.0245
19.2062
85.3053
85.5688
208.763
-8.49856
-9.57861
-8.07
-9.90145
-9.19388
-8.2414
-8.16163
-9.62924
-11.3141
-10.4697
-10.0049
-9.45943
-13.2011
-9.97447
-11.4077
-9.24317
-11.7933
-5.14259
-7.23965
-5.57538
-5.38287
-4.68875
-5.7612
-5.39287
-6.5235
-6.45759
-5.32603
-6.31925
-6.24216
-4.53762
-5.04852
-7.10417
-6.54977
-5.70904
-7.52221
-3.64942
-3.80995
-3.48972
-3.74847
-3.80282
-3.67686
-3.68803
-2.97448
-3.21735
-3.71256
-2.81589
-3.56763
-3.10694
-3.48588
-3.31843
-3.3606
-2.55346
-3.06022
-2.5326
-2.48192
-2.86331
-2.54065
-2.66939
-2.66234
-2.72013
-2.54191
-2.59202
-2.60274
-2.64651
-2.58088
-2.31876
-1.98723
-2.32589
-2.06268
-2.29205
-2.47143
-2.15596
-1.76571
-2.1527
-1.98335
-1.83148
-1.27595
-2.34047
-2.62739
-2.12351
-2.02195
-2.03264
-2.27605
-2.1381
-3.91033
-4.0312
-3.63054
-2.89667
-4.1575
-3.42975
-2.94365
-6.84843
-7.35774
-6.62554
-5.01801
-6.0926
-6.68247
-5.57169
2.3448
2.63092
2.32908
2.77593
2.74362
2.51965
2.40899
3.50644
3.01491
3.06531
3.52043
3.67222
3.4689
3.52057
3.19955
3.16785
4.16372
3.78824
4.09853
3.7353
3.62137
3.96873
3.92313
59.6202
57.111
62.2293
61.4214
57.1958
56.8781
60.6691
52.3058
51.0926
53.8973
51.9367
51.7476
51.8869
54.086
52.9386
52.9899
52.8145
52.6568
52.5682
52.8289
52.8678
54.4003
54.7706
53.7497
52.8425
53.4957
54.517
53.9847
66.1829
66.5028
69.5944
54.3332
62.8875
56.0413
59.8782
58.3527
60.4787
81.2048
56.134
93.5383
45.0455
12.8301
22.0796
-20.1902
111.841
97.312
63.3406
146.465
73.2664
95.5626
83.0528
69.1981
125.403
42.7028
111.745
86.8887
149.057
199.633
137.309
128.682
81.4952
55.3207
75.9966
114.177
89.498
56.0316
96.312
64.4774
384.344
232.622
273.057
188.706
201.855
87.9316
55.7344
71.9865
124.354
84.7549
141.211
103.823
276.539
174.236
166.318
165.039
210.423
611.479
675.642
616.379
58.8474
132.368
95.8836
99.5761
148.819
139.54
95.8471
372.016
201.474
263.422
153.978
114.26
921.254
581.656
613.587
933.422
181.597
582.03
1073.95
744.686
728.443
1443.25
72.8023
116.237
89.0084
128.494
64.5575
125.396
62.7566
330.816
224.468
221.712
228.519
277.016
185.304
142.99
198.078
178.75
477.853
322.717
307.708
64.4098
36.5368
39.9134
79.5619
68.3049
82.247
130.264
66.5146
66.9027
67.678
179.722
148.583
142.323
134.219
137.751
66.5364
154.646
154.994
118.393
139.875
67.3279
93.6203
192.967
110.482
105.168
140.174
87.0472
73.9535
127.782
78.5032
79.7946
65.7084
109.02
60.7744
62.935
59.5751
63.3368
67.2109
64.4908
65.3354
59.8229
56.2815
57.232
57.2654
57.1818
58.7483
60.7509
57.9272
57.5178
57.7213
57.7381
57.3993
57.7511
57.4624
56.2404
56.1902
55.9696
56.0419
55.851
55.8437
56.1208
56.7245
56.7865
57.0927
56.9688
56.9485
57.2671
57.2601
56.718
57.126
56.7307
57.521
57.5721
57.2811
57.3051
56.9148
56.904
56.0043
56.0069
56.3692
56.45
56.4349
56.3461
56.2952
56.149
56.0571
72.2775
59.1787
64.4635
78.6868
67.988
72.0745
69.1701
-8.05808
-8.28179
-8.34026
-7.64742
-6.12267
-7.40205
-7.83879
-7.89272
-9.62942
-9.02579
-9.46935
-9.6861
-10.0322
-9.00489
-5.10086
-4.02093
-4.93527
-6.51405
-4.25712
-70.6264
-53.9567
-58.4525
-67.7383
-74.7537
-64.8992
-62.6623
-56.3381
-66.1839
-65.8217
-73.2146
-66.8821
-65.1574
-55.7358
-67.4908
-58.1911
-50.9246
-51.2285
-40.8605
-44.603
-53.919
129.389
211.923
49.6109
6.72398
125.154
-69.0372
-25.8939
33.8219
-2.81774
45.6645
49.8159
48.926
-9.62547
15.103
139.308
84.0446
124.855
33.6053
162.782
108.547
70.4321
141.981
193.084
42.4041
72.0771
-6.36507
66.7884
46.3501
179.973
189.592
78.1403
173.725
90.4695
191.33
118.945
145.758
102.239
220.082
54.364
33.6311
67.9928
52.0484
40.4661
68.9333
65.5671
-7.62704
-5.34418
-4.99512
-5.23156
-1.96958
-5.40113
-7.20685
-5.06268
-4.91074
-6.06112
-3.79541
-4.15938
-4.07907
-4.644
-3.79612
-4.20338
-4.06966
-2.82631
-3.35745
-3.77541
-3.78065
-3.32715
-3.45543
-3.48263
-3.39471
-3.645
-3.11101
-3.56912
-3.4176
-3.25253
-3.03428
-2.98655
-3.34233
-3.02556
-3.01969
-3.01468
-2.98894
-3.00371
-2.96365
-2.98186
-2.97813
-2.95696
-2.97229
-2.99616
-3.10337
-3.00846
-2.9642
-2.97435
-3.00543
-3.02122
-3.03746
-2.89741
-2.9794
-2.99372
-2.97472
-3.0244
-2.99433
-2.95083
-2.96342
-2.48069
-2.52088
-2.42309
-2.65107
-2.5872
-2.5326
-2.59953
-2.35309
-2.33968
-2.39036
-2.48743
-2.34263
-2.41117
-2.38523
-2.53478
-2.32323
-2.18826
-2.38547
-2.58531
-2.65548
-2.67216
-2.65959
-2.75009
-2.73768
-2.61068
-2.65618
-3.79148
-4.5426
-4.0017
-3.02997
-2.86135
-3.15165
-3.57115
-4.23347
-3.71321
2.28241
2.53054
2.26902
2.23392
2.51064
2.06194
2.24412
2.38401
2.16378
3.87161
3.86954
3.78226
3.88979
4.22352
3.98161
3.92402
4.36375
3.92934
4.13527
4.10579
4.18846
4.40344
4.18706
4.39762
4.8202
5.34973
4.61467
4.9711
4.49338
5.62942
5.22035
4.3694
24.3101
26.1273
15.0888
-1.50243
13.6483
23.3546
25.1588
41.8741
34.0143
88.5231
28.5367
22.6724
158.436
88.8308
84.5147
75.9557
105.487
53.887
97.1076
52.6593
78.9072
54.5464
96.6155
98.6241
46.9844
80.4267
93.6099
81.05
116.044
66.3067
7.34618
72.0217
36.6265
62.5186
169.003
45.2385
104.133
-7.65705
128.719
60.6315
-45.5004
95.8702
-4.61423
127.013
144.146
136.174
54.9638
54.4343
56.7553
57.0411
56.3175
54.9988
55.0439
158.399
92.3699
102.509
108.927
90.8834
88.7787
88.1418
65.5373
60.2493
93.5088
160.123
65.5382
113.08
82.2402
111.877
107.235
82.8352
42.3847
86.3863
117.576
153.918
62.9229
106.842
130.685
69.9
82.9281
129.664
106.981
139.259
195.902
135.086
67.5508
138.652
43.9352
76.0346
81.0989
59.109
59.121
61.4238
57.967
61.8682
57.8481
56.7834
58.9154
58.421
56.1117
57.4655
53.4454
58.9473
57.4623
59.0347
58.9432
59.5201
59.9552
61.4301
59.3174
59.1911
59.4541
59.8054
60.1925
60.3526
60.3568
59.8487
59.4729
99.6014
91.055
90.755
83.6298
128.153
64.5927
106.236
35.2183
36.6607
23.1417
72.3188
34.5131
62.9182
74.5194
30.9858
50.5619
26.337
21.9481
16.3016
19.5886
32.6741
11.3571
11.2528
12.3261
11.1874
10.3671
9.2734
7.21486
3.16363
3.3078
2.70813
1.94439
2.68826
1.71766
2.04164
-20.094
-9.55263
-7.31194
-37.7753
-49.0151
-35.8949
-17.7951
-91.4162
-91.04
-88.5422
-94.3572
-103.548
-96.5279
-92.9322
-90.3654
-84.5176
-88.7419
-91.4895
-89.3583
-86.5813
-88.3856
-82.5837
-86.7953
-91.4089
-90.922
-85.6798
-83.002
-82.9503
-78.4668
-96.8231
-93.7728
-74.623
-81.2732
-75.7386
-85.9422
-60.4897
-61.7994
-67.4517
-63.7171
-65.3627
-83.1091
-72.2474
-71.6549
-75.2238
-181.515
45.3135
-139.439
-183.623
-139.458
-132.664
-154.356
-76.5085
-76.524
-70.562
-115.416
-74.5522
-105.069
-90.3219
-43.0309
105.075
83.3037
-34.5427
-44.1718
38.8451
2.18943
-97.4102
-86.1645
-177.653
104.363
-79.2133
99.8706
-59.1331
-91.7889
41.4872
-62.9869
171.631
80.4055
30.0821
216.033
26.3124
-95.2519
75.7409
32.7342
41.5865
-19.3614
33.2593
41.5169
33.4399
-2.91688
29.3622
86.5039
-32.6391
-14.2461
84.0463
74.8011
93.0487
51.3279
87.5137
89.2973
69.9968
-44.3871
-40.3883
-44.1315
-28.4331
-46.8053
-43.7754
-51.5267
17.6414
29.271
2.60018
0.587829
10.5504
14.9086
18.1758
-3.33497
-2.85695
-3.71665
-2.90534
-3.8927
-3.13218
-3.33744
-3.2639
-3.13984
-3.3274
-3.17886
-3.40274
-3.53613
-2.98995
-2.57595
-2.86379
-2.83344
-3.05717
-2.99779
-3.29313
-3.03422
-3.15867
-2.99789
-2.94151
-3.0526
-3.08436
-2.97414
-2.9371
-2.98876
-2.98254
-2.94164
-2.98297
-3.02697
-3.01296
-3.00081
-2.95795
-2.97491
-2.97464
-3.06205
-2.97139
-2.96744
-2.97982
-2.963
-2.9503
-2.9318
-2.97779
-2.98175
-2.97256
-2.96066
-2.96165
-2.96254
-2.96869
-2.95366
-2.97469
-2.96231
-2.94703
-2.94841
-2.9576
-2.95807
-2.91604
-2.92823
-2.91429
-2.93486
-2.92876
-2.90781
-2.9232
-2.91308
-2.92499
-2.93206
-2.90684
-2.94741
-2.9435
-2.92717
-2.95261
-2.92045
-2.92202
-2.94459
-2.82801
-2.87191
-2.84096
-2.86125
-2.83448
-2.89509
-2.85109
1.32317
1.41209
1.48515
1.22703
1.08793
1.31126
1.38743
1.53017
1.59693
1.61947
1.5305
1.62419
1.4732
1.5809
1.10122
1.10479
0.885843
1.13746
0.982824
1.00938
0.827742
1.97768
1.87468
1.8207
1.81427
1.84233
1.92463
1.85733
1.90116
1.99997
2.10954
2.06671
2.10695
1.98582
2.01743
2.09207
2.00639
2.25289
2.25972
2.1622
2.34093
2.22521
2.32269
2.21445
3.40312
3.74196
3.51755
3.58682
3.15382
3.43364
3.15028
3.59313
3.27678
3.89499
3.48204
3.62751
4.11333
4.25831
4.00484
3.99618
3.71923
3.73659
4.59881
4.50845
4.50964
4.59985
4.41833
4.65351
4.5337
59.7944
53.0774
66.72
72.6992
68.4959
72.3078
75.4746
73.6023
78.2093
81.1449
66.4043
77.9391
79.9421
73.7968
57.524
56.9584
59.7206
57.4759
63.1627
56.3516
54.4853
66.3856
55.2124
64.2241
58.447
67.3954
82.6552
82.6668
58.3275
67.7838
60.3737
59.8086
63.602
62.7944
63.8842
-5.37046
52.1731
-22.8394
53.0437
45.0677
53.3749
52.849
59.72
13.0459
41.1869
69.0674
69.9527
59.1198
42.9655
126.023
96.9588
130.289
21.0738
55.8196
92.2853
97.4597
5.30058
-2.99419
16.3389
36.6039
-14.3853
42.6467
54.6048
44.8251
60.3629
48.1237
108.341
154.982
55.4498
55.5427
55.2773
55.2535
54.8995
55.1684
55.3785
143.5
181.385
92.4656
129.904
74.0521
55.5435
113.624
175.009
140.419
75.0889
155.001
178.423
197.101
118.826
116.071
139.618
157.861
145.467
130.316
121.364
71.6821
71.9224
66.3047
70.802
75.0233
71.9625
68.2639
65.8109
63.8326
64.2668
65.4621
65.0703
64.2877
64.8511
-50.3211
-62.152
-98.2402
-1.25063
-18.1477
-29.3196
-23.8673
-57.149
-18.7459
51.4041
-67.9356
-24.2476
-71.9912
-174.702
-92.6966
-138.199
22.1931
-103.032
-60.1815
22.0418
-56.8611
-57.83
-66.581
-54.3606
3.16967
-0.0742887
14.7847
-1.7911
-1.47444
-1.53512
0.84049
9.59291
-0.635077
-1.10684
-1.41836
-0.896496
-1.28091
-1.43304
-1.50885
-1.40897
-1.42367
-0.36531
-0.502542
-0.323837
-0.511896
-0.412201
-0.637113
-1.16747
-114.675
-110.173
-114.246
-112.149
-114.561
-115.768
-116.091
-117.613
-105.852
-112.902
-99.2767
-106.828
-107.931
-109.357
-61.8537
-90.8199
-133.337
-130.949
-43.5084
-77.4571
-169.04
-77.3479
-97.0688
-121.285
13.5044
-47.408
-78.0711
-11.3254
-135.898
-3.65859
-138.717
-75.8911
-32.2934
-104.071
-36.6503
-33.179
-8.08411
-49.7844
-20.5173
-131.773
-63.2448
-109.086
-112.091
58.0182
35.7897
3.20691
-99.4158
-49.4581
-147.685
51.5851
-68.0199
-69.6798
-65.9046
-73.4722
-72.9616
-73.9248
-83.3325
-90.0052
-85.7131
-84.2202
-92.7051
-85.5505
-88.087
-63.6016
-74.2432
-80.5404
-61.0135
-73.78
-71.1682
-69.675
-75.9728
-84.5981
-80.8551
-83.3929
-78.0078
-83.242
-80.7058
-41.5136
-48.4024
-45.403
-46.4297
-48.6733
-47.7143
-44.4725
-1.4232
-3.74995
-0.801436
1.55829
-1.73443
-2.75355
-1.83281
-2.70327
-2.74034
-2.65975
-2.70015
-2.73986
-2.73555
-2.70856
-2.95198
-2.91825
-2.92191
-2.89762
-2.92291
-2.90232
-2.8947
-2.92689
-2.9117
-2.8985
-2.90751
-2.94882
-2.90976
-2.94393
-2.92388
-2.93784
-2.89776
-2.9017
-2.89994
-2.90396
-2.9325
-2.89693
-2.88074
-2.86695
-3.07043
-2.8094
-2.88482
-2.81948
-2.79357
-3.07027
-2.84051
-2.84147
-3.35809
-3.67574
-3.95971
-3.75177
-3.71607
-4.38857
-3.84899
-6.67798
-14.9441
-12.9499
-27.929
-19.8878
-19.7259
-28.2672
-1.08317
-4.04455
-4.45597
-4.22928
-4.6723
-5.8685
0.715467
-2.40358
-1.49359
-2.74807
-3.90555
-4.58332
-2.42482
-4.47297
-2.06994
-1.71749
-2.35127
-2.36289
-2.31293
-1.76343
-1.93089
-0.915923
-0.930989
-0.809376
-1.44562
-0.407452
-1.28566
-1.29147
1.43493
1.24006
1.16266
1.23284
1.01904
1.13554
1.14874
-0.437897
-0.223529
-0.2233
0.46122
-0.197223
-0.647436
-0.0880803
0.00138139
-0.449824
1.85939
1.70884
1.66975
1.60805
1.48135
1.46955
1.63743
1.69033
1.87048
1.60287
1.6822
1.82763
1.47621
1.495
1.67148
1.67594
2.06993
1.72902
1.82753
2.04548
2.2066
3.39445
3.4601
3.90624
3.69124
3.30059
3.57336
3.69587
183.447
189.281
171.221
148.265
178.578
163.001
164.614
236.359
153.159
231.55
190.035
200.719
309.954
226.173
173.308
220.949
192.389
136.127
220.541
174.748
183.547
226.376
227.348
264.919
179.84
195.664
180.863
213.003
234.28
246.619
129.806
98.4954
102.825
107.254
130.503
127.228
117.02
117.78
158.173
113.049
116.426
110.251
92.6635
127.658
81.7333
92.2043
77.8915
64.1623
73.7179
64.2788
59.6938
56.2743
72.2246
53.0706
142.891
96.7345
98.7364
10.5595
14.6553
31.7572
55.9328
57.9813
56.3639
54.2406
55.5341
58.9998
55.5893
57.4791
57.4816
57.1369
57.0007
56.9737
57.3394
57.3596
58.6151
58.5105
58.8464
59.3009
59.2377
58.8157
58.9522
56.5601
66.8313
56.7677
60.9816
60.6814
57.7522
53.5302
66.1112
64.206
62.6452
67.4784
63.0774
64.7237
66.886
361.645
116.968
196.538
289.519
221.926
196.209
262.007
105.995
145.782
-1.76884
178.107
-4.3314
95.9947
-139.954
-135.761
-136.142
-139.657
-136.204
-135.554
-133.474
-131.619
-126.721
-129.692
-127.244
-122.678
-127.355
-131.05
-114.023
-133.767
-134.791
-148.125
-127.098
-125.704
-111.776
-209.404
-173.972
-115.387
-361.419
-244.059
-236.38
-281.732
-46.6026
56.7258
30.6132
17.8722
-14.0294
5.65083
-42.7728
-17.4582
19.0768
-39.4697
-102.938
-103.324
-117.131
-93.7163
-100.468
-108.285
-115.132
-123.113
-120.362
-127.262
-121.393
-118.889
-113.152
-119.53
-121.788
-125.298
-124.805
-126.471
-126.322
-126.044
-124.146
-123.433
-122.721
-127.255
-120.265
-123.284
-121.564
-125.181
-8.96603
-11.7122
-8.67593
-13.0346
-10.8648
-8.04658
-10.4253
-4.77742
-4.7407
-4.22921
-6.39453
-4.74688
-5.1434
-8.05621
-3.41878
-3.71821
-3.10343
-4.58035
-4.1932
-2.98981
-3.26557
-3.51215
-3.68873
-4.2862
-3.59942
-4.28082
62.7387
-7.03813
28.1874
18.7827
6.63689
-0.731564
10.0672
-2.57747
-3.9824
-5.87113
-1.24292
0.0282534
-1.57582
-2.66399
-0.187306
-0.1676
0.410196
-0.522471
-0.658289
-0.234466
-0.608297
-2.10453
-3.15282
-2.59597
-3.37527
-3.01766
-2.68864
-3.98087
-3.0024
-2.93434
-2.35545
-3.23608
-3.71018
-3.31097
-2.1556
-2.75223
-3.26182
-2.65966
-3.02041
-2.99259
-3.98955
-3.75503
-3.77716
-2.16857
-4.12794
-2.96277
-4.58421
-4.45689
-3.13465
-4.14761
-4.3637
-3.61194
-3.73788
-3.82141
0.617653
0.441669
0.466515
0.426111
0.345798
0.479396
0.632057
0.96666
0.980789
1.22006
0.896704
0.844916
1.08819
1.28316
1.25329
1.59108
1.70196
1.17968
1.19858
1.46376
1.48101
1.21449
0.638159
1.28964
1.65231
1.02091
1.42099
1.12362
0.741956
1.13729
2.10211
3.42325
4.09851
2.36238
3.15891
4.05675
4.15451
216.231
209.583
275.776
152.55
182.971
174.943
216.523
272.113
193.692
201.519
202.412
192.348
155.636
209.445
202.174
166.23
173.596
281.314
216.954
202.046
286.409
325.368
226.747
168.792
146.799
270.846
204.885
291.947
239.507
184
211.97
149.316
213.611
178.177
213.021
195.28
77.2499
137.127
141.143
149.258
159.117
126.367
163.019
53.4553
53.9033
53.5993
54.3347
55.2314
55.2211
55.4672
56.4491
56.2882
56.1502
56.1072
56.3828
56.8762
56.8142
56.655
56.5613
56.6399
56.7175
56.7377
57.1994
57.7376
58.0696
58.6534
58.439
58.2429
57.9929
57.0875
56.9054
57.2107
57.1374
56.583
60.5865
59.9631
61.0201
61.9879
62.0153
61.3456
61.6908
60.9324
61.1614
60.4765
60.1267
59.9992
60.5931
60.462
64.8391
65.1088
64.1609
63.9237
63.7905
63.1437
63.1772
340.821
174.711
201.161
3090.16
1551.7
2351.7
2067.27
1327.14
2928.94
2406.21
1053.83
229.322
1614.03
777.289
1484.23
1534.42
1426.62
882.544
859.64
753.09
881.589
76.9739
640.231
1003.31
3968.34
2740.75
-130.804
-18.1474
35.4955
16.5671
14.4798
-257.748
-118.115
-283.414
-182.834
4.69441
-111.99
-106.296
-104.702
-115.177
-109.597
-116.602
-109.807
-5.66898
-2.6717
-7.00765
1.54784
-3.74084
-6.00243
-2.20993
-14.6275
-16.4477
-14.5112
-30.1266
-32.6059
-22.403
-15.9443
-3.45155
-2.3682
-4.43597
-1.31037
0.770335
0.143818
-0.756082
-7.17623
-10.4857
-7.24389
-5.60652
-9.13011
-3.78945
-6.95258
-2.60844
-2.67429
-2.98194
-1.88806
-0.895801
-1.52255
-1.94632
-3.65375
-4.17404
-3.13571
-3.51426
-3.57207
-3.51787
-4.01408
0.829168
0.894082
0.706532
1.10166
0.952184
0.884384
0.962257
0.810659
0.331207
0.598416
0.56526
0.0662082
0.733497
0.894435
0.889604
0.632673
-1.00161
-1.67396
-1.55273
-0.724934
-0.555445
-1.19221
-1.20046
-4.27831
-4.93582
-4.27159
-4.8978
-4.94597
-5.12734
-5.1767
-3.08809
-3.1402
-2.48117
-2.38456
-2.72793
-2.55025
-2.83087
-2.71671
-2.61033
-2.58505
-2.07261
-2.72071
-2.70425
-2.65162
-2.50826
-2.92442
-2.48336
-2.64776
-2.59109
-2.79729
-2.89432
-2.7935
-2.7036
-2.65971
-2.64607
-2.63079
-2.25844
-1.66936
-1.99627
-2.18353
-1.64368
-1.67335
-1.95697
-1.67861
-2.05566
0.222066
0.136345
0.876733
0.166358
-0.0489823
-0.0294205
-0.769555
2.23039
3.19995
1.40091
6.94876
1.89483
8.8747
1.7039
69.2496
58.3771
64.5483
61.0967
57.477
64.4738
67.2751
82.808
78.9968
85.3574
79.9992
72.1434
76.7833
85.9529
83.5064
76.8074
68.8973
144.537
152.888
99.4737
132.489
109.851
93.413
225.931
244.587
243.882
92.8428
116.834
86.5518
77.356
91.7791
83.9382
70.3159
12.1283
8.04429
12.6131
13.6565
3.81392
10.6928
21.903
51.9317
54.8608
58.613
53.2108
52.865
40.2339
56.1942
3.70285
13.8458
34.9736
-3.89716
-0.935275
-1.06138
9.92321
27.1894
16.6233
24.2966
7.69613
4.61727
-13.0987
-7.22631
65.8033
60.5231
53.1813
49.5193
43.1372
37.0193
49.1436
56.2351
56.0438
58.2568
56.9682
59.0375
60.0328
58.3567
53.9656
57.4631
56.4983
56.6908
56.2055
57.429
57.6574
57.0211
57.0179
58.8983
57.7324
56.419
56.2488
56.007
56.4361
55.9509
55.9069
56.0509
56.0634
56.9705
56.3843
57.1877
58.0368
57.0168
56.6058
57.6144
1730.19
1169.25
791.925
354.121
265.982
689.735
23.4541
138.794
21.5929
65.982
-488.305
155.446
578.063
171.19
251.956
-131.611
-23.4422
189.691
110.697
-185.983
81.5456
-76.6256
90.4936
-99.7724
17.8137
15.1597
6.17894
19.0109
18.4732
37.7825
12.0436
40.0601
32.7057
-51.1277
-6.77584
-6.02917
-55.6681
-75.1711
73.5895
-11.1596
20.2488
-37.5879
-23.4291
50.0471
-13.0918
120.316
12.6005
-78.4029
-85.1765
67.4308
-5.80298
31.2767
115.508
-37.3129
-33.844
-35.2568
-19.7858
-13.8523
-35.628
-45.0864
-92.9896
-64.1538
-76.3114
-47.9961
-90.8087
-37.8401
-59.0541
-45.0895
-75.8164
1.77684
1.89276
1.91071
1.92334
1.94588
1.91377
1.88406
1.88735
1.75528
1.79959
1.80054
1.71838
1.80589
1.79484
-0.77
-0.582905
-0.372307
-0.321757
-0.52684
-0.696871
-0.573598
-2.62099
-2.55085
-2.66203
-1.38195
-0.847056
-1.53292
-1.48792
-1.82213
-0.878147
-1.2535
-2.84839
-2.97414
-3.04298
-3.89366
-2.68385
-2.989
-3.24603
-3.34449
-3.01488
-2.72002
-2.90804
-2.76682
-3.14307
-3.39813
-3.69764
-4.68866
-4.06029
-4.39998
-4.45197
-3.67689
-4.31823
-4.70228
-4.0332
-4.78679
-4.4307
-4.471
-4.78942
-4.28534
-3.53215
-3.91028
-3.73463
-3.48896
-3.79373
-3.70746
-3.62441
-1.09317
-1.99788
-1.43339
-1.48251
-1.37476
-1.49923
-1.87672
4.04076
9.52287
5.32996
5.88413
2.41146
3.79695
28.184
51.1137
25.7759
5.77017
11.828
33.2857
15.3152
15.5143
54.0337
58.7936
76.8092
2.44044
1.69635
3.39006
1.91989
1.22172
0.217471
1.01321
5.56356
5.40515
13.591
14.3068
17.6379
4.18198
6.86126
71.4961
23.3282
86.5525
55.4384
34.2878
34.592
57.1012
32.886
27.3368
43.7435
13.7107
12.1679
16.1978
23.0179
113.604
104.642
99.5684
92.1751
85.9138
89.7325
92.7258
5.79274
3.91573
11.0033
3.43386
1.40785
6.3184
6.67605
26.7974
-5.30619
15.9172
12.1943
22.4458
12.9849
24.2355
4.53372
4.62886
5.0267
4.99279
5.2883
4.63674
4.58414
3.68738
7.0677
6.38161
6.57236
7.00977
9.75283
7.16095
5.98928
5.15544
4.79065
4.69526
4.39598
4.31164
4.91933
6.24222
4.45769
6.18823
4.44042
4.64372
5.52893
5.44803
4.9954
5.07944
5.53137
5.16485
4.54793
4.68682
4.89137
4.70485
4.38243
4.44778
13.2802
-0.29121
-1.17596
0.808119
0.501783
1.49144
17.1014
21.5932
16.1011
20.8476
26.4708
23.7263
23.5354
7.95745
19.514
12.2283
11.2905
4.15074
16.2348
11.9341
57.7368
109.572
57.2585
69.2529
69.5542
58.2237
56.795
56.2784
61.0652
53.1038
65.8068
56.8956
63.0052
58.9382
94.1889
88.1992
126.09
82.8083
95.7231
80.9828
110.058
-207.6
6.16056
-45.309
160.168
19.1971
98.6118
94.1408
30.0633
194.809
113.048
200.51
95.8017
72.3862
90.9232
-101.122
50.6383
-60.9344
153.36
87.9264
31.6223
32.215
57.7993
29.4039
2.00733
-1.93036
-97.0973
55.9797
16.484
58.2594
31.6008
52.892
-51.5181
20.1226
72.5414
32.2142
13.9256
-11.7014
18.1388
104.827
24.5757
6.52948
-179.84
-217.932
-170.622
-143.034
-269.377
-212.697
-124.798
-3.838
-0.956043
0.704304
-14.6145
-2.89763
-67.6905
-22.3463
-15.9035
-53.6476
6.701
8.54079
2.70777
5.37163
6.19009
-1.44315
-3.6256
-0.819361
-0.571286
17.1997
17.0485
16.5876
19.219
16.9862
17.1804
16.6529
18.728
15.791
16.3868
16.4271
17.2178
15.9899
16.566
39.2832
39.7511
69.6542
34.3039
31.2325
35.2209
50.2331
63.8823
62.9999
75.3782
77.9421
72.2512
68.3801
65.2724
52.6668
42.7972
45.7769
64.7413
57.3952
57.8314
58.076
47.6287
125.945
58.2781
18.0235
119.407
-66.3574
44.4114
123.224
114.977
-65.5615
166.81
6.70629
-35.9386
44.3097
62.4895
-28.7499
-24.9175
-16.0952
138.988
14.3772
32.8487
8.38869
75.2367
84.3868
56.7292
57.6107
45.9847
53.3733
56.1602
58.8361
55.3502
48.0628
47.2543
26.0647
39.801
51.7403
59.0649
35.2425
31.1114
21.6127
28.2908
29.2923
30.0958
38.1774
35.0073
173.27
-117.8
169.521
153.166
155.858
21.653
-244.528
990.803
1114.03
1082.63
454.964
934.657
1334.75
397.224
505.116
662.807
588.883
509.581
170.91
401.524
251.346
255.316
324.72
600.793
452.875
520.218
591.332
15.5275
15.1195
17.6386
15.931
16.6564
19.7723
20.1572
16.5387
15.9736
15.8596
18.5517
16.8918
16.4393
16.4389
15.6477
15.6668
15.8743
16.2565
15.3684
15.8592
16.5929
4.3144
3.83265
4.19642
4.14231
4.71832
3.71925
3.91227
-0.246431
-1.16473
1.69676
0.261491
2.52308
4.93583
3.03937
6.80074
5.784
4.92252
4.12231
4.3304
5.64801
4.37266
4.71367
4.0058
5.26268
6.08103
9.25967
5.02793
2.96675
4.58573
7.47356
19.8002
25.7117
1.12575
11.5594
-0.41203
4.25237
5.51042
3.29192
-5.95989
3.89026
3.98428
-11.9764
5.26177
0.0303157
8.71548
3.91445
-8.98661
10.9298
-9.40461
4.83621
-0.968733
2.29884
7.577
2.26318
-0.359775
-2.18828
1.56639
1.58328
0.874115
1.60037
1.01523
1.29986
1.5086
2.2493
2.197
2.15997
2.38216
2.24523
2.18526
2.25159
2.41074
2.10779
2.13748
2.41852
2.60558
2.07158
2.01862
2.34328
1.88034
1.95735
1.91909
2.02951
1.02521
1.11303
1.22472
0.8742
0.724119
0.832952
0.99471
0.229537
0.0265383
0.2903
0.180668
-0.0109121
0.175151
0.362258
-0.693154
-0.869618
-0.442086
-0.394821
-0.440313
-0.538101
-0.616917
-1.89586
-1.49544
-1.358
-2.27407
-2.44575
-3.05571
-2.78077
-3.02909
-3.17385
-3.01798
-2.6885
-2.98351
-3.84291
-3.80285
-3.66087
-3.38561
-3.55734
-3.70477
-3.5989
-3.47913
-4.01402
-3.79805
-3.59749
-3.40226
-3.5898
-3.69419
-3.56392
-3.6149
-3.53711
-3.44325
-3.5231
-3.78767
-3.62501
-3.75138
-3.55746
-3.5091
-3.30876
-3.47987
-3.50904
-3.58432
-3.63051
-3.44165
-3.55224
-3.44488
-3.14239
-3.28262
-3.61348
-3.76703
-3.6537
-4.08411
-3.82533
-7.70586
0.368458
-6.12345
-7.27042
-5.25964
-6.92806
-2.47173
-10.8221
-5.54688
2.4728
-6.87545
1.52867
-0.107365
-0.680209
-1.10444
-2.75577
-3.23914
-2.17739
-1.73901
-1.38143
-2.54137
-3.26405
-1.04171
-0.998063
-6.92799
-5.69881
-5.94533
-3.52039
-3.66081
-5.80674
-1.90422
0.770117
1.10246
0.909228
0.76998
0.853415
1.02373
1.11466
0.970305
0.894011
1.1298
0.676737
1.04608
0.739462
0.906525
1.59535
1.5894
1.6631
1.82241
1.94361
1.617
1.754
0.633383
1.03865
1.6897
0.907648
1.47616
1.35913
1.60061
1.78251
0.409111
1.17174
0.106252
0.487293
3.08284
1.43862
2.24939
3.33665
2.29993
1.59568
2.70616
2.34003
5.35656
6.26641
5.65464
5.92378
6.84277
4.48334
3.94247
3.75059
4.02239
3.83199
4.09189
3.72705
4.48748
4.17409
4.21116
3.78364
4.57892
4.67607
4.39515
4.58765
4.54029
4.10706
5.30554
4.6349
4.5515
4.0296
3.85672
4.21608
3.93799
3.81892
3.81707
3.97343
3.6077
3.7081
3.63085
3.58198
3.51973
3.55138
3.40443
3.63692
3.50528
4.35306
4.02121
3.99046
3.79234
3.77282
3.86236
4.04193
3.45827
3.23317
3.6094
3.47946
3.55089
3.8025
3.75441
3.85706
3.65393
3.6264
3.7164
3.70363
3.50215
4.21113
3.89196
4.00933
4.42738
3.93764
3.94647
14.5866
11.6367
6.52343
9.84345
5.50488
12.3952
15.2445
13.2483
11.2667
13.4621
7.51575
3.01925
5.50836
1.44975
47.4342
39.1656
33.7298
32.2798
29.3471
38.3546
49.8873
33.9144
37.3394
56.6789
56.141
43.9477
67.7826
56.1922
32.1949
39.9793
43.4562
33.9374
11.005
51.4901
57.0466
58.2419
61.0176
59.0032
54.4282
57.4633
86.0341
57.1708
49.5045
67.2598
64.2725
41.1766
36.5757
93.989
-48.5235
-12.3628
93.6368
-82.7344
139.644
-154.458
-132.092
-35.5659
-42.5813
-218.877
-67.7557
-211.164
299.506
205.58
214.161
514.708
315.574
286.579
385.978
264.622
0.602733
275.308
123.516
115.308
155.588
150.53
104.292
145.979
-34.1516
33.484
19.1042
96.7752
73.6165
-20.9586
38.0055
40.1396
43.4602
193.668
86.8439
68.2089
238.94
103.124
42.4226
-8.79546
103.775
103.53
172.796
41.8365
53.2528
120.737
154.89
37.5717
58.6604
94.5334
78.2545
239.283
78.1559
104.914
164.115
175.517
98.2392
1.59271
73.5035
36.2493
53.4092
165.427
99.4705
272.861
310.209
195.619
-304.962
93.7335
-7.877
122.153
101.974
113.908
135.59
113.296
140.149
127.384
370.531
336.147
384.23
212.734
344.73
294.464
362.158
446.591
404.228
386.5
229.342
282.522
284.725
478.24
209.587
255.383
286.616
354.703
314.681
313.958
290.362
312.484
327.056
350.345
296.921
385.296
359.178
264.246
322.076
310.863
313.107
237.714
290.9
35.7791
116.24
-13.1579
11.7393
34.1843
51.1924
-73.8192
-7.15232
10.6577
-29.3755
-34.7837
-88.1698
2.55126
-1.23985
-1.8955
8.71752
2.42046
-1.01079
-1.60738
0.724942
0.682906
4.69974
0.577992
0.809146
-1.18976
-1.71173
-1.79776
-2.3487
-1.83899
-1.69422
-1.50365
-3.56221
-5.20592
-3.39904
-1.9557
-5.10308
-3.20032
-3.48458
0.761885
-1.56831
-1.85942
0.888183
-1.38897
-1.15313
0.036368
0.0064214
-0.0601553
-0.0754634
1.03774
0.759585
-0.20038
0.600871
14.9151
-4.1264
7.73809
39.8994
25.3698
7.33984
11.5765
14.4214
7.89358
6.38057
16.3181
16.8852
37.3708
33.1671
41.8716
49.4761
82.2346
25.9556
42.295
2.72145
2.63576
2.45099
2.73327
2.84817
2.7277
2.75153
2.70774
2.64257
2.54054
2.64311
2.74077
2.75725
2.58767
3.47933
3.46913
3.60499
3.7437
3.30164
3.54484
3.74872
2.65731
2.64711
2.62713
2.63528
2.74363
2.61837
2.73174
1.58611
1.71865
1.78623
1.85815
2.00903
1.93885
1.76078
2.64152
2.43674
2.45803
2.16446
2.13515
2.34374
2.41224
0.408982
0.494063
0.472872
0.408707
0.64035
0.55074
0.267564
-0.649897
-0.590921
-0.706216
-1.01604
-0.637043
-0.772508
-0.992006
-1.4748
-1.71442
-1.4458
-1.28808
-1.22717
-1.55573
-1.78606
-1.3683
-1.2498
-1.17696
-1.23584
-1.38094
-1.27413
-1.32746
-1.42752
-1.12949
-3.86649
-3.80268
-3.55822
-8.3562
-26.1195
-12.3886
-5.92561
-11.051
-14.41
-25.7991
-17.6237
-12.3688
1441.59
2094.14
1901.27
1572.19
1901.82
1877.66
1848.49
1889.23
1778.37
1411.17
1814.11
1745.35
1583.7
1817.4
1624.18
1944.34
1720.33
1341.88
1748.56
1937.04
1761
1390.98
-5.94644
-6.67748
-5.44524
-9.62336
-9.68659
-8.49769
-0.157025
-7.99183
-13.4731
-4.01183
-35.2651
-5.98681
-22.466
-3.18503
-3.64031
-3.05498
-4.94364
2.15752
-2.11653
-4.43682
-193.249
-199.452
-138.561
-193.699
-215.041
-91.6637
-120.805
-43.8856
-27.4823
-22.714
-17.4556
-13.9597
-44.1651
-7.21254
-3.32258
-2.99734
-2.58245
-252.944
-184.775
-230.117
-512.703
-529.438
-502.261
-503.026
-477.706
-503.914
-512.903
-488.401
-493.747
-479.793
-495.578
-496.366
-487.413
-474.307
-496.107
-511.182
-493.978
-476.612
-455.322
-520.131
-534.948
-525.229
-483.641
-513.882
-509.679
-536.08
-515.98
-503.428
-500.231
-523.347
-512.481
-504.329
-506.839
-505.693
-480.024
-497.052
-498.022
-517.677
-541.331
-526.348
-526.172
-515.27
-509.169
-455.431
4.79323
-5.56039
-30.4411
-41.5741
-25.2221
-46.762
-42.4641
-161.899
-101.606
-103.47
-118.441
-137.055
-90.9785
-121.874
-162.338
-134.776
-3.74095
-3.81325
-3.8772
-3.83971
-1.5796
-2.03587
-3.55461
-231.092
-185.54
-222.626
-135.882
-180.045
-153.488
-214.651
-123.775
-136.662
-199.691
-3.02209
-3.46773
-3.19655
-14.9412
-10.1293
-20.8666
-32.0398
-7.42443
-29.128
-17.0324
-18.6073
-27.6364
1159.02
1358.08
1397.57
1091.91
1392.22
1170.08
1390.57
1262.86
1195.12
1347.56
1555.82
1228.28
1125.17
1370.76
1523.69
-24.6069
-4.9133
-20.3393
-31.0039
-13.1376
-18.659
-2.71715
-2.7034
-2.75101
-2.64868
-1.80161
-2.56645
-2.75883
-2.49378
-1.96717
-2.29952
-2.07641
-2.17734
29.6905
1.70455
-1.30503
-5.12301
1.5047
2.30358
-1.25228
-4.00773
9.99843
9.84582
9.5985
9.18166
2.10225
1.85347
2.08419
1.92696
-2.03676
-1.94406
-2.16028
-2.11286
-3.25757
-3.01414
-3.66431
-2.7051
1.89801
2.08907
1.90333
1.98499
-1.63855
-6.60498
-0.511116
-3.67033
-8.58731
-17.8166
-4.80857
-12.0552
-2.81655
-1.50016
-2.54925
0.491732
-25.8826
-30.7434
-21.8143
-30.4638
-2.42103
-3.58785
-4.39952
-4.07754
-0.540858
-1.22938
-0.152106
1.75363
-0.429135
2.59712
1.15186
59.3368
61.5408
89.1041
86.1351
0.713848
0.209246
0.143723
2.38089
-101.304
-114.85
-85.9876
-108.001
-109.174
-109.328
-114.952
-114.701
2.60809
2.76976
2.51783
2.61827
-7.76602
-8.74237
-17.0756
-33.5034
2.57924
2.18411
2.71276
2.73297
-2.78468
-2.79754
-2.8772
-2.89479
49.0202
43.3555
43.9708
32.6506
59.0629
60.6791
60.2612
61.6411
2.40005
2.43939
2.5851
2.61494
46.6081
52.126
52.4384
54.776
35.4624
55.9203
60.606
64.2961
64.3702
67.6168
64.978
68.3341
-4.70402
33.3687
26.5853
45.5809
2.59841
2.37613
2.17322
14.2544
19.0337
10.0824
10.5185
56.8513
56.2549
55.0907
55.1692
-49.1269
-9.8101
-32.5516
-16.8153
-54.1583
-60.7495
-42.9398
-42.4478
2.76892
-4.82925
-13.9644
-17.3855
54.5914
54.8216
54.4272
55.1261
53.6571
54.2617
52.2008
52.4137
-1.18199
-1.40896
-1.24523
-1.6084
-1.41241
-0.821556
-2.50206
-1.91182
11.309
2.12852
-1.50132
-1.48218
-1.11318
-3.89132
-3.69772
-3.37018
50.3285
77.2555
58.6969
66.962
111.369
86.6286
94.3757
89.7825
2.20112
2.17286
2.0745
2.02832
0.902328
0.961044
1.16661
-136.092
-52.9482
56.1395
55.7389
56.2424
55.5893
58.5524
56.8921
-5.27354
-2.838
-4.14711
-103.617
-104.117
-92.9277
-94.1661
57.8068
57.0668
58.0161
53.1063
72.4892
72.3703
-3.69468
-0.905863
-2.1998
26.3508
19.2116
22.8943
18.8529
17.7836
-31.9978
-42.4781
-37.9922
-44.5184
-21.5861
8.22303
-13.494
-5.22031
-31.1423
-28.5565
-10.8793
2.42071
-92.9107
116.909
-2.51048
2.74372
122.866
-99.6994
231.196
10.3423
2.01646
61.7449
-0.502464
53.3597
4.18117
132.035
174.666
1.25717
5.07237
64.0642
-275.985
2.06615
0.807828
-49.5225
-2.18077
58.055
76.3686
-2.41795
1.73563
185.4
-56.8642
-42.4621
0.990506
4.4431
221.398
0.395943
-1.57344
2.65865
1054.53
-84.2542
1268.35
2.68369
585.545
192.491
161.292
-2.31351
-63.3548
670.548
235.234
63.016
204.211
68.7653
70.8159
57.9683
69.0166
73.4356
68.2331
56.0088
54.902
54.1683
63.5268
54.0894
75.7206
10.0057
62.3694
66.3764
54.8533
60.0369
-2.29273
53.7077
52.3959
-4.67374
53.2914
54.2702
56.4278
55.3403
1.64417
53.6898
54.9033
53.4136
48.7506
54.5261
-136.242
54.107
53.2254
53.4083
53.3964
-7.23975
53.3923
54.0356
53.1199
53.2725
9.38973
56.2831
71.1515
54.0072
54.3513
68.9946
57.6363
44.8155
54.0963
54.047
53.3911
53.79
54.2712
54.8247
54.3571
54.3829
53.8145
55.6532
51.0268
14.5209
55.8307
55.5504
55.975
54.5745
53.8584
54.4961
54.9043
53.4585
55.1799
55.6683
54.7448
55.2294
56.0457
55.2566
54.6055
-1.41465
-2.44715
55.3526
-0.301081
-26.9664
344.034
53.7137
56.162
55.8189
56.9132
55.1563
2.32735
55.387
53.9546
54.3152
54.1599
55.1735
59.0364
37.3917
80.2205
82.7264
-8.87193
79.391
0.340913
55.0544
85.5141
54.5666
57.9054
-3.08187
-2.97118
1.20218
54.844
-1.72044
4.94918
55.5584
2.81877
64.7042
57.6741
62.2601
54.3738
3.29949
-2.07327
53.5036
53.614
-22.5557
96.0439
11.6943
59.1146
58.2844
57.1612
61.7204
57.956
58.0478
83.8654
59.7888
58.5252
60.1162
56.2608
55.3028
54.0901
54.0099
54.3933
55.0014
54.7488
55.1383
-2.16668
-1.23238
56.6254
55.9011
-2.50093
56.2161
57.7618
56.593
56.9959
54.9187
56.4417
106.952
57.217
58.4267
58.8339
58.8721
113.073
100.76
58.7828
57.0143
91.4883
61.3797
59.9592
57.5332
-123.843
65.9716
69.2533
70.8183
80.1874
59.6182
-2.20972
61.0245
3.03493
60.6305
62.0373
59.5746
58.9876
2.54805
-2.84271
58.6889
62.7235
66.1846
61.7432
71.4422
81.7368
75.9968
72.4261
60.9331
62.4728
54.7395
-0.115089
64.2551
65.583
70.3945
69.9916
71.6195
176.144
109.871
138.992
71.9546
87.3087
72.6549
72.3524
74.3171
55.2487
73.8906
57.0155
60.5135
7.00786
-105.676
95.828
-115.66
76.8414
70.0926
76.8239
67.3674
78.9734
284.625
676.788
8.04666
88.94
31.5068
56.9503
25.1818
-2.42193
-3.81189
-0.00371772
1.60082
1.96226
-48.5321
13.7892
20.1669
-4.65441
-4.54541
54.9912
29.0485
1.03495
2.25088
4.10902
2.41372
90.9541
-4.3958
32.6012
24.7543
-0.943632
14.0489
2.21216
29.9912
4.23673
2.69005
-0.652141
13.0699
50.1272
75.5071
75.9006
-32.6239
97.3077
66.7402
25.337
87.0836
1.62649
76.2443
84.9052
2.94757
61.6216
86.0617
8.75896
24.4958
49.7964
31.2626
1.56685
91.2343
45.0275
99.6909
81.0237
-8.65727
61.0719
63.3287
-194.421
22.9702
45.7835
61.0441
92.9941
51.6649
-1.82789
71.2458
63.7794
67.4567
15.037
35.6962
7.18091
63.4898
-4.8332
2.46696
110.549
178.057
93.6685
890.826
-2.73301
55.5146
14.5529
87.2604
-93.4787
15.2154
-107.883
65.3216
-113.061
-11.1639
45.0108
93.181
59.1482
59.1435
-63.1207
63.0978
91.7062
54.3134
43.9894
55.9871
82.2813
47.0807
27.4228
15.9967
7.27337
56.9259
6.48614
-37.5635
6.88944
4.89099
1.44755
-21.882
58.8045
-0.696165
3.51441
44.6364
15.527
4.30542
3.23931
10.5776
8.06225
-38.2261
4.17135
4.05427
50.2635
-2.72807
15.7596
4.22021
-2.80759
80.4143
26.6305
3.87632
3.90354
4.04677
3.79846
4.12042
3.2435
-1.97909
4.6616
-1.26581
4.68234
-2.22687
-6.16359
14.4363
8.0112
15.1812
0.539727
-44.3457
7.27616
51.7199
21.5591
49.4873
4.32869
4.54508
7.79519
1.69755
20.6405
33.7399
53.3623
28.32
20.5192
28.1361
50.3441
44.6395
53.255
52.778
-2.876
-2.18502
-7.76116
41.2183
52.7748
-15.4912
-2.77397
52.9288
6.14906
48.8545
62.7783
27.1211
52.08
53.2791
11.2288
17.267
53.439
53.4553
50.1876
54.6682
43.8713
52.34
36.2572
28.3511
52.4972
-31.34
53.0493
61.1401
53.3218
55.037
0.931673
2.11791
55.3245
54.3583
53.179
53.3597
53.4545
53.0694
53.1801
53.2275
0.183558
55.0562
31.9589
53.4309
53.1485
53.9775
8.62938
53.1708
7.17572
53.3702
1.84939
-5.32414
-2.0707
52.3707
52.8482
53.2963
52.5995
53.0973
53.4892
55.5135
50.7132
68.237
53.6876
55.5889
54.5376
-121.291
53.9208
1.77317
53.9737
4.0916
56.4911
53.075
52.6557
54.2128
85.1328
-7.37229
55.4251
77.9139
54.2662
59.2848
53.7054
613.896
61.1518
53.6119
55.6044
87.2711
62.9191
66.3924
54.5701
64.9961
80.6957
54.0021
63.8774
9.46822
57.7873
54.1856
54.6848
109.914
68.0501
24.3196
94.1203
84.5962
2.66298
132.501
106.334
161.536
53.2786
4.1025
96.7714
79.9199
9.57149
153.963
-336.994
-0.768082
65.1445
164.989
178.947
64.5604
207.331
77.3673
52.9311
35.8537
92.5656
-8.51419
67.0995
-10.9276
2.59382
165.11
3.12181
96.232
50.775
126.982
-2.27108
33.662
64.3828
-20.7741
52.5369
65.6702
65.266
187.55
22.8752
13.8452
11.2472
0.335237
-0.752603
-0.633835
-0.922674
53.3112
58.7415
3.84385
81.4095
0.693286
-15.4542
0.512963
1.65632
-0.419446
-0.388869
0.246055
0.0644811
1.94486
-204.915
14.9674
0.491737
0.208884
1.296
2.68198
-3.16505
0.648411
0.881533
0.113669
0.408115
1.36058
1.77307
0.79724
67.1159
131.506
0.295419
0.182668
-0.386547
-0.730545
2.01025
0.515669
0.471351
-0.268951
3.12895
2.94292
3.4571
2.62688
2.63893
1.58334
1.86954
1.92835
22.7365
2.53596
-80.6835
4.41755
29.7411
4.62035
40.8422
6.3818
4.71556
57.3439
4.99053
74.668
5.85414
125.263
4.67219
1.52834
86.4369
2.64617
339.192
43.3454
4.84511
1.10732
2.27092
32.4323
3.34697
68.7906
351.494
236.138
-3.78107
5.44016
-3.74173
-3.00688
-2.5594
-3.16504
6.69097
5.10113
4.9712
-2.47016
-2.99217
-3.22407
-2.21754
-2.46055
-3.27424
-0.54878
-2.54878
-1.44734
60.4309
-3.20495
-2.41431
-3.81648
-0.816989
0.0829477
57.7736
-7.47501
-3.43605
-100.644
-104.319
-97.0297
-2.04364
-0.427508
-0.779062
-2.08726
0.484061
-0.848276
91.0551
-1.67285
-16.3909
-0.15799
-1.3658
-38.9004
-2.41231
-0.197089
-0.285314
-0.343504
-0.879901
-0.750312
-0.482007
-0.650276
-0.0995774
23.4017
0.836695
32.4513
-2.03564
-2.1701
-1.88579
-7.06791
-0.331658
1.06161
156.019
-1.0927
-2.50554
-1.20272
-4.44055
-2.46871
140.129
-2.65375
1.89515
-1.73988
66.0232
-2.80751
-2.33683
-2.03576
-1.0125
-1.16887
-1.68653
60.6871
-2.58721
-2.04415
-1.67125
-0.126451
-4.9256
-2.28922
-0.49679
-2.44859
-2.90862
-109.386
0.90583
0.370241
0.991324
-0.224259
-1.73333
0.41733
1.16493
1.10852
-0.638101
-1.96721
3.77226
1.35249
-2.49187
55.5556
2.02707
-3.3255
-22.4085
1.34981
-1.54124
58.2822
0.87329
0.864846
1.49882
1.29813
483.991
6.99528
1.7553
0.786884
17.4958
-10.7178
43.7515
75.7255
201.947
-1.22626
2.53642
-3.3857
-4.04583
-2.40023
-124.121
-0.823766
-2.00425
27.8505
-2.39197
0.258599
-3.59684
2.84696
59.4733
23.4211
-112.98
-1.30792
2.2527
-11.4503
2.91633
2.63189
2.30947
3.69418
2.98263
2.91508
-1.3278
5.38399
3.02525
2.57167
51.1605
13.7366
-1.38173
3.35196
2.86711
-3.14946
2.07085
1.05252
5.09289
2.92507
2.97057
1.98613
1.43224
12.0921
2.46702
2.5986
1.97773
1.17665
1.72188
-2.58541
1.59158
1.4337
1.79356
55.0647
1.40888
1.81471
1.26878
-2.90346
2.17176
0.733436
1.71727
1.87138
-2.60896
1.51667
-2.76577
2.18982
2.04348
1.95219
1.82338
2.30679
2.12254
49.9033
-2.93016
1.14962
2.35571
38.0862
2.19061
-3.76782
1.04387
3.6106
1.94672
-2.34851
-2.08117
1.68581
0.764533
-0.329822
-1.08533
2.11364
1.87268
-2.45487
53.7992
1.04385
1.92131
2.65845
-3.2377
1.84042
2.18387
-19.0885
1.79771
2.30788
2.0278
3.72829
2.05383
130.531
-2.84598
2.71848
-2.17661
2.21829
-1.07712
2.015
52.7896
-14.247
1.19259
1.60745
2.1903
103.624
-4.07074
1.49281
76.2308
0.809651
1.39454
2.16862
2.48344
1.99058
-0.423156
-84.0868
-4.12878
-1.44817
1.66533
-1.52237
8.9204
1.65032
2.47355
5.65576
22.8915
9.46161
28.8517
-2.91852
10.0325
5.48282
-2.33979
8.15977
7.91689
12.43
0.4179
0.87824
5.17807
4.75994
9.91952
9.15511
-18.3663
-7.14189
-0.784991
-1.59697
8.57239
2.21361
8.65428
-7.74099
2.74698
12.573
1.44977
9.11863
9.09297
2.11106
-11.2152
-3.12363
-0.138891
1.36979
-2.93795
0.799845
9.94005
-2.28265
-2.7783
-3.85455
118.707
-2.79718
33.9233
-0.39072
-2.97726
0.35641
2.71582
3.07658
1.99093
-2.75241
-0.176868
-2.3543
-6.0637
-8.42571
-5.86877
-112.583
-10.4969
1.23385
-6.40817
-2.20683
-2.89468
2.78152
2.56461
7.88688
-0.0542413
-4.10241
3.08986
6.46019
-12.5271
-1.22707
-4.88045
-13.8561
-10.1756
-2.31341
-7.04088
-7.38738
-3.64267
-2.27233
1.75803
-2.85017
-3.27839
-3.00529
-2.26237
8.56044
-2.29897
-2.0382
-2.23482
-2.90018
11.7839
-2.09023
-1.9656
76.9564
13.6764
-7.61718
-77.6296
-8.54672
-9.39498
-9.75519
-12.1975
-7.65457
-2.2306
-2.52402
-8.78432
-8.95252
-1.91103
1.1242
3.17837
-0.207684
3.60949
-1.17187
7.7285
6.20199
10.5418
-35.9575
59.1947
-2.96727
3.4127
-0.984013
3.27277
-3.30498
84.096
-368.859
-5.52465
-4.59381
4.00731
-3.41068
-2.33255
-65.4893
93.5066
5.17605
1.71496
-2.73144
-2.91629
-2.16001
-5.36328
-3.64958
-2.52489
-2.84026
-2.66961
-3.60913
-3.07614
-2.69526
-3.58033
-2.60278
1.22573
-82.1029
-130.023
1.65159
170.165
9.11585
3.78005
-2.07595
54.6006
2.98286
19.2399
-8.69697
-3.75142
-9.81258
-2.09216
11.4745
-1.28731
-5.34135
16.2508
1.14743
0.803754
5.25825
2.16178
-2.48238
12.6962
3.55244
-2.74212
-5.19297
-6.146
-1.98903
-2.48659
8.01626
56.1957
66.5805
53.6216
-0.768171
-2.39098
-8.48191
-2.4478
-2.47624
40.0077
-2.74248
-2.59511
-2.59298
-2.73861
-2.54722
-2.86538
57.0476
-2.14313
-2.74768
-95.6885
-103.856
-2.89365
-2.4548
-2.67491
-2.72762
57.3142
-2.74357
-2.49457
-113.608
-2.80474
-40.6755
-2.57622
-2.85776
-2.89426
-167.841
-3.02975
-3.05917
-278.144
151.395
-3.49105
-2.93211
47.5316
-120.734
-3.3468
-2.50575
72.7831
-2.97216
4.73178
73.1547
-2.97882
-3.03301
-2.99623
-2.91267
-2.79968
53.0133
-3.72958
-2.80682
-2.97459
-6.39624
-2.64614
-2.68796
-3.85882
-2.90485
-3.15464
51.7107
-2.57887
10.9826
3.56819
124.291
-3.92752
-2.91522
-2.01086
-2.68518
121.366
49.8537
182.891
26.7928
13.8662
74.9709
-183.757
14.8893
-8.95561
-8.99319
-7.93813
53.6266
-84.0042
-3.70002
-13.8721
16.2822
-2.37312
104.186
-6.43885
53.0872
9.96477
-8.63559
10.0854
0.970912
-2.89624
68.1694
-3.87501
4.88277
-2.9779
79.6529
-78.1846
-89.6128
-6.69938
-76.2363
-55.0515
-2.33859
-54.9823
-84.1038
-56.2075
-37.7596
-115.409
-8.9313
-13.6817
-6.67661
-6.56403
-9.54006
-22.9989
15.5656
-4.44403
2.90495
-8.88598
-47.0366
-4.81906
-118.097
-5.37825
-1.82284
-4.65776
20.1389
-107.792
-37.5796
-7.23804
6.98299
-102.868
7.10083
-8.93352
-2.34557
415.339
-1.97807
-1.91686
-0.827532
70.0166
1.06045
-87.2665
-68.3484
-4.72226
-83.9894
-44.8211
6.53624
-78.3454
-68.4726
-63.1838
-30.1977
-0.272026
-1.93429
-2.47444
-25.0002
-54.5286
-7.01793
-50.3242
-52.8363
-64.8193
41.4423
29.8494
2.97318
-2.96641
-11.4615
-1.30383
-24.4877
-29.9541
56.2124
3.56724
58.2775
-79.834
-2.73427
-5.40642
84.2785
-2.59117
0.587519
26.9554
4.60738
-76.7352
-23.3917
44.6948
26.6828
39.2326
-2.76217
-118.804
-106.894
-116.814
-97.1256
18.5787
-119.579
-128.947
-127.979
-7.99172
-101.959
-123.357
-109.875
-102.805
-87.0233
-109.7
-1.18699
1.74728
20.664
-361.205
-114.363
-87.6195
-121.778
42.211
-7.00287
-133.178
57.3446
-67.5925
-106.581
-111.619
-95.8553
-108.224
-90.2326
57.9088
-36.9117
-39.9201
-12.5231
-114.584
12.2539
-97.7904
-127.332
62.3719
-102.915
-101.511
-111.908
13.1718
-128.769
-133.798
-129.167
-111.935
-114.763
-2.78479
-106.209
15.8461
-116.807
-96.1364
201.718
0.872139
-85.2676
-100.644
-119.83
-116.47
-121.253
-112.264
-94.0381
-3.26106
-2.50846
-132.174
-108.65
-99.9573
-22.9008
-44.9309
1.07519
-116.198
-40.0799
-103.532
-5.19634
-9.10497
-6.66034
-11.1261
-5.11346
-6.17104
-70.1258
-16.3613
58.2499
-30.0605
2.92761
-23.5519
-17.41
-11.983
-72.3937
-89.2983
-20.7793
-13.5805
-11.5723
-13.0288
-15.2815
-18.8939
-10.3314
-7.76947
-108.179
-11.4113
-7.44481
-2.93141
-8.61512
-44.7159
-4.15355
-3.37697
-6.15231
-1.57668
1.66367
3.65708
-0.251413
5.0578
5.38261
9.05647
10.9557
14.8331
-2.58937
-3.41964
-5.35592
3.98604
35.8691
-1.23333
1.34914
22.9867
37.1864
17.0259
25.9506
16.2907
18.4583
19.5401
-121.249
0.163291
15.7586
-2.17853
-23.7473
27.4091
-0.104399
-5.7996
12.9693
-52.4536
1.07724
15.4686
102.208
-100.271
14.4482
-22.2059
-17.6852
-79.8457
-9.54546
-120.094
-13.4729
3.72306
66.585
9.25981
-4.52153
-15.1572
52.5634
-125.717
66.6831
81.5033
65.2299
70.4406
73.4229
78.7935
-120.302
-3.49721
60.172
83.6865
9.64622
-119.953
88.8152
97.061
94.8799
97.5587
-0.154286
78.1451
89.5713
75.9604
27.6855
35.8594
38.7062
47.4616
4.14355
92.2368
55.0332
75.965
90.3401
92.9761
73.8903
60.9074
24.2069
83.4189
35.2323
63.5093
1387.79
809.223
1118.79
86.1045
5.72573
63.2582
91.0506
96.4183
83.9255
87.7395
-99.8743
86.5001
54.5618
107.074
181.436
87.9615
114.065
91.9971
83.3263
90.3693
86.598
77.3716
182.722
-96.2497
206.624
290.89
217.588
87.4814
34.3075
12.9036
1.59998
5.02514
2.47025
-184.314
22.63
61.7948
139.538
-7.10658
5.78181
12.1465
14.7285
13.1242
86.7938
15.4515
18.0305
19.1099
5.64151
16.0835
15.6217
-3.41417
3.53825
16.0252
23.4524
15.2547
-9.56755
2.31327
-0.993282
94.425
2.11711
131.347
90.0166
-13.5131
-1.62856
-24.043
62.8563
10.1572
-22.0855
10.2707
0.795157
-0.530963
168.343
13.9704
1.27968
-1.49615
4.1389
4.04101
-6.96681
15.2523
174.145
3.19426
0.839579
0.813103
2.45266
8.83372
3.85394
3.0896
1.83344
7.34938
6.60526
7.68615
6.96082
-6.02921
-5.28616
-0.964947
1.42481
0.220452
3.73372
-6.78329
7.18732
2.1792
0.266807
-6.6039
-4.24698
-3.65585
5.44251
-0.381465
-4.09265
-4.1011
2.84944
72.8858
91.2435
78.0421
-11.3675
-5.30964
25.6137
35.1584
63.3404
-3.89601
-2.00229
26.5479
36.4359
24.6435
167.6
-0.6252
37.0495
44.371
74.1102
-4.47735
16.5051
78.1778
49.9946
50.6237
30.3247
54.029
16.3767
52.9962
5.10921
14.234
6.86144
42.422
43.9824
10.0881
1.74582
-17.1665
-27.9904
-32.5781
5.38287
-3.96535
-4.40505
109.956
-18.3098
-15.6362
261.387
80.3721
73.4371
1719.34
-3.58342
17.1429
815.66
160.84
72.0932
107.815
153.725
200.935
72.2481
203.093
2.08703
62.8351
16.2331
-3.15217
7.34665
1.53629
29.6736
13.368
22.9292
1.0591
121.937
60.244
103.08
36.9994
-93.4362
2.26247
-7.39803
-1.10295
-2.36726
62.2473
87.9345
-3.82687
-17.2718
-2.87698
3.42321
41.3192
108.137
141.731
18.2909
-53.5392
115.354
-2.44495
1.60233
89.0541
54.3922
-39.879
58.8012
-4.71048
10.2098
5.05649
54.2574
85.3245
71.2123
119.298
27.7367
86.7277
145.503
62.809
94.5838
61.8131
20.2818
84.9072
-1.8281
-85.1773
-3.59808
66.2815
31.6309
-0.7358
16.2996
2.26625
-77.9244
88.4585
9.92003
14.4435
15.9122
-13.1011
50.6093
8.96522
14.5063
42.5593
-128.453
45.1973
24.5642
63.1233
18.5632
42.9115
13.4684
25.3995
6.93306
20.2716
3.17912
16.2481
3.07322
11.2169
9.84034
10.3503
32.6927
3.85245
9.76041
9.72574
21.8816
-8.1861
8.78193
9.38545
9.44044
9.33643
13.9261
6.83226
82.1332
14.2502
9.21144
10.1371
9.90452
6.54699
0.72258
7.81663
5.90935
9.15169
-5.13162
3.91855
2.57822
3.25562
4.10798
93.7721
3.9842
8.12427
8.81434
3.67173
6.65291
-0.318916
6.83354
4.17742
15.2038
10.3796
-2.28948
-7.83024
-8.20102
0.965684
8.5172
2.55197
13.8235
4.76388
-2.39917
-522.356
5.30723
9.98168
-3.00799
-16.7833
-122.427
-0.635027
2.73327
-5.31274
0.0360836
15.6213
13.2199
-1.95476
0.471958
7.09915
-6.45221
4.3455
-4.84841
-2.62007
1.9668
-36.7498
-35.3768
-71.5784
-0.138695
2.53394
-0.801975
-87.9168
32.5755
58.2088
-1.95686
-1.29896
517.675
-94.9251
-1.33338
-3.4153
-3.15577
2.19865
-3.80677
-3.57845
51.6845
9.06986
-12.4597
6.25235
-9.00633
-2.94273
-3.54474
5.28256
-1.04054
-171.216
-3.40405
0.118113
-2.70966
-6.8854
1.86169
1.97973
0.031162
1.67784
0.792668
-10.6261
5.64872
1.89034
0.265028
-13.2617
4.82305
2.02497
10.2213
-1.40016
56.6419
-17.5936
-32.3807
-4.77623
8.73992
-0.623955
-120.852
4.89626
10.3962
7.48743
-4.61761
1.20804
5.91559
-5.33133
-4.5071
3.94718
1.78501
3.49468
1.86566
9.17669
7.45355
8.26254
9.68809
7.3414
13.1404
-0.409589
9.43649
9.60714
6.68098
31.4248
-7.83487
-11.1306
53.3848
29.1799
116.392
81.2319
49.104
-16.4215
2.10478
-8.04398
-0.805979
-1.19889
2.24347
66.8697
546.941
-5.40753
1.78215
1942.29
-6.92317
-53.0522
-0.205087
33.2741
51.6219
74.4726
8.39019
119.372
29.7792
13.358
54.3535
15.9179
-306.98
0.320648
79.5231
63.7003
25.5583
35.0131
-1.72895
-39.9278
44.4646
-2.28362
305.064
0.409328
-3.635
10.7532
-2.82688
-0.43618
-1.897
9.07931
122.49
-3.05836
0.445531
-9.54265
-3.78998
0.779425
-0.328464
17.4008
-0.523544
5.77823
2.79642
-8.49019
-13.1197
-0.457284
-4.5246
-13.4865
18.9038
154.894
65.7878
-24.773
9.31073
-3.04618
-21.2309
363.469
8.29283
-3.84974
1.92184
-1.98985
48.4045
-4.42624
-17.5469
41.3118
-237.753
53.4778
16.3608
6.37003
71.6501
94.9055
1.47124
131.994
44.719
204.641
98.939
196.159
116.044
0.910397
-5.26298
23.3584
-13.274
112.305
98.811
77.4091
107.089
72.8288
335.707
61.629
94.0482
22.4985
2.80393
-83.5126
131.07
62.3608
0.168592
67.4424
65.6236
-7.56176
23.5492
262.813
60.4624
184.443
-2.8161
26.5179
274.056
6.30208
-9.29632
28.6066
-5.72114
-11.3442
-3.81338
13.9002
-0.225466
-6.02423
10.1136
-7.48637
1.53845
3.27324
-6.52968
-43.2628
9.51185
-4.03975
1.25887
-1.34907
-9.35731
-4.90636
-44.5044
-13.0206
-104.38
-38.2893
54.3434
-108.263
5.95242
-21.7431
-94.6727
-116.959
-116.139
-43.2219
37.9742
64.7109
-4.38377
0.831481
-90.348
-132.357
15.8042
-132.572
2.50597
-99.6826
55.9397
-26.7443
-48.8795
-66.8516
-97.411
-105.226
2.52285
-80.3103
-72.7614
-49.2203
536.948
13.9167
58.38
8.50419
57.5392
-0.0242306
56.7024
-3.32167
79.7399
191.89
-3.50007
6.08191
-0.338446
1.99347
63.2161
-10.3549
-0.512495
42.8955
-2.77781
-70.4473
-3.78823
-2.05442
-2.82449
-3.07467
1.13701
-24.246
289.085
-5.09211
-2.11583
2.41076
68.3794
-1.28891
56.4826
2.34832
64.2709
-13.5472
-2.92077
-4.64042
107.048
1.07515
-94.1501
54.9016
56.4452
-3.30186
0.927447
53.5057
9.38531
1.65649
-1.37613
-69.1259
-3.02705
1.56555
-8.24272
-0.278284
-1.0501
1.66253
37.8756
-1.66269
25.7805
1.97624
97.2903
2.25084
0.608065
57.5844
-3.22763
-0.124504
-72.3658
2.01472
2.90544
1.34047
-2.70367
2.09818
9.70526
-2.45952
-3.90416
1.06154
-4.87164
-2.14762
68.6091
-24.5745
1.36359
-0.98117
2.2411
-77.2629
1.01378
1.56117
5.10518
1.67505
-3.4125
-2.7534
4.00506
-2.76798
15.3902
2.41102
77.6804
5.82353
0.574497
-54.2956
9.39663
7.1763
-2.70436
2.77868
1.88773
-3.18378
1.39484
1.46299
1.20636
5.18637
-236.552
8.66399
1.84564
-4.4673
2.11995
15.5777
3.18087
-11.6842
-1.04498
-2.58464
-7.65637
-2.41394
4.76393
-4.98286
-4.45249
-3.51899
-4.67154
-5.10317
-4.00905
0.292176
-2.86369
-3.96663
-1.37654
-3.28154
-0.525347
-12.6371
-3.22886
-91.8905
-4.91039
-2.86971
-3.96791
11.3907
65.349
-3.64016
-3.47487
-270.136
-104.513
23.4014
2.57326
4.46955
2.06335
48.0939
-2.66512
55.039
11.2496
1.46036
11.4765
4.55601
-1.15653
-2.34506
-0.308375
26.9781
2.81043
-2.90736
110.574
2.5439
35.2114
24.0721
32.1549
10.6044
5.70334
-5.93527
-101.844
-1.28811
-6.39427
-9.59739
1.72526
851.595
7.63178
52.6146
-1.23158
178.278
83.0573
3.79524
57.8642
21.4612
1.46563
4.8851
52.4312
-2.7879
10.4574
55.0158
0.470383
-5.32682
3.89957
10.705
-15.2814
124.317
56.3497
42.1013
125.997
56.8683
4.54992
28.2111
71.0846
-2.27104
12.3099
54.7029
-0.119334
97.2654
53.2661
53.376
-2.65521
53.0823
-40.2344
6.77715
52.1694
53.6729
0.751054
-0.8076
53.1842
53.1943
53.0451
53.4369
53.2435
34.7154
53.6107
-3.03957
7.47577
53.7922
54.6886
6.23273
52.649
55.0295
54.9987
54.9483
4.92968
9.11788
52.3344
53.2161
54.9468
60.0909
30.4971
57.1421
0.221967
-1.73009
5.14025
-1.27129
25.5244
35.2973
3.67075
5.92066
-11.7402
55.811
10.4014
3.95526
3.00548
-3.15551
4.3617
10.1859
-3.67379
-2.00468
6.97565
-3.87954
38.2097
-2.46696
-2.47681
63.6777
3.98256
2.99736
24.5657
55.5159
60.8664
-5.80816
5.05334
58.2344
-389.618
3.9459
3.47876
74.1149
19.0357
9.44719
-0.987992
-3.61621
-2.78706
934.521
71.5861
61.4864
77.461
69.1637
0.924095
112.285
-2.24274
52.4264
386.679
116.552
69.8092
53.2939
698.92
60.5838
1.908
-4.96022
3.21815
-3.27934
6.51217
101.765
0.293843
62.9724
60.7784
62.1824
56.2349
55.6899
57.9454
54.3508
-116.277
54.3267
-3.62913
62.6699
55.4074
33.8801
62.6668
60.3972
74.5952
61.0676
1.49588
62.2287
288.317
118.392
57.3318
78.2073
156.599
86.4511
55.1371
54.8069
-78.716
56.4285
55.8457
54.7555
3.95484
55.4673
4.17665
54.8398
29.2271
55.4997
99.6467
54.4856
-119.262
55.0979
4.23131
57.0784
-2.52582
54.369
-57.0658
53.5101
-0.643436
54.3862
53.6805
-0.556305
53.4301
53.5998
10.1077
64.6304
2.3709
-6.93998
74.4502
7.7117
-83.9208
-6.40955
2.15415
-14.6531
53.3034
54.3228
494.803
54.8187
5.72406
57.2831
-45.4172
55.4822
92.9574
53.4147
-83.3198
-2.86959
363.482
54.8804
55.0352
2.54375
51.7935
3.97411
55.2902
415.054
5.40719
53.1483
54.6065
0.707496
56.2005
62.782
60.5883
5.88067
9.64903
-4.07144
8.13481
82.6335
96.8927
54.3795
67.5101
4.75473
87.3976
59.8165
53.0924
54.4974
53.1134
147.925
-2.18738
-2.42537
63.7354
1.01861
0.557056
-153.58
5.14748
33.7556
27.9824
56.1508
-4.83609
8.83806
-2.5321
2.48703
-2.25125
60.3089
21.7868
5.21378
-5.2029
3.05763
20.6228
-2.53135
-4.30137
9.84799
-2.71493
3.94625
1.51733
-32.2994
-2.96881
56.1821
6.24611
-2.89141
-65.0222
-15.8521
-118.944
-67.7847
0.766172
-90.4497
-0.0770214
-3.91316
1.94065
-2.48834
-2.53011
-2.17712
5.50857
-1.16324
-100.933
-3.48107
7.0387
-1.5404
64.0799
-87.1821
-5.68942
-3.95742
60.1901
17.9805
-0.457276
10.6612
-4.10678
-7.36548
1.40227
82.8643
-2.20689
3.90008
-2.87329
-3.09414
53.2219
48.5463
-1.94336
-33.6812
-2.81832
-0.735446
19.0215
-128.892
0.609245
-2.46679
-2.30395
-81.7369
11.9876
60.2791
35.6916
-4.536
192.396
2.79416
-36.5168
8.83495
14.7509
-3.42888
-73.3144
-2.24738
-14.1286
36.1995
-1.46295
-89.1557
85.5648
-4.74423
2.47331
-2.953
1.65921
-0.0409701
-397.375
-112.914
20.3548
-0.895652
-1.08982
53.4819
2.25089
-32.5184
0.749805
3.57741
-2.0859
414.102
-9.04476
54.7821
100.769
-3.41705
47.9633
-87.5872
-61.2569
24.2789
-0.156081
55.1683
53.3119
110.143
60.3498
55.5028
781.185
14.905
2.41758
-7.72386
-2.87029
53.423
-4.95629
-10.1825
14.794
53.0837
3.08052
6.60141
0.076127
-164.541
-5.67623
-48.4938
6.98123
8.28146
-3.98591
-1.27834
-3.52886
1.67415
)
;

boundaryField
{
    FrontBackPlanes
    {
        type            symmetry;
    }
    wallz
    {
        type            calculated;
        value           nonuniform List<scalar> 
97
(
-372.486
-324.128
-404.611
-250.084
1204.61
1418.12
523.004
426.893
1603.58
127.628
44.4618
84.0493
150.041
89.498
271.492
326.373
43.8
150.684
128.169
83.8437
45.7903
47.9306
130.255
-47.0338
162.82
109.728
73.1074
-182.438
84.2503
-178.742
42.2045
96.4519
-4.51832
178.305
200.764
-140.227
-31.381
180.809
119.496
93.7605
201.901
153.104
29.7057
156.823
286.409
145.229
1622.06
865.003
3973.15
-284.922
64.812
77.2031
144.537
585.674
115.925
22.2404
-79.5626
116.823
5.32996
28.4214
79.7638
157.867
63.2661
-66.6181
61.5577
989.579
1333.55
-2.21392
1.52867
-44.8123
143.993
6.44724
101.628
174.158
36.2493
308.388
-306.78
450.215
288.345
354.39
1749.91
1938.06
-5.61048
-250.508
-498.074
-513.265
-119.718
1230.75
1524.9
-24.6628
140.705
-52.8256
0.22294
623.11
180.697
-5.26102
-531.026
)
;
    }
    outlet1
    {
        type            calculated;
        value           nonuniform List<scalar> 
31
(
-3.34198
-2.943
-2.943
-9.24093
-5.30821
-3.45396
-3.11293
-2.97848
-2.95955
-2.98343
-2.96217
-2.95345
-2.94302
-2.943
-2.943
-3.05533
-3.2988
-3.25441
-2.943
-2.943
-2.943
-2.943
-2.943
-4.73757
-3.51716
-3.79299
-3.5865
-40.4372
-2.943
-2.943
-31.1186
)
;
    }
    inlet1
    {
        type            calculated;
        value           nonuniform List<scalar> 2(-539.862 -546.246);
    }
}


// ************************************************************************* //
