/*--------------------------------*- C++ -*----------------------------------*\
| =========                 |                                                 |
| \\      /  F ield         | OpenFOAM: The Open Source CFD Toolbox           |
|  \\    /   O peration     | Version:  v2012                                 |
|   \\  /    A nd           | Website:  www.openfoam.com                      |
|    \\/     M anipulation  |                                                 |
\*---------------------------------------------------------------------------*/
FoamFile
{
    version     2.0;
    format      ascii;
    class       volScalarField;
    location    "0.5";
    object      p_rgh;
}
// * * * * * * * * * * * * * * * * * * * * * * * * * * * * * * * * * * * * * //

dimensions      [1 -1 -2 0 0 0 0];


internalField   nonuniform List<scalar> 
6576
(
2808.17
2784.54
2791.75
2797.85
2813.17
2820.7
2796.15
2798.23
2815.48
2805.74
2845.13
2829.81
2817.8
2827.33
2792.03
2799.26
2765.58
2793.19
2794.8
2840.65
2776.15
2834.1
2837.53
2791.5
2821.59
2850.63
2899.58
2817.1
2780.8
2783.34
2803.81
2763.96
2802.24
2824.86
2818.2
2839.58
2814.96
2841.31
2800.58
2821.66
2787.75
2778.54
2805.66
739.927
462.361
1227.69
634.584
728.69
1170.76
1120.49
772.19
973.584
-0.145855
0.509576
-0.000203912
-0.213581
-1.32836
-1.69909
-0.267933
0.463216
0.508694
0.512644
-0.0755482
0.527643
0.361267
-0.260895
0.671109
0.310398
0.285849
0.0989781
0.445349
0.0632763
0.390375
57.4506
23.2632
49.7804
26.6934
32.9486
29.8095
43.7215
15.4381
14.9863
15.1455
17.9594
23.8223
25.8223
15.9057
33.3722
30.0924
46.1601
33.6248
39.1959
31.0505
44.4973
274.942
234.491
346.863
208.715
234.564
320.932
302.336
387.417
376.683
344.017
384.528
467.113
371.664
383.952
1141.94
1193.38
1204.61
1078.81
1253.98
1596.27
-0.172799
-0.0250043
0.460166
0.35696
-0.216834
0.569655
0.0436375
633.049
2164.1
2517.62
2546.66
2418.3
2675.54
2445
0.407654
-0.134628
-0.0227
-0.425843
-0.236132
-0.562535
-0.483372
1481.19
1465.95
1383.78
1207.12
1119.61
854.161
614.895
58.5097
80.9311
75.4726
34.3415
23.6276
20.5903
8.67272
2.76073
5.92109
6.80201
19.9455
67.8189
50.9681
17.2672
-0.36755
-0.238789
-1.0936
-0.9748
0.0886103
4.02595
-0.711542
2.78489
0.0806412
1.43416
1.84609
1.02267
-0.138584
1.67488
4.18467
1.01126
0.971982
0.230221
-0.529576
0.622171
-0.0684157
0.452785
1.0059
-0.407639
-0.0559461
0.0816641
0.20727
-0.00453338
0.0599252
0.0597022
-0.219752
0.183081
0.046376
-0.104227
0.107764
0.12114
0.261413
-0.0531066
0.238894
-0.0684014
0.014587
-0.193779
-0.0728531
0.0897921
-0.268248
-0.200843
-0.121404
-0.0728819
0.213621
0.396543
0.244824
0.120338
-0.0387326
0.186745
0.325393
-0.257145
-0.399985
-0.463712
-0.214602
-0.129832
-0.392814
-0.55299
-0.0179221
0.0385168
0.110813
0.0521974
-0.00971147
0.0076577
0.0474202
0.0346571
0.05724
0.116979
0.0233726
0.0391065
0.122252
0.0960735
0.0914726
0.106242
0.13728
0.0658866
-0.0271204
0.125601
0.119075
0.439786
0.308756
0.399963
0.241426
0.282255
0.326993
0.368118
0.845856
1.06721
1.97558
0.608241
0.840364
0.728636
0.783423
0.847475
1.38358
7.36131
13.7405
53.1892
2.29025
7.3548
4.12748
23.289
-30.1448
-68.9427
-74.451
-75.4007
-34.5744
-69.8751
-71.9021
1347.53
1217.41
1056.7
1633.58
1098.71
1069.81
1797.98
1014.4
1842.35
1460.37
1462.15
1337.37
1338.25
1132.83
1217.68
899.224
336.947
248.08
331.712
364.541
376.646
350.847
345.264
373.445
328.647
1513.7
1479.31
1465.07
557.832
657.016
407.691
768.365
736.992
553.105
650.797
1062.29
759.709
982.731
570.634
655.937
948.816
971.158
248.864
93.5618
30.5699
63.9976
52.9899
34.0777
40.0536
37.5764
32.9056
721.309
709.334
962.371
742.245
948.257
979.86
1121.29
56.7199
58.0662
61.0494
56.3532
57.48
59.3094
59.6881
67.7624
65.1427
59.1508
75.6777
57.9301
67.8666
62.332
62.4398
67.6617
170.044
181.202
189.695
166.084
195.363
172.674
296.228
326.555
171.063
486.8
899.965
426.893
534.574
587.776
422.277
597.649
1856.75
1515.13
1603.58
1601.47
1358.01
733.058
1245.64
1562.67
2165.56
129.006
75.6377
134.126
105.092
157.885
103.715
160.119
63.7731
58.4766
65.2726
62.0885
67.6575
59.3684
64.6857
647.516
222.273
750.692
141.943
106.908
191.227
160.881
469.349
247.909
965.806
250.618
359.472
177.401
252.784
204.08
724.956
113.963
208.443
577.628
437.633
401.447
220.931
564.731
573.284
277.816
38.844
58.454
135.994
77.7184
35.0224
24.6993
118.427
1438.3
1437.72
1461.09
1159.75
1349.22
1435.64
1458.64
81.5802
55.2853
70.2438
196.069
357.111
119.995
135.012
709.539
280.116
249.552
413.18
1692.96
508.564
253.598
1749.11
2021.23
2123.02
1825.87
2044.23
2081.54
2117.87
1743.25
1631.94
1835.86
307.405
572.552
1762.55
849.752
1293.5
995.125
2126.27
2386.56
1835.41
1556.13
1902.12
1914.23
1100.24
1799.04
1719.45
2264.05
1781.08
1848.25
1895.43
2440.72
1906.59
2396.19
2482.98
2146.41
1700
1849.59
2453.03
734.591
1441.8
2064.2
471.284
1044.81
1216.39
929.106
2243.5
1616.69
1646.85
2504.86
1630.1
2091.13
2350.16
728.159
508.03
506.883
2497.99
1633.73
2594.23
0.718406
-0.480663
1.0142
3.85377
0.0119263
4.33942
5.52018
45.2202
18.4994
21.5856
69.4639
18.458
31.5667
11.2897
-1.58762
-0.0297444
8.78143
14.3426
27.679
13.0292
5.21529
0.936124
3.57599
5.09013
17.5384
10.0304
-0.0296658
-0.672653
1.98875
0.753322
4.07893
1.46699
13.8858
10.3289
0.287952
0.325156
0.195166
-0.0429585
-0.10665
1.22375
0.849796
-0.28757
8.10981
19.2944
26.4534
0.837203
2.31312
2.89774
2.31447
11.0679
13.2481
4.96888
4.39209
1.29816
0.371097
1.163
1.14986
2.09284
-0.0215808
-0.0414337
0.145188
0.150565
0.0636757
0.0726617
0.244998
4.0618
1.51327
2.07279
0.753299
1.06892
0.994108
1.42166
0.711271
0.38587
0.841605
0.68771
1.35303
0.0497753
-0.212571
0.211144
0.367824
0.34235
0.140224
0.260405
-0.864567
-0.31334
-0.740662
0.0468209
-1.10318
0.633753
0.214987
-4.4584
-5.06244
-4.42055
-2.7719
-3.89362
-4.44286
-3.2656
18.6156
8.12901
13.5393
8.42894
7.73428
10.7219
9.14958
12.2943
12.0154
11.9241
8.71897
12.3893
10.2085
9.40047
12.1292
11.9556
11.0303
7.80535
10.9508
7.25506
7.05038
7.56949
6.91796
366.514
245.041
380.49
230.898
230.667
227.264
225.114
55.3607
129.733
197.69
55.3624
81.5069
110.982
196.167
54.6388
56.162
56.2796
55.4395
55.2911
54.6441
56.3719
90.7889
76.7905
88.6159
68.5578
59.1985
70.2323
63.3076
151.934
97.228
101.964
423.454
223.367
197.248
137.122
108.517
108.629
504.829
464.476
438.367
425.588
356.565
421.224
364.512
520.347
521.531
263.864
456.896
408.531
425.706
436.066
277.719
326.277
322.456
323.743
448.159
486.936
520.35
473.324
388.056
432.763
416.57
143.472
337.841
331.634
298.309
170.303
133.94
563.535
426.049
468.674
382.198
380.843
139.213
99.3386
136.289
154.412
128.17
173.763
139.107
416.068
369.169
368.241
216.181
384.073
714.7
763.224
731.808
75.5667
139.551
110.56
102.335
154.659
151.334
103.781
493.635
265.041
388.97
161.381
137.123
1004.35
683.116
724.237
1030.64
319.741
608.051
1125.42
779.779
772.263
1469.1
88.9834
143.313
111.503
136.828
75.439
135.68
76.5319
361.113
231.58
232.196
249.379
284.799
210.98
149.985
202.926
184.322
499.976
326.373
329.3
67.8541
46.0053
43.8
90.135
81.6171
93.663
141.68
74.8954
92.3587
74.6816
186.725
150.684
156.427
146.059
146.026
80.815
171.699
178.09
136.269
147.517
88.4079
118.732
200.603
117.297
115.714
147.566
113.344
82.0024
156.377
96.1613
87.9239
96.0409
142.851
64.4249
65.9062
63.2222
68.8887
71.0694
67.7769
68.0617
63.0118
58.8394
59.4338
59.318
61.4464
62.6029
63.7551
58.5144
58.0642
58.4412
58.2389
57.9001
58.2527
57.9977
57.2584
57.1527
57.014
56.9309
56.7863
56.865
57.3042
57.3815
57.4792
57.7993
57.682
57.5929
57.8986
58.1496
60.3325
59.3978
59.1745
60.0612
59.5509
60.8875
59.6813
58.951
60.441
59.2567
58.094
59.4018
59.2516
58.3473
58.2374
58.5564
58.2134
60.3029
167.6
108.067
160.143
125.718
90.4516
213.701
134.049
5.14893
5.45243
4.58801
-0.679268
4.37494
15.9267
1.07155
-1.58944
2.12074
11.5836
-3.64389
-2.34244
4.06871
11.3824
0.284808
0.317036
0.487698
-3.20802
-0.980946
1202.27
1579.3
1593.76
612.428
1410.75
1525.8
1568.4
83.6702
341.516
70.7959
341.68
29.8501
69.9844
86.2368
816.346
236.553
1088.68
274.276
1467.52
1118.75
123.863
1702.43
1755.21
1614.82
1509.92
1701.69
1416.69
1545.77
1610.04
1582.98
1649.77
1598.29
1615.63
1557.95
1600.19
1812.28
1603.22
1770.55
1549.96
1662.26
1729.94
1704.79
1797.66
1740.72
1686.44
1725.34
1626.97
1685.19
1518.85
1653.27
1640.1
1875.34
1725.37
1548.7
1905.35
1860.61
2457.5
1798.65
2421.66
2335.34
2094.63
2276.83
2418.18
2215.22
2389.02
2410.05
60.6878
42.4054
57.9538
135.855
200.849
103.197
80.8599
36.9321
27.6247
16.0709
31.7502
72.5348
39.9857
9.09171
0.59947
0.767309
3.75609
10.4494
3.84452
14.0586
3.26082
1.60538
5.26723
4.46734
-0.300923
-0.425103
-0.00734212
0.196404
-0.349233
0.0826021
-0.0265708
-0.01694
-0.395354
-0.0827006
-0.0900267
-0.0664499
-0.0439127
-0.0613973
-0.0102631
-0.0547379
-0.0566993
-0.0263822
-0.034476
-0.0320128
-0.17003
-0.0753518
-1.44911e-05
-0.0640213
-0.111306
-0.0801929
-0.256695
-0.14266
-0.189817
-0.188466
-0.145752
-0.221405
-0.218033
-0.148643
-0.134921
0.0845801
0.0600176
0.121637
-0.0339388
0.00574427
0.0359418
-0.0102528
0.108618
0.134728
0.0972544
0.000201426
0.171179
0.0764974
0.128595
-0.162066
0.0434476
0.169335
0.0232875
-0.20195
-0.270938
-0.311912
-0.289348
-0.366582
-0.328027
-0.225362
-0.246089
-1.52066
-2.30225
-1.74515
-0.710274
-0.545158
-0.842541
-1.2562
-1.96839
-1.44117
12.359
9.57365
13.7402
13.7058
7.42453
13.7544
13.6209
10.7983
13.7831
9.54117
7.18698
7.04876
8.88503
9.28962
10.6
9.00158
12.2066
9.67778
10.0753
10.0928
9.9909
12.3035
9.25721
24.5297
27.4782
36.0208
15.8702
44.581
19.1509
60.9867
71.2206
15.5117
1267.94
1281.35
1235.44
977.256
1122.7
1266.95
1292
598.682
558.594
614.458
622.048
601.367
716.323
676.642
556.678
509.032
604.398
547.45
633.384
591.259
602.163
520.49
611.203
641.032
548.351
586.719
595.322
602.7
641.279
610.486
484.085
533.4
496.467
457.575
615.02
345.103
540.92
476.646
591.122
445.577
351.654
470.038
384.89
461.716
412.27
343.632
56.142
56.754
60.3733
58.9325
59.6303
57.0916
57.565
175.165
102.006
130.426
118.166
104.31
96.9502
132.988
100.772
70.7737
124.132
162.82
70.996
118.168
88.8936
120.355
109.728
99.6396
66.9291
100.918
137.904
174.636
91.5696
131.535
139.84
89.0415
105.735
146.361
150.202
158.645
203.492
157.312
73.1074
169.213
66.0855
107.325
100.146
62.1343
63.4088
63.9323
61.2179
66.2324
61.3772
60.9447
63.1079
60.5287
63.5589
59.9196
59.2629
60.9652
61.2329
59.7232
59.4553
60.5381
60.5261
62.3138
59.831
59.8487
60.1089
60.4588
60.8572
60.8594
60.8259
60.3927
59.9793
178.855
222.618
172.661
171.154
277.769
221.748
189.759
576.325
695.493
827.207
786.455
850.424
855.099
837.299
42.3778
61.6498
37.8806
34.6558
28.3012
31.2841
45.4864
26.3998
46.7872
28.6539
36.0651
56.116
54.0436
48.6494
6.74545
9.83695
6.90506
13.5641
9.37762
5.88894
7.68154
1477.16
614.73
604.375
890.866
1445.52
1112.35
163.422
215.614
1.2178
16.7436
0.50123
187.915
-6.71117
-22.8268
-11.1624
15.7348
9.52315
-54.9642
-55.4213
-59.5037
-67.1978
-26.9003
4.06657
-17.0428
15.5316
-37.2525
49.8039
-5.47433
94.0481
247.601
73.7772
500.08
140.191
125.744
153.103
222.932
212.58
368.955
269.799
141.936
350.5
131.3
132.58
352.462
842.153
1235.62
1068.07
877.957
900.043
1068.22
1062.97
1134.15
1027.7
1161.88
1087.07
1111.56
1094.22
1026.15
1063.99
1197.89
1191.74
870.037
1075.58
905.237
490.401
1241.65
1237.11
1160.04
881.728
892.682
886.895
1376.16
1012.77
802.681
644.532
1544.3
1510.14
1540.29
1820.05
1613.58
1409.11
1002.98
964.994
943.927
996.494
1027.22
952.599
1072.16
1154.78
1292.51
697.356
232.409
243.27
1802.99
1867.33
1830.95
1130.39
945.423
1585.78
1782.8
546.756
104.594
710.055
859.431
280.455
101.042
1271.92
1898.38
1714.83
2202.98
2199.34
2186.98
2215.99
2242.14
3.57444
4.98576
3.39994
4.20757
8.38536
0.0375718
-0.283298
-0.165361
0.128232
0.291045
0.167777
0.619322
3.65893
1.77602
2.29374
0.627334
0.463179
0.546727
1.03894
-0.44785
-0.171187
-0.340211
-0.096148
-0.0643783
-0.220622
-0.241879
-0.0653135
-0.0414889
-0.0667055
-0.0773407
-0.00793956
-0.0748936
-0.156623
-0.108626
-0.110553
-0.105512
-0.0429979
-9.34062e-05
-0.1697
-0.0147137
-0.049522
-0.0584058
-0.0366916
-0.0648526
-0.0765159
-0.0749571
-0.0152318
-0.00581004
-0.00302277
-0.0208626
-0.0293485
-0.0378923
-0.047435
-0.0233284
-0.0379351
-0.022459
-0.0080246
-0.0263904
-0.0107809
-0.00713047
-0.0245171
-0.000950163
-0.0208851
-0.0422536
-0.0573635
-0.0228287
-0.0634973
-0.0472612
-0.0246719
-0.0293527
-0.0233792
-0.0457486
-0.0338024
-0.0285623
-0.0226695
-0.0417763
-0.0380796
-0.0251964
-0.042783
-0.0512364
-0.0583323
-0.0578533
-0.0659405
-0.0482623
3.84612
3.91476
3.97165
3.96114
3.71489
3.84067
3.94446
4.17355
4.07661
4.16076
4.02526
4.06104
4.09513
4.05081
3.67811
3.70793
3.48935
3.64216
3.50099
3.592
3.38271
4.53831
4.57034
4.3644
4.26192
4.31353
4.51707
4.35077
4.37329
4.63303
8.14466
7.45744
6.67087
4.91188
5.47751
6.14122
7.07348
6.2955
7.03306
5.98745
6.68352
6.49951
5.7184
5.65626
8.83679
9.70228
10.1228
7.83427
7.39768
6.54133
6.31084
7.63372
7.01316
11.2145
10.9546
8.06372
9.70676
10.9027
7.85241
8.57961
10.3646
6.82057
9.79394
11.1976
11.5365
11.9652
8.03068
7.97328
7.56193
751.086
1102.16
294.8
280.354
503.661
1448.8
1073.5
276.723
274.248
353.577
257.7
278.916
750.326
625.216
155.667
110.28
126.814
147.091
120.606
111.402
143.385
630.88
160.49
896.227
219.567
580.361
690.521
923.057
741.861
729.211
675.77
389.92
193.791
279.821
715.761
605.11
676.003
236.084
666.701
663.534
627.615
284.124
746.085
714.607
744.342
422.889
412.873
488.271
536.334
732.681
692.569
765.704
680.937
666.787
661.043
652.428
575.455
574.65
588.205
593.224
565.105
410.995
625.901
616.691
647.288
545.746
621.353
657.151
56.3936
56.5455
56.963
56.2996
56.2069
56.3575
56.6744
170.901
221.347
139.865
179.088
141.679
81.2324
162.725
178.305
160.363
90.2659
159.661
182.513
200.764
129.339
142.454
159.456
165.624
167.563
142.572
164.746
73.0441
73.1921
67.3737
71.577
76.6411
73.5247
68.7343
66.2697
64.528
64.8326
66.1545
65.9588
65.6557
65.4639
12.4495
-3.00276
-36.6243
65.1987
33.9393
32.2963
40.1649
68.6031
93.6647
199.603
473.919
19.1538
-30.448
-70.8509
-51.4097
39.9403
42.6462
-42.5586
-40.0692
342.583
64.7442
455.571
38.1398
-21.7066
76.5767
17.1469
83.5102
69.4421
64.8136
10.1139
64.169
76.1558
7.58805
3.02921
0.179953
2.63239
0.364744
0.144886
0.0189461
0.189371
0.127806
1.4241
1.94417
2.02413
1.27625
1.71395
1.23241
0.754831
-104.578
-99.4746
-97.5761
-101.942
-104.524
-99.2836
-105.892
-90.6021
-69.8165
-43.3493
-68.5067
-89.8106
-36.4778
-89.7248
705.735
677.287
616.168
468.177
136.132
97.1068
740.503
1056.99
1036.12
1006.24
1132.13
1090.36
1047.86
860.776
756.915
770.886
756.36
289.026
112.815
1030.47
1085.43
1101.39
1134.33
1084.47
169.551
525.427
52.7743
-7.45693
1.98652
1230.97
1181.61
1140.92
761.251
1114.09
1070.67
1292.58
1071.17
136.18
195.872
300.618
128.939
131.465
-46.4205
54.046
51.114
51.8729
12.8457
-41.5458
-62.2438
351.653
89.4293
394.302
359.786
378.65
59.2094
380.246
100.399
62.5332
101.606
-35.0511
-0.795023
14.2223
-2.38626
101.874
93.7142
133.952
93.1301
277.808
93.2772
97.6442
67.2075
29.9653
28.9092
111.362
34.6906
53.5846
31.0927
-0.0404976
-0.0642386
-0.0232658
-0.0373944
-0.0507265
-0.0728372
-0.072145
-0.0395761
-0.011315
-0.0382784
-0.00422475
-0.00321068
-0.013265
-0.0275901
-0.0334576
-0.0357868
-0.0488807
0.000492873
-0.0145625
-0.0280458
-0.0175774
0.00247139
-0.000976511
0.00229195
-0.00163858
0.0106332
0.00660892
-0.0263046
-0.00387689
-0.000832117
0.0409807
-0.136195
0.0853927
0.0231181
0.0621577
0.114363
-0.177231
0.0656648
0.0383686
-0.590466
-0.9344
-1.17893
-0.984163
-0.97475
-1.62102
-1.05515
892.258
2204.72
2686.07
2645.14
2710.68
2598.95
2569.02
3.2157
3.59519
-0.407053
20.9803
4.73083
-1.83355
5.69377
12.3313
60.5688
15.2728
47.947
9.24001
181.543
24.0561
1.10764
1.1928
0.544037
0.537097
0.560857
1.08333
0.941989
2.10348
3.01638
5.03912
1.47368
3.27746
1.6648
8.48938
3.87953
3.70163
3.6639
3.70081
3.51224
3.66926
3.65471
2.17755
2.36568
2.35332
2.99802
2.3658
1.96799
2.50108
2.56432
2.13935
4.23812
4.15896
4.1296
4.00289
3.89181
3.87721
4.03832
4.13599
4.25251
4.06222
4.06946
4.18913
3.8567
3.8675
4.26392
4.19479
4.68309
4.20023
4.68871
5.07193
5.70866
7.90835
10.4729
8.39528
7.9381
6.88795
7.70775
9.17264
1542.27
1385.42
1519.82
868.755
979.688
1046.01
1024.51
1281.56
1215.48
1295.61
1209.82
1225.49
1399.73
1226.46
1172.39
1202.51
1200.03
1144.61
1246.65
1191.2
1167.86
1252.63
1203.39
1167.93
1055.41
1054.65
1054.93
1087.27
1123.57
1219.36
1074
1025.54
1028.01
1033.67
1040.39
1009.17
666.371
1045.97
1112.1
1049.82
917.745
932.484
916.543
964.304
837.625
782.6
754.517
715.509
145.26
506.205
128.359
142.868
630.824
121.727
839.232
467.313
828.929
292.036
690.991
297.159
158.884
218.934
211.692
158.072
162.738
223.345
157.145
58.043
58.0973
57.7526
57.6336
57.5721
57.9378
57.9235
59.138
59.1111
59.5814
59.8432
59.7379
59.282
59.4521
59.4157
76.2232
64.1021
66.6991
61.625
58.8787
57.645
68.6413
65.5781
66.6851
73.0425
67.0002
66.8302
75.3316
376.14
131.496
201.901
326.968
259.372
224.664
286.665
133.438
153.104
27.52
207.395
35.9407
147.201
-131.051
-127.167
-126.702
-131.204
-127.606
-127.243
-123.817
-119.176
-98.354
-89.8629
-116.847
-95.6437
-112.506
-88.1563
85.01
264.513
-61.1852
316.455
-12.9388
-47.6166
152.651
481.314
594.443
901.107
617.391
488.204
760.641
730.217
811.566
903.101
873.638
476.562
347.653
838.382
321.21
829.826
869.032
263.274
151.894
67.6213
-51.095
175.099
-22.9025
72.3616
-49.3158
-83.3635
-86.9937
-110.489
-106.743
-77.1231
-86.3177
-106.775
-109.476
-115.485
-112.299
-117.578
-113.728
-117.019
-114.974
-104.068
-110.711
-112.139
-111.089
-114.236
-112.563
-116.325
-6.41708
-9.59253
-5.42539
-10.938
-8.71793
-4.64411
-7.74511
-1.61908
-1.12757
-1.29392
-3.19374
-1.71263
-2.2123
-4.87238
-1.14043
-1.44151
-0.792815
-2.30956
-1.85826
-0.690668
-1.00584
-1.23923
-1.44214
-2.06587
-1.32655
-2.03411
2272.64
1582.59
2388.54
1541.75
1986.55
423.305
2135.01
9.11371
20.6184
15.2083
10.3285
14.8248
22.8119
14.9436
5.90597
3.51086
4.69875
3.15176
3.09853
4.3575
6.84256
0.775311
-0.24668
0.297051
-0.406729
0.0304816
0.376665
-1.01731
-0.0746429
0.0352394
0.686449
-0.317763
-0.660311
-0.374048
1.09997
0.491156
0.027163
0.409738
0.291573
0.0746373
-0.815968
-0.507394
-0.728725
1.04935
-0.909371
0.115584
-1.41765
-1.6831
-0.388209
-1.3613
-1.56271
-0.839511
-0.938443
-0.993433
3.14907
3.07654
3.0203
3.31662
3.86667
3.51537
3.37165
3.70982
3.72054
3.91741
3.82098
3.84298
4.13665
3.99155
3.91603
4.64257
4.87159
3.85449
3.93291
4.33239
4.23108
10.5173
17.7326
13.3992
10.0123
8.50471
13.2535
7.20074
21.0832
8.13628
28.4364
20.393
38.6819
48.7861
37.8236
56.6011
104.835
1495.99
1400.18
1164.52
1778.11
1782.2
1708.19
1539.09
1146.81
1096.23
1168.03
1208.42
1561.92
1403.46
1594.98
1756.11
1671.42
1770.36
1386.06
1100.22
1323.92
1150.79
1430.51
1101.69
1131.93
1118.36
1273.67
1273.54
1379.01
1297.87
1148.86
1161.06
1152.11
1194
1159.56
1086.26
1099.38
543.062
1142.55
1144.18
861.917
1178.38
548.683
688.799
85.1188
66.9698
91.6751
74.2217
69.7863
68.3992
68.9195
60.0155
58.2733
62.4197
58.0349
58.2358
57.7562
57.8201
57.657
57.4771
57.6785
57.5924
57.4961
60.5179
61.0805
60.2477
60.8249
61.9622
61.3649
60.9566
58.4928
58.062
58.7967
61.3959
58.4579
63.1989
61.7259
62.6353
63.46
64.1348
63.128
65.0644
61.4022
61.6765
61.0023
60.8995
60.5436
61.2494
60.9688
65.4065
65.6341
64.8819
64.4193
64.3362
63.6446
63.794
384.368
204.401
226.235
3103.7
1589.55
2396.8
2124.45
1360.16
2942.57
2444.06
1097.98
260.322
1622.06
818.425
1516.33
1566.16
1441.18
897.044
865.003
791.234
919.722
105.176
660.864
1030.63
3973.15
2763.3
632.158
825.439
809.541
891.757
854.649
518.349
745.877
469.117
668.603
765.44
-84.9443
-38.1437
-39.8139
-77.6449
-96.5185
-74.6979
-98.8473
55.8217
6.65764
19.4978
8.70121
2.80622
10.6743
21.0308
-1.95717
86.1083
-1.50378
65.5296
17.4605
394.703
222.222
-1.49336
-0.425317
-2.50617
0.620087
2.67363
2.04725
1.1758
-5.16257
-8.43897
-5.19817
-3.58898
-7.07284
-1.75623
-4.89371
-0.550143
-0.629138
-0.949921
0.143952
1.10994
0.483192
0.0856876
-1.54291
-2.0369
-0.98547
-1.40343
-1.43496
-1.35449
-1.87697
3.65585
3.89175
3.96541
4.05798
4.38593
3.70214
3.64835
3.58917
3.22722
3.39562
3.27762
2.91934
3.49417
3.74614
3.70053
3.48171
1.92316
1.29375
1.41449
2.46548
2.45959
1.89313
1.77157
-1.38692
-2.01748
-1.40527
-1.99322
-2.06897
-2.29915
-2.31561
-0.0843985
-0.152978
0.760547
0.518016
0.200178
0.343684
0.097232
0.185567
0.296751
0.29582
0.862321
0.217034
0.21443
0.25634
0.386557
0.00981735
0.398314
0.260202
0.316865
0.129063
0.0425476
0.132856
0.206985
0.250877
0.25401
0.269285
2.41847
2.74813
1.32594
2.46834
2.96667
1.59964
1.35042
2.10443
1.30782
8.65847
5.90672
6.743
8.1641
5.8446
5.75444
11.8794
67.2791
172.019
130.28
319.176
71.4735
607.425
155.126
389.484
450.896
389.127
391.836
381.66
394.985
393.823
395.527
388.519
614.016
410.092
381.057
462.361
1561.19
398.357
385.834
379.902
1366.3
1681.14
1670.46
1799.85
1379.02
1691.69
1656.66
1709.92
1131.93
1615.19
1612.35
1477.35
1598.68
1589.73
1347.5
1553
201.991
168.761
171.739
838.614
170.771
629.972
661.485
942.631
965.576
979.362
623.427
968.645
963.455
1092.29
1089.37
1085.87
1108.64
1045.93
1072.89
1071.19
1059.98
1017.75
1041.83
942.293
973.983
962.687
1002.28
933.225
701.92
338.842
310.968
677.285
834.287
700.058
177.39
122.273
89.0545
152.331
88.4511
91.724
104.533
117.554
418.662
175.196
181.709
236.063
549.839
60.6921
60.9752
62.8127
60.117
62.1068
64.1593
61.0318
61.0357
58.1141
61.034
57.8668
57.8977
60.6319
60.0911
60.7187
60.0601
60.7183
61.7124
60.8376
60.7041
61.1455
1774.56
1225.3
824.608
366.665
300.663
731.058
53.6899
191.183
34.1372
100.666
-446.443
185.939
585.674
224.466
266.751
-107.024
-9.25105
203.882
115.925
-149.387
118.14
-49.3856
106.953
-74.9283
22.2404
30.6029
78.5731
88.0089
88.3196
136.047
100.576
173.678
162.533
431.672
397.864
471.298
438.636
192.768
542.735
145.734
625.371
564.225
592.796
241.728
49.1391
712.292
138.05
407.521
192.963
654.652
273.881
275.429
721.506
71.6553
13.3865
310.502
27.5754
330.243
11.4189
91.1043
5.34134
-26.1321
22.2621
-0.258851
-32.1197
11.3711
-21.8772
28.115
-2.6628
4.10093
4.19986
4.19496
4.20023
4.22396
4.34209
4.21573
4.1994
4.08909
4.10782
4.12896
4.07819
4.1658
4.19338
1.84888
2.00971
2.20721
2.24458
2.06577
1.922
2.019
0.272075
0.329076
0.244178
1.4064
1.89594
1.23488
1.30617
0.946859
1.86383
1.5143
0.0510566
-0.0484084
-0.151415
-1.01524
0.168294
-0.0895523
-0.3203
-0.439778
-0.136455
0.191445
0.0297003
0.144642
-0.192727
-0.376471
-0.593995
-1.12394
-0.559176
-1.00087
-1.06466
-0.494503
-1.23697
-1.44081
0.48395
-0.0633242
-0.373675
-0.282877
-0.733143
0.394706
-0.02605
-0.39079
-0.291704
0.0957997
0.292198
-0.118688
-0.165854
1.6478
0.770425
1.29303
1.25662
1.35374
1.24958
0.890915
200.521
126.909
124.102
253.125
122.066
124.548
600.087
444.918
607.897
591.218
600.166
633.255
563.201
132.467
376.061
473.192
394.811
28.4341
29.3471
54.9172
53.6177
27.2598
26.7003
63.946
128.901
49.0013
199.643
663.61
432.275
141.893
154.269
1396.07
1238.46
592.225
569.601
823.839
325.617
773.742
205.291
855.549
381.161
246.123
157.569
324.189
511.735
873.32
1012.18
842.508
1632.94
946.221
1320.01
1656.14
200.867
572.478
151.174
120.635
258.985
104.813
101.027
728.478
1337.96
1223.24
728.547
1480.41
1447.64
1482.22
13.7786
16.6511
15.0794
26.8787
37.0189
15.9391
20.5
105.891
138.635
111.299
317.108
136.008
125.135
155.327
77.4345
43.8444
42.7315
18.0634
13.5358
14.3135
21.0264
42.8014
19.0883
30.2193
10.9859
13.8983
18.0611
14.617
35.7087
18.6971
34.85
15.2613
10.905
24.0367
17.9841
15.9766
16.2465
613.654
854.551
576.684
562.682
840.356
824.794
843.885
175.265
178.056
177.666
294.505
506.031
654.295
796.655
920.194
675.895
996.154
690
1055.55
1043.55
862.681
416.211
518.34
397.891
1022.24
944.977
953.314
510.904
182.3
117.063
112.386
125.125
150.681
133.447
166.22
172.708
163.196
211.725
217.332
173.861
309.13
191.37
-165.03
58.9153
-13.9498
172.938
54.5001
140.675
141.37
60.8548
207.579
148.337
241.087
125.312
79.7638
142.566
-72.1976
68.7379
-33.8924
157.867
112.338
42.1408
61.2957
92.4538
63.7905
27.4291
11.3291
-86.5806
63.2225
24.6495
62.9426
48.8696
63.2661
-28.863
53.0008
105.21
169.909
185.07
137.158
120.65
253.686
195.764
155.368
-72.199
-110.109
-50.1225
2.67364
-142.567
-94.7373
20.7615
46.9799
15.9129
122.919
70.9267
26.0966
69.4344
42.7379
51.8945
106.712
20.2461
19.7736
23.2871
17.0901
22.304
16.855
15.0291
10.2716
23.1513
18.1578
18.3368
17.6723
23.6009
19.7505
19.2087
17.8696
29.6743
29.5236
33.0083
17.8878
27.3316
19.0334
32.7787
119.692
236.933
260.676
78.4404
73.0216
187.573
215.478
83.2674
82.1663
95.0965
124.203
92.9501
88.4224
84.6589
89.6951
66.1586
68.1227
86.8365
80.3737
81.5044
79.4347
404.196
657.685
286.37
548.205
461.842
405.043
555.804
697.999
711.586
292.597
399.909
494.934
620.062
469.568
698.905
610.461
597.521
611.991
750.246
566.221
335.159
368.055
723.766
748.267
79.8345
80.5681
84.3866
155.893
99.0415
81.3917
151.154
79.8753
80.0744
57.5105
71.0084
84.1636
85.4697
60.8636
154.159
84.4537
174.161
89.7344
162.019
184.048
186.598
409.08
136.195
425.336
436.545
399.34
275.515
27.64
1063.03
1210.67
1136.55
654.28
1115.74
1514.01
578.247
668.167
814.897
734.183
692.051
381.163
516.495
323.688
278.248
391.963
654.629
503.915
550.72
627.949
17.1147
17.2355
20.1666
21.904
26.004
27.0998
23.0525
18.2811
17.4189
16.7162
20.1108
18.5399
18.4225
17.5169
16.8138
16.5819
16.7092
17.0674
16.131
16.6167
17.3612
5.72576
5.28096
5.57276
5.70491
6.22384
5.23667
5.29
7.10207
7.35413
5.40873
15.6899
14.6172
8.50038
15.7665
8.66165
8.46842
6.53312
5.76379
5.93013
7.52652
7.26477
6.18104
5.93712
14.3731
13.5347
16.7139
24.5012
20.3484
13.6521
20.3891
1433.58
1407.29
1124.29
162.984
878.776
1479.92
252.238
1550.19
1468.7
1047.66
1011.05
1265.93
1547.16
1522.01
1394.29
1182.53
1535.91
1636.73
1140.54
1655.61
803.808
20.6928
130.438
41.7387
15.4933
20.8085
74.8742
145.054
8.27902
37.1328
21.9329
7.584
5.16133
7.2518
10.0869
10.7524
7.27217
7.30633
8.34044
9.82649
7.17557
13.6533
13.83
8.15541
6.5362
4.72273
4.80538
7.08858
4.46273
4.35373
4.28652
5.36066
3.44598
3.63484
3.66083
3.31192
3.14977
3.25178
3.41018
2.71753
2.5411
2.76571
2.67988
2.52526
2.68017
2.83327
3.8003
3.29924
3.97109
3.22163
2.92355
2.91751
2.63081
2.301
2.50746
3.22611
1.17688
1.60305
0.278388
0.52963
0.384614
0.17003
0.443083
0.78684
0.373266
0.780114
0.852751
0.981704
0.0213527
0.769737
0.57524
-0.19099
0.0317559
-0.242538
0.767289
0.465697
-0.00134899
0.416606
0.412366
0.508507
0.130883
0.00840966
-0.03186
-0.0849998
-0.309371
-0.145733
0.0331472
0.532806
0.486844
0.273031
-0.0555308
-0.0699971
-0.129616
-0.0504209
-0.358806
0.161903
0.744719
4.19707
0.38461
4.20692
2.42524
0.573673
1.76509
483.239
316.185
488.838
32.2513
385.478
55.1323
474.12
271.052
152.923
23.6332
496.746
403.808
495.802
58.2859
36.9211
203.532
5.9013
7.77899
1.25274
3.29086
2.01323
9.2877
21.9393
3.9899
2.36696
533.148
306.61
190.105
12.2096
22.0613
199.009
535.697
4.90926
3.70554
4.61547
3.67201
3.91312
4.02886
3.59824
6.09031
4.59496
4.87172
4.42952
5.12442
4.4809
5.65335
4.76193
4.82928
4.78661
6.12584
5.73856
6.56882
5.47361
20.8934
7.22497
14.4534
7.20633
5.52457
26.6682
44.4764
27.1984
36.1651
36.8586
57.1938
30.9907
13.2462
18.3969
29.5477
9.80787
13.6719
12.5813
17.7198
66.781
95.8084
58.9948
91.8912
58.0038
131.094
65.1567
7.02554
9.32444
7.92569
6.89513
7.14478
8.35863
21.9606
14.3261
8.33519
11.618
17.7747
11.3958
12.0753
15.8475
10.4268
22.981
43.9196
27.7154
18.0314
7.38925
7.82284
8.9169
7.27365
7.20246
7.24856
8.865
7.27911
7.03582
6.93745
8.75805
9.72376
7.30406
9.07519
6.95923
8.32044
11.1226
10.7013
10.7214
7.87562
7.82771
7.92963
10.9198
7.91007
12.2312
7.99687
8.97132
10.2569
7.00374
6.85702
7.38853
6.78089
7.07579
6.89335
6.83078
12.4943
10.0796
9.69634
21.3914
13.9419
9.98976
13.5556
178.99
179.674
176.174
240.58
390.381
195.151
179.789
125.261
120.463
124.229
125.122
108.866
125.15
107.245
169.387
210.37
159.683
160.307
284.303
561.4
242.682
142.79
196.485
206.472
214.658
82.0637
188.612
203.068
168.423
174.75
474.663
171.656
180.61
372.376
171.191
185.363
169.538
440.833
331.579
525.161
462.249
258.558
338.27
373.158
85.9886
109.004
503.069
116.216
-44.8123
-7.98259
105.44
-70.9307
143.993
-124.018
-104.882
-14.6887
-22.7338
-183.467
-41.6664
-171.202
310.976
237.288
251.964
542.408
361.95
309.224
397.446
281.645
6.44724
307.702
140.191
136.992
198.291
329.018
270.21
334.462
364.222
449.489
460.558
522.216
482.843
386.676
460.667
386.771
249.089
589.269
312.711
495.694
655.107
537.114
128.531
318.195
333.908
266.566
582.931
449.718
107.146
553.871
545.208
110.965
131.59
518.306
387.1
566.331
407.025
428.957
520.141
520.768
425.287
259.312
473.553
436.299
253.757
538.378
490.428
571.388
636.044
512.46
-52.1909
319.119
197.892
128.92
105.653
116.92
141.135
119.842
183.407
151.932
420.253
404.024
408.347
250.809
394.544
323.699
393.281
450.215
424.568
408.916
243.098
296.262
288.345
502.132
243.615
299.536
320.023
388.731
353.004
341.332
312.261
339.124
368.666
354.39
311.422
407.793
391.39
308.539
348.249
330.996
345.321
282.007
336.419
111.882
205.33
129.458
116.079
90.5604
149.412
49.8225
42.1772
38.0047
-5.48036
123.613
53.7478
18.596
4.72919
1.42655
28.5417
26.2903
1.39242
0.795933
12.9206
8.98057
13.1628
2.82769
5.71231
0.952363
-0.0669766
-0.157612
-0.384806
0.650396
0.592824
2.25996
10.1223
7.02554
3.748
7.84693
5.85522
3.86689
-0.653198
8.26897
0.0762735
4.52853
6.71277
4.26754
2.72543
2.15955
2.53729
2.09481
4.66185
4.4996
8.72603
73.3863
28.4311
94.0954
53.5588
82.8157
102.257
105.72
50.1533
46.1354
27.261
79.5704
77.9841
28.6648
51.872
894.073
681.593
1042.91
1062.47
1046.63
1015.03
1007.02
6.70442
8.90946
6.81338
6.1559
7.68947
7.63636
6.05993
5.22897
5.44184
5.09846
5.12535
5.1897
5.24245
5.15896
7.55704
6.82539
7.2226
7.11934
7.56293
8.90843
7.27162
5.94458
5.85946
5.9002
6.05401
6.08287
5.84734
6.44277
5.04346
5.22215
4.69068
4.74294
5.90945
5.31955
4.54667
6.47866
6.67502
6.71766
6.37094
6.3707
5.57479
5.38198
3.89832
3.38172
3.6075
3.02654
3.20947
3.21592
3.0237
1.96523
2.01066
1.92402
1.64026
1.99196
1.87877
1.6647
1.3841
1.04902
1.27606
1.41972
1.45303
1.17993
0.977293
1.3671
1.45781
1.54965
1.66911
1.5701
1.87264
1.54124
1.47684
1.90575
-0.665591
-0.618285
0.124319
27.1154
-9.65017
-1.16778
5.39377
0.0856699
85.5675
59.0812
124.618
7.41839
1477.5
2123.92
1932.22
1582.84
1928.64
1898.23
1858.82
1900.89
1795.44
1424.86
1827.8
1749.91
1614.67
1849.11
1660.69
1967.82
1765.97
1405.77
1794.17
1958.51
1787.95
1427.71
157.517
60.5741
157.968
34.5573
0.761973
63.4148
181.103
2.41428
168.612
10.0185
5.09996
30.1026
98.6734
-0.245738
-0.725232
-0.150267
65.7521
153.252
0.815871
-0.606519
2823.65
2793.08
2851.31
2798.82
2753.1
2861.58
2856.81
2884.77
2875.06
2864.75
2858.95
2888.53
2782.78
2787.85
-0.400913
-0.059509
1.9416
2741.26
2845.99
2776.27
2783.14
2790.98
2786.21
2781.35
2782.1
2791.93
2807.52
2820.55
2790.63
2775.06
2783.85
2787.15
2792.01
2780.54
2775.13
2784.63
2788.18
2768.68
2789.97
2785.78
2795.54
2780.68
2776.17
2770.5
2778.8
2784.34
2779.87
2780.95
2808.72
2797.07
2783.37
2775.1
2748.01
2777.83
2774.83
2782.37
2773.21
2778.13
2789.15
2779.56
2779.74
2730.03
2772.99
2789.87
2501.98
1926.4
2827.33
2851.64
2844.06
2733.41
2751.3
2815.63
2851.55
2886.62
2875.92
2881.67
2862.45
2855.92
2807.62
2859.55
-0.812874
-0.911507
-0.983213
-0.959067
1.32737
0.8922
-0.652863
2791.79
2812.97
2771.62
2846.07
2826.28
2845
2808.2
2872.08
2895.77
2832.71
-0.0843582
-0.556326
-0.285147
171.498
168.574
105.592
103.672
18.8472
46.5511
15.6134
40.7153
72.8528
1203.92
1382.25
1431.9
1099.39
1421.27
1206.39
1402.63
1270.61
1224.16
1362.37
1571.48
1230.75
1169.33
1417.82
1549.03
36.7403
251.39
45.9875
0.0591186
8.3318
16.3033
-0.260371
-0.259741
-0.359916
-0.270688
0.655149
-0.122822
-0.36775
-0.115833
0.634122
0.288655
0.590577
0.476512
2364.99
2291.09
2015.53
2177.79
38.4449
44.0593
1760.01
1371.59
11.4387
13.2902
11.0442
11.0344
8.70555
7.56823
4.65669
4.78068
0.408873
0.501257
0.313921
0.367912
-0.369276
0.735559
40.5514
27.6624
7.68355
6.61299
4.43838
4.41506
30.4028
110.939
6.98911
16.7924
241.566
764.802
135.678
548.22
0.772292
1.99666
1.07027
4.03648
1354.71
1350.54
774.251
1683.26
120.008
267.884
125.003
432.735
1.17439
3.64596
2.06281
37.7179
39.1882
22.2995
39.4589
117.564
233.958
155.396
586.861
65.2136
62.3151
23.818
93.7357
875.074
-53.8287
1404.42
103.308
-68.0871
-85.2598
-96.0629
-98.7203
5.59332
5.76316
6.58332
5.36401
6.44689
13.178
38.5471
25.8377
6.93188
7.61386
5.43685
5.93255
-0.0779761
-0.103641
-0.104295
-0.135108
700.845
1008.75
959.84
985.71
62.7633
68.4603
63.6046
65.8333
5.74114
5.47078
5.81343
5.80245
613.283
1111.39
452
476.18
1267.44
1147.75
1224.54
453.231
65.7563
70.8706
65.8639
69.6068
1587.6
1587.47
1574.81
1601.36
6.24044
7.14749
5.47116
298.993
1198.37
246.712
410.645
58.4161
57.3724
56.9196
56.1109
-46.1512
-6.05723
-30.2832
-12.6451
364.708
146.279
385.959
134.684
55.0112
56.4363
123.805
54.8381
55.7171
56.049
56.4337
56.4389
67.4706
66.0327
93.6368
130.281
2.59535
2.19682
2.0987
1.9752
1.97325
1.98884
0.775359
0.853988
1374.36
450.622
472.685
179.076
18.3852
15.5409
-0.575045
-0.325847
275.754
614.651
179.491
191.652
119.781
94.4842
96.9752
92.5256
5.86252
6.0782
4.83148
4.95272
9.4237
12.1983
8.57512
620.672
1071.41
68.0536
62.5638
77.142
62.867
62.8534
61.1234
-2.31557
0.105618
-1.17134
109.435
116.788
204.073
198.203
162.91
165.821
156.502
884.898
286.432
294.262
1.94489
48.2839
6.24547
44.5362
26.7624
30.6117
24.9915
19.4217
622.307
1590.53
1111.1
949.837
2022.75
2077.83
1851.1
1208.76
1709.45
2017.54
1053.57
5.41269
-50.5785
2425.83
11.4412
10.5627
131.662
-83.0038
255.17
75.287
5.14061
62.6245
2.10451
56.4002
1759.95
1076.99
1729.6
3.74214
22.7176
66.8065
-187.202
11.0085
5.02663
68.5768
0.218976
61.451
684.661
-0.0768598
4.25388
1736.57
117.884
152.865
5.9966
7.88261
263.505
15.8244
24.679
10.4777
1129.21
151.056
1340.52
5.65545
701.636
210.19
171.433
0.169934
-52.8256
725.958
252.154
66.2409
222.231
71.4264
74.6653
59.0473
74.8586
82.2563
70.6567
62.6254
60.1871
62.1655
67.4651
151.579
466.768
80.1082
87.2303
93.3074
67.0806
107.343
0.205073
57.1873
56.3537
-1.8824
55.5965
55.2038
67.746
56.9416
4.00598
55.5394
58.2726
56.3116
59.7262
55.6365
-127.96
56.064
54.7032
54.4739
54.5422
-2.83008
54.9545
55.4581
54.146
54.2681
59.5779
60.2774
117.916
56.2202
56.1868
72.0704
67.1085
126.367
56.0607
55.7317
55.5078
55.0963
56.3081
57.1073
55.4947
55.625
55.3454
75.4191
91.2569
459.891
57.0748
56.8452
56.9895
55.7507
56.5471
56.3751
56.5151
90.6592
56.6635
57.7698
57.6608
59.8375
60.6054
56.271
57.0831
597.025
234.37
56.4902
2.86276
22.0555
367.997
55.2143
58.0567
60.3544
58.5578
58.5959
314.046
59.2416
55.394
57.5441
56.2279
56.8162
63.67
154.335
130.794
127.415
22.1198
129.974
3.12725
56.1114
88.7694
56.5859
58.4825
130.655
-0.0286392
538.792
56.3076
6.20869
18.5395
56.4443
24.4333
68.6953
59.4772
67.1981
60.2461
21.4264
0.555602
66.0173
58.5425
903.269
138.279
502.521
66.8829
58.9729
60.6517
64.6829
58.6566
58.5615
86.5491
60.2619
59.3217
60.6134
57.911
66.6391
113.253
55.8788
95.0611
56.5719
55.8899
56.3278
0.637936
273.811
57.3834
123.536
0.087257
60.7064
61.5841
57.7779
59.3496
75.5318
60.4845
884.022
61.5702
59.2277
64.3282
60.2967
144.654
1019.56
59.4665
57.7505
95.8308
66.9707
64.4249
58.8658
-114.119
71.1827
71.3794
72.2363
186.65
65.7885
0.608083
195.26
18.2932
129.686
83.6019
71.3623
65.6994
10.6145
37.6749
736.445
91.0614
598.112
164.775
138.044
327.984
108.226
141.43
61.8155
69.1419
56.1457
3.05199
70.7509
71.6934
73.3613
90.4347
85.8924
191.245
115.059
299.533
83.4242
91.3677
274.097
90.6677
75.6462
56.2444
79.0953
59.2738
61.2725
358.17
-46.9008
116.98
-106.555
86.1399
70.8308
83.1036
67.8922
82.5822
402.694
807.453
2451.88
92.4568
572.4
59.4106
35.4639
35.7233
23.3807
23.6431
42.1825
50.2525
1548.2
137.556
142.793
3.77645
13.8984
104.973
155.698
7.06527
48.8642
32.1872
34.3185
807.541
-0.342665
52.6621
377.958
4.26534
1289.24
27.6046
68.7738
157.075
8.79956
50.1585
46.4189
539.821
138.81
140.133
13.2469
163.671
1095.7
1245.49
333.001
4.3794
995.27
150.592
6.41094
67.3687
259.12
10.4012
50.3851
281.639
1215.59
4.07451
405.386
75.3088
289.705
189.953
482.33
296.675
76.8238
793.93
26.4408
865.611
76.9393
156.16
89.1338
31.7124
505.202
542.747
529.592
239.267
1052.68
527.74
91.8381
-1.91477
10.2004
2455.03
186.952
298.671
990.482
0.0834339
94.2816
109.196
311.768
371.751
24.3627
305.296
115.245
43.0032
482.77
1133.78
343.415
60.5116
60.1318
237.704
84.8214
484.14
57.4347
170.854
120.118
272.312
906.041
1027.1
176.179
143.069
58.1876
1033.81
1014.51
116.746
15.26
91.8527
993.064
68.6815
21.4827
704.11
972.94
797.857
8.83736
1330.36
137.898
195.967
-26.7078
7.83836
83.2649
158.839
0.135866
16.7388
9.90705
-0.36356
175.459
285.773
8.33743
6.93261
9.98801
7.40166
8.13846
27.8461
94.7727
9.41367
1.42752
41.1706
2.2402
118.024
195.513
459.746
577.685
1520.81
725.572
75.9248
115.496
1206.77
921.954
11.4361
16.8792
769.884
4.71748
1345.38
1373.65
55.884
1287.62
1455.18
1497.78
93.165
323.175
58.6971
198.271
-0.103831
0.508221
12.5367
1442.39
89.5664
1045.27
-1.60287
71.2443
127.52
434.444
559.608
711.361
840.64
60.2916
521.383
793.384
55.1424
56.5134
174.656
192.724
463.645
82.2631
1042.96
1178.26
55.9801
913.645
54.4124
72.9233
56.8613
117.209
3.69605
5.95628
57.5117
55.3171
54.272
56.9592
59.6965
54.3439
54.4564
56.5583
202.633
1513.04
985.004
54.8032
54.4424
56.4811
10.1403
54.8353
56.1402
56.0274
48.105
-0.952348
0.688332
58.6401
76.7133
55.2247
78.169
61.681
56.5603
149.564
270.453
71.8837
73.0743
98.0432
157.07
-95.8207
93.8445
4.71645
72.8589
31.8224
92.621
193.494
241.545
121.569
142.179
-6.39219
92.6685
463.849
156.831
104.616
96.34
623.11
88.3268
84.8544
71.3544
758.036
148.006
447.093
72.5072
83.5198
804.484
71.4933
111.313
2481.76
58.3056
55.4054
69.3678
521.829
197.353
30.3659
331.208
632.336
8.89232
695.689
656.767
748.32
77.3468
8.03525
106.305
494.778
11.3194
1184.58
660.017
1.88717
322.14
1730.17
1666.14
336.301
961.233
1049.5
133.552
1391.46
1476.67
16.8103
305.221
-4.13359
124.395
970.496
101.047
1466.99
55.5891
1798.69
103.17
39.067
275.763
451.885
66.7389
624.873
526.132
1724.76
1959.01
198.381
225.538
23.4547
2.70214
2.36949
2.31718
54.8364
1352.84
199.784
772.061
16.4695
32.6857
608.16
123.929
2.184
2.19763
2.82762
2.66376
16.4366
740.071
312.486
3.5514
2.8475
7.72304
18.1102
-0.234595
4.18035
4.39191
3.28051
3.84704
3.89463
4.45451
3.38245
1267.06
2435.95
3.51608
3.72843
3.28128
2.30556
8.35564
2.97153
2.93447
2.28035
8.59906
10.6135
11.0781
10.6164
7.28942
38.5401
4.27662
4.77372
841.111
42.9448
85.3858
7.42087
849.895
9.72723
1271.67
1368.3
728.135
838.388
23.8494
669.204
72.9895
822.067
11.2574
432.011
166.012
8.30786
368.904
816.564
25.7276
4.43133
8.022
528.463
6.19872
345.205
395.839
300.247
1.9979
7.2674
0.444244
0.284642
0.43955
0.373682
138.649
20.0721
48.8213
0.944103
-0.0700539
-0.251739
1.16354
0.970491
0.089001
2.66054
0.298154
17.905
74.0117
-0.0391567
7.34344
-1.01458
5.65671
3.69252
65.239
-5.46391
-0.286916
-78.5053
-75.0429
-59.0163
1.2982
9.39335
1.8717
0.930274
11.9704
3.73947
96.1603
1.51789
1330.13
3.33934
1.43146
687.4
0.838712
3.31434
2.96318
2.34398
2.3993
2.93653
2.12017
2.0817
10.7566
198.573
3.34178
848.712
0.316031
0.999771
0.912673
13.0396
2.2303
3.55433
1737.78
1.60135
0.371755
2.12715
-1.16084
0.408585
1167.87
0.210444
5.44662
0.953577
286.448
0.204714
0.546851
0.736408
1.65467
1.49819
1.08565
156.932
0.290093
0.767446
1.03522
2.51313
-2.87836
0.50923
2.09179
0.41557
3.77784
-46.3785
3.45972
2.96484
3.55877
2.38952
0.920616
2.97964
3.83653
3.61237
2.07992
0.831252
8.13898
3.95869
0.46595
56.489
7.30741
-0.652249
467.001
3.93833
1.2178
834.205
3.55612
10.8778
8.57194
4.98825
520.852
816.752
2474.51
36.1242
2303.8
2257.18
854.725
626.501
241.461
1.60065
5.64374
-0.321299
-1.17048
0.55581
-116.263
2.11624
1.11012
69.9749
0.472187
3.88761
-0.115452
5.86357
60.686
2906.6
2853.85
8.55142
9.38148
112.191
5.79941
5.09718
5.51447
6.96275
8.65315
5.79509
1.78708
47.7882
11.3573
19.4129
104.272
765.919
4.09086
8.78798
7.28181
-0.337859
7.13794
5.27413
19.0863
6.22195
6.7398
4.3574
3.84096
2164.7
7.42569
5.93519
4.37113
3.57255
4.09658
1.26111
3.98778
3.80566
5.12457
91.1473
3.9766
4.34909
3.72808
-0.0262297
8.93613
3.19067
4.37713
4.46704
-0.125777
4.00468
-0.0724855
6.05485
14.0305
4.95489
4.44039
7.29562
12.9975
53.9008
0.126715
3.95669
5.60208
62.8693
7.46264
1393.16
1968.3
6.5227
4.37068
0.134531
0.838465
4.0662
3.3722
200.51
1825.83
6.43674
6.58202
1532.61
56.8029
3.68526
8.51291
7.59185
1318.6
34.7737
4.84145
-15.9431
6.90663
7.38684
4.94979
12.8908
7.30376
2546.08
2.55136
5.83174
0.45811
14.5732
1168.58
7.26227
61.0469
1112.04
28.0813
4.04115
27.1912
136.466
1.821
55.6002
144.159
56.8079
4.58281
6.53586
25.5876
4.3586
2.27057
211.043
1384.44
146.838
9.43317
1.30147
1539.65
4.07424
5.76293
888.15
1636.43
112.577
34.5226
0.131565
1570.01
7.29678
0.156723
9.92073
9.63806
31.72
2.34392
2.93266
7.00482
6.59388
11.5356
10.7711
1704.63
1373.1
246.889
0.36804
10.2806
9.41991
1777.5
-5.80078
1833.21
1740.88
3.96843
10.7346
10.6958
5.46975
-9.21545
1627.84
1130.43
25.2525
0.697407
619.843
1854.67
119.927
-0.531723
434.648
1783.84
362.784
1300.81
2225.04
-0.90145
1958.96
10.2938
2009.2
11.9209
-0.396023
8.12454
-0.291636
-3.9873
-6.31963
-3.70033
-93.9723
-8.2626
3.84339
-4.2666
2069.09
-0.54299
5.90299
1424.04
9.59486
2.34391
-1.56892
4.95683
1961.95
-10.4085
1574.73
-2.69926
-11.808
-7.04272
0.215301
0.20677
-1.24211
1.67135
0.10289
4.39713
-0.511631
-1.11062
-0.571627
0.125949
10.2158
0.101114
0.397201
0.227999
-0.196251
13.9655
0.287367
0.505057
373.789
18.1348
6.47574
85.169
6.91293
18.3816
7.03505
-9.84992
2.90891
0.215333
-0.146838
5.95507
20.7026
42.4686
564.836
292.505
62.9659
47.1675
60.7636
9.47636
8.48282
12.1857
-33.0182
63.1454
-0.155949
8.71696
23.408
9.74274
24.0587
1547.4
2806.81
-3.45295
-1.87774
8.76504
-0.663516
0.125242
393.438
101.996
2753.65
4.09217
0.132622
-0.0390322
0.546378
-3.38395
-0.851274
0.234039
-0.0419008
0.141908
-0.915927
-0.422346
-0.0283353
-0.874028
0.0641867
26.9353
-30.5866
806.293
7.76757
180.697
10.5479
2118.59
2506.14
56.7968
1895.05
24.02
-7.58938
-0.874105
-7.71255
0.561665
2531.13
2565.84
789.168
2648.47
35.9664
2179.39
2074.95
26.2902
539.323
2412.23
5.40733
-0.245946
2407.32
2278.42
0.572813
0.0753249
62.4589
78.3956
869.546
60.2891
1.19472
0.484174
0.762475
0.101425
0.0857504
105.16
-0.246297
0.00626092
-0.0442663
-0.0713261
0.0410957
-0.0929132
67.5303
0.550139
-0.0541075
430.839
787.744
-0.092865
0.304171
0.0972273
0.083928
69.368
-0.0369085
0.172446
-68.4294
0.0593673
2875.18
0.222177
0.019516
-0.187915
2835.88
0.0275139
-0.0613762
2823.82
1149.37
4.86235
17.5517
862.949
-107.604
0.231199
0.3995
141.927
-0.197043
10.4256
94.2862
0.0372537
-0.137628
-0.121992
-0.0991697
-0.115217
63.0856
0.347167
-0.0476794
-0.065894
-0.0656282
25.7153
0.011306
0.690206
8.27291
-0.0966418
2264.19
0.387131
1044.02
78.9133
375.824
16.6732
93.4671
191.188
0.00828203
2477.89
1411.35
787.846
2332.87
1466
1037.31
769.911
771.69
-4.17394
152.099
64.272
79.0355
-36.0721
189.246
45.6485
1769.98
393.254
1899.89
12.6489
54.2128
11.5688
1.93457
1253.66
709.133
9.91644
2386.83
2.25226
2474.18
15.6713
310.704
1470.28
1062.34
19.066
1609.7
1596.9
0.197066
1328
1268.86
1308.09
1357.78
108.313
182.853
276.642
147.605
77.7398
318.687
1228.34
16.5065
49.0584
36.2417
1.47662
1659.98
-2.02879
-108.627
52.0681
37.4464
5.67438
1361.13
171.082
1386.44
1249.73
456.105
-53.1158
8.91485
1.64558
0.590647
472.867
3.50898
0.55238
7.77096
104.453
2.92889
-36.6523
541.187
192.414
23.2461
1762.84
41.4144
662.244
61.8377
1059.02
873.435
229.155
123.875
0.100612
1339.74
1697.34
389.24
175.295
1121.24
1142.98
83.3292
2216.42
8.83366
1003.49
31.5797
98.9677
1247.5
809.601
61.5679
31.9599
169.413
-13.5635
35.0569
1981.42
143.542
-0.00227112
517.61
1056.26
23.5404
141.66
414.46
852.487
64.0067
1427.98
32.3496
-108.079
-84.7515
-106.985
-74.7307
138.108
-82.8697
-120.091
-119.123
23.0779
1047.04
-114.286
-92.7779
-5.8526
776.816
-21.38
2160.15
8.38616
1599.88
661.806
-86.856
56.934
-109.68
1073.5
-2.35889
47.8334
81.806
-30.935
-94.9647
-67.6563
-40.2752
219.131
149.855
58.5197
772.54
843.994
33.6992
352.212
161.936
-5.32512
-119.253
89.8148
-23.7244
-51.2179
-95.561
1426.1
-118.428
-125.374
-120.885
-87.5031
-73.2247
-0.0762557
-88.9148
1567.09
-32.8955
-36.4823
245.104
512.055
280.456
52.89
-98.6731
-101.326
-106.302
-95.8822
-46.609
-0.569515
0.0797724
-122.626
-42.6061
69.8589
339.432
340.344
33.6482
-93.8245
386.89
147.555
-0.551328
-4.41166
-1.96912
-4.002
6.80017
4.21465
308.755
53.4545
244.758
1282.51
77.7699
172.785
1234.23
45.9988
841.791
961.511
3.39788
-12.2893
-9.94022
-11.9151
-14.0055
-17.6668
-9.20772
-3.68224
-58.7957
-10.3519
-6.12704
-0.124966
-7.53962
332.123
7.07235
7.98099
-5.02863
1.72658
4.96568
72.2654
5.17059
11.5813
8.3149
12.6914
13.377
17.5137
1.99156
5.60746
0.161711
31.165
67.5827
29.108
4.00353
75.7772
241.362
38.7108
79.2492
18.3326
25.7918
25.6696
-108.402
109.477
17.3905
100.428
359.668
157.83
469.502
1.48329
15.2761
249.402
286.903
27.6022
712.849
-74.5047
28.33
-20.5203
39.0362
21.6516
510.41
-110.128
196.35
35.8778
695.547
22.0891
0.917233
-14.2084
277.631
-111.728
113.406
122.841
83.1453
89.8257
102.169
90.902
-111.269
0.21567
93.6061
118.574
18.8174
-106.668
99.2969
120.426
105.389
106.093
46.019
118.21
117.975
161.197
57.5593
98.6965
190.297
151.549
11.199
148.56
147.827
485.617
107.742
99.5888
93.4802
120.214
28.8193
202.437
77.6743
64.21
1433.15
864.242
1164.48
138.401
7.1434
117.923
121.892
117.539
87.3234
109.49
-82.9653
97.3294
106.439
118.125
189.5
91.9736
133.255
96.6367
234.639
93.9962
139.974
92.2166
206.51
-65.6986
288.451
399.698
248.514
93.5467
75.7671
28.9783
20.094
15.9244
6.27504
-138.703
43.0407
93.4439
157.855
-3.02283
7.94704
13.7872
15.6162
14.0426
94.8728
16.2505
21.7
20.6789
9.50255
17.5717
81.8776
188.339
8.28494
17.2157
27.4445
16.3321
-4.72268
3.5579
0.647431
429.335
3.86959
156.251
101.96
-9.99036
136.88
-19.911
90.176
11.9636
-18.7576
12.0233
11.1765
0.976324
266.289
14.9424
2.56111
3.64029
6.14891
13.3707
-4.23084
16.0689
235.449
55.6032
7.15854
21.1152
16.967
9.84094
8.18616
31.0194
23.9858
46.4033
172.216
64.3572
12.2791
0.627686
-3.1359
17.4642
12.673
41.4667
93.2352
-5.16779
135.538
3.7401
148.673
-3.18499
-0.865254
-1.74007
19.369
8.08439
1.58685
-2.25458
5.77728
79.032
147.814
112.435
-10.4574
-0.502464
237.738
263.238
134.577
1.33855
0.355998
163.115
39.2219
28.1985
198.55
10.3747
39.4658
47.7298
85.5903
-2.39043
23.1328
87.8987
52.1743
53.6864
33.2635
55.334
54.497
61.903
9.10247
15.38
214.078
49.7859
239.49
13.027
19.2767
52.3498
51.6495
-10.1529
13.5997
-2.22335
-1.71935
116.647
122.216
164.356
278.872
380.943
80.4535
1791.83
-0.697429
590.353
879.786
178.35
73.8169
131.756
464.827
234.428
73.4074
354.274
4.54871
682.728
17.0864
9.04155
22.9979
62.7988
272.067
168.808
65.6125
15.7463
221.63
165.634
131.395
67.739
-58.0506
5.52951
38.2032
11.762
-0.275295
212.072
136.224
3.4806
169.458
3.48577
56.6684
66.1567
257.387
169.993
225.975
-47.2119
148.28
-0.148018
29.9109
183.213
574.756
41.6946
217.889
66.4468
676.833
59.3881
55.5378
129.957
170.825
151.727
923.795
285.198
309.174
66.7396
165.979
84.4653
799.858
106.276
1.23951
-43.4865
0.705915
73.7778
632.842
2.17763
1307.75
17.4571
163.724
820.974
47.6126
253.061
354.975
58.8434
990.303
51.8399
660.837
1167.16
-90.9077
193.136
1022.43
183.706
78.9735
103.796
28.4781
94.5414
26.4698
99.7313
5.24851
237.782
4.98365
121.39
11.4959
268.488
189.935
5.36801
11.2713
37.6214
1154.14
3.24061
10.4374
10.9226
10.9513
24.9633
1664.86
40.9688
332.312
28.7685
10.7092
1015.46
11.3498
43.849
3.35193
9.53788
7.35762
54.7916
260.34
5.25757
3.95318
4.90966
5.47915
163.527
6.62402
29.0526
13.0657
5.00246
8.04742
1.87833
32.1423
5.54915
1362.32
867.316
1310.28
-2.03055
474.075
12.852
10.0549
168.628
245.065
152.77
0.14962
474.646
16.6283
835.123
-0.125768
-9.4613
-114.426
1.19098
7.32768
6.04523
1.25134
17.5231
14.7073
-0.717943
3.00337
27.0071
-5.24376
9.87632
-3.64447
1.87379
4.58186
36.2227
0.629481
71.9007
1.03591
4.00451
1.7959
-44.9506
460.16
450.877
2.34086
3.1994
544.285
-75.0074
4.41907
0.137286
2.16999
59.0965
8.45017
-0.958208
471.5
10.6202
0.942476
41.2123
105.816
1.23726
-2.03877
14.7967
0.0831745
-76.0777
-1.64272
44.116
0.681918
40.5648
11.127
4.79659
3.58147
3.64913
3.05309
23.7379
7.84229
5.6479
3.60562
1509.2
6.19788
4.84977
12.4583
2.99159
422.744
-16.2482
1370.78
1353.85
222.242
3.55076
-108.099
6.47864
35.3725
9.31699
31.6999
11.9334
77.6667
-4.27186
1.91022
11.0698
3.3926
146.303
23.3858
10.819
8.87005
9.70774
11.1858
178.58
218.876
1.3246
10.9868
11.1443
15.1702
947.352
-5.77832
34.0237
58.7264
1107.28
142.236
755.005
59.6227
-15.014
487.778
-2.33419
13.6309
8.52056
67.8557
298.98
560.569
5.51944
148.239
1988.17
1.74649
19.7278
143.146
36.4449
56.8601
75.8482
128.854
306.446
72.9155
15.5235
88.2914
51.3905
2807.25
15.8738
90.8243
65.4778
27.5691
43.6942
4.73478
-21.3318
46.48
7.31046
320.581
14.0124
1.37911
21.6433
1.74402
2.26916
0.670853
14.6043
1333.25
2.22446
2.25634
-8.53634
2.24115
5.58337
2.32065
20.8225
0.502117
8.8082
4.18031
-7.50558
-12.0492
0.591952
1.13415
-12.5239
22.8707
180.597
159.56
-22.0583
12.6005
-2.18804
-19.4689
423.79
53.544
-1.31684
32.918
4.73738
92.3145
2291.49
-14.7627
48.666
-183.899
89.1085
178.279
193.98
91.7874
116.447
4.18675
175.733
87.3126
213.141
128.048
320.551
120.787
10.4963
-4.08388
634.749
41.3546
147.236
135.092
87.2256
352.565
91.3592
436.199
347.717
103.321
114.459
4.65877
-32.8664
154.423
63.2155
218.824
125.881
397.33
-4.97182
49.4008
373.454
122.55
222.403
2.71946
169.739
356.951
9.00664
83.0545
37.4396
3.54965
-10.3469
2.2564
15.3347
4.05963
-3.29102
14.1825
-1.77873
4.15097
47.1224
-5.35702
144.748
17.5811
1.06968
2.75349
0.707349
54.0882
-3.62887
851.69
1311.07
-22.9542
351.183
56.1016
142.538
142.331
1129.33
-58.8434
-108.924
-95.5334
185.329
71.9955
85.0817
-2.13653
10.9721
230.886
-124.144
86.9336
-124.364
46.9262
332.144
61.126
1441.82
1566.73
114.291
-30.6011
-90.4221
5.00505
-43.1563
1178.08
127.597
564.592
1534.18
58.9211
16.5244
862.935
40.2701
61.8186
0.722649
160.676
935.649
0.864222
22.0737
62.4182
2338.62
68.3757
2025.12
11.0719
680.139
0.0206082
170.218
-1.7675
0.494312
2.18676
1.09908
6.01222
-4.14494
342.552
-2.28322
26.6304
7.38595
100.4
1.41766
58.3438
6.69451
101.011
169.995
0.357826
41.3139
154.878
3.56008
-50.3201
69.3243
57.6209
338.911
3.42437
79.3459
10.9882
4.47618
1.33035
1657.58
-0.12628
3.95709
-5.75917
2.32535
1.60381
9.55259
688.698
1.00436
1040.65
6.21566
1780.63
18.9624
1271.98
58.1046
-0.941642
2.58713
1540.68
31.2962
12.3581
3.83241
-0.115552
8.02366
554.833
0.0916296
0.521223
319.826
6.83338
1.02969
80.7849
153.599
3.80914
868.484
7.49049
2711.83
3.45811
4.16471
6.91951
108.953
1735.55
1608.23
7.03358
-0.420381
1278.16
5.93788
481.929
219.514
3.05788
2698.47
11.1179
8.92383
0.0546356
4.63277
4.23111
0.165341
4.04855
23.8838
4.5111
2423.69
2828.54
165.706
7.65373
-1.70192
5.34273
968.637
6.87108
139.891
13.867
0.23452
-5.38761
0.161113
15.8543
1875.81
-0.0872551
53.6125
-1.69224
-2.52305
0.622761
2.7885
46.4433
-1.24863
35.6812
-0.43609
2.2589
-7.54369
0.263465
-42.53
5.341
-0.00881753
0.490726
15.0186
161.781
3.70666
3.18308
2807.22
-85.8073
1604.43
50.4684
176.072
5.21388
312.632
-0.239934
56.9459
487.671
3.88546
19.0242
45.8449
122.062
0.427041
2.40101
626.743
9.93533
-0.0431758
710.803
22.4419
2388.84
27.0713
472.001
12.3126
15.8056
18.426
-64.1639
1.41885
38.8841
13.6984
385.296
879.241
343.102
182.207
12.4325
1059.62
2100.46
34.546
80.3087
602.706
78.4131
116.485
680.928
-0.069689
325.346
188.203
3.43428
5.68981
7.20468
14.7733
1012.04
966.172
87.3706
1093.25
537.11
139.148
36.2585
747.773
650.736
0.264687
30.9807
160.225
2.42954
168.094
54.6261
54.4739
0.0512623
55.7242
2005.96
8.53935
184.915
77.9757
10.8559
1.92642
55.2203
57.0593
70.1988
86.2675
55.1933
814.779
68.8274
99.5669
8.9079
70.0538
55.808
101.378
58.8725
57.2463
227.256
56.2755
11.7288
140.45
55.0793
56.6325
56.8259
1605.97
42.2979
198.049
32.8693
43.8664
16.847
285.136
231.598
958.665
6.73306
2126.94
-9.77078
148.247
741.537
6.96318
21.9888
-0.882652
16.2945
24.9904
-1.49289
0.583464
126.975
49.1482
953.283
0.0949554
0.177067
73.8251
7.64646
10.517
688.486
73.6976
135.443
274.892
14.6974
64.8413
2822.91
5.62758
12.6006
281.024
1118.91
1289.29
266.731
-0.931877
-0.0148976
975.145
419.733
62.1664
85.2038
467.68
1031.15
121.987
0.257159
128.727
399.844
416.754
76.2905
54.3999
744.987
639.078
5.12322
1.08438
65.6962
1.38916
162.7
156.49
3.91109
66.1022
63.7526
63.5922
57.2635
70.8857
58.7108
55.9713
-51.2442
56.4801
1.42829
63.3109
56.3954
42.8457
63.2295
62.3784
951.928
61.5694
943.915
62.727
294.989
124.356
57.9383
79.7751
196.476
165.682
56.3002
67.125
-30.8328
57.3359
57.8875
56.584
199.798
57.9605
6.99497
56.0422
946.29
57.2703
103.782
55.7794
-90.5025
56.2218
2165.18
57.6735
0.0623576
56.0289
1266.34
62.7174
1.97373
56.3332
55.7358
2.7447
62.285
59.7012
13.2976
69.6629
13.4684
51.0585
77.7282
28.1944
-36.8546
1.32981
4.54204
164.989
57.9812
56.402
534.574
56.5405
293.614
141.128
532.765
56.3906
173.321
313.122
1040.64
-0.110219
374.497
56.1262
57.0222
14.9123
55.0633
82.466
56.2775
465.116
39.1622
54.1598
56.6367
1265.2
58.6265
333.673
61.1412
711.394
11.1993
-3.2311
9.63282
499.682
711.363
55.9432
502.958
22.0545
972.064
302.92
54.1692
402.77
54.3633
1700.02
0.374486
-0.0866176
642.061
6.81756
3.11635
-93.2742
364.687
1549.31
1383.62
211.847
14.7237
43.2395
0.0691689
2677.1
0.560349
66.6511
86.0464
40.3358
8.37498
30.2353
1158.11
0.161948
2149.05
29.0308
-0.0597504
5.50757
112.262
147.958
-0.485755
60.3289
10.2127
-0.079458
68.8642
29.5146
-109.391
11.6156
3.31619
-66.7044
30.1372
-0.306869
12.3301
0.126121
0.0843384
0.210414
16.0914
2.65159
-71.3922
380.865
80.8955
-0.0973804
90.7916
71.8505
-3.54741
1.17073
77.7078
18.7472
5.95973
86.2756
487.728
-4.50521
3.03117
2533.62
2.26674
8.49629
-0.00915532
-1.98655
54.3639
69.1578
1.1262
2557.44
3.73006
2.87505
21.8058
-120.106
2.44797
0.239631
93.2156
-45.0499
13.3056
678.182
241.248
-1.79067
1477.57
4.83878
347.77
25.5364
16.1221
-0.827639
316.104
0.255877
1375.58
959.604
1670.28
28.9108
139.737
0.235461
4.68701
0.0646272
28.9245
4.07274
2815.15
-32.127
1151.57
140.24
179.609
59.2936
13.6755
886.428
3.78613
22.8059
0.725704
561.5
1034.87
98.8508
419.458
-1.13063
178.077
146.047
1330.5
989.716
26.9165
61.222
54.5423
2513.56
91.1043
126.454
876.593
163.558
5.60213
1343.33
-0.587068
63.1906
-2.09459
3.51547
980.231
54.3309
436.667
8.1255
2.96417
-126.226
-3.75082
1415.72
8.74197
9.7671
517.951
38.0489
-1.29541
4.82734
)
;

boundaryField
{
    FrontBackPlanes
    {
        type            symmetry;
    }
    wallz
    {
        type            fixedFluxPressure;
        gradient        uniform 0;
        value           nonuniform List<scalar> 
97
(
2815.48
2765.58
2783.34
2839.58
1204.61
1479.31
657.016
426.893
1603.58
1799.04
508.03
1633.73
486.936
331.634
468.674
326.373
43.8
150.684
1702.43
1603.22
1518.85
548.351
591.122
351.654
162.82
109.728
73.1074
842.153
1191.74
1160.04
744.342
692.569
574.65
178.305
200.764
756.36
1101.39
1055.41
1045.97
916.543
201.901
153.104
873.638
1403.46
1150.79
1118.36
1622.06
865.003
3973.15
469.117
389.127
385.834
1366.3
585.674
115.925
22.2404
407.521
721.506
124.102
600.087
79.7638
157.867
63.2661
292.597
698.905
1063.03
1514.01
271.052
495.802
-44.8123
143.993
6.44724
537.114
582.931
436.299
636.044
-52.1909
450.215
288.345
354.39
1749.91
1958.51
157.968
2741.26
2788.18
2772.99
2872.08
1230.75
1549.03
36.7403
1076.99
-52.8256
273.811
623.11
180.697
539.323
474.646
)
;
    }
    outlet1
    {
        type            fixedValue;
        value           uniform 0;
    }
    inlet1
    {
        type            fixedFluxPressure;
        gradient        nonuniform List<scalar> 2(5.29931e-05 0.0036974);
        value           nonuniform List<scalar> 2(2795.54 2789.15);
    }
}


// ************************************************************************* //
