/*--------------------------------*- C++ -*----------------------------------*\
| =========                 |                                                 |
| \\      /  F ield         | OpenFOAM: The Open Source CFD Toolbox           |
|  \\    /   O peration     | Version:  v2012                                 |
|   \\  /    A nd           | Website:  www.openfoam.com                      |
|    \\/     M anipulation  |                                                 |
\*---------------------------------------------------------------------------*/
FoamFile
{
    version     2.0;
    format      ascii;
    class       volScalarField;
    location    "0.05";
    object      p;
}
// * * * * * * * * * * * * * * * * * * * * * * * * * * * * * * * * * * * * * //

dimensions      [1 -1 -2 0 0 0 0];


internalField   nonuniform List<scalar> 
6576
(
-396.731
-415.607
-385.206
-389.736
-401.628
-381.15
-377.77
-374.553
-391.368
-386.998
-386.746
-377.64
-366.269
-378.411
-285.673
-298.018
-332.704
-335.939
-308.998
-309.19
-335.494
-373.732
-383.336
-453.866
-284.576
-245.192
-171.544
-426.043
-417.273
-419.001
-410.057
-402.216
-361.545
-267.616
-252.637
-267.504
-282.268
-283.686
-270.799
-277.119
-301.444
-362.881
-303.693
24.4018
3.11714
38.3368
4.98505
23.6642
64.7748
40.9101
14.8905
39.5661
-2.92427
-2.92462
-2.93622
-2.89562
-2.89656
-2.90796
-2.90678
-2.92666
-2.89791
-2.88954
-2.87484
-2.90312
-2.92632
-2.89751
-2.72664
-2.75635
-2.77082
-2.78533
-2.75601
-2.81399
-2.78454
-0.901905
-0.927689
-0.93751
-0.925888
-0.900439
-0.92318
-0.948669
-0.855177
-0.843696
-0.870127
-0.891039
-0.865279
-0.866868
-0.892685
-0.274565
-0.238178
-0.234612
-0.275011
-0.261592
-0.263715
-0.302014
56.8732
43.9236
84.6303
4.56055
32.3406
56.3642
27.4552
186.808
160.185
152.63
160.513
186.869
139.7
165.922
164.707
151.416
190.95
138.161
164.954
164.425
-3.21722
-2.9724
-3.22296
-3.07831
-2.69952
-3.28663
-3.20395
-24.3851
-65.9004
-161.738
-85.0329
-65.1372
-3.77992
24.3665
-2.96372
-3.00614
-2.97642
-3.25674
-3.04349
-3.33993
-3.06602
-1.64486
-1.63481
-1.66033
-1.62583
-1.60116
-1.60396
-1.62969
-1.76446
-1.74788
-1.73882
-1.72622
-1.70214
-1.70608
-1.73145
-1.88896
-1.87605
-1.92188
-1.83062
-1.86365
-1.89336
-1.86093
-1.8802
-1.90788
-1.85844
-1.86273
-1.88949
-1.83473
-1.80991
-1.85327
-1.82737
-1.98711
-2.03556
-2.00029
-1.93909
-1.97399
-2.00551
-1.97068
-1.98866
-2.01906
-1.96518
-1.95708
-1.98471
-1.91398
-1.93861
-1.94578
-1.91904
-2.26819
-2.31798
-2.24295
-2.24436
-2.29193
-2.20366
-2.16511
-2.1917
-2.23641
-2.47389
-2.44738
-2.51327
-2.40728
-2.3656
-2.45427
-2.41492
-2.48559
-2.50337
-2.588
-2.46192
-2.37677
-2.44634
-2.51807
-2.74569
-2.77714
-2.7586
-2.63942
-2.65041
-2.68546
-2.66864
-3.33348
-3.58198
-3.40039
-3.40629
-3.36719
-3.40565
-3.49336
-2.70363
-2.72282
-2.69745
-2.64442
-2.66612
-2.67789
-2.6543
-2.57393
-2.61601
-2.563
-2.58152
-2.53935
-2.50591
-2.55176
-2.41023
-2.34716
-2.38288
-2.43158
-2.39586
-2.35188
-2.38786
-2.23427
-2.2548
-2.19613
-2.2707
-2.3074
-2.23357
-2.26977
-2.11716
-2.06762
-2.10332
-2.1675
-2.12808
-2.15068
-2.11328
-2.08302
-2.11894
-1.99107
-1.94723
-1.98043
-1.97185
-2.00589
-1.94546
-1.97823
-1.78233
-1.79618
-1.76634
-1.74003
-1.76978
-1.76876
-1.73933
186.935
159.457
154.108
174.273
147.002
115.744
143.009
128.009
155.466
52.8205
84.0284
54.4892
52.2228
21.4117
40.3548
10.0184
-0.276912
-0.234473
0.0334159
-0.117646
-0.104572
-0.092623
-0.0539816
-0.0450006
-0.230518
97.9878
54.5059
70.3097
-2.22157
-4.4021
-1.12402
-3.61208
-2.95727
-3.93896
-5.75116
-0.889189
-0.860313
-0.848058
-0.861335
-0.889864
-0.862619
-0.834204
-1.34646
-1.3317
-1.36114
-1.35684
-1.34197
-1.38456
-1.37551
-1.36359
-1.37655
-0.942379
-0.928437
-0.902496
-0.982793
-0.957355
-0.956094
-0.930444
-0.295556
-0.238092
-0.278988
-0.23553
-0.245707
-0.238389
-0.219669
0.228473
-0.115217
-0.251332
-0.451254
-0.290398
-0.434677
-0.4393
-0.326885
-0.440323
-0.546531
-0.112712
-0.722265
-0.480974
0.347352
-0.286827
-0.878681
-0.32185
-0.442277
186.109
187.11
196.782
159.71
160.107
169.761
170.852
188.883
187.668
200.934
172.746
160.174
115.121
139.642
154.893
170.001
37.5803
23.2209
50.6532
60.2646
86.5082
39.2616
59.2562
0.193176
0.505822
0.719217
-0.328925
-0.952241
0.530745
0.333753
-0.660375
-0.620428
-0.632948
-0.608362
-0.579969
-0.621025
-0.593203
-0.619656
-0.647197
-0.845209
-0.870029
-0.832088
-0.819254
-0.793664
-0.844915
-0.819562
-0.967103
-0.930348
-0.943855
-0.91719
-0.893095
-0.929733
-0.905607
-0.930937
-0.954725
-1.20528
-1.17302
-1.19344
-1.23546
-1.21737
-1.19606
-1.21604
-1.201
-1.21185
-1.23201
-1.19172
-1.16959
-1.19122
-1.21362
-2.26455
-2.27618
-2.30993
-2.24789
-2.27862
-2.27807
-2.30966
-2.33364
-2.36397
-2.37894
-2.36433
-2.33444
-2.36514
-2.39518
-2.27027
-2.28261
-2.31439
-2.28459
-2.25456
-2.28317
-2.31403
-2.28028
-2.31219
-2.26686
-2.26609
-2.29683
-2.25196
-2.22118
-2.26672
-2.23616
-2.40823
-2.43928
-2.39529
-2.40779
-2.37988
-2.43925
-2.40917
-2.50792
-2.46194
-2.49299
-2.51057
-2.54181
-2.48065
-2.51096
-2.51027
-2.52597
-2.55683
-2.49502
-2.46408
-2.49521
-2.52503
-2.756
-2.74024
-2.70897
-2.75884
-2.79029
-2.75898
-2.72757
-2.60175
-2.63239
-2.63535
-2.63265
-2.66407
-2.68275
-2.6511
-2.80837
-2.76068
-2.77688
-2.61497
-2.6308
-2.58362
-2.92076
-2.88897
-2.88648
-2.89032
-2.92017
-2.89963
-2.87067
-2.88023
-2.88613
-2.91644
-2.83331
-2.86472
-2.85512
-2.88551
-2.90223
-2.9334
-2.87137
-2.88013
-2.83355
-2.86517
-2.91841
-2.88788
-2.9033
-2.87265
-2.84934
-2.88062
-2.93531
-2.91963
-2.91894
-2.90392
-2.88872
-2.88153
-2.83461
-2.86579
-2.89724
-2.92302
-2.9229
-2.93582
-2.89299
-2.89259
-2.90478
-2.90469
-2.63606
-2.61977
-2.5885
-2.65016
-2.68264
-2.63525
-2.66642
-2.63525
-2.60418
-2.49667
-2.46425
-2.51423
-2.52911
-2.56131
-2.49647
-2.52795
-2.52004
-2.56663
-2.53345
-2.5058
-2.53672
-2.56831
-2.53488
-2.37565
-2.39373
-2.40513
-2.40758
-2.44096
-2.43954
-2.40814
-2.11674
-2.06479
-2.09388
-2.1689
-2.13636
-2.08884
-2.05043
-2.10767
-2.11814
-2.16157
-2.08144
-2.12149
-1.97279
-1.93393
-1.94866
-1.99422
-1.94736
-1.95967
-2.00162
-1.88995
-1.8395
-1.84867
-1.89258
-1.82861
-1.85482
-1.90881
-1.46676
-1.4622
-1.50102
-1.41969
-1.45143
-1.47398
-1.4405
-1.37496
-1.41411
-1.38144
-1.33557
-1.36787
-1.3473
-1.37945
-1.40269
-1.37024
-1.24036
-1.21772
-1.26043
-1.22106
-1.24483
-1.25191
-1.27564
-0.802905
-0.831894
-0.845689
-0.859368
-0.888334
-0.860186
-0.831517
-0.863067
-0.891359
-0.847709
-0.834521
-0.862337
-0.805035
-0.833277
-0.806708
-0.835868
-0.850201
-0.893569
-0.864146
-0.83573
-0.864619
-0.520621
-0.549605
-0.505803
-0.491835
-0.520436
-0.462509
-0.491502
-0.374155
-0.345301
-0.388063
-0.402359
-0.431424
-0.344981
-0.373673
-0.373788
-0.402348
-0.435972
-0.40691
-0.392413
-0.360802
-0.389707
-0.389722
-0.418333
-0.40712
-0.435615
-0.25871
-0.231089
-0.272872
-0.274548
-0.302677
-0.286402
-0.258764
-0.303308
-0.275354
-0.317228
-0.274305
-0.242865
-0.271587
-0.272022
-0.300376
-0.318058
-0.134565
-0.116908
-0.150738
-0.159105
-0.199757
-0.176101
0.133407
0.0816902
0.0829317
-0.213696
-0.035445
-0.255486
-0.244342
-0.278344
-0.229026
-0.182984
-0.356916
-0.310875
0.198004
0.589042
-0.136127
-0.525464
0.0438571
0.116934
0.215088
-6.34627
-0.529787
-0.948817
-0.265246
-0.623581
-0.927359
-0.83412
-0.785806
0.25572
-0.0912853
-0.375709
-0.946879
-0.324598
89.5044
61.3271
49.1424
36.238
3.32738
36.4776
66.4266
153.057
139.695
167.641
111.218
138.02
151.401
186.539
160.585
160.268
134.132
160.348
186.883
152.633
160.673
187.05
139.546
112.973
166.119
139.735
172.115
198.928
172.708
189.504
188.953
199.81
163.14
163.266
186.017
185.617
159.507
159.799
189.683
189.883
200.478
164.129
163.591
174.882
148.744
167.72
154.946
141.4
190.541
164.8
156.345
190.058
164.268
142.928
168.634
140.199
115.795
153.969
166.506
140.611
115.915
141.23
40.2161
53.3248
10.4004
91.1914
61.1884
34.7937
62.4142
40.6736
15.512
51.1654
60.9393
88.4073
39.2109
64.3909
0.121406
0.128815
0.0970086
0.125599
0.0692251
0.0646184
0.0360692
-0.173866
-0.158914
-0.200862
-0.131123
-0.186684
-0.179469
-0.15048
-0.172321
-0.204411
-0.157759
-0.20391
-0.165243
-0.130586
-0.183778
-0.336873
-0.304116
-0.306239
-0.309567
-0.28924
-0.313656
-0.289063
-0.298779
-0.32772
-0.444714
-0.420237
-0.404379
-0.36337
-0.387805
-0.378416
-0.401955
-0.405716
-0.430358
-0.623128
-0.597518
-0.633837
-0.647782
-0.621932
-0.671074
-0.645547
-1.72125
-1.73781
-1.6953
-1.78455
-1.75808
-1.7281
-1.75374
-1.71074
-1.67711
-1.72013
-1.73964
-1.70608
-1.73134
-1.76596
-1.86576
-1.90316
-1.85875
-1.81461
-1.84964
-2.01964
-2.03173
-2.06458
-2.00615
-1.97386
-2.00264
-2.03377
-2.07244
-2.02932
-2.04064
-2.04421
-2.01401
-2.04264
-2.07274
-2.01322
-1.98318
-2.02818
-2.01307
-2.0425
-2.07263
-2.04237
-2.14561
-2.1008
-2.13057
-2.14821
-2.17867
-2.11895
-2.14828
-2.14731
-2.16207
-2.19317
-2.10237
-2.13253
-2.13222
-2.16194
-2.31279
-2.26653
-2.26743
-2.26268
-2.23206
-2.23233
-2.26167
-2.28189
-2.21764
-2.26223
-2.27666
-2.24736
-2.2181
-2.38806
-2.43284
-2.38736
-2.37295
-2.34257
-2.40286
-2.34229
-2.37213
-2.52782
-2.51248
-2.55907
-2.49455
-2.51051
-2.46388
-2.55665
-2.52533
-2.49454
-2.52459
-2.80386
-2.77283
-2.75803
-2.74166
-2.71014
-2.7417
-2.77191
-2.75764
-2.77333
-2.8047
-2.74249
-2.71113
-2.74265
-2.77303
-2.88537
-2.89918
-2.86968
-2.74262
-2.75924
-2.7112
-2.8052
-2.77385
-2.74271
-2.77293
-2.88762
-2.90215
-2.93286
-2.8721
-2.90309
-2.90145
-2.90125
-2.93307
-2.90276
-2.90103
-2.88638
-2.87216
-2.92346
-2.92281
-2.93593
-2.89293
-2.89303
-2.90447
-2.90427
-2.92233
-2.89142
-2.88882
-2.92228
-2.89295
-2.87428
-2.90345
-2.74926
-2.71941
-2.76643
-2.78004
-2.81139
-2.77869
-2.74969
-2.78173
-2.81158
-2.50645
-2.52079
-2.47183
-2.57024
-2.53375
-2.50343
-2.53678
-2.4015
-2.43178
-2.42775
-2.45374
-2.4865
-2.44647
-2.47683
-2.24284
-2.22186
-2.16996
-2.32031
-2.25766
-2.26416
-2.21225
-2.24452
-2.24292
-2.33584
-2.26148
-2.32602
-2.00469
-1.92653
-1.94064
-2.08957
-2.04891
-2.05593
-2.01973
-1.9568
-1.98092
-1.73523
-1.72264
-1.78529
-1.76533
-1.7476
-1.85183
-1.82514
-1.79918
-1.82247
-1.51952
-1.53276
-1.49958
-1.47752
-1.51036
-1.50702
-1.47484
-1.42521
-1.45277
-1.407
-1.39105
-1.36399
-1.39566
-1.42259
-1.28127
-1.25451
-1.29926
-1.29701
-1.27011
-1.3445
-1.31683
-1.30131
-1.3286
-1.17706
-1.19061
-1.14702
-1.23426
-1.20414
-1.17618
-1.20591
-0.708588
-0.737689
-0.740452
-0.766634
-0.737684
-0.78439
-0.754935
-0.622901
-0.608253
-0.579248
-0.624616
-0.652834
-0.65345
-0.625306
-0.637001
-0.608528
-0.667303
-0.62436
-0.592959
-0.621626
-0.622005
-0.65024
-0.667776
-0.535506
-0.50615
-0.503417
-0.506443
-0.477283
-0.488771
-0.45942
-0.552452
-0.508115
-0.522887
-0.385841
-0.341942
-0.371282
-0.269968
-0.225871
-0.255493
-0.338854
-0.157258
-0.150939
-0.258723
-0.361723
-0.409726
-0.262489
169.627
157.36
144.472
161.927
148.455
136.471
134.006
108.206
109.876
135.046
200.206
174.796
174.217
187.251
186.956
197.606
160.592
160.926
171.243
171.741
167.274
153.68
140.211
188.108
162.401
153.947
166.375
140.528
161.838
187.732
169.468
196.292
156.865
169.59
143.821
170.259
0.298301
37.3858
48.7832
58.7641
88.0699
59.4662
31.1772
36.1784
7.8706
46.1611
55.9586
85.0455
33.0255
59.6157
-0.0324584
-0.0686148
0.0586557
-1.5702
-0.523764
-0.090612
0.391682
-0.0711307
-0.194111
-0.0275571
0.072851
-0.000317061
-0.0521123
-0.0186994
-0.437663
-0.462306
-0.451383
-0.490393
-0.468948
-0.489029
-0.466381
-0.632624
-0.607626
-0.64328
-0.628614
-0.654565
-0.631377
-0.606017
-0.735661
-0.710728
-0.746073
-0.757603
-0.782438
-0.759813
-0.73465
-0.855882
-0.880485
-0.845643
-0.832092
-0.857067
-0.834181
-0.809603
-0.938484
-0.912846
-0.948077
-0.959351
-0.984042
-0.962458
-0.936807
-1.65463
-1.63926
-1.664
-1.69905
-1.67264
-1.66999
-1.69659
-1.78236
-1.79375
-1.82557
-1.76956
-1.73864
-1.76589
-1.79634
-1.80409
-1.83527
-1.79308
-1.80756
-1.77847
-1.83577
-1.80598
-1.83869
-1.79635
-1.80835
-1.81049
-1.78176
-1.80963
-1.83887
-1.84063
-1.79828
-1.81099
-1.81216
-1.78395
-1.84077
-1.81203
-1.95354
-1.9237
-1.90878
-1.93838
-1.90912
-1.89316
-1.86489
-1.87956
-1.90831
-1.79171
-1.74857
-1.77734
-1.79439
-1.8235
-1.76597
-1.79447
-1.79341
-1.80769
-1.83738
-1.77918
-1.75022
-1.77909
-1.80772
-1.90898
-1.87977
-1.91188
-1.90911
-1.9384
-1.95646
-1.92664
-2.05909
-2.02894
-2.0263
-1.98184
-2.01133
-1.99985
-2.02913
-1.90727
-1.8632
-1.89256
-2.07603
-2.03083
-2.04579
-2.19584
-2.16489
-2.15008
-2.31357
-2.28221
-2.26765
-2.25236
-2.28245
-2.22197
-2.25257
-2.26644
-2.28174
-2.31241
-2.25113
-2.22057
-2.43415
-2.40422
-2.38957
-2.37397
-2.34296
-2.37382
-2.40388
-2.25981
-2.21498
-2.24601
-2.27425
-2.24393
-2.21482
-2.24509
-2.43805
-2.39278
-2.40804
-2.40676
-2.37736
-2.40804
-2.43819
-2.63512
-2.65061
-2.68228
-2.61989
-2.58853
-2.81048
-2.78108
-2.76667
-2.81042
-2.78049
-2.78013
-2.75097
-2.58492
-2.61535
-2.63429
-2.64797
-2.6167
-2.61586
-2.58638
-2.78092
-2.81085
-2.76692
-2.78042
-2.8112
-2.7815
-2.75165
-2.88518
-2.86989
-2.89768
-2.887
-2.91849
-2.88326
-2.85579
-2.88928
-2.8681
-2.83688
-2.90154
-2.9343
-2.8704
-2.92674
-2.89661
-2.88951
-2.89629
-2.8692
-2.84255
-2.87268
-2.92647
-2.92916
-2.93859
-2.89955
-2.89972
-2.90882
-2.88487
-2.90218
-2.89131
-2.8759
-2.92926
-2.92696
-2.93819
-2.90085
-2.90225
-2.90951
-2.91429
-2.8718
-2.84568
-2.891
-2.85284
-2.87534
-2.90355
-2.87745
-2.93174
-2.90732
-2.90494
-2.93622
-2.90802
-2.9021
-2.92774
-2.85311
-2.86398
-2.82256
-2.82181
-2.80562
-2.85582
-2.84124
-3.01408
-2.9844
-2.80394
-3.02617
-3.22713
-3.20203
-2.97306
-2.51889
-2.50076
-2.42907
-2.66827
-2.46
-2.6672
-2.52252
-2.90005
-2.79635
-2.92408
-2.73431
-2.75275
-2.8402
-2.86047
-2.11656
-2.18562
-2.15105
-2.21732
-2.26638
-2.17385
-2.21548
-2.16148
-2.1223
-1.99945
-1.93186
-1.98079
-2.0686
-2.00254
-1.96083
-2.01492
-1.96169
-2.02044
-1.98949
-2.0115
-2.04318
-1.96961
-1.99983
-1.75447
-1.72584
-1.77587
-1.79664
-1.82674
-1.79467
-1.82385
-1.75764
-1.78555
-1.78771
-1.83546
-1.79859
-1.73986
-1.77419
-1.7547
-1.78899
-1.81942
-1.78406
-1.60687
-1.65326
-1.63406
-1.64257
-1.67015
-1.60958
-1.63745
-1.43741
-1.42214
-1.39306
-1.45413
-1.48353
-1.45302
-1.42439
-1.45593
-1.44174
-1.48678
-1.39644
-1.42682
-1.45644
-1.4265
-1.20588
-1.19106
-1.16174
-1.22148
-1.25092
-1.22099
-1.19224
-1.25667
-1.22649
-1.21318
-1.22716
-1.25657
-1.19831
-1.22703
-1.10396
-1.13367
-1.08885
-1.07425
-1.045
-1.07477
-1.10363
-0.822785
-0.851127
-0.851616
-0.822661
-0.850754
-0.866089
-0.837922
-0.941748
-0.970939
-0.97381
-1.01805
-0.98857
-0.971023
-1.0001
-0.810798
-0.853622
-0.854056
-0.897399
-0.810668
-0.868244
-0.691783
-0.721298
-0.735843
-0.724167
-0.694978
-0.738518
-0.753428
-0.782729
-0.724411
-0.753073
-0.57611
-0.605473
-0.619856
-0.416531
0.271859
0.910503
-0.095525
-0.108092
-0.259713
0.0697565
159.419
145.965
133.801
132.022
105.527
107.205
132.594
197.799
171.747
172.406
185.049
184.725
195.234
158.068
158.434
168.874
168.353
165.133
151.385
138.331
40.1143
52.3796
26.7388
2.2369
26.2786
22.4049
2.29728
38.9726
23.3382
-1.99433
24.4696
50.8437
22.4531
6.87758
-0.46005
-0.428984
-0.449539
-0.496492
-0.47135
-0.448219
-0.472061
-0.473026
-0.498062
-0.461481
-0.450304
-0.474176
-0.448024
-0.43005
-0.451505
-0.431375
-0.596061
-0.572662
-0.559326
-0.595574
-0.572147
-0.570714
-0.547297
-0.56802
-0.59262
-0.556478
-0.543507
-0.568453
-0.519863
-0.544652
-0.544736
-0.520041
-0.668476
-0.693434
-0.657365
-0.656562
-0.68172
-0.646189
-0.620982
-0.658114
-0.632839
-0.773813
-0.800073
-0.76359
-0.775442
-0.801674
-0.751813
-0.778308
-1.57515
-1.60522
-1.56384
-1.60597
-1.57695
-1.57865
-1.55001
-1.57956
-1.60896
-1.56738
-1.60932
-1.58076
-1.58186
-1.55346
-1.60978
-1.56716
-1.58105
-1.56393
-1.53612
-1.56391
-1.59216
-1.70894
-1.68051
-1.67733
-1.65217
-1.68064
-1.66307
-1.63452
-1.55768
-1.52997
-1.5623
-1.55741
-1.5296
-1.71528
-1.68666
-1.68225
-1.68722
-1.7156
-1.51895
-1.56036
-1.5187
-1.54615
-1.57422
-1.72653
-1.68414
-1.66992
-1.69779
-1.72645
-1.79625
-1.84005
-1.81057
-1.90898
-1.95325
-1.92264
-1.86485
-1.8946
-1.74332
-1.77278
-1.78577
-1.79989
-1.77071
-1.77208
-1.74299
-2.03478
-2.00434
-2.02057
-1.97665
-2.00693
-1.97632
-2.00615
-1.95313
-1.92204
-1.91006
-1.92364
-1.95364
-1.92526
-1.89525
-2.18971
-2.15869
-2.14444
-2.09723
-2.12879
-2.12854
-2.15908
-2.40017
-2.43279
-2.38384
-2.3688
-2.39996
-2.3351
-2.36828
-2.64109
-2.66717
-2.61422
-2.6595
-2.68434
-2.6476
-2.62266
-2.90304
-2.89546
-2.88104
-2.89788
-2.93087
-2.90397
-2.87704
-2.90465
-2.89556
-2.87136
-2.90848
-2.93983
-2.88771
-2.93765
-2.94336
-2.94245
-2.9378
-2.93279
-2.94344
-2.94685
-2.92888
-2.92883
-2.9192
-3.00687
-2.9553
-2.95446
-2.95275
-2.9568
-2.96542
-3.11185
-3.02792
-3.04508
-3.33137
-3.37122
-3.43967
-3.42409
-3.38837
-2.97512
-3.99147
-3.12235
-40.2416
-23.2555
-29.6193
-17.8994
-22.2211
-3.23037
-6.75017
-9.12483
-6.7508
-9.01531
-9.6221
-6.11608
2.36362
-4.49946
-6.06687
-5.27514
-4.02787
-5.75495
-3.61882
-4.19141
-3.8316
-3.90266
-3.43288
-3.31476
-3.38344
-3.44364
-3.50388
-4.00777
-3.39577
-4.21181
-4.091
-4.19791
-4.23817
-4.20167
-2.54131
-2.57756
-2.63234
-2.59655
-2.62513
-2.6951
-2.66661
-2.77799
-2.7698
-2.71946
-2.65342
-2.67646
-2.75849
-2.74535
-2.69093
-2.7098
-2.3097
-2.35021
-2.38299
-2.40617
-2.44548
-2.39172
-2.35456
-2.33994
-2.29529
-2.3483
-2.33562
-2.29363
-2.36622
-2.3258
-2.20953
-2.24897
-2.19314
-2.21167
-2.17544
-2.17662
-2.14008
-1.91639
-1.89878
-1.86875
-1.90327
-1.93303
-1.90055
-1.87039
-1.58024
-1.61026
-1.56412
-1.54908
-1.51915
-1.55032
-1.57969
-1.41468
-1.44437
-1.44729
-1.44449
-1.47451
-1.49291
-1.46213
-1.31171
-1.28252
-1.32705
-1.32876
-1.35755
-1.34068
-1.31216
-1.3581
-1.32953
-1.37237
-1.32844
-1.2964
-1.32572
-1.32611
-1.355
-1.37272
-1.23844
-1.20873
-1.206
-1.20883
-1.17939
-1.16152
-1.19114
-1.21059
-1.25556
-1.22557
-1.05942
-1.08872
-1.09157
-1.11797
-1.08878
-1.13596
-1.10637
-1.10358
-1.08905
-1.13312
-1.07351
-1.04463
-1.07415
-1.10263
-1.08697
-1.04261
-1.0722
-0.969176
-0.924965
-0.954496
-0.97116
-0.95679
-0.927436
-0.985842
-1.01539
-0.985818
-0.95677
-0.0565581
-0.155876
-0.134615
-0.15043
-0.110873
-0.11316
-0.0462756
-0.157155
-0.0336909
0.630528
0.0423553
-0.0424651
-0.180804
-0.165607
57.2975
45.8735
83.6188
29.5509
10.5474
32.8712
57.3703
45.6627
31.4069
57.8917
85.8952
60.1739
59.6272
85.5041
185.979
185.553
196.475
160.148
159.657
170.969
170.325
165.911
192.28
165.685
166.574
152.83
139.792
-1.35307
-1.38201
-1.3416
-1.35455
-1.38284
-1.32827
-1.35622
-1.35708
-1.38564
-1.34495
-1.3581
-1.3861
-1.33148
-1.35913
-1.38789
-1.347
-1.35969
-1.36071
-1.33337
-1.36034
-1.38809
-1.34305
-1.35645
-1.38456
-1.32954
-1.30202
-1.32919
-1.35668
-1.4825
-1.45454
-1.45186
-1.41027
-1.43789
-1.42702
-1.45458
-1.45638
-1.49848
-1.47024
-1.45759
-1.49879
-1.47029
-1.47162
-1.4438
-1.49899
-1.471
-1.45546
-1.49656
-1.46761
-1.44176
-1.46973
-1.49702
-1.46874
-1.4928
-1.46345
-1.45205
-1.43844
-1.46669
-1.46498
-1.49362
-1.44142
-1.42529
-1.39941
-1.48257
-1.45583
-1.45277
-1.42682
-1.78752
-1.76808
-1.76818
-1.73265
-1.71756
-1.72802
-1.74715
-1.85266
-1.89517
-1.89261
-1.84309
-1.88561
-1.90505
-1.85694
-1.9922
-2.00734
-2.08166
-1.94346
-2.00353
-1.96432
-1.90031
-1.93346
-1.81204
-1.81613
-1.85212
-1.84833
-1.53299
-0.891592
-1.19299
-1.14359
-3.67296
-3.10726
-2.63882
-4.46535
-4.33249
-5.53544
-4.43523
-5.3731
-5.18157
-4.81844
-3.83874
-3.61448
-3.79018
-3.58022
-3.54667
-3.57904
-3.62992
-3.38421
-2.39745
-3.09519
-3.13226
-3.00719
-3.08401
-2.98968
-3.09806
-3.0476
-3.12241
-3.17012
-2.96994
-3.1127
-2.99696
-3.00848
-2.96247
-3.02348
-3.02027
-3.02537
-2.97163
-2.94747
-2.95924
-2.94615
-2.95624
-2.95291
-2.96574
-2.93189
-2.89436
-2.90804
-2.94161
-2.90984
-2.90553
-2.9254
-2.40395
-2.44825
-2.441
-2.42571
-2.46167
-2.43552
-2.40003
-2.30676
-2.29526
-2.26021
-2.28904
-2.32169
-2.29257
-2.25886
-2.1783
-2.16224
-2.12909
-2.19355
-2.22637
-2.19433
-2.16212
-2.03522
-2.00331
-2.05054
-2.06595
-2.09808
-2.05058
-2.08217
-2.01952
-2.05082
-2.10185
-2.07143
-2.0571
-2.10112
-2.0714
-2.04113
-2.07039
-1.68753
-1.67212
-1.64151
-1.73263
-1.70211
-1.70212
-1.67231
-1.61139
-1.56601
-1.58052
-1.65564
-1.68596
-1.68884
-1.71593
-1.6861
-1.73451
-1.70403
-1.52046
-1.56555
-1.55039
-1.56582
-1.52107
-1.61107
-1.42769
-1.44264
-1.39747
-1.46055
-1.49069
-1.44523
-1.4306
-1.40043
-1.43075
-1.46016
-1.30911
-1.32392
-1.27934
-1.34551
-1.37522
-1.33179
-1.31678
-1.3455
-1.34581
-1.37527
-1.07103
-1.0412
-1.08526
-1.09935
-1.12943
-1.07025
-1.09978
-0.414041
-0.403478
-0.442763
-0.394249
-0.367497
-0.234068
-0.275173
-0.282661
-0.296339
-0.327568
-0.303278
-0.269409
-0.333938
-0.321601
-0.307505
-0.26213
-0.307177
-0.300511
-0.327207
-0.307769
-0.283205
-0.27497
-0.324525
-0.342396
-0.296576
-0.334854
-0.128154
-0.288344
-0.396645
-0.315366
-0.325702
0.111126
-0.0119295
-0.0670443
-0.167959
-0.089709
-0.0565595
0.071544
0.361742
1.02455
2.60813
2.03309
1.01948
-1.62355
-0.220048
152.736
165.195
139.341
192.184
166.161
157.912
144.562
170.322
191.712
165.898
156.678
168.874
196.257
143.229
170.727
170.332
191.519
191.278
202.059
165.32
165.236
175.912
176.003
176.004
201.823
175.905
-1.12478
-1.09807
-1.12748
-1.14085
-1.16797
-1.15158
-1.12479
-1.12301
-1.10957
-1.08283
-1.18659
-1.2139
-1.22648
-1.21354
-1.18615
-1.23977
-1.21201
-1.01146
-0.998053
-0.98667
-0.982385
-0.958106
-0.95936
-0.984096
-1.10211
-1.11452
-1.08652
-1.06375
-1.09136
-1.08996
-1.06248
-1.5782
-1.56354
-1.56811
-1.53119
-1.52308
-1.53271
-1.54372
-1.61963
-1.66076
-1.64246
-1.60581
-1.64397
-1.60435
-1.64655
-1.58343
-1.571
-1.58501
-1.5323
-1.53397
-1.54725
-1.54802
-1.60635
-1.65704
-1.61101
-1.58299
-1.62554
-1.60378
-1.55996
-3.9648
-4.43808
-4.01975
-4.15638
-4.66715
-4.32192
-4.0331
-3.73395
-3.50835
-3.41648
-3.49935
-3.38304
-3.23721
-3.23513
-3.34787
-3.28206
-3.41941
-3.37563
-3.30814
-3.5046
-3.44092
-3.46752
-3.3906
-3.0033
-2.99552
-3.05084
-2.96503
-2.98265
-3.02978
-2.99991
-2.95869
-2.97495
-2.98811
-2.9361
-2.94158
-2.9248
-2.93868
-2.9331
-2.92947
-2.92023
-2.94372
-2.94253
-2.94189
-2.92252
-2.91202
-2.9389
-2.90404
-2.92667
-2.92598
-2.9333
-2.93851
-2.93106
-2.91612
-2.91703
-2.90804
-2.90945
-2.70866
-2.68216
-2.66477
-2.69329
-2.66667
-2.6196
-2.64703
-2.63536
-2.66242
-2.24438
-2.28898
-2.27528
-2.27284
-2.30359
-2.27448
-2.24381
-2.15168
-2.12151
-2.16688
-2.12244
-2.15201
-2.15249
-2.18191
-2.0198
-2.05021
-2.05322
-2.08086
-2.05041
-2.09976
-2.06897
-1.96099
-1.93042
-1.92764
-1.90022
-1.93072
-1.9127
-1.88211
-1.97861
-1.9323
-1.94783
-1.80784
-1.76256
-1.80887
-1.79276
-1.82363
-1.85416
-1.66924
-1.6841
-1.63844
-1.61206
-1.58266
-1.56757
-1.61147
-1.58229
-1.5522
-1.58086
-1.11248
-1.08498
-1.06901
-1.05643
-1.08364
-1.02688
-1.05431
-0.915852
-0.943511
-0.959142
-0.944412
-0.971805
-1.00144
-0.973716
-0.946316
-0.960754
-0.93415
-0.904673
-0.930897
-0.932145
-0.905472
-0.798123
-0.840013
-0.826452
-0.853012
-0.881574
-0.825481
-0.853617
-0.605332
-0.618434
-0.577043
-0.63192
-0.659339
-0.632361
-0.604658
-0.636693
-0.623951
-0.663202
-0.584309
-0.612456
-0.638191
-0.611057
-0.605909
-0.579165
-0.620262
-0.634851
-0.660871
-0.523814
-0.534833
-0.506516
-0.487079
-0.515262
-0.511999
-0.484469
-0.408036
-0.40883
-0.361404
-0.391525
-0.41837
-0.362521
-0.393926
-0.429162
-0.412564
-0.387072
-0.421676
-0.439947
-0.413845
-0.395325
158.167
144.924
170.949
193.367
166.927
159.148
172.402
146.034
193.416
167.089
160.264
173.305
199.746
147.095
173.572
173.373
190.887
191.066
201.38
164.265
164.596
174.532
175.118
176.476
203.019
176.82
-0.843323
-0.803871
-0.816828
-0.791181
-0.764963
-0.817359
-0.79093
-0.91126
-0.885157
-0.913971
-0.93751
-0.911301
-0.953673
-0.927096
-1.01924
-1.01671
-1.04607
-0.976887
-1.00337
-0.992941
-1.01933
-0.909488
-0.896357
-0.870261
-1.06128
-1.03436
-1.0211
-1.06226
-1.03512
-1.02238
-1.00914
-1.03577
-1.03554
-1.06245
-1.00124
-0.975582
-1.01559
-1.02937
-1.05564
-1.00279
-1.02893
-0.976086
-1.00204
-2.01139
-1.97721
-1.87971
-1.81813
-1.81622
-1.90628
-1.91568
-2.03669
-2.19206
-2.09053
-2.10683
-2.2185
-2.06233
-2.14786
-2.69367
-2.64922
-2.65814
-2.64813
-2.69653
-2.70682
-2.66374
-2.90207
-2.8939
-2.91852
-2.79458
-2.7574
-2.78918
-2.80497
-2.77409
-2.75241
-2.78288
-2.90433
-2.92773
-2.89632
-2.88154
-2.85777
-2.90319
-2.92764
-2.90788
-2.88314
-2.91661
-2.93816
-2.91485
-2.93709
-2.92767
-2.92689
-2.91021
-2.91038
-2.89998
-2.90005
-2.9083
-2.89332
-2.88038
-2.90767
-2.93403
-2.89359
-2.88007
-2.90787
-2.90614
-2.92807
-2.90117
-2.89233
-2.92637
-2.89923
-2.87676
-2.90307
-2.55299
-2.58298
-2.54066
-2.55358
-2.52509
-2.55305
-2.58271
-2.29289
-2.24619
-2.29258
-2.27785
-2.30815
-2.33867
-2.17378
-2.12885
-2.17464
-2.18896
-2.21876
-2.15836
-2.18918
-2.21876
-2.03297
-2.0485
-2.00269
-1.93435
-1.97952
-1.94942
-1.91879
-1.94797
-1.97874
-1.94883
-1.94958
-1.97995
-1.93539
-1.94844
-1.91965
-1.9791
-1.94922
-1.7977
-1.82657
-1.8131
-1.85782
-1.82779
-1.8576
-1.82777
-1.81243
-1.82639
-1.79683
-1.82577
-1.85692
-1.85707
-1.82652
-1.72946
-1.6988
-1.68244
-1.63726
-1.66723
-1.69818
-1.66847
-1.72679
-1.69737
-1.68133
-1.72578
-1.69653
-1.66532
-1.69336
-1.43156
-1.38582
-1.4141
-1.47606
-1.44718
-1.41574
-1.44366
-1.36679
-1.39284
-1.41138
-1.42743
-1.40095
-1.36919
-1.39591
-1.26159
-1.2893
-1.30641
-1.29094
-1.31837
-1.35027
-1.32179
-1.28777
-1.25663
-1.29932
-1.31032
-1.34235
-1.21035
-1.18482
-1.16733
-1.1249
-1.15022
-1.20826
-1.18259
-1.17757
-1.15226
-1.16507
-1.13552
-1.17693
-1.1874
-1.21766
-1.19338
-1.16381
-1.19
-1.21982
-1.05867
-1.03374
-1.04442
-1.00354
-1.02824
-1.00501
-1.03009
-0.950493
-0.936939
-0.975437
-0.897719
-0.922832
-0.948654
-0.92362
-0.821023
-0.834908
-0.794693
-0.874515
-0.848515
-0.821337
-0.847452
-0.71644
-0.728785
-0.689384
-0.741828
-0.767858
-0.715836
-0.742355
-0.712589
-0.687052
-0.726247
-0.714031
-0.738978
-0.687664
-0.712872
-0.42953
-0.406174
-0.446382
-0.410903
-0.429605
-0.4388
-0.458436
157.537
144.538
171.024
189.327
162.709
155.148
142.097
168.84
189.653
163.026
157.732
171.475
197.063
144.78
170.107
170.631
172.167
198.984
172.574
185.563
159.868
151.478
137.983
164.721
159.235
185.641
138.833
112.747
151.451
163.671
190.726
138.613
164.97
164.251
43.2232
6.58418
26.3245
55.4215
29.9891
5.21712
28.5254
40.029
51.8502
21.6982
3.29088
19.9898
23.249
7.66673
0.0982266
-0.014107
-0.893985
0.0270527
-0.448443
-3.6443
-0.151814
-0.53635
0.203123
-0.262714
-0.224747
-0.188637
-0.264361
-0.211988
-0.117984
-0.254354
-0.26809
-0.217494
-0.2946
-0.307734
-0.326533
-0.278152
-0.268965
-0.289471
-0.300307
-0.369727
-0.338165
-0.382212
-0.368244
-0.395885
-0.396958
-0.423519
-0.600405
-0.639184
-0.613549
-0.586884
-0.612104
-0.638828
-0.613215
-0.583936
-0.558132
-0.59664
-0.609621
-0.63563
-0.60983
-0.583687
-0.714219
-0.740711
-0.701598
-0.688089
-0.714483
-0.688468
-0.662524
-0.744622
-0.705515
-0.718407
-0.70283
-0.67703
-0.728248
-0.702741
-0.718459
-0.744315
-0.69935
-0.660704
-0.686403
-0.835671
-0.809738
-0.805355
-0.809734
-0.783769
-0.792259
-0.766289
-0.850576
-0.824075
-0.811278
-0.824355
-0.850582
-0.714573
-0.701592
-0.74086
-0.688562
-0.662771
-0.688506
-0.71486
-0.497512
-0.536011
-0.509641
-0.48487
-0.510153
-0.536227
-0.509997
-0.453646
-0.491686
-0.478025
-0.504826
-0.530327
-0.47882
-0.504323
-0.114304
-0.190935
-0.172395
-0.203338
-0.202925
-0.209953
-0.187291
43.2745
56.4309
82.3204
0.349786
1.35126
1.80441
0.234071
-0.264952
1.318
1.02574
0.675523
-0.256233
0.176156
0.380975
19.9693
37.2955
47.2815
79.8949
46.6627
19.7786
-0.318742
-0.289712
-0.273035
-0.281842
-0.313137
-0.285919
-0.259326
-0.288428
-0.284681
-0.327682
-0.236876
-0.280494
-0.273691
-0.297905
-0.387764
-0.401778
-0.379176
-0.349202
-0.369364
-0.373126
-0.349466
-0.998725
-0.972184
-0.962855
-0.951421
-0.924979
-0.947813
-0.974337
-0.822117
-0.848359
-0.858334
-0.846695
-0.87289
-0.89562
-0.869824
-1.08534
-1.05912
-1.05037
-1.01512
-1.04205
-1.06126
-1.03466
-1.03962
-1.01303
-1.04178
-1.05462
-1.07615
-1.02793
-1.00605
-1.02935
-1.05152
-1.29163
-1.2842
-1.31065
-1.27514
-1.25395
-1.27231
-1.29333
-1.2908
-1.30904
-1.28093
-1.27341
-1.25235
-1.29381
-1.27227
-1.3628
-1.35317
-1.37513
-1.34391
-1.32665
-1.36139
-1.3447
-1.35931
-1.36475
-1.38292
-1.35714
-1.33426
-1.39595
-1.40843
-1.42699
-1.41147
-1.39811
-1.43607
-1.42574
-1.7126
-1.76484
-1.75256
-1.67377
-1.68531
-1.73037
-1.71848
-1.78211
-1.77125
-1.83434
-1.78718
-1.73958
-2.17922
-2.19772
-2.14016
-2.21717
-2.26002
-2.2183
-2.17974
-2.371
-2.34776
-2.33186
-2.35654
-2.39508
-2.40013
-2.362
-2.51342
-2.53728
-2.4858
-2.504
-2.52923
-2.48881
-2.46525
-2.60616
-2.57325
-2.56495
-2.55198
-2.58466
-2.60903
-2.57692
-2.66449
-2.62191
-2.65361
-2.67564
-2.70677
-2.76909
-2.72602
-2.75684
-2.78197
-2.75255
-2.7254
-2.75513
-2.86838
-2.89618
-2.88334
-2.83916
-2.86891
-2.86829
-2.83967
-2.93756
-2.91158
-2.90927
-2.88446
-2.84155
-2.87181
-2.92024
-2.89149
-2.90606
-2.87731
-2.85584
-2.88502
-2.9211
-2.92121
-2.93592
-2.90656
-2.89233
-2.84204
-2.87065
-2.88574
-2.89953
-2.93727
-2.90795
-2.9085
-2.72016
-2.76442
-2.75042
-2.74842
-2.77805
-2.74948
-2.71973
-2.76876
-2.7989
-2.76601
-2.76917
-2.73869
-2.75131
-2.72145
-2.77052
-2.81616
-2.78632
-2.64974
-2.60508
-2.65055
-2.63528
-2.66514
-2.6947
-2.57765
-2.54836
-2.53434
-2.48945
-2.51915
-2.5785
-2.54888
-2.51945
-2.54921
-2.51833
-2.48774
-2.53292
-2.54742
-2.57679
-2.51774
-2.54691
-2.12931
-2.16123
-2.17664
-2.22319
-2.192
-2.16112
-2.19213
-2.16545
-2.18142
-2.19467
-2.22599
-2.19583
-2.22555
-2.19563
-2.1038
-2.07174
-2.05757
-2.04177
-2.07213
-2.07207
-2.10322
-2.0039
-2.05113
-2.0347
-2.0982
-2.06674
-1.93255
-1.91703
-1.94613
-1.97794
-1.94742
-1.9475
-1.97745
-1.93232
-1.9461
-1.91615
-1.94595
-1.97794
-1.97783
-1.94649
-1.84694
-1.81594
-1.79853
-1.75254
-1.7829
-1.78498
-1.81475
-1.78657
-1.83688
-1.80585
-1.76634
-1.73753
-1.79593
-1.78033
-1.74745
-1.81017
-1.84384
-1.81145
-1.77934
-1.67473
-1.65852
-1.68629
-1.72138
-1.69175
-1.69072
-1.71994
-1.65251
-1.70102
-1.67249
-1.63555
-1.66118
-1.69785
-1.66954
-1.55581
-1.53014
-1.50904
-1.46377
-1.48789
-1.49199
-1.51678
-1.52632
-1.55224
-1.54985
-1.51716
-1.53129
-1.57311
-1.53829
-1.54297
-1.57629
-1.37498
-1.41916
-1.39572
-1.35407
-1.33147
-1.3848
-1.39784
-1.4168
-1.40476
-1.43856
-1.4415
-1.40954
-1.2918
-1.26919
-1.2514
-1.26531
-1.24204
-1.21291
-1.23632
-0.997079
-1.02125
-1.03711
-1.05089
-1.02651
-1.02289
-0.998376
-1.01392
-1.02476
-1.03747
-1.01041
-0.986823
-1.01125
-0.987435
-0.890729
-0.915396
-0.929489
-0.942558
-0.917802
-0.916048
-0.891183
-0.964779
-0.941452
-0.929129
-0.916832
-0.941041
-0.892417
-0.916933
-0.93023
-0.918928
-0.893454
-0.941862
-0.966593
-0.868723
-0.844298
-0.831813
-0.819049
-0.844107
-0.794149
-0.819316
-0.650964
-0.686022
-0.661407
-0.615124
-0.63918
-0.662352
-0.637468
169.885
195.307
168.899
184.432
184.674
195.22
158.783
158.415
169.542
169.025
151.435
164.092
138.114
186.217
160.271
152.048
165.294
138.631
159.886
186.267
167.109
193.955
154.65
167.728
167.329
141.728
-0.49461
-0.468843
-0.496772
-0.520012
-0.494366
-0.535245
-0.509416
-0.598729
-0.596308
-0.624797
-0.557932
-0.583434
-0.573567
-0.598935
-0.491343
-0.465915
-0.492804
-0.466181
-0.491632
-0.639459
-0.613558
-0.600652
-0.532512
-0.506437
-0.493956
-0.455292
-0.455715
-0.48112
-0.506768
-0.251161
-0.286063
-0.28637
-0.301579
-0.327904
-0.312002
-0.285366
-0.429975
-0.391997
-0.392229
-0.404819
-0.352724
-0.379872
-0.233086
-0.283737
-0.273346
-0.151758
-0.0926348
-0.249845
27.2754
16.9335
46.456
55.9314
29.7159
83.9259
53.2297
131.933
105.441
144.648
105.763
131.887
131.348
157.773
196.357
169.613
169.975
184.014
184.059
197.12
170.495
157.702
144.639
157.775
157.829
110.652
136.208
149.295
162.453
136.409
195.933
169.659
170.192
131.41
103.443
143.948
157.281
131.395
102.976
130.625
49.9046
31.4408
16.6362
60.6404
85.1819
57.3468
35.4509
-0.742818
-0.578748
-0.383428
-0.504213
0.321374
-0.239141
-0.27914
-0.289136
-0.21395
-0.225609
-0.272474
-0.338746
-0.193137
-0.411788
-0.273701
-0.266795
-0.221683
-0.6972
-0.671724
-0.660683
-0.622093
-0.648613
-0.646729
-0.672639
-0.559152
-0.520961
-0.547023
-0.595685
-0.570564
-0.545642
-0.570923
-0.657301
-0.670949
-0.694318
-0.643887
-0.620243
-0.718649
-0.744163
-0.754712
-0.768713
-0.743017
-0.791668
-0.766362
-0.614004
-0.639071
-0.650494
-0.638441
-0.613409
-0.636739
-0.66209
-0.76763
-0.790754
-0.75342
-0.76631
-0.789812
-0.76455
-0.740933
-0.797629
-0.822702
-0.833647
-0.8452
-0.820137
-0.821521
-0.796734
-1.46664
-1.47662
-1.50953
-1.45954
-1.42697
-1.45379
-1.48704
-1.76369
-1.73895
-1.79274
-1.71921
-1.69235
-1.73057
-1.75756
-1.61382
-1.63164
-1.58591
-1.65275
-1.68159
-1.64876
-1.62166
-1.9194
-1.89712
-1.95325
-1.87824
-1.84616
-1.91636
-1.8845
-2.2384
-2.20282
-2.1869
-2.17131
-2.13644
-2.16998
-2.20397
-2.04158
-2.07256
-2.05771
-2.1049
-2.07205
-2.10567
-2.07321
-2.35723
-2.31118
-2.32865
-2.32255
-2.29437
-2.32633
-2.35542
-2.42334
-2.40887
-2.43912
-2.46653
-2.43527
-2.43682
-2.46752
-2.55353
-2.58168
-2.53779
-2.52211
-2.49247
-2.55267
-2.58162
-2.55057
-2.52242
-2.48497
-2.5161
-2.52919
-2.48506
-2.51519
-2.54318
-2.51404
-2.8887
-2.87392
-2.90272
-2.89755
-2.92553
-2.88846
-2.8859
-2.85623
-2.89657
-2.92652
-2.91475
-2.88506
134.074
159.579
162.086
194.804
167.708
159.567
185.83
194.88
168.404
192.233
191.203
205.194
165.811
164.975
159.535
171.079
146.873
121.183
145.106
157.488
144.427
119.209
-2.87921
-2.8483
-2.88308
-2.87745
-2.8483
-2.83717
-2.88091
-2.83711
-2.89439
-2.86627
-2.93727
-2.90912
-2.90778
-5.75918
-3.75765
-4.85162
-4.04312
1.99053
-1.30736
-4.07
-208.403
-196.34
-160.991
-197.469
-203.949
-95.3846
-134.883
-55.9418
-45.4382
-40.233
-32.2215
-28.6106
-51.8214
-23.993
-1.31603
-2.76411
-3.0146
-236.248
-198.935
-226.266
-530.206
-546.947
-519.632
-519.703
-494.834
-521.342
-530.808
-506.48
-510.94
-498.504
-512.312
-514.031
-504.821
-491.704
-513.536
-528.824
-511.121
-495.647
-472.331
-537.754
-552.666
-542.638
-501.248
-530.86
-527.173
-553.569
-533.665
-520.75
-518.085
-541.04
-529.911
-521.713
-524.542
-523.489
-497.802
-514.683
-515.56
-535.232
-558.908
-543.763
-543.669
-532.87
-526.206
-473.417
-60.3828
-1.27585
-29.3697
-39.9798
-33.9145
2.8116
-42.8016
-165.9
-117.523
-120.339
-136.932
-153.074
-118.695
-137.358
-186.142
-154.245
-3.98204
-3.9738
-4.14033
-4.40894
-1.18198
-2.27107
-4.17956
-237.863
-198.785
-221.786
-149.558
-191.646
-169.595
-228.68
-152.009
-154.893
-215.36
-2.82363
-3.24107
-3.02988
-2.88553
-2.85201
-2.88263
-2.92415
-2.89454
-2.92573
-2.89418
-2.88214
-2.9135
119.863
146.438
149.063
183.267
157.137
146.433
172.743
183.272
157.005
167.604
167.781
193.842
104.04
130.551
143.745
-2.87957
-2.83248
-2.86353
-2.93686
-2.90611
-2.90585
-2.58803
-2.46407
-2.24736
-2.21258
-3.18239
-2.73531
-2.08058
-2.12698
-2.82987
-2.73082
-2.90141
-2.79927
-1.04119
-1.1291
-1.04908
-1.1043
-1.49753
-1.48761
-1.46163
-1.4668
-1.13743
-1.10514
-1.15512
-1.12242
-1.4983
-1.4764
-1.52979
-1.49844
-2.28738
-2.27058
-2.37313
-2.35444
-1.30552
-1.2724
-1.30798
-1.27714
-1.57691
-1.52998
-1.83739
-1.73603
-1.16942
-1.1609
-1.10465
-1.09582
-1.79261
-1.7817
-1.86844
-1.85705
-1.23044
-1.19391
-1.23414
-1.19923
-2.09816
-2.09996
-2.04181
-2.02882
-2.03483
-2.02251
-2.11365
-2.10035
-0.73613
-0.788692
-0.752423
-1.43708
-1.3983
-1.44449
-1.40333
-0.917454
-0.906135
-0.857325
-0.846456
-1.14563
-1.10714
-1.15145
-1.11413
-1.5721
-1.56111
-1.64389
-1.63287
-1.63732
-1.63911
-1.57955
-1.56784
-1.69718
-1.64473
-1.7117
-1.65889
-0.927683
-0.916244
-0.993353
-0.982011
-1.61628
-1.56647
-1.61998
-1.57019
-2.68493
-2.66549
-2.75585
-2.73912
-0.715476
-0.754754
-0.701356
-0.741345
-0.429179
-0.424892
-0.373039
-0.365813
-1.91991
-1.86203
-1.91358
-1.8581
-0.945269
-0.988614
-0.933005
-0.976678
-1.16444
-1.18073
-1.09231
-1.10858
-0.250006
-0.22509
0.542709
0.549751
-1.6342
-1.63526
-1.57294
-1.58951
-2.06692
-2.08655
-2.16026
-1.72551
-1.72642
-1.77119
-1.78821
-0.0591503
-0.229673
-0.250189
-0.262979
38.6867
78.4283
21.8411
64.4876
-2.05463
-2.04032
-2.12968
-2.11543
0.492909
-2.32123
12.6221
24.8003
-0.26493
-0.305041
-0.247493
-0.292231
-0.83901
-0.88297
-0.825155
-0.868986
-2.53208
-2.57499
-2.51284
-2.55661
-2.70002
-2.69031
-2.77014
-2.7598
-2.61791
-2.66446
-2.60249
-2.64896
-2.66492
-2.73884
-2.85614
-2.87025
-0.942844
-0.986725
-0.942506
-0.986128
0.729623
-0.190676
-1.42222
0.142536
-2.07362
-2.04485
-2.15788
-2.17968
-2.20354
-2.15799
-2.14414
-1.59312
-1.65067
-0.529331
-0.502161
-0.540259
-0.498868
-0.460522
-0.45585
-2.9827
-2.99683
-2.96458
-1.57842
-1.5919
-1.66389
-1.64856
-0.806373
-0.74271
-0.755962
-0.669656
-0.667138
-0.630273
-3.6663
-1.74711
-4.16407
-0.230896
-0.242456
-0.200025
-0.247994
-0.279148
-2.14924
-2.16559
-2.24188
-2.22752
-2.25503
-2.29266
-2.22272
-2.27535
-2.22825
-2.25712
-0.862338
-1.58867
-1.78426
-2.48022
-2.2712
-1.95096
135.302
-1.70006
70.7902
-1.04577
-1.69086
-0.128795
-1.38668
-0.765309
-2.75417
-1.24719
-1.70199
-2.66127
-1.06732
68.2583
59.1149
-1.53994
-2.16087
-0.362466
-2.28829
-0.30069
-1.80755
-2.0784
-2.17481
-1.67045
-2.01261
-2.17444
-4.77058
-1.69256
147.339
-0.844995
-1.37671
-1.94732
40.617
-1.77858
69.447
-1.61012
2.37141
15.0685
24.7085
-2.41531
186.681
123.667
55.7615
-0.332992
68.3194
0.00478291
72.0951
-0.24303
16.2869
59.8825
31.9645
-0.361937
-0.404906
-0.477204
0.575553
-0.476281
-0.374429
-0.737882
-0.257354
-0.24348
-0.262866
-0.403793
-2.43086
-0.151571
-0.211222
-2.95496
-0.165565
-0.24243
-0.168712
-0.106422
-2.34766
-0.476558
-0.2653
-0.534548
-0.126516
-0.250144
-1.32249
-0.419084
-0.490556
-0.476975
-0.49157
-1.67552
-0.519861
-0.404086
-0.519144
-0.519387
0.0196187
-0.290809
-0.28429
-0.37614
-0.268893
-1.06357
-0.304139
-0.677432
-0.381234
-0.366291
-0.519714
-0.406484
-0.303018
-0.220044
-0.253015
-0.317881
0.0387782
-0.41892
-0.603394
-1.08751
-0.26553
-0.307321
-0.29257
-0.30379
-0.421621
-0.380021
-0.365388
-0.534807
-0.378378
-0.364546
-0.420906
-0.406962
-0.42253
-0.215817
-0.26067
-2.51803
-2.77343
-0.254536
-2.41098
-0.473315
41.4963
-0.420048
72.1111
2.75103
0.412839
0.806446
-2.42744
37.5803
0.771482
-0.102505
-0.258904
-0.459437
29.0445
-0.399426
124.045
139.864
-1.58711
126.61
-2.28347
0.00851284
34.8704
-0.279753
3.06936
-1.98978
-2.74572
-2.42707
-0.217955
-1.21024
-1.07224
-1.69386
-1.13352
57.2947
31.3224
53.0213
-0.49129
-1.09632
-2.06957
-0.519421
-0.477309
-2.22121
137.852
-2.64846
147.171
1.39255
65.6832
68.3372
0.121837
0.233312
0.486879
-0.371051
0.403314
-3.96664
-0.380541
-0.49282
-0.521463
-0.143848
-0.534392
-0.226376
-0.267654
-0.29639
-2.62148
-2.42717
-0.265661
-1.05865
-2.61703
-0.43987
-0.349723
-0.148699
57.0694
-1.11652
-0.425524
-1.80864
-0.335627
-0.253842
-0.360346
-0.249163
125.167
-1.20685
-0.0925034
-0.113706
-0.899001
-0.316622
-0.309034
-0.234945
-1.23776
-0.282834
-0.0902741
-0.2177
-0.377652
-0.522723
-2.63807
-0.527712
-1.90943
-0.349407
-0.356425
-0.453047
-0.362614
-2.03485
-2.61905
-0.539813
-0.430443
-0.382304
-0.34157
-0.356366
-0.523356
-0.293513
-0.264373
0.417627
-0.317829
-0.404991
-3.4848
-0.317803
-0.275754
0.0612884
-0.228604
-0.385257
35.7778
19.5396
0.589861
-0.183145
0.803601
-0.454883
-0.407436
0.277712
-0.20159
70.316
31.6208
28.6127
-1.03983
-1.68035
135.739
-1.20185
-0.437358
-2.67033
57.1116
0.947658
19.7215
21.2455
62.7272
-1.77764
31.7233
-0.945622
71.7408
-1.03568
-1.3426
-1.30486
-1.24501
-1.26367
-1.16242
-2.10445
-1.05412
-1.03965
-1.28647
-1.32297
-1.05227
-1.01264
-1.13593
-1.22397
-1.09923
-1.19249
-1.82294
-1.28802
-1.00011
-1.03448
-1.21916
-1.10338
121.14
-1.01143
-1.1805
-1.18495
-1.22536
-1.10348
-0.941265
-0.711575
-0.72565
-1.00433
-0.844497
-0.860479
-1.04654
-0.722383
-2.2059
-0.753318
-0.747473
-2.01889
-0.348344
-0.649453
-1.30901
-0.831673
-0.55338
-1.01257
-2.38545
-0.810888
-0.940543
-0.819958
-0.367125
-2.14474
-0.56326
-0.480763
-1.31531
64.1406
-0.659456
-0.604198
-0.821829
-0.71756
-1.12326
-0.744969
-0.843947
-0.806904
-1.02227
-0.849773
-1.2715
-0.641482
-2.99
-2.06598
-2.5248
59.5692
-0.28225
53.6396
-2.79945
-1.07274
74.2288
-0.758599
-1.13859
-1.09385
-1.24673
-0.656981
-1.10308
-2.15867
-0.919597
-0.625944
-0.285343
-0.242371
-1.48128
-0.620411
-0.558711
-0.407299
-0.604081
-0.609936
-0.420609
-0.645371
-0.846355
-0.964376
-1.36821
0.00641395
-0.821806
-0.850611
-1.81803
-1.16058
-1.01573
-0.809469
-0.541181
-1.11661
-0.9142
-0.714225
-0.924742
-1.14273
-1.19107
-1.0075
-1.14417
0.102513
-1.25268
-1.04959
-0.589555
-2.55132
-0.411667
-1.25837
-2.4425
0.0650382
-1.95836
-1.30264
-1.30331
-1.37433
-1.37581
-1.41982
-1.15684
-2.2407
-1.18607
-2.7813
-1.03316
-1.24762
-1.03928
-0.0367236
-1.33764
-1.17462
-1.41223
-1.43969
-1.40943
-0.948782
-1.10395
-1.04823
-1.32074
-1.17429
-1.29261
-1.48629
-1.28139
-1.32655
-0.604269
-1.29832
-1.41746
-1.46326
-0.71625
-0.701692
-0.589997
-0.645347
-2.88915
-3.05066
-1.67289
-1.40652
-0.589569
-0.865503
-0.667224
-0.646064
-1.4532
-0.830801
-0.828609
-0.854367
-0.744031
-0.603742
-1.05302
-0.960669
-0.49143
-0.533545
-0.861695
-0.758804
-0.631323
-0.980033
-0.85871
-1.06
-0.83517
-1.24719
-0.763595
-0.614733
-0.71888
-0.818736
-2.3402
-1.55416
-0.376828
-0.324106
-0.604736
-0.721678
-0.636024
-0.605391
-0.705302
-0.649821
-1.21292
-1.45205
-0.742544
-0.47775
-0.720204
-0.408502
-1.22757
-0.634966
-1.35808
-0.837346
-6.62553
-0.471243
-2.84319
-0.951633
-0.953791
-0.822244
-0.998071
-0.982507
-0.881219
-0.416958
-0.8402
-0.175405
-0.766692
-0.752799
-0.955798
-1.25768
-0.984498
-2.07082
-0.650862
-1.05631
-0.636781
-0.884017
-0.60798
-0.593126
-0.616551
-0.59579
-1.09659
-1.33901
-1.21767
-1.30322
-1.23006
187.145
-0.548759
-1.18532
-1.10057
-1.45793
-1.33577
-1.30691
-1.11256
-0.149145
-1.06063
-1.05703
-1.34835
12.8716
0.00907546
-0.175516
-1.0684
-1.31129
-1.31001
-0.211904
-1.17814
-1.41308
-1.57817
-1.4737
-1.42859
-1.45969
-0.491353
-1.82425
0.0106711
-1.35489
-1.44151
-1.42994
-1.32945
-2.68175
-1.42561
-1.71723
-1.67192
-1.35191
-1.58046
-1.54744
-1.18917
-1.54376
-1.79253
-1.63754
-1.19278
-1.07515
-1.91303
-1.57955
-1.91191
-1.77662
-0.177611
-1.79303
-2.74148
-0.182993
-0.286926
-2.14459
-0.938336
-2.02138
-1.94497
-1.6562
-2.37069
-2.01922
-2.06513
-2.18749
-2.39938
-2.38503
-2.44447
-0.750228
-1.65166
-2.26297
-1.10448
-2.323
-0.369098
-2.56151
-2.18721
-2.40577
-2.38889
-2.31478
-2.32906
-2.01938
-1.24717
-1.91339
-2.28065
-2.31179
-2.03534
-2.03546
-2.75471
-2.3427
-2.33031
-2.45497
-2.40921
-2.16188
-2.19796
-2.28975
-1.69774
-2.4944
-2.47257
-2.48095
-2.44384
-2.43726
-2.0206
-2.43958
-2.46463
-2.58438
-1.93526
-1.9011
-1.88656
-2.03277
-2.01163
-7.08745
-2.21453
-2.15612
-0.968937
-0.666931
-1.00045
-1.6735
-0.964408
-1.56445
-1.22535
-1.53847
-1.58509
-1.33194
-1.56058
-1.53128
-1.5789
-1.5339
-1.52064
-1.66112
-0.663158
-1.92522
135.274
-1.89871
-1.81369
-2.30936
-2.06832
-1.79078
-1.95566
-1.29402
106.814
109.364
-1.85709
-1.50237
-2.87015
-2.75521
-2.68187
-2.79812
-1.64382
-1.09272
-1.65495
-2.6684
-2.74029
-2.79751
-2.64269
-2.68603
-2.80038
-2.54274
-2.6664
-2.6207
-0.557717
-2.78398
-2.35234
-0.546901
-2.42854
-2.3997
-0.517777
38.4695
-2.85639
-1.69735
-1.6806
-1.69015
-2.63002
-2.38358
-2.43017
-2.62539
-2.30815
-2.65934
-0.366531
-2.56999
-1.31315
-2.4655
-2.52545
-2.14859
-2.67259
-2.55871
-2.53355
-2.60013
-2.52071
-2.45591
-2.62422
-2.70321
-0.851672
-0.686528
-2.36169
-1.92896
-1.83865
-2.36958
-2.81282
-0.481774
-2.62576
-2.20841
-1.71629
-2.72689
-2.88973
-2.56411
-2.87666
-2.90791
-1.41491
-2.91632
-1.91857
-2.85524
-0.51828
-1.96626
-2.93204
-2.8349
-2.70815
-2.74457
-2.80857
-1.22066
-2.88353
-2.84455
-2.83452
-2.5522
-0.799738
-2.86428
-2.62389
-2.88444
-2.62063
-1.43856
-2.75438
-2.82948
-2.82562
-2.90687
-2.8337
-2.71128
-2.75062
-2.7108
-2.72443
-2.82541
-1.03135
-2.88538
-3.1989
0.591251
-1.54819
-2.90184
-2.23888
-3.59227
-2.78809
-1.77579
-3.45958
-7.32217
-6.26885
-4.67007
147.851
-5.72333
0.902548
-6.37689
-7.89783
-6.13369
-1.91451
-0.688914
138.976
-3.78266
-1.7505
-3.18285
-3.11632
-3.21888
-1.24203
-3.70869
-3.37684
147.1
-2.89261
-2.42063
-2.7835
-1.4539
-0.17348
30.7522
-122.761
-2.10691
-1.85219
41.9049
-1.64539
-1.69756
-1.82746
-1.49516
-1.52283
-1.49903
-3.53076
-1.51346
-1.47627
-1.42709
-0.702898
-1.06099
-1.37266
-1.64394
-1.87168
-2.89889
-2.02675
-5.09985
-1.50898
-1.7401
-1.77725
-2.22224
-2.38194
-2.37248
-2.06281
-2.00789
-2.21984
-2.39108
-2.35892
-2.75182
-2.43409
-2.3081
-2.13551
-0.524902
-2.47524
-2.21495
-2.53276
-3.09763
-2.08675
-2.4895
-2.23128
-2.00158
-2.54142
-2.4091
-3.04872
-1.96796
-1.91004
-1.84107
-2.01788
-2.08032
-1.8324
-0.182876
-3.18748
-3.02231
-1.89115
-0.792945
-1.7039
-1.29954
-1.23874
-1.93803
-1.76114
-3.29058
-3.14787
-2.35488
-2.95933
-0.146597
-1.39956
-1.56495
-1.52484
-1.11928
-0.491258
-1.42998
-1.97406
-1.54807
-1.45109
-1.24889
-1.55981
-0.605656
-1.46503
-1.59832
-1.50378
-1.3447
-1.76517
-2.61799
-0.889281
-1.66031
-2.12536
-1.53153
-1.40525
-1.51343
-0.995719
-0.932263
-1.32466
-2.48249
-1.3656
122.233
-1.32222
-1.47608
-0.149598
-1.42903
-3.66415
-1.60435
-1.42802
-1.67482
-2.68046
-1.91383
-1.43263
-1.29519
-1.84018
-1.35433
-1.34765
-2.34018
-1.63604
-1.37176
-1.3344
-1.29485
-0.149264
-2.66901
-1.30036
-1.46962
-2.50519
-1.4421
-1.38627
-0.947775
-1.50563
-1.49633
-1.46707
-1.43529
-1.32022
-1.30123
-1.46032
-1.46802
-1.47614
-1.5665
-1.38517
-1.53316
-1.41817
-1.59601
-1.44693
-1.39909
-2.99588
-1.28468
-1.28016
-2.16042
-1.62565
-1.42516
-1.46377
-1.47994
-2.76366
-1.50323
-1.48319
-2.54212
-1.64539
-1.21542
-2.29702
-1.47375
-1.20858
-1.24623
-1.59924
-1.46104
-1.89363
-1.46099
-1.91928
-2.17782
-4.06817
-1.56174
-1.65127
-1.6726
-1.7748
-1.13072
-1.73024
-2.32189
-1.74524
-1.36402
-2.10071
-1.78754
-1.37601
-1.36203
-1.51222
-1.92238
-1.49316
-1.46701
-1.69791
-1.47265
-1.74881
-1.70465
-1.78108
-2.03975
-1.83324
-1.82982
-1.91861
-2.22848
-1.98734
-1.95499
-1.64943
-2.02822
-2.26959
-1.31297
-2.2916
-2.12941
-2.37884
-1.97974
-0.582336
-2.23302
-2.23662
-0.750645
-0.788658
-1.81168
-1.92183
-1.71225
-1.67013
-1.70967
-1.74007
-1.79041
-2.36482
-2.0883
-1.62025
-1.62607
-1.40476
-1.36746
-1.37466
-1.49126
-1.49564
-1.45489
-1.41364
-1.53583
-1.34849
0.572141
31.914
-2.18721
-1.59503
-1.56404
-1.56927
-1.6009
-2.4029
-384.272
-1.63862
-2.92165
-1.26268
-3.10872
-2.42784
-1.21801
147.308
11.8143
-2.20848
-3.10618
-2.98054
-2.95066
-1.59647
-3.47233
-3.26513
-3.27985
-3.0621
-3.28815
-3.05001
-2.70785
-3.69759
-2.86471
-1.44945
-1.02757
-1.23346
-1.41652
186.781
-1.14815
-1.40722
-4.76149
-0.375614
-1.45681
-0.244693
-0.699916
-3.8634
-1.675
-2.95989
18.284
2.46774
-5.77832
-2.87216
-3.74844
-1.32289
-1.4387
-1.48096
-2.51763
-0.809648
-1.45958
-3.7204
-7.53222
4.43267
-3.46783
-2.58153
-1.13747
-0.556554
-1.8989
-0.867804
-1.52172
-2.07355
-1.81883
-2.50095
-2.52658
-0.778503
-2.86892
-2.58119
-3.39322
-2.63798
-2.55392
-2.77422
-0.507669
-2.85616
-2.68134
-1.74726
-1.67457
-2.79817
-2.93836
-2.88051
-2.92296
-0.53413
-2.70654
-2.7593
-1.20434
-2.96553
-59.1862
-2.98377
-2.93789
-3.13362
-179.533
-2.86606
-2.85131
-298.745
-1.70015
-2.74251
-2.66557
-1.92954
-1.42324
-2.86601
-2.48584
-0.114064
-2.75
-1.777
-0.627584
-2.65084
-2.73229
-2.85623
-2.80234
-2.60819
-0.704118
-2.74537
-2.78222
-2.86025
-1.8553
-2.35277
-2.62635
-2.85137
-2.52786
-2.79244
-2.41901
-2.49699
-2.40178
-1.89808
-1.17847
-2.52511
-2.60315
-2.49494
-2.71351
-2.54044
-2.61843
-1.55046
-2.47906
-2.52518
-2.37411
-1.2606
-2.66452
-0.681995
-2.78798
-2.77228
-0.747173
-1.90099
-2.61815
-2.86693
-2.49382
-2.74193
-2.35957
-1.53491
-0.633914
-1.31608
-1.64517
-2.72754
-2.54088
-2.39932
-2.49416
-2.86657
-27.3041
-2.4804
-0.715246
-1.68592
-1.79016
-2.85194
-1.86493
-1.8019
-2.55598
-1.55218
-1.5116
-1.52167
-1.56228
-1.53099
-1.51008
-1.54089
-1.54977
-1.62084
-1.61181
-1.50106
-0.391672
-1.56025
-1.45981
-1.6055
-1.87673
-2.94584
-1.53829
-1.78629
-2.01375
-1.76565
-1.38912
-1.44161
-1.43145
-1.38086
-1.4192
-1.304
-1.50417
-1.78729
-2.01292
38.1795
-2.23795
-2.22033
-0.893572
-0.165853
-1.53189
-1.87156
-2.00434
-2.14658
-1.8698
-1.98384
0.223649
-1.91316
-1.99111
-2.04944
-1.7388
-2.52597
-1.91168
-2.62975
-1.92051
-1.90822
-1.9775
-2.17324
-2.12762
-1.98646
-0.265791
-2.60249
-1.59558
-2.16162
-0.924659
-2.44278
-1.99674
-2.11719
-0.51786
-1.26093
-0.844601
-1.93061
-2.6498
-2.29431
-0.653508
-2.53944
-2.47888
-2.23775
-1.09812
-1.76466
-1.92451
-1.91476
-0.819518
-2.28294
-2.72763
-1.52676
-1.64418
-1.54394
-1.70387
-0.409238
-1.42028
-1.4325
-1.4285
-1.59781
-1.41189
-1.47077
-1.53459
-1.5364
-1.8965
-1.55002
-2.35579
-1.44733
-1.66536
-1.37057
-1.24508
-1.69173
-1.43622
-1.6799
-1.00245
-1.31499
-0.557885
-1.02937
-1.13639
-1.15074
-1.11015
-1.1114
-1.21936
-2.62365
-1.11214
-1.15249
-0.991787
-1.15168
-1.03175
-1.42517
-1.25414
107.047
-1.09131
-1.10668
-1.5478
-1.69361
-1.3577
-1.34602
-1.31758
-1.14641
-1.14242
-2.65731
-1.1342
-1.66302
-1.32823
-1.66099
32.3392
-1.67993
-1.19767
-1.18722
-1.3403
-1.31155
-1.4093
-1.24364
-1.23646
-2.94538
-2.59082
-1.32597
-1.333
-1.34319
-1.03203
-1.02075
-1.01424
-1.35127
-1.12064
-1.13737
-1.00948
-1.01979
-1.01221
-1.07716
-0.975029
-0.96514
-1.09847
-1.11332
-0.687289
-1.27523
-1.89559
-1.18006
-1.20857
64.6964
-1.29478
-1.32394
-1.1233
-0.667814
-0.704601
-0.678721
-0.60188
-0.566558
-0.715451
-0.719315
-1.29371
-0.663702
-0.778687
-2.78465
-0.673841
-0.997387
-0.900668
-0.910689
-0.710095
-0.809413
-0.824384
-0.931384
-0.670308
-0.812678
-0.786235
-0.774387
-0.709879
-0.72374
-0.707807
-0.911903
-0.906823
-0.884851
-0.792052
-2.14153
-1.45212
-0.725257
-0.712802
-0.60774
-0.817985
-0.685184
-0.711349
-0.77642
-1.214
-0.340312
-0.581889
-2.66493
-1.1313
-0.790638
-1.01411
-0.982053
-0.67168
-0.985502
-0.919454
-0.569047
-1.82251
-1.22608
-0.815155
-0.580636
-0.923597
-0.988211
-0.898863
-1.2097
-0.89508
-0.838477
-0.793647
-1.04712
-0.885034
-0.57655
-0.572138
-1.31328
-0.571872
-0.403469
-0.518611
-0.5843
-0.403172
-0.411435
-1.19806
-0.87369
-0.469572
-0.370473
-0.827262
-1.44971
-0.37598
-0.302754
-0.305181
-0.270476
-0.898413
-0.262594
-0.306649
-0.285565
-0.297582
-0.480115
-0.503758
-0.366543
-1.63292
-0.314441
-0.296423
-0.520119
-0.371743
56.5085
-0.583582
-0.229844
-0.24194
-0.622656
-0.15706
1.2705
133.382
120.131
134.663
107.796
-1.14564
-0.507176
-0.282255
-0.247084
-0.162146
-0.255069
-1.68701
-0.273946
-0.713767
-1.63288
58.2648
-0.211299
0.553911
1.05695
-0.610962
0.192567
-0.338862
107.32
160.875
-1.75024
68.369
59.1256
20.2331
-0.186312
0.069921
-0.16981
-0.0774373
51.1549
-2.02305
135.576
-0.099697
-0.036063
17.0837
-0.521124
-0.508501
-0.47174
-0.466814
-0.481228
-0.20662
-0.403103
-0.315024
-0.299842
-0.484792
-0.341376
-0.503776
-2.50266
-0.570144
-0.369991
-0.277845
-0.477689
-0.582382
-0.395843
-0.372858
-0.362595
-0.416005
-0.246223
-0.247718
-0.473849
-2.41319
-0.509174
0.0232683
-0.426312
-0.56951
-0.330277
-0.254509
-0.34262
54.6937
-0.505793
-0.416191
-0.41038
-0.398211
-0.40048
-0.486885
-0.419749
25.7168
-0.57537
-0.291222
-0.24621
-0.552554
-0.380292
-0.386049
-0.227748
-0.337263
-0.26298
-0.365824
-0.189447
-0.30729
-0.458161
-0.551419
-0.274902
-0.286778
-0.207689
0.0880161
-0.569651
-0.193943
-0.362992
-0.429092
-0.476727
-0.362548
-0.357892
-0.281199
-0.335023
-0.473832
-0.469353
-2.0357
75.2833
124.501
137.2
-0.483941
-0.490722
-0.454685
0.159808
37.7137
-0.559065
-2.10132
-0.0142674
-2.7553
-0.0348316
137.422
-0.252751
21.5841
62.3094
138.451
-0.476995
-0.267107
141.956
16.6318
75.8312
0.813273
-0.182398
129.206
142.783
78.32
-0.412993
0.633238
134.553
-1.94749
0.75448
-0.301513
-1.10509
0.0747631
-0.00520267
21.9315
-0.437569
-0.442957
143.043
-0.152722
-0.117756
38.6856
-0.312659
-0.594658
127.606
-3.12577
-1.05566
128.901
136.799
-0.27689
-3.48395
-0.13676
129.353
-0.146431
-3.15366
-1.619
-1.83788
-0.377578
-0.379991
-0.266323
-0.245723
-0.238465
-0.262168
-0.371886
-0.29664
-0.248358
-0.277665
-0.251094
-0.275208
-0.351299
-1.89022
-0.447853
-0.338883
-0.269978
-0.104533
-0.145277
-0.365697
-0.0335645
-0.330049
-0.142689
-0.115881
-0.200405
-0.154773
-0.139225
-3.14467
-0.278372
-0.571346
-0.230524
-0.136213
-0.393992
-0.390717
-0.582642
-0.569669
-0.531398
-1.15279
-0.314015
-0.467233
-0.719643
0.0610569
-0.766425
-0.856316
0.0708246
-0.346471
-0.157126
-0.652447
-0.730181
0.13444
-3.59063
-0.374226
-0.359742
-0.277861
-0.733657
-3.37877
-1.12607
-0.828375
-0.36922
-0.574004
-0.963451
-0.863713
-0.828728
-1.02926
-0.819804
-0.822955
-0.923203
-0.954203
-0.387923
-0.289682
-0.909101
-0.904623
-1.04871
-0.9527
-0.853559
-0.724758
-1.04019
-0.768784
-0.941906
-0.957622
-1.45535
1.44835
-1.35184
-1.12539
-1.00002
-0.96786
-1.20029
-1.12983
-1.03605
-1.58103
-1.33084
-1.2391
-1.21307
-1.46793
-1.35941
-1.01318
-0.612102
-0.81847
-1.20719
-1.10658
-1.145
-0.953855
-3.05521
-1.36366
-1.06468
-0.858284
-2.727
-0.976602
-1.05811
-1.09408
-1.07513
-0.808434
-1.15779
-1.27105
-1.27695
-1.03954
-1.12619
-0.679251
-1.00664
-1.04798
-1.30065
-1.30825
-1.26361
-1.74889
-1.19781
-1.41366
-1.25491
-1.20608
-1.1387
-1.25055
-2.54159
-1.32953
-1.19354
-1.01611
-2.85101
-1.0853
-1.24942
-0.793269
-0.895273
-0.917331
-0.766542
-0.620606
-0.607684
-0.756761
-0.866592
-0.892588
-0.762969
-1.16839
-0.773154
-0.971606
-0.885861
-0.921891
-0.936446
-1.09834
-0.686305
-0.958411
-0.659458
-0.474936
-0.341723
-0.341177
-0.637026
-0.673676
147.489
-1.75547
-0.652458
-0.573043
-0.586922
-1.4579
-2.77293
-0.550479
-0.872884
-1.26029
-1.0676
-1.25765
-1.65262
-0.994427
-0.58652
-0.887427
-0.703363
70.0257
-0.809921
-2.27739
-0.595061
-1.52719
-0.859015
-0.985662
-2.30977
-0.949341
-0.742573
-0.896874
-1.17323
-0.795773
-0.903206
-1.27157
-1.0832
-1.08569
-1.11303
-0.642592
-0.38048
-0.616711
-1.40151
-1.32168
-1.28652
-1.00372
-1.30053
-1.13811
-1.36903
-1.24276
-1.4796
-0.842047
-1.39361
-0.657733
-0.863589
-0.878128
-0.759343
-1.38802
-0.970196
-1.32775
-1.13369
-1.16733
-1.19403
-1.34388
-1.04961
-0.746498
-1.24444
-1.22489
-1.23636
-0.700415
-0.508223
-1.11448
-0.520563
-0.94366
-0.23206
-0.564518
-0.663194
-0.506699
-0.378267
-1.70357
-0.361803
-2.15523
0.0248375
-0.533136
142.854
-0.879896
-0.0596515
141.837
-0.805144
-0.347382
0.08906
77.7813
64.6624
-0.284796
0.108062
0.014073
128.679
22.0482
-0.519633
-0.463787
-318.277
-0.371093
139.901
61.198
38.4309
0.29107
-0.324033
0.51349
36.2701
-0.387829
21.754
-0.250503
-0.542882
58.886
-0.331789
-2.65765
-0.330526
-0.298994
-1.77864
-0.578
-0.695955
-0.561034
-0.783009
-0.778915
-2.59376
-0.254721
-0.387532
-0.350168
-0.99461
-0.501504
-0.473006
-0.388822
-0.9231
-0.5166
-0.672654
-2.97343
-0.411917
-0.520493
-0.620289
-0.425587
-0.485811
122.87
-0.291933
-0.444866
-0.218018
-0.360241
127.365
-1.89395
-3.11914
-0.0285583
122.224
125.367
-0.15563
-2.53842
0.577591
-0.289178
-1.46154
1.89108
134.19
63.3693
0.143988
11.9678
29.7409
-0.741844
-0.427635
-0.473485
-0.938271
-2.26642
-0.249968
106.981
-0.380317
134.453
53.4438
-0.476324
-0.305995
-0.569295
-1.5353
-1.87776
16.675
-0.24261
-2.38314
-0.610546
-0.31444
-0.767929
-0.832264
0.133123
-0.674633
-0.780504
-0.873901
-0.464579
1.81524
-0.721926
-0.882655
-0.163357
-0.869286
-0.611931
-0.820634
-0.569409
-0.771657
-0.815824
-0.683931
-0.456645
-0.7861
-1.1859
-0.470553
-1.18949
-1.05556
-0.441023
-0.749651
-1.068
-1.66187
-0.604688
-1.2277
-1.28392
-1.12619
-1.17091
-0.268352
-1.25992
-1.352
-1.21754
-1.09445
-1.2326
-1.19326
-0.934241
-0.780061
-0.623239
-1.88763
-0.877727
-1.08719
-1.31024
-0.829667
-1.30603
-0.880543
-1.20629
-0.477637
-2.01341
-2.13459
-2.00788
-1.64721
-1.65737
-1.69058
-1.89229
-1.88109
-2.05654
161.471
-2.05733
-0.0804692
-1.12885
-1.89955
-1.34428
-0.410593
-2.68028
-0.761291
-1.53539
-1.9016
-0.880813
-2.3982
0.8047
-0.345626
-0.928335
-3.75038
-0.813134
-2.88082
-1.02463
-0.538396
-2.8321
-0.60736
-0.535568
-0.84947
0.0454994
125.332
-3.04801
-2.22255
-1.79129
-0.105659
-2.75242
-0.370113
-1.58752
-0.178062
-1.74932
-3.06985
-2.78755
-0.543839
-2.58949
-1.7678
-0.375922
-0.18648
-2.22587
-2.58661
-0.607368
-1.29735
-2.30216
-2.7744
-1.92624
-2.8657
-2.43314
-1.82279
-2.5847
-2.75141
-3.34932
-0.941649
-2.80889
-0.807283
-1.52817
-1.83861
-1.4917
-1.42989
0.149264
-1.65633
-3.07803
-1.75897
-1.24879
-1.3662
-2.62097
-3.27561
-1.53173
-1.21378
-2.49276
-1.63913
-1.49689
-2.85092
-3.16943
-0.265574
-2.13146
-2.53326
-1.50437
-1.65344
-64.3151
-2.48492
-2.36588
-1.43784
-2.40049
-1.41724
0.487326
-1.29562
-2.16836
-1.0932
-1.74529
-1.89993
-1.83515
-2.53674
-32.3369
-1.41171
-1.38784
-2.83802
-1.49569
-2.24383
-2.78849
-2.52741
-2.14153
-2.2886
-8.06148
-254.098
-1.2663
-1.96698
-2.95971
-1.64851
-0.741546
-1.73111
-0.938677
-4.33065
-2.63661
-1.81296
-2.62267
-1.43013
-1.24112
-2.8622
-2.54161
-2.86579
-1.92408
-2.87402
-2.53887
-2.51788
-3.00768
-2.44341
-2.80962
-2.4021
-0.6193
-2.80391
-1.81176
-2.78323
-2.68144
-2.79746
-1.43694
-0.365229
-2.66532
-2.63524
-278.841
-1.66911
-1.69584
-1.89446
-1.56759
-2.16579
-1.28672
-2.02122
2.33444
-1.44079
-2.47834
-1.37336
-1.08233
-1.4117
-3.01502
-2.39217
-2.15747
-2.01773
-2.89352
-1.77861
-1.46934
-2.54031
-0.129692
-2.03514
-1.40999
-1.53453
-1.49613
-1.66359
-2.52177
-1.59751
-1.69987
-2.20269
160.428
-1.21737
-0.631747
-2.0255
-1.47489
-2.37315
-2.03584
-1.17611
-2.08148
-2.30809
-1.53217
-1.21369
-2.67459
-1.39734
-0.520054
-2.26713
-1.51099
-1.61257
-1.33966
-0.824087
-1.22269
-1.10227
-0.926362
-1.29656
-1.17312
-1.19631
-1.95858
-0.883787
-2.57626
-0.913214
-0.999765
-2.63146
-0.200554
-0.590338
-0.533709
-2.74948
-0.74858
-2.2795
-1.38843
-0.745538
-0.722966
-6.20299
-2.45045
-0.591561
-0.606353
-0.632418
-0.940398
-0.706684
-0.714999
-0.762026
-2.49432
-1.1604
-0.533441
-0.188785
-1.21377
-0.93601
-0.17717
-0.760384
-0.361699
-1.55299
-1.1697
-0.87794
-0.633142
-0.108557
-2.64888
73.0016
-1.06436
-2.26218
-2.09381
-1.07596
-1.07749
-0.959838
-0.984522
-1.76051
-1.7737
-1.63283
-1.16899
-1.06906
-1.29373
-1.32398
-1.75763
-1.2762
-1.10719
-1.59364
-2.95328
-1.06108
-2.47821
-0.700752
-2.63216
-2.71555
-0.321861
-1.27642
-1.38784
-0.980013
-0.480253
-0.463754
-1.90079
-1.15372
-0.550383
-407.41
-0.932667
-0.935058
-1.47002
-1.18121
-1.1364
-2.417
-2.90322
-2.81195
139.639
-0.310311
-1.59784
-0.130684
-0.339137
-0.972601
123.643
-2.40597
-0.301174
75.7693
-0.278995
-0.176234
-0.49067
133.903
-0.45188
-2.14833
-0.438076
0.00505091
-2.78882
-1.04431
122.553
-1.40628
-0.22563
69.6184
13.8124
-0.248335
-0.48304
-0.245327
-0.255971
-1.46067
-0.359762
-2.72968
-0.881155
-0.182856
160.68
-0.45797
-0.261447
-0.717102
0.646359
-0.95474
-0.26103
78.5959
70.2557
-0.00225891
-3.04018
0.434873
-3.16965
-0.14122
-0.477621
-1.93614
-0.30875
-0.435268
-0.419605
-1.43075
-0.309501
-0.343331
-0.312914
-0.714427
-0.195757
72.226
-0.169623
-1.52002
-0.273446
-2.35443
-4.69083
-2.67349
-0.368154
-1.33332
-0.708011
-2.99662
-0.271396
-0.421733
-2.64893
-0.592494
-0.751695
-1.47036
15.686
-1.14984
-1.48825
0.245768
-1.02215
-1.8889
-1.86278
-1.59478
-0.0204221
-0.865814
-0.319048
136.44
0.0291035
-1.41202
-0.651436
-0.444105
-0.20638
-0.184248
-0.767605
-1.45165
-2.75244
64.34
-0.00180008
0.0394301
-0.777672
-0.213862
-2.01954
-0.193509
75.5093
-1.76693
-0.533522
-0.290438
-2.12751
13.8404
-0.724005
0.201131
-2.418
-1.23142
-0.41262
-1.22161
-0.708269
-0.480808
-0.183838
-0.756652
-1.63641
-1.83833
-1.29078
-0.590681
-1.23364
-0.533839
-1.6543
-2.98088
-2.11567
-2.06658
-2.16009
-2.26927
-0.439826
-1.52091
-1.52669
-1.3436
-0.649143
-1.51736
-1.09761
-3.05069
-58.088
-2.85813
-0.345307
-1.04623
-1.44875
-1.47305
-0.884217
-1.0022
-2.7796
-0.856647
-1.33468
-2.61756
-0.940625
-1.42727
-2.16056
-2.65459
-0.475515
-1.06826
-2.81994
-2.02084
-0.991384
-1.53128
-1.99327
-2.27222
-1.09585
-0.215131
-0.478703
-2.08213
-2.67296
-2.68869
-2.20996
-0.320429
-0.856883
-1.69242
-1.38604
-1.29321
-0.649967
-0.318154
-1.28526
-1.72294
-1.05896
-0.514413
-0.327977
-0.967073
-2.92765
-3.6544
-1.81257
-1.04949
-2.66447
-2.28695
-1.36664
-2.91291
-0.693721
-0.647702
-0.468478
-3.33114
-31.7007
-0.957621
-0.689245
-3.02462
-1.42007
-0.803052
-2.82249
-2.16065
-1.87502
-0.519503
-0.815432
-0.673793
-3.02434
-1.59535
-0.976973
-1.17969
-1.43368
-0.517324
-3.55543
-1.03644
-2.42608
-1.44053
-0.757166
-1.46145
-1.03981
-0.568504
-1.91292
-1.56962
-3.04561
-1.12674
-2.32393
-413.895
-1.40173
-1.0438
-1.26423
-2.38415
-0.823886
-1.5036
-1.20671
-2.20705
-1.22034
-2.81989
0.440025
-0.920246
-0.992515
-0.531784
-1.9835
-0.726383
-1.70684
-1.39227
-0.755629
-1.20613
-0.248084
-0.475652
-2.60264
-0.302639
-0.709063
78.3715
-1.0918
-1.83227
-1.22259
-0.583411
-0.646889
-2.95494
-1.74123
-0.754683
-0.64868
-1.46643
-1.18039
-2.32554
-0.379421
-1.60125
-2.10355
-1.41355
-1.11517
-2.17641
-1.30455
-1.72864
-2.21628
)
;

boundaryField
{
    FrontBackPlanes
    {
        type            symmetry;
    }
    wallz
    {
        type            calculated;
        value           nonuniform List<scalar> 
97
(
-393.006
-331.077
-419.877
-269.136
199.709
51.8789
-4.39555
202.913
207.503
-2.50967
-2.75805
-2.63342
-0.272615
-0.150738
0.0771938
204.183
207.076
204.983
-2.14736
-2.26684
-2.38899
-0.622671
-0.505487
-0.388469
205.462
203.737
205.051
-1.79346
-1.91013
-2.02805
-0.972058
-0.854561
-0.738471
203.054
201.365
-1.56522
-1.67933
-1.32675
-1.20796
-1.08982
202.606
201.038
-1.45361
-1.68709
-1.56582
-1.44526
205.016
208.19
207.078
-1.12564
-2.05147
-1.92968
-1.80784
208.505
207.511
208.274
-0.912116
-1.01847
-2.29258
-2.17284
205.822
204.239
202.925
-0.701978
-0.806814
40.6469
1.78638
-2.76789
-2.65055
200.562
201.351
202.713
-0.49515
-0.598024
-0.392229
-0.286364
-0.154391
201.612
201.812
201.189
211.763
160.116
-2.886
-233.869
-515.216
-530.302
-148.019
199.098
146.373
-2.88219
-1.23406
199.819
-2.41403
200.283
199.919
-2.53077
-1.34267
)
;
    }
    outlet1
    {
        type            calculated;
        value           nonuniform List<scalar> 
31
(
-2.943
-2.943
-2.943
-2.943
-2.943
-2.943
-2.943
-2.943
-2.943
-2.943
-2.943
-2.943
-2.943
-2.943
-2.94308
-2.94306
-2.943
-2.943
-2.943
-2.943
-2.943
-2.943
-2.943
-2.943
-2.943
-2.943
-2.943
-2.943
-2.943
-2.943
-2.943
)
;
    }
    inlet1
    {
        type            calculated;
        value           nonuniform List<scalar> 2(-557.581 -563.823);
    }
}


// ************************************************************************* //
