/*--------------------------------*- C++ -*----------------------------------*\
| =========                 |                                                 |
| \\      /  F ield         | OpenFOAM: The Open Source CFD Toolbox           |
|  \\    /   O peration     | Version:  v2012                                 |
|   \\  /    A nd           | Website:  www.openfoam.com                      |
|    \\/     M anipulation  |                                                 |
\*---------------------------------------------------------------------------*/
FoamFile
{
    version     2.0;
    format      ascii;
    class       volScalarField;
    location    "0.05";
    object      p_rgh;
}
// * * * * * * * * * * * * * * * * * * * * * * * * * * * * * * * * * * * * * //

dimensions      [1 -1 -2 0 0 0 0];


internalField   nonuniform List<scalar> 
6576
(
2788.05
2768.25
2774.63
2783.58
2796.33
2803.65
2782.45
2773.75
2792.35
2786.91
2826.43
2808.59
2795.44
2810.24
2762.36
2774.49
2742.2
2775.67
2778.56
2817.33
2767.13
2814.16
2819.28
2773.26
2786.48
2829.14
2872.46
2797.8
2764.92
2763.18
2789.23
2746.89
2787.16
2806.4
2790.93
2804.42
2792.1
2828.45
2779.17
2811.63
2774.59
2764.45
2799.37
198.5
158.078
192.204
89.7946
197.791
196.906
199.317
199.574
197.974
0.00209024
0.00173744
0.00065291
0.00445557
0.00351784
0.00263093
0.00380571
0.00145062
0.00391628
0.00440641
0.00597232
0.00396725
0.00178584
0.00432041
0.0192709
0.0158359
0.0145102
0.0131423
0.0161806
0.0107599
0.0139318
0.263003
0.263496
0.266813
0.265296
0.264469
0.268004
0.268791
0.2528
0.251143
0.250988
0.256352
0.255836
0.254247
0.254706
0.049508
0.112171
0.128875
0.101614
0.0888536
0.0866341
0.0220589
201.384
201.221
202.83
150.431
197.274
200.883
198.073
201.698
201.351
201.679
201.679
201.759
201.887
201.833
199.742
199.589
199.709
199.472
199.989
199.46
-0.306568
-0.0355424
-0.312003
-0.151978
0.226811
-0.386602
-0.303849
832.806
2064.2
1022.07
2646.98
2624.37
2709.53
2756.23
-0.0373888
-0.0798111
-0.0395586
-0.356729
-0.143491
-0.429401
-0.15549
0.190093
0.187008
0.187762
0.195982
0.194383
0.191578
0.192123
0.188741
0.192177
0.188099
0.200703
0.198501
0.194558
0.195471
0.173723
0.173493
0.167082
0.179503
0.172752
0.169324
0.175474
0.182477
0.181078
0.191102
0.186815
0.18633
0.201674
0.200217
0.196264
0.195889
0.167536
0.158495
0.167496
0.176137
0.167515
0.162273
0.170829
0.178185
0.174055
0.188527
0.18349
0.182127
0.200307
0.201953
0.194786
0.195251
0.109781
0.0862666
0.121888
0.120477
0.0991786
0.148037
0.160311
0.14686
0.128426
0.00918362
0.0225619
-0.00391582
0.0495271
0.0649225
0.0288066
0.0418785
-0.0156628
-0.0203035
-0.0786629
-0.00513941
0.0537459
0.0104533
-0.0350069
-0.175043
-0.193367
-0.201106
-0.108185
-0.0929003
-0.127955
-0.137413
-0.435723
-0.76279
-0.441747
-0.297116
-0.432985
-0.253271
-0.465031
-0.0278373
-0.0338971
-0.0348083
-0.00804882
-0.00346726
-0.015244
-0.0179345
0.014266
-0.00153231
0.0120568
0.00667653
0.0225718
0.029731
0.0101513
0.0553374
0.0789915
0.069551
0.0471282
0.0565665
0.0742696
0.0645757
0.117449
0.110056
0.129302
0.107289
0.0968669
0.118143
0.10822
0.14259
0.15272
0.143296
0.131666
0.144809
0.135346
0.146465
0.150454
0.140816
0.159197
0.16362
0.156697
0.165276
0.157521
0.165389
0.158902
0.157731
0.157018
0.160587
0.160622
0.157144
0.158165
0.16132
207.58
206.379
207.598
208.057
207.062
208.65
209.638
207.776
208.957
208.955
213.42
212.586
209.002
204.465
202.982
129.869
0.204759
0.213002
0.420458
0.263243
0.280505
0.65383
0.657702
0.612347
0.539476
213.429
209.502
212.199
-1.49179
-3.41302
-0.0108587
-2.89598
-2.16716
-3.06519
-4.87461
0.258204
0.260804
0.259921
0.259781
0.257528
0.258497
0.260636
0.374618
0.363104
0.373079
0.377384
0.36597
0.389078
0.371849
0.370625
0.383943
0.266323
0.267128
0.266792
0.265324
0.264486
0.265747
0.265121
0.184498
0.131773
0.0509871
0.171951
0.13548
0.117789
0.183331
2.20971
0.470883
0.845851
0.0667552
0.307747
0.00411791
0.0636312
0.39676
0.284674
-0.293759
12.4961
0.604866
-0.214744
0.587164
0.015834
-0.257471
-0.0303431
-0.151374
202.751
203.751
202.913
202.627
203.024
202.168
203.26
208.59
207.375
207.503
205.592
206.158
207.087
205.332
207.446
209.416
206.226
220.278
208.3
204.778
204.687
205.763
203.444
2.35594
1.37006
1.26884
0.100429
-0.564128
0.967692
0.897951
0.272428
0.272961
0.273579
0.271889
0.274006
0.272364
0.27391
0.273733
0.272468
0.271527
0.272983
0.27151
0.271206
0.27052
0.271821
0.270898
0.281013
0.278354
0.277985
0.278374
0.276193
0.278969
0.276819
0.277765
0.280253
0.318734
0.311577
0.317435
0.327965
0.319784
0.314815
0.321113
0.323011
0.325301
0.331416
0.319156
0.315012
0.319656
0.32353
0.104699
0.106202
0.0987366
0.108222
0.103772
0.104314
0.0990058
0.0925473
0.0884903
0.0866593
0.0881338
0.091747
0.0873228
0.0835646
0.0989882
0.0997848
0.0942766
0.0978037
0.101552
0.0992215
0.0946425
0.0977359
0.0921097
0.098024
0.0987909
0.094328
0.0997783
0.104284
0.0981542
0.102438
0.0792829
0.0745036
0.0790809
0.0797242
0.0813496
0.0745371
0.0783344
0.0654344
0.0719949
0.0672239
0.065409
0.0604445
0.0690532
0.0650242
0.0648375
0.0622674
0.057688
0.0669416
0.0716042
0.0667559
0.0632138
0.0275802
0.0302
0.0351909
0.0273686
0.0221979
0.027226
0.0323568
0.0513157
0.0469466
0.0466225
0.0466885
0.0415486
0.0386357
0.0440097
0.0190038
0.0272767
0.024217
0.049475
0.0467916
0.0545461
0.00325936
0.00876893
0.00688152
0.00741974
0.00385275
0.00687443
0.00955824
0.00875307
0.00723468
0.00320504
0.0162593
0.0111243
0.0119602
0.0078484
0.00573666
0.00083965
0.0103114
0.00937219
0.0165399
0.0111978
0.00393993
0.00819773
0.00591293
0.0102862
0.01389
0.00888176
0.00112498
0.0036649
0.00434943
0.00623269
0.00829313
0.00891572
0.0164124
0.0115128
0.00633888
0.00333754
0.00345718
0.00104786
0.00709245
0.00748818
0.00581143
0.00589863
0.0441463
0.0472963
0.0522893
0.0431881
0.036985
0.0449548
0.040067
0.0449544
0.0497449
0.0652833
0.0714204
0.0608649
0.0591168
0.0531925
0.0654804
0.0602788
0.0594198
0.0522553
0.059152
0.0605206
0.0558843
0.0505679
0.0577234
0.0855594
0.0806239
0.0823591
0.0799109
0.0728081
0.0742306
0.0793528
0.143016
0.155546
0.152726
0.13027
0.136526
0.157763
0.169898
0.152078
0.154739
0.137584
0.165164
0.151391
0.199364
0.211944
0.210353
0.204212
0.224794
0.212487
0.196805
0.282197
0.306366
0.310338
0.305837
0.343532
0.317319
0.289606
0.280598
0.272025
0.272617
0.275124
0.269655
0.273381
0.280585
0.254157
0.254426
0.260816
0.254135
0.248115
0.255543
0.249667
0.252706
0.258875
0.266137
0.262498
0.259205
0.259159
0.261673
0.254586
0.257133
0.26128
0.258567
0.257911
0.257369
0.25468
0.256552
0.258944
0.25367
0.251655
0.25589
0.25594
0.254401
0.259151
0.257185
0.257478
0.254594
0.2534
0.249445
0.252592
0.254732
0.252119
0.280803
0.278095
0.282483
0.283312
0.280988
0.286362
0.283646
0.294949
0.297527
0.29418
0.293022
0.290233
0.297847
0.295431
0.295317
0.293032
0.290001
0.292787
0.294146
0.296853
0.294225
0.294209
0.291874
0.292577
0.290359
0.306349
0.307694
0.305325
0.305338
0.303486
0.304933
0.306295
0.302855
0.304532
0.301952
0.305461
0.307997
0.30555
0.305116
0.303038
0.301121
0.325268
0.321269
0.322233
0.313866
0.312629
0.310008
0.515363
0.709703
0.800166
0.557637
0.330027
0.0688164
0.116339
0.0854003
0.0953505
0.172929
-0.00631921
0.0660165
0.886527
1.36486
0.674475
-0.0891848
0.398184
0.901059
1.56135
4.2919
-0.113051
-0.618237
0.0290405
0.190479
-0.648697
-0.584558
-0.486522
0.831878
5.02955
-0.0795605
-0.624771
-0.0216274
207.703
205.846
206.135
203.321
132.412
200.52
208.436
202.982
202.757
204.427
203.935
204.461
204.704
204.933
205.254
204.937
205.078
203.892
204.15
204.06
204.216
204.317
204.11
203.813
204.408
204.299
203.646
204.183
204.239
207.28
206.73
207.076
207.193
207.319
207.359
206.96
207.126
207.418
204.698
204.898
204.983
205.42
204.882
205.663
205.801
204.506
204.871
204.462
205.431
205.965
205.393
204.948
205.434
205.115
204.545
206.828
208.7
207.46
206.859
207.24
208.82
207.859
196.274
210.747
152.765
209.423
205.702
202.045
206.933
203.996
181.476
208.769
205.458
206.638
201.517
208.083
0.452801
0.486713
0.468097
0.484435
0.453558
0.473675
0.446809
0.312243
0.314057
0.311523
0.30304
0.273148
0.30664
0.309352
0.318167
0.312353
0.319591
0.312855
0.325246
0.333628
0.30671
0.280617
0.27396
0.284974
0.255374
0.249422
0.264419
0.262736
0.279296
0.276631
0.27788
0.276081
0.278801
0.280396
0.282237
0.278488
0.281225
0.277464
0.279098
0.257123
0.256456
0.259552
0.258744
0.258319
0.261729
0.26098
0.210042
0.206623
0.20972
0.199304
0.199497
0.2032
0.203831
0.220551
0.227911
0.224307
0.217935
0.225211
0.226227
0.21789
0.196915
0.18579
0.190787
0.195515
0.186758
0.135017
0.136069
0.129492
0.135373
0.141379
0.13888
0.134024
0.126009
0.129722
0.131536
0.127963
0.131893
0.129532
0.125715
0.1283
0.132065
0.126484
0.128452
0.125303
0.121449
0.125426
0.112407
0.1178
0.114315
0.112433
0.108258
0.115422
0.112365
0.112459
0.110839
0.106018
0.117987
0.1141
0.114416
0.110973
0.0911919
0.0980397
0.0971407
0.0975103
0.101855
0.10158
0.0985174
0.0958181
0.103447
0.0982683
0.0969788
0.100004
0.102987
0.0809977
0.0756256
0.0816954
0.0829676
0.0870638
0.0793335
0.0873494
0.083789
0.0630541
0.0652552
0.05808
0.0674092
0.0645885
0.0718045
0.05787
0.062915
0.0674261
0.0636484
0.0208894
0.0256341
0.0272942
0.0305331
0.0357685
0.0304898
0.0265549
0.027692
0.0251413
0.0200497
0.0296938
0.0347805
0.0295399
0.0254392
0.00769601
0.0070285
0.0102472
0.0295707
0.0260855
0.0347075
0.0195406
0.0246153
0.0294766
0.0255382
0.00720087
0.00581447
0.00137711
0.00958403
0.00487195
0.0065095
0.00671225
0.0011684
0.00520159
0.00693496
0.0084401
0.00952062
0.00289685
0.00354986
0.000936924
0.00714644
0.00704426
0.00611444
0.00631379
0.00169139
0.00632087
0.00453668
0.00173491
0.00479428
0.00594316
0.00304743
0.023854
0.02743
0.0198256
0.0193496
0.0142821
0.0207106
0.0234276
0.0176614
0.0141005
0.0554915
0.0542885
0.0638318
0.044253
0.0544733
0.0585082
0.0514332
0.0596851
0.042548
0.0597185
0.0337241
0.0272364
0.0409931
0.0369101
0.122
0.129837
0.155465
0.0839318
0.120307
0.118182
0.143817
0.124687
0.139423
0.0727735
0.120862
0.0825945
0.255042
0.293787
0.305946
0.209566
0.223957
0.230076
0.240001
0.276649
0.27881
0.30116
0.287474
0.264239
0.284197
0.275652
0.237117
0.237531
0.250347
0.253339
0.21033
0.210229
0.217126
0.212916
0.206351
0.209689
0.215594
0.217054
0.215767
0.222122
0.22493
0.22572
0.220322
0.219668
0.229607
0.230092
0.224754
0.227004
0.22763
0.218931
0.220329
0.222711
0.221691
0.228714
0.228308
0.232475
0.224066
0.227915
0.2296
0.226141
0.262755
0.259931
0.259796
0.257262
0.259936
0.255271
0.25845
0.27061
0.27212
0.274849
0.270585
0.268643
0.268027
0.269894
0.269649
0.271845
0.267192
0.27072
0.273217
0.270826
0.270447
0.268489
0.266719
0.279932
0.283011
0.283117
0.282718
0.285602
0.284625
0.2877
0.277876
0.282798
0.281165
0.294712
0.299197
0.296133
0.30548
0.310163
0.306817
0.125457
0.278664
0.234797
0.104951
-0.0272023
-0.0487729
0.12359
206.413
207.285
207.535
205.72
205.387
206.541
204.075
204.552
206.222
205.116
205.462
206.328
205.748
203.892
203.597
203.737
203.51
203.844
203.651
204.149
204.061
203.604
203.274
202.998
203.567
202.996
202.286
202.715
203.004
202.622
204.503
205.051
205.038
204.625
205.132
205.294
146.411
198.352
205.618
203.273
206.173
203.981
198.989
200.782
167.134
203.252
200.477
203.224
192.184
203.345
0.253924
0.259349
0.332798
-1.0792
0.499226
2.86443
3.00928
0.340417
0.226973
0.348066
0.429631
0.330759
0.331095
0.33808
0.236758
0.238391
0.236176
0.23658
0.231749
0.237944
0.234316
0.243247
0.241969
0.24573
0.247257
0.247582
0.244495
0.243578
0.249694
0.248351
0.25242
0.254028
0.255469
0.251818
0.250705
0.260854
0.262527
0.257954
0.258368
0.259668
0.256278
0.25458
0.25708
0.256442
0.260624
0.262488
0.264074
0.259382
0.258756
0.189088
0.191318
0.192847
0.184081
0.184208
0.186862
0.186537
0.162084
0.163833
0.158284
0.161741
0.166392
0.165416
0.161244
0.157874
0.152966
0.155741
0.154403
0.157215
0.152471
0.155985
0.149553
0.152471
0.153613
0.151476
0.153923
0.152334
0.149365
0.147607
0.150541
0.150969
0.149808
0.151735
0.147466
0.149931
0.13543
0.138995
0.14077
0.137451
0.140434
0.143251
0.14525
0.143715
0.141239
0.150988
0.154707
0.152221
0.150932
0.148094
0.153072
0.150856
0.151034
0.149891
0.146483
0.152133
0.154812
0.152213
0.149864
0.139696
0.142633
0.139425
0.139571
0.136552
0.134265
0.137803
0.122724
0.126594
0.126614
0.131653
0.128444
0.129413
0.126413
0.139658
0.144311
0.141231
0.120671
0.126458
0.124637
0.105976
0.110644
0.112324
0.0907303
0.0958068
0.0972339
0.0993785
0.0955723
0.103491
0.0991701
0.0984374
0.0962762
0.0918828
0.100607
0.104892
0.0752549
0.0789068
0.0804246
0.0828847
0.0876139
0.0830324
0.0792491
0.100688
0.106097
0.101351
0.0993836
0.103431
0.106263
0.10227
0.0757353
0.0815868
0.0794668
0.0807482
0.0838646
0.0794631
0.0755945
0.0450842
0.0427348
0.0373432
0.0471779
0.0522548
0.0186406
0.0217583
0.0230308
0.0187002
0.0223539
0.022709
0.0255981
0.0514889
0.0473334
0.0415342
0.0409967
0.0459832
0.0468218
0.050021
0.0219177
0.0182726
0.0227865
0.0224208
0.0179199
0.0213384
0.0249099
0.00788891
0.0100363
0.00852443
0.00636359
0.00115439
0.0057242
0.0112889
0.00407705
0.00773439
0.0126778
0.00641682
-5.51754e-05
0.0112772
-0.0021335
0.00170671
0.000174175
0.0020291
0.00284293
0.00770937
0.00386988
0.00151382
-0.0011806
-9.12304e-05
0.00215393
0.00197942
0.0033904
0.00106242
0.00402992
0.00175795
0.00402763
-0.00290888
-0.000605582
-0.00132148
-0.000784866
-0.00218362
0.00107236
-0.00370298
0.00111833
0.000948253
-0.00494869
-0.00621659
-0.00242918
-0.00435353
-0.00454281
-0.0077282
-0.00958992
-0.0115889
-0.0122078
-0.0102875
-0.0218958
-0.0212487
-0.0502961
-0.0348842
-0.0328811
-0.0189877
-0.0290855
-0.0267194
-0.0384232
-0.544152
-0.527593
-0.373423
-0.543112
-0.717747
-0.718938
-0.516272
-0.13654
-0.131556
-0.0730045
-0.259655
-0.0776639
-0.258584
-0.140176
-0.412599
-0.322033
-0.410358
-0.273127
-0.265289
-0.352748
-0.346744
0.102827
0.0731799
0.0946073
0.054624
0.0318386
0.0718171
0.0564636
0.0841814
0.0970839
0.155182
0.183364
0.160712
0.125444
0.165233
0.18067
0.152854
0.149157
0.129818
0.147636
0.125629
0.120222
0.141241
0.137297
0.177769
0.180122
0.169506
0.161873
0.15805
0.163842
0.160938
0.174601
0.172964
0.156731
0.148397
0.15899
0.16517
0.157113
0.163462
0.155447
0.151294
0.160379
0.188672
0.181699
0.187758
0.17925
0.177944
0.185965
0.184368
0.191711
0.193844
0.196651
0.188137
0.185016
0.189248
0.191601
0.186332
0.18739
0.181757
0.19327
0.189164
0.185821
0.189484
0.213038
0.21472
0.217765
0.210571
0.207414
0.21106
0.213538
0.206044
0.209942
0.21012
0.209278
0.206143
0.211846
0.209401
0.222991
0.219556
0.22496
0.226426
0.229392
0.225898
0.223323
0.251255
0.24919
0.249639
0.251379
0.249562
0.248303
0.250195
0.239806
0.236891
0.236648
0.231822
0.235026
0.236807
0.23401
0.252449
0.24904
0.248606
0.244678
0.25258
0.247557
0.264671
0.261432
0.260025
0.261191
0.264104
0.259978
0.258206
0.255181
0.260947
0.258561
0.275238
0.272152
0.270907
-0.157138
0.534821
5.35252
0.18057
0.455267
0.887878
6.6825
203.213
202.897
203.871
202.092
201.873
203.551
202.664
203.054
203.278
203.937
201.691
201.367
201.365
200.986
201.352
201.281
200.76
201.92
201.31
201.394
199.352
201.128
198.274
186.865
201.44
197.566
49.2668
198.723
198.513
181.743
189.766
199.742
197.627
60.7888
0.22313
0.214782
0.220503
0.226102
0.224967
0.221823
0.224256
0.222354
0.223594
0.22076
0.218799
0.221203
0.221079
0.212777
0.217598
0.211452
0.236016
0.23314
0.233338
0.236504
0.233655
0.235088
0.232228
0.232464
0.23414
0.230868
0.230701
0.232031
0.228069
0.229556
0.229472
0.22789
0.23805
0.239369
0.236024
0.236826
0.237945
0.234062
0.232992
0.235275
0.234273
0.242197
0.242213
0.239283
0.240568
0.240613
0.237922
0.237703
0.176601
0.172803
0.174776
0.172054
0.174804
0.173101
0.175461
0.172193
0.16907
0.171227
0.168706
0.170988
0.169889
0.172009
0.165572
0.168778
0.168026
0.169081
0.170623
0.169102
0.167135
0.15789
0.160051
0.160305
0.162109
0.159919
0.16143
0.1637
0.169252
0.170692
0.169015
0.169522
0.171056
0.157633
0.159982
0.16001
0.159422
0.157315
0.171491
0.169495
0.17174
0.170569
0.168769
0.1566
0.159583
0.160662
0.159068
0.156688
0.150824
0.146439
0.149646
0.140572
0.135719
0.140048
0.145283
0.14181
0.157332
0.154148
0.154299
0.153314
0.156221
0.154845
0.157663
0.128638
0.132802
0.12971
0.134218
0.130209
0.134545
0.130993
0.140218
0.145029
0.143868
0.143428
0.139707
0.14181
0.145546
0.109471
0.114215
0.115331
0.123117
0.117837
0.118093
0.113827
0.0829506
0.0766006
0.0861394
0.0880416
0.0831531
0.0954607
0.0885625
0.0215729
0.00863866
0.0221598
0.00315363
0.00460407
0.0150686
0.0137178
0.00316019
-0.00239595
-0.00112089
-0.00453119
-0.0112353
-0.015
-0.00996976
-0.0112966
-0.0197324
-0.0218163
-0.000527393
-0.00559373
-0.00604094
-0.0113035
-0.0170152
-0.00558822
-0.0377435
-0.0327304
-0.0328683
-0.0362814
-0.0226818
-0.0357739
-0.0392966
-0.0988369
-0.0209894
-0.0596605
-0.0448043
-0.0751609
-0.0567096
-0.218817
-0.121734
-0.164899
-0.518363
-0.543388
-0.537606
-0.65648
-0.647042
-0.20756
-1.19763
585.299
1639.08
2248.11
2720.83
2696.93
2640.58
2593.63
-1.59884
-2.3357
-2.64411
-5.91291
-5.97772
-3.15649
5.40742
-1.70329
-2.39377
-2.57132
-1.23779
-2.93112
2.53148
-1.46914
-0.95854
-1.05082
-0.539008
-0.407536
-0.496135
-0.587336
-0.63094
-1.11882
-0.435457
-1.21588
-1.25276
-0.339106
-1.41261
-0.665865
-0.11078
-0.120752
-0.162397
-0.139735
-0.142044
-0.18574
-0.183527
-0.162569
-0.180666
-0.143459
-0.116829
-0.113594
-0.143062
-0.156205
-0.128064
-0.120654
0.0157358
0.00150614
-0.018143
-0.0281825
-0.0412162
-0.0137323
-0.00284331
0.00739802
0.0257698
0.012182
0.0117205
0.0274276
0.00739176
0.021545
0.0633696
0.0501985
0.0666111
0.0612223
0.0711811
0.069996
0.0802634
0.128783
0.133246
0.137001
0.128758
0.125281
0.131479
0.135366
0.167135
0.163387
0.170114
0.17202
0.175668
0.170774
0.167682
0.187297
0.183887
0.183589
0.183761
0.180019
0.177383
0.181889
0.199296
0.202212
0.197092
0.197068
0.194555
0.1966
0.198849
0.19401
0.196302
0.192754
0.197272
0.200405
0.197366
0.196974
0.194363
0.192408
0.20763
0.211066
0.21117
0.210965
0.214128
0.216226
0.212886
0.210957
0.205403
0.209114
0.227243
0.224214
0.223988
0.221241
0.224152
0.219013
0.222328
0.22337
0.224764
0.220107
0.227163
0.229769
0.22652
0.224323
0.224213
0.229154
0.225844
0.236903
0.241699
0.238444
0.237546
0.238778
0.241855
0.236002
0.232725
0.236026
0.238798
0.372734
0.303952
0.334093
0.331309
0.344603
0.342527
0.383319
0.749866
0.860012
2.17507
4.53122
0.310139
0.542294
0.342881
201.812
203.468
201.858
196.269
164.292
199.984
201.648
198.94
197.823
197.968
199.759
200.313
199.767
199.368
202.62
202.194
202.606
203.066
202.574
203.376
202.732
200.946
201.038
200.72
201.609
201.003
201.103
0.188471
0.185799
0.1868
0.186984
0.184969
0.186987
0.18532
0.184458
0.182174
0.183453
0.183437
0.181712
0.183785
0.182406
0.179925
0.1814
0.18185
0.180825
0.181896
0.181201
0.179727
0.180971
0.180709
0.178876
0.181345
0.182585
0.181692
0.180475
0.173775
0.175466
0.175514
0.177688
0.17635
0.176706
0.175419
0.175379
0.17269
0.174649
0.175919
0.174129
0.176351
0.175029
0.176571
0.173928
0.175642
0.178044
0.176359
0.179029
0.17861
0.176916
0.175898
0.177907
0.18012
0.183194
0.181455
0.181926
0.179949
0.181666
0.179301
0.187706
0.190694
0.190304
0.18597
0.186437
0.189488
0.189171
0.270765
0.277069
0.263837
0.299359
0.288179
0.277715
0.284859
0.258184
0.241951
0.257643
0.26775
0.251507
0.258341
0.280174
0.280661
0.252389
0.217483
0.27686
0.243064
0.334811
0.359413
0.339401
0.434547
0.40418
0.420742
0.398259
4.39427
6.96257
3.13528
33.9402
5.13888
5.31835
3.31999
-1.75803
-1.61148
-2.78316
-1.75094
-2.44857
-2.48582
-2.08757
-1.17173
-0.934299
-1.14915
-0.855554
-0.853434
-0.912078
-0.936692
-0.504372
0.510359
-0.20217
-0.230312
-0.0790654
-0.190092
-0.0615343
-0.195813
-0.140537
-0.24165
-0.258505
-0.0321466
-0.199671
-0.0890118
-0.113676
-0.0282367
-0.14182
-0.112322
-0.11743
-0.0452797
-0.0106
-0.0328902
-0.0355674
-0.0456596
-0.0528443
-0.0656718
-0.159728
-0.148476
-0.122738
-0.143171
-0.137677
-0.107083
-0.100676
0.0222275
0.017346
0.0114573
0.0267552
0.0170638
0.0169379
0.0261522
0.0537363
0.0520875
0.060861
0.0583119
0.0519379
0.0547845
0.0622174
0.0814663
0.0843883
0.0912549
0.0793583
0.0728152
0.0785682
0.0845058
0.106297
0.111933
0.104121
0.101852
0.0960003
0.104079
0.0987625
0.10886
0.103835
0.0966099
0.100747
0.101943
0.0973334
0.100779
0.104771
0.101791
0.151813
0.154078
0.158417
0.146127
0.150367
0.150359
0.153894
0.162264
0.168229
0.166853
0.156552
0.152508
0.152249
0.148815
0.152364
0.145996
0.150201
0.174361
0.168684
0.170704
0.168416
0.173746
0.162578
0.185668
0.183865
0.189612
0.181712
0.17785
0.183898
0.185392
0.189278
0.18524
0.182103
0.199144
0.197477
0.202636
0.19603
0.192594
0.196615
0.19848
0.196038
0.195726
0.192543
0.229645
0.233194
0.228548
0.227601
0.223795
0.230427
0.227169
0.282277
0.279702
0.279831
0.275793
0.276268
0.304593
0.289764
0.295415
0.294875
0.289922
0.287936
0.295528
0.283552
0.269612
0.270571
0.276607
0.257761
0.264427
0.264007
0.270306
0.281732
0.263691
0.266689
0.275094
0.185465
0.121047
0.341111
0.141509
0.0595506
0.114091
0.129914
0.443028
0.402582
0.302951
0.246445
0.293498
0.37891
0.430065
23.003
2.93433
4.90663
14.4195
1.31512
0.499034
8.3595
202.661
201.981
202.404
207.073
207.327
206.961
206.749
206.233
206.602
207.064
204.851
203.909
205.016
204.54
205.762
205.367
208.161
207.92
208.19
208.237
208.153
208.319
208.41
207.535
207.078
207.437
0.188151
0.188592
0.188083
0.187851
0.18701
0.187633
0.188148
0.188175
0.188476
0.188942
0.188536
0.187502
0.188054
0.187855
0.18897
0.187904
0.189383
0.205999
0.206271
0.204516
0.2088
0.206803
0.20555
0.20709
0.207316
0.208043
0.209769
0.206263
0.204927
0.206334
0.207536
0.374985
0.376508
0.358802
0.395713
0.377553
0.367924
0.383184
0.386104
0.371253
0.40269
0.399924
0.388037
0.427661
0.411728
0.474847
0.47414
0.446998
0.499706
0.471759
0.458483
0.483987
0.504481
0.48007
0.539232
0.527837
0.511567
0.559602
0.577144
-1.37653
-1.86281
-1.40489
-1.61243
-2.10413
-1.73339
-1.47084
-1.14483
-0.892981
-0.840519
-0.910236
-0.767662
-0.674378
-0.698584
-0.78505
-0.692962
-0.734904
-0.651709
-0.61049
-0.80698
-0.769564
-0.74361
-0.692957
-0.178582
-0.210224
-0.252417
-0.192873
-0.236785
-0.257632
-0.201478
-0.0656306
-0.0950347
-0.0819132
-0.0342764
-0.0134772
-0.0308603
-0.0105698
-0.0312759
-0.0223876
-0.0394377
-0.0322649
-0.004783
-0.0304346
-0.0145644
-0.0172065
-0.00465951
-0.0223675
-0.018716
-0.0180246
-0.00693962
-0.00163722
-0.00470749
-0.00552789
-0.00644508
-0.00796089
-0.00937623
0.010967
0.0111922
0.0154416
0.0131976
0.013545
0.0211906
0.0200447
0.0185676
0.0177874
0.076703
0.071517
0.0720784
0.0745187
0.0700482
0.0728843
0.0772803
0.0905758
0.0944662
0.0885091
0.0935382
0.0902456
0.0897644
0.0866257
0.10771
0.103581
0.103199
0.0992008
0.103375
0.0960694
0.100586
0.115716
0.120008
0.120162
0.123931
0.119717
0.121969
0.126275
0.112987
0.11988
0.117491
0.136608
0.142471
0.135582
0.138545
0.13396
0.129705
0.154338
0.152609
0.158855
0.16597
0.169095
0.17104
0.166562
0.169461
0.173274
0.170891
0.240746
0.24197
0.244802
0.244244
0.243307
0.247513
0.246365
0.253437
0.252055
0.249562
0.251154
0.250037
0.246679
0.248126
0.258008
0.256708
0.257036
0.260237
0.260289
0.259041
0.259438
0.266061
0.263585
0.264009
0.263724
0.261439
0.264979
0.26312
0.27492
0.274955
0.276932
0.274607
0.273464
0.274166
0.275593
0.269834
0.269437
0.269601
0.269666
0.267794
0.268336
0.269194
0.274342
0.27481
0.273127
0.271676
0.271932
0.260091
0.26221
0.264251
0.257412
0.255505
0.258768
0.260022
0.257627
0.26997
0.277982
0.274137
0.273569
0.276865
0.271737
0.249639
0.253099
0.252315
0.243986
0.251992
0.251818
0.244062
208.092
207.986
207.736
208.257
208.093
208.197
208.313
208.221
208.306
208.255
208.437
208.34
208.505
208.406
208.606
208.408
207.528
207.708
207.511
207.183
207.514
206.939
207.526
208.007
208.274
208.352
0.194586
0.194624
0.194805
0.194176
0.194117
0.194274
0.194427
0.191464
0.19129
0.19138
0.19149
0.191423
0.191093
0.191393
0.190344
0.190248
0.189788
0.190651
0.190446
0.190364
0.190252
0.191484
0.191477
0.191297
0.189463
0.190109
0.190234
0.190242
0.191098
0.190709
0.190808
0.190453
0.190686
0.190052
0.193389
0.19277
0.192174
0.191539
0.191541
0.191835
0.191977
0.192266
0.19259
0.28774
0.29565
0.380014
0.402186
0.430364
0.340308
0.357185
0.240555
0.111458
0.173573
0.170411
0.0850238
0.188643
0.129383
-0.0747956
-0.0566245
-0.0786827
-0.0818187
-0.103935
-0.0879455
-0.0711395
-0.00899809
-0.0139685
-0.012316
-0.0136352
-0.015875
-0.0213788
-0.010885
-0.0062848
-0.0108891
-0.0150789
-0.00488135
-0.00200141
-0.00475822
-0.00311556
-0.00562609
-0.00373788
-0.00190964
-0.00316896
-0.00471685
-0.00514116
-0.000417271
-0.00338149
-0.00021866
-0.00131059
-0.000537236
0.000384025
0.000204977
9.94895e-05
2.26102e-05
-0.00209498
-0.000247468
-0.00044715
0.000292628
0.000207933
0.00123425
0.00161657
8.67238e-05
0.00181888
3.59203e-05
0.000660738
0.00162107
0.00173469
0.00260315
0.00405129
0.00401896
0.039631
0.0359187
0.0388221
0.0390454
0.0412511
0.0395734
0.0361913
0.0719909
0.0792768
0.0723027
0.0738896
0.0698686
0.0656306
0.0869308
0.0924414
0.0860699
0.0848939
0.081372
0.0892152
0.0846727
0.0813648
0.10593
0.103536
0.10993
0.119584
0.113833
0.117651
0.122003
0.119104
0.114605
0.11824
0.117493
0.113397
0.11854
0.118632
0.121143
0.114245
0.117852
0.137985
0.135393
0.135729
0.130418
0.134174
0.130639
0.13419
0.136393
0.135574
0.138853
0.136194
0.131325
0.131174
0.135446
0.149296
0.153678
0.1569
0.162669
0.158972
0.154298
0.157727
0.156345
0.159481
0.162389
0.157352
0.160322
0.165256
0.163498
0.197562
0.20389
0.201885
0.192481
0.195082
0.200248
0.198606
0.218544
0.218767
0.213359
0.210449
0.210659
0.216137
0.215692
0.22301
0.221579
0.217604
0.219942
0.218787
0.213162
0.21537
0.223109
0.227975
0.224702
0.226838
0.221084
0.248912
0.248167
0.252518
0.255537
0.256491
0.251007
0.250398
0.255419
0.254457
0.24164
0.244918
0.242917
0.245589
0.241608
0.239609
0.242908
0.242994
0.23945
0.263894
0.262546
0.265005
0.26647
0.268047
0.265008
0.2662
0.271347
0.271763
0.272679
0.27157
0.272732
0.273186
0.271944
0.269437
0.26869
0.269491
0.268498
0.268221
0.269123
0.269284
0.268915
0.269709
0.269696
0.269804
0.27005
0.26952
0.269276
0.268387
0.267648
0.267867
0.266944
0.268274
0.267036
0.268104
0.236132
0.233212
0.232419
0.228484
0.236057
0.226862
0.233502
207.461
207.601
207.81
204.217
203.875
204.196
204.283
204.75
204.543
204.192
205.905
206.509
205.822
206.091
205.142
205.666
203.699
204.239
204.105
200.453
201.034
200.527
200.17
200.632
200.401
200.53
203.585
203.776
203.064
202.147
202.925
203.365
203.446
202.727
202.857
195.529
200.585
204.32
205.066
180.323
203.7
198.822
200.674
196.746
125.239
189.307
198.282
144.421
0.945641
0.290959
0.552441
0.333791
-0.107275
15.8234
5.65144
-0.273495
0.439693
0.144567
0.156257
0.179233
0.129782
0.156513
0.21296
0.100388
0.10001
0.14326
0.177496
0.177499
0.184977
0.149274
0.184737
0.164231
0.179671
0.19521
0.200496
0.195864
0.196693
0.195328
0.194255
0.193971
0.19226
0.192894
0.192254
0.192642
0.193698
0.193251
0.192587
0.191211
0.190739
0.191645
0.191802
0.192069
0.191593
0.19146
0.192309
0.192093
0.191792
0.192163
0.192045
0.191783
0.191452
0.19156
0.191254
0.191499
0.191311
0.190834
0.192169
0.1914
0.191447
0.191867
0.191412
0.190645
0.191222
0.19202
0.191676
0.19168
0.19168
0.191369
0.191638
0.191331
0.191712
0.191937
0.191597
0.191657
0.191707
0.191955
0.191798
0.191944
0.19169
0.191205
0.191746
0.191668
0.190048
0.190963
0.191057
0.189552
0.190545
0.190747
0.190701
0.19012
0.191494
0.192017
0.191493
0.192268
0.191222
0.191995
0.226474
0.176298
0.197262
0.205809
0.179847
0.159587
0.207513
198.303
198.322
197.933
3.98224
4.08503
4.49032
0.564644
0.143777
11.1358
20.3478
1.41876
1.8564
0.517723
38.1287
166.094
189.063
191.117
197.116
190.257
177.012
0.198023
0.200776
0.204316
0.208646
0.203628
0.20457
0.204886
0.183667
0.200552
0.183827
0.19055
0.173208
0.180011
0.182073
0.185932
0.185057
0.181382
0.18508
0.191194
0.187432
0.184816
0.249391
0.249656
0.245847
0.244143
0.244309
0.247751
0.247503
0.242066
0.242101
0.245264
0.243764
0.243846
0.247391
0.246911
0.266942
0.266888
0.262493
0.258335
0.257682
0.264743
0.26507
0.260108
0.26042
0.272028
0.272323
0.277071
0.272743
0.268344
0.271314
0.275422
0.350627
0.344917
0.357884
0.340836
0.335755
0.343672
0.348919
0.351455
0.359487
0.348183
0.342571
0.337352
0.348439
0.343706
0.384561
0.381046
0.398505
0.377169
0.368158
0.385962
0.376385
0.374912
0.382612
0.390712
0.363939
0.360547
0.399582
0.41337
0.407953
0.410329
0.397418
0.412014
0.39606
0.33693
0.324101
0.310105
0.336346
0.351082
0.332298
0.31791
0.267419
0.291416
0.254601
0.249217
0.270533
0.0673887
0.062026
0.0801726
0.0557161
0.0391488
0.0545925
0.0668738
0.0113738
0.0214859
0.0242395
0.0258404
0.0135827
0.00853119
0.0203811
-0.0259342
-0.0235111
-0.011446
-0.016514
-0.0154579
-0.00131924
-0.00404041
0.0127322
0.0193668
0.01452
0.0143549
0.00795514
0.0098616
0.0156931
0.0157252
0.0188818
0.013465
0.0177162
0.0128574
0.0118587
0.0155095
0.0109652
0.0121191
0.0152575
0.016126
0.0126806
0.00454427
0.00302221
0.0027242
0.00748626
0.00401523
0.00463108
0.00697759
0.000188736
-0.000112142
0.00219648
0.00504146
0.00853475
0.00455004
0.00211679
0.0045801
0.00315587
0.0056235
0.00738285
0.00448098
0.00218859
0.00208239
0.000509483
0.0035964
0.00467997
0.00898891
0.00665213
0.00470182
0.00404948
0.000471444
0.00351603
0.0029676
0.021376
0.0165343
0.0173945
0.0193868
0.0160437
0.0183296
0.0218079
0.0174496
0.0135826
0.0175642
0.0170328
0.0212422
0.0191248
0.0227089
0.01744
0.0112161
0.014774
0.030478
0.0357255
0.0296659
0.0318021
0.0282178
0.0249352
0.0378109
0.0408221
0.041703
0.0471784
0.0437493
0.0369588
0.0403005
0.0434591
0.0399678
0.0436369
0.0479514
0.0421899
0.0408282
0.0377363
0.044225
0.0413327
0.0910393
0.0853983
0.0831328
0.0759889
0.0809023
0.0855107
0.0807802
0.08556
0.0827294
0.0826187
0.0775719
0.0814533
0.0780201
0.0816613
0.0946565
0.100433
0.101468
0.104128
0.100043
0.100109
0.0952302
0.111348
0.103529
0.106817
0.0958754
0.101053
0.12138
0.12376
0.120942
0.115405
0.119649
0.119568
0.115898
0.121607
0.120972
0.124644
0.12112
0.115408
0.115519
0.120579
0.136923
0.141643
0.145909
0.152484
0.148401
0.14633
0.142833
0.157865
0.146976
0.15173
0.164956
0.167499
0.148509
0.150974
0.157572
0.147408
0.140014
0.146133
0.151968
0.168988
0.17206
0.170566
0.16175
0.165105
0.166134
0.163187
0.191201
0.182103
0.184356
0.195027
0.195669
0.185276
0.187313
0.218769
0.218159
0.226125
0.23198
0.234133
0.230033
0.231522
0.221986
0.222339
0.201891
0.208311
0.207312
0.204912
0.213453
0.20877
0.20173
0.254142
0.249376
0.246543
0.261915
0.258236
0.235562
0.235661
0.229841
0.241877
0.234357
0.231419
0.237099
0.271631
0.267964
0.272619
0.271846
0.26884
0.271694
0.274553
0.272934
0.275041
0.27232
0.271674
0.269777
0.273401
0.271637
0.282366
0.284668
0.285099
0.285878
0.283189
0.285035
0.282577
0.27418
0.275789
0.274834
0.274903
0.273383
0.275136
0.273725
0.283336
0.280388
0.279572
0.278732
0.280799
0.27687
0.278631
0.278472
0.276636
0.275834
0.279978
0.281523
0.274289
0.272438
0.271784
0.271411
0.272629
0.270034
0.271143
0.242424
0.24678
0.24512
0.23885
0.241071
0.244174
0.242783
201.416
200.562
200.43
201.073
201.315
201.351
201.701
201.332
201.949
201.432
201.359
200.878
201.177
201.107
201.437
201.097
201.205
200.818
201.052
201.157
202.144
202.713
202.823
202.763
202.364
203.039
0.188023
0.187514
0.188207
0.188897
0.188267
0.189149
0.188701
0.190432
0.190225
0.19064
0.189187
0.189961
0.189318
0.190226
0.188553
0.187705
0.18803
0.187439
0.188263
0.190868
0.190493
0.190261
0.189144
0.188943
0.188286
0.187536
0.187113
0.187984
0.188612
0.194658
0.186033
0.188353
0.186282
0.186233
0.186369
0.186729
0.187515
0.186079
0.185846
0.186395
0.185937
0.185066
0.197843
0.186607
0.183859
0.214252
1.02684
0.11984
194.936
169.281
203.806
200.12
191.925
202.101
196.955
202.003
201.787
201.58
202.109
201.957
201.418
201.567
201.612
201.144
201.506
201.845
201.89
201.812
201.464
201.809
201.884
201.882
201.935
202.618
201.898
201.847
201.867
202.099
201.189
201.191
201.723
201.479
199.789
200.879
201.075
201.465
199.322
200.694
207.187
192.442
196.01
205.138
203.27
200.89
194.909
-0.466846
-0.106161
-0.116317
0.0748771
13.8032
0.129516
0.128161
0.0919413
0.147396
0.217165
0.108595
0.0688353
0.174828
-0.0569642
0.0961084
0.124434
0.180625
0.235602
0.234803
0.232705
0.231881
0.231637
0.233522
0.233888
0.229132
0.227909
0.228123
0.232014
0.230858
0.229504
0.230499
0.236087
0.235577
0.238484
0.236364
0.233732
0.24043
0.241192
0.243782
0.242918
0.242338
0.246239
0.245269
0.235591
0.2368
0.238515
0.237431
0.236186
0.239132
0.240057
0.24838
0.251533
0.249452
0.249701
0.252474
0.25146
0.248801
0.262175
0.263378
0.265571
0.267156
0.265943
0.264559
0.26307
0.267585
0.270736
0.264106
0.261541
0.267838
0.267294
0.260325
0.193886
0.205482
0.191102
0.212082
0.212665
0.200727
0.200011
0.212371
0.207692
0.214006
0.199715
0.197157
0.203705
0.204538
0.143276
0.152422
0.135703
0.15816
0.163962
0.146321
0.151899
0.0607702
0.0700775
0.0728577
0.0753131
0.0839001
0.0766411
0.0689277
0.104315
0.099611
0.101325
0.0935489
0.100128
0.0927769
0.0989619
0.0514385
0.0580779
0.0537436
0.0598462
0.0617482
0.0560615
0.0532469
0.0510275
0.0523607
0.0483869
0.0472608
0.0522431
0.0506921
0.0462713
0.0356487
0.0337777
0.0382463
0.0407907
0.0441553
0.0365126
0.033834
0.0386076
0.0404815
0.0463375
0.0414847
0.0415385
0.0462512
0.0423979
0.0406839
0.0435501
0.0043669
0.00601101
0.00349318
0.00336793
0.00166617
0.00456844
0.00420588
0.00760294
0.00433935
0.000675024
0.00163568
0.00504568
213.091
212.32
212.198
212.071
211.251
212.307
212.294
212.147
211.947
211.94
210.911
211.763
211.795
210.958
212.087
210.494
212.563
213.149
210.796
212.668
212.745
213.802
0.00393752
0.00856579
0.004441
0.0056934
0.00856569
0.00947977
0.00515413
0.00953282
0.00481408
0.00665556
0.000477284
0.00234866
0.00368598
-2.83075
-0.788961
-1.95664
-1.1433
4.90327
1.62096
-1.1636
2781.94
2725.88
2758.63
2787.66
2694.59
2809.24
2837.57
2868.11
2841.99
2762.46
2757.35
2869.32
2713.62
2773.86
1.62144
0.173625
-0.102948
2687.74
2823.86
2775.37
2765.55
2773.47
2768.75
2764.58
2764.89
2774.46
2789.61
2802.47
2773.42
2756.14
2767.1
2769.28
2774.59
2763.09
2757.49
2766.98
2770.84
2749.55
2772.89
2768.15
2777.82
2763.19
2758.48
2753.45
2761.21
2766.85
2762.09
2763.61
2790.87
2779.38
2765.89
2757.7
2730.12
2759.83
2756.99
2764.73
2755.47
2760.57
2771.58
2762.06
2762.24
2712.32
2755.77
2771.81
2125.98
1181.26
2785.77
2839.68
2761.23
2855.84
2766.32
2805.91
2815.49
2840.82
2853.37
2862.37
2811.2
2801.25
2735.56
2817.45
-1.05396
-1.07206
-1.24634
-1.52829
1.72499
0.657005
-1.27781
2767.61
2750.61
2723.41
2787.25
2813.62
2817.97
2793.41
2794.98
2870.49
2816.44
0.114109
-0.329662
-0.118471
0.00754471
0.0121545
0.0078153
0.00307849
0.00641934
0.00149882
0.00677399
0.0083062
0.0032166
198.692
198.991
198.988
199.033
199.179
198.985
199.019
199.038
199.047
199.135
199.313
199.098
198.634
198.869
198.925
0.00824876
0.0159174
0.0111429
0.000879683
0.00536015
0.00561479
-0.128274
-0.02043
0.143734
0.165378
-0.208716
-0.23576
0.404038
0.253513
-0.228515
-0.142654
-0.234322
-0.145413
1.41007
1.21987
1.45371
1.29333
0.565134
0.535634
0.614169
0.569582
0.294614
0.287492
0.290064
0.283354
0.472396
0.454881
0.427768
0.419708
0.10375
0.107417
0.0836943
0.0892542
0.336735
0.330445
0.347411
0.338834
0.709088
0.716595
0.435475
0.497417
0.236356
0.231737
0.235428
0.231125
0.1781
0.175879
0.167969
0.16622
0.306716
0.303824
0.31615
0.31165
0.129903
0.128107
0.139117
0.138976
0.146101
0.145286
0.132967
0.133136
0.236087
0.236077
0.232932
0.323415
0.322782
0.30287
0.30462
0.27811
0.27629
0.272549
0.270279
0.286415
0.285492
0.293733
0.291637
0.188407
0.186258
0.182308
0.18019
0.175739
0.173952
0.180953
0.179525
0.273525
0.286559
0.245865
0.259267
0.202192
0.200493
0.202212
0.200417
0.249319
0.25972
0.232482
0.242861
0.0215413
0.027848
0.0163233
0.0199124
0.269879
0.270015
0.270862
0.270287
0.240862
0.232011
0.231312
0.225401
0.155907
0.174365
0.149098
0.165158
0.250297
0.246367
0.249423
0.245164
0.228194
0.225042
0.234639
0.231505
0.144408
0.121871
0.837473
0.830272
0.165725
0.164663
0.174432
0.170997
0.100867
0.0943744
0.0732149
0.153238
0.152336
0.146973
0.143099
0.295756
0.167553
0.0915335
0.118165
209.482
209.809
194.762
209.006
0.126311
0.127476
0.116946
0.118064
0.948992
-1.3674
140.464
156.924
0.300337
0.299311
0.304307
0.298983
0.251453
0.246907
0.25217
0.247752
0.0298783
0.026389
0.0359781
0.0316333
0.00646637
0.00303964
0.00204867
-0.000760696
0.0491672
0.0420324
0.0514474
0.0443881
0.0284327
0.0202123
0.00802044
0.00705291
0.239585
0.235119
0.239923
0.235716
7.47832
0.101292
9.18681
0.418927
0.1073
0.122923
0.0755866
0.06693
0.0825079
0.0886426
0.0893553
0.167394
0.162388
0.272092
0.272985
0.274302
0.276278
0.248934
0.253606
-0.171124
-0.132693
-0.0872958
0.168949
0.168608
0.16231
0.164502
0.270949
0.268921
0.268807
0.250009
0.252526
0.249977
-0.810529
25.1304
4.74773
0.105439
0.120155
0.175724
0.140893
0.162291
0.118245
0.11503
0.104438
0.105656
0.104418
0.0984883
0.110457
0.102659
0.104928
0.102332
0.267537
0.342619
0.160186
0.0686031
0.106804
0.124865
200.992
0.165555
202.125
0.281179
0.450627
0.359373
0.360681
0.259462
3.44637
0.184859
0.150484
-0.217604
0.259624
212.777
203.634
0.273108
0.0857585
0.189333
0.10284
0.264256
0.136897
0.19447
0.0980556
0.155752
0.128912
0.111602
-2.13211
0.173049
199.892
0.245464
0.331238
0.128501
212.565
0.152724
213.96
0.308031
47.2924
115.283
156.917
0.0677894
199.819
202.495
199.719
0.165872
199.681
3.24637
203.305
0.243417
140.194
204.401
168.422
0.294967
0.291413
0.284806
4.15441
0.285729
0.295614
0.247472
0.307584
0.30832
0.302072
0.292526
0.0653801
0.315024
0.249247
-0.261649
0.32183
0.266741
0.330536
0.355188
-0.00909536
0.285451
0.299638
0.280014
0.354382
0.301757
0.188389
0.290373
0.284592
0.285034
0.283577
0.282045
0.281562
0.292233
0.28228
0.282036
0.403423
0.300406
0.175542
0.293902
0.12535
23.2417
0.300214
0.242232
0.288808
0.290613
0.281709
0.289835
0.288196
0.239789
0.31399
0.286471
0.381464
0.290537
0.276858
0.239434
0.299407
0.297031
0.298643
0.287424
0.287836
0.290021
0.291516
0.279755
0.291664
0.292358
0.28855
0.289356
0.286927
0.28343
0.238577
0.0439391
0.0250364
0.297264
0.0458687
0.223002
185.252
0.289409
203.492
23.4353
0.837881
1.09564
0.0556905
170.198
1.04754
0.252317
0.135243
-0.170128
197.28
0.191788
202.874
205.554
0.239079
205.438
0.0682741
0.297719
180.785
0.285184
37.6012
0.15173
0.026461
0.0560581
0.137579
0.300637
0.254709
-1.44773
0.272253
201.813
160.639
197.153
0.283857
0.256905
0.17703
0.282002
0.2847
0.111963
203.542
0.0448969
199.723
13.587
210.202
199.288
0.487365
0.511696
2.4477
3.45396
0.698379
-3.46744
0.289501
0.282327
0.27996
0.237161
0.280169
0.259733
0.284146
0.294824
0.0324619
0.0559652
0.299277
0.22888
-0.0288427
0.256448
0.254628
0.311134
201.588
0.223572
0.270794
0.135804
0.268725
0.203788
0.204592
0.238001
203.996
0.185791
0.36008
0.274685
-0.614268
0.169505
0.190269
0.264388
0.194294
0.0981898
0.305761
0.157264
0.187285
0.252424
0.029006
0.247434
0.126985
0.241806
0.247926
0.243271
0.228599
0.106666
0.0480258
0.235333
0.239598
0.222048
0.223368
0.195433
0.238652
0.192595
0.234889
6.36084
0.181421
0.291328
-0.830967
0.168306
0.17094
0.443437
0.231915
-0.00255432
200.753
176.242
1.8767
0.213733
1.05594
0.241435
0.0394628
5.76061
0.192553
201.697
175.223
161.827
0.260838
0.172126
201.429
0.190793
-0.0834046
30.5569
201.585
9.67792
175.694
192.471
207.241
21.6742
182.744
0.276218
202.962
0.29126
0.312792
0.311123
0.292144
0.286617
0.282763
0.123613
0.285966
0.28729
0.31637
0.319288
0.235266
0.28803
0.296122
0.286909
0.293408
0.31838
0.134646
0.327957
0.28742
0.292468
0.317994
0.302392
199.969
0.289233
0.317236
0.312786
0.324931
0.302291
0.280575
0.260642
0.259705
0.191233
0.272239
0.269394
0.293542
0.262972
0.0669981
0.258313
0.264158
0.109487
0.216593
0.257073
0.333239
0.193098
0.248042
0.288097
-0.0337468
0.266433
0.281297
0.270501
0.237227
0.122747
0.2513
0.18928
0.18243
208.659
0.24707
0.262915
0.26863
0.267797
0.282512
0.266662
0.272789
0.270417
0.278402
0.266962
0.239374
0.265045
-0.217845
0.101816
0.063442
203.948
0.177583
198.149
-0.000988585
0.22793
205.61
0.26617
0.188363
0.298788
0.185328
0.262684
0.197595
0.121952
0.275966
0.254307
0.214236
0.213366
0.174126
0.25984
0.242711
0.289019
0.27617
0.270315
0.236295
0.274295
0.270381
0.270603
0.379145
0.282476
0.268654
0.266126
0.139555
0.245193
0.258664
0.267853
0.260241
0.27602
0.268227
0.27113
0.270822
0.302455
0.319808
0.280027
0.261605
0.384399
0.245056
0.251079
0.277558
0.312611
0.192685
0.239373
0.00114296
1.34645
0.117473
0.234517
0.246981
0.228518
0.240174
0.222436
0.275205
0.111025
0.259116
-0.0879688
0.254371
0.302671
0.248252
0.328648
0.212657
0.231157
0.413949
0.176298
0.206553
0.246785
0.236138
0.2393
0.229555
0.270896
0.218268
0.379304
0.216358
0.210606
0.275983
0.212559
0.198524
0.19214
0.269106
0.270527
0.277117
0.274319
-0.116981
-0.317861
0.258406
0.196327
0.277544
0.264372
0.213026
0.273602
0.202197
0.25966
0.261852
0.26237
0.267602
0.27651
0.273927
0.261172
0.283717
0.281016
0.255042
0.265967
0.275205
0.24181
0.271164
0.240673
0.255292
0.184859
0.261177
0.265517
0.266477
0.258587
0.0378101
0.363994
0.293215
0.18142
0.275516
0.263679
0.270505
0.274861
0.266917
0.269846
0.324233
0.190216
0.269088
0.284259
0.265153
0.287817
0.283302
0.271563
0.257905
0.253116
32.7358
0.225074
-0.0841627
0.243934
0.241777
0.25508
0.236911
0.239337
0.248658
0.187393
0.250263
0.284509
0.25808
0.258834
0.239769
0.187507
0.237346
0.162634
0.268804
0.257495
0.269748
0.24586
0.272272
0.273988
0.250561
0.205633
0.230357
0.198153
0.214389
0.207662
0.215135
200.283
0.252664
0.22046
0.226382
0.184336
0.201385
0.203971
0.227527
0.311627
0.2269
0.230509
0.201949
2266.57
0.486134
0.338074
0.232275
0.199597
0.200874
0.176986
0.214497
0.189766
0.28743
0.1817
0.187401
0.182576
0.283794
0.146472
0.287042
0.195409
0.305849
0.186053
0.181432
-0.0278249
0.190379
0.148384
0.154287
0.198389
0.166912
0.173654
0.21661
0.177338
0.138783
0.214933
0.212997
0.212378
0.123382
0.167827
0.124502
0.141554
0.269086
0.138278
0.0307081
0.153342
0.304289
0.122892
0.244093
0.107006
0.117726
0.156859
0.0861561
0.109163
0.102671
0.08542
0.0574724
0.0586826
0.0517969
0.261406
0.161405
0.0756343
0.222464
0.0681574
0.235253
0.0398735
0.0856981
0.0510839
0.054819
0.0632343
0.0621006
0.109008
0.184887
0.123031
0.071094
0.0662271
0.106176
0.106066
0.0174765
0.0484512
0.0476978
0.0281537
0.0344966
0.08475
0.0749442
0.0619824
0.154734
0.0675621
0.0105494
0.0153084
0.0392858
0.0458667
0.107784
0.00411971
-0.0078015
-0.0355793
0.127422
0.135304
0.13671
0.108739
0.116739
-4.13603
0.0583673
0.0773567
0.252905
0.239595
0.195119
0.178968
0.257433
0.196055
0.219841
0.182622
0.175417
0.205216
0.186783
0.176677
0.18161
0.174062
0.200446
0.165081
0.256507
0.137465
200.965
0.124571
0.143887
0.0423675
0.0994738
0.140525
0.120169
0.203723
198.78
201.329
0.179312
0.323816
0.00715782
0.0169756
0.0246212
0.0134851
0.169239
0.24736
0.171246
0.0249562
0.0187636
0.0141029
0.0243866
0.0204644
0.0112223
0.0192198
0.0269594
0.0332361
0.256843
0.0144924
0.0913554
0.228245
0.0545953
0.0440093
0.270508
209.264
0.00777722
0.168265
0.171872
0.162323
0.0239118
0.0601351
0.0529627
0.0285423
0.0698735
0.00772977
0.00990104
0.031389
0.224003
0.0307583
0.0365103
0.118897
0.0207643
0.00324143
0.0152665
0.00123651
0.0281124
0.0403498
-0.0228602
-0.00986467
0.238788
0.193724
0.0294508
0.120595
0.514437
0.0872567
-0.0143625
0.227681
-0.0638179
0.0776295
0.149329
-0.0335545
-0.0124313
0.0241249
0.000636691
-0.0306129
0.187941
-0.0521686
0.262329
-0.161921
0.243728
0.175244
-0.0547456
-0.0627239
-0.0410889
-0.0775195
-0.0363904
0.21139
-0.00622861
-0.0329571
-0.128061
-0.00338601
0.211894
-0.065831
-0.0356692
-0.0202805
0.0333117
0.177425
-0.205596
-0.241286
-0.263705
-0.305541
-0.179803
-0.14935
-0.293827
-0.214583
-0.0179467
-0.0269568
0.269314
-0.428588
-0.49248
1.02509
0.632709
-0.247954
0.107436
-1.09624
-0.0290549
0.142383
-0.897635
-0.695917
4.9368
-1.88769
200.403
681.037
1699.24
30.949
2221.24
2011.51
0.121911
0.191338
204.666
-0.966454
0.207066
-0.410724
-0.357324
-0.338858
0.190022
-0.915617
-0.57844
199.652
-0.0284574
0.0362155
0.0149668
0.254046
0.287304
2927.79
2838.86
0.139709
0.210476
196.565
0.220212
0.220594
0.208932
0.225929
0.237675
0.24833
-0.758253
0.194489
0.244812
0.29399
0.269321
0.265956
0.348421
0.208528
0.151582
-0.0873014
0.141021
-2.46725
0.198975
0.191193
0.180321
0.050644
-0.00395017
0.084371
0.104971
0.120478
0.0530512
5.64491e-05
-0.00721221
0.00722894
-0.0429632
0.0304841
0.111088
0.276521
-0.0972702
0.0579288
-0.0759433
-0.218767
0.0941728
-0.0326768
0.0547308
0.245012
-0.0583461
-0.0574083
-0.394846
0.160405
0.231449
0.326697
0.215571
0.100597
0.309092
0.303234
-0.375932
-0.52611
0.171522
0.192412
0.358765
0.947068
1.04734
0.124658
0.419765
-0.463349
-0.480859
-0.00319605
-0.397422
0.234813
0.781339
0.405748
0.616644
1.28858
0.283889
0.38307
0.193709
0.304395
0.480195
1.42039
0.463439
0.195767
0.348016
0.359246
0.348684
0.271279
0.363187
0.0490834
0.20118
0.297254
0.147523
0.29466
0.42093
0.522953
0.239263
0.263301
0.291319
-0.0913752
0.289797
201.062
0.333176
0.481482
0.297097
0.423425
-0.829924
0.432037
0.805432
0.492941
-0.0133957
0.148855
0.708848
0.347067
0.795756
0.353618
0.373435
-0.00162816
0.334664
0.388738
0.373545
0.3474
0.213347
0.0374762
0.355037
0.343425
-0.00897785
0.318393
0.334813
0.274065
0.412519
0.434959
0.359117
0.390888
0.295755
0.314752
0.470963
0.502681
0.481419
0.391057
0.322778
0.332435
0.434285
0.33528
0.471215
0.413951
-0.551828
0.331296
0.322676
0.0730478
0.345049
0.44044
0.76967
0.687818
0.00853154
0.520016
0.553192
0.0592554
0.60119
1.469
0.0941348
0.694003
0.223475
1.02685
0.476554
0.680437
0.142772
0.601667
0.209081
0.173866
-1.39814
0.500918
0.424527
0.390058
0.392963
0.196231
0.345566
0.0298302
0.38311
0.882607
0.250982
0.183169
0.967287
0.345914
0.458481
0.245394
0.37244
0.556239
0.338481
0.603149
0.432085
0.318599
0.281588
0.193715
0.242571
0.232855
0.222894
0.123223
0.352282
0.383921
0.518333
0.218373
0.108389
0.342423
0.0995148
0.156604
0.0779822
0.188039
0.192811
0.11869
0.115099
0.260986
0.196699
0.211584
0.140865
0.258452
0.248025
0.247903
0.322597
0.245989
0.0788567
0.197706
0.232216
0.239531
0.237494
0.235381
0.241321
0.256104
0.264862
0.253058
0.333713
0.290354
0.293768
4.13536
207.072
0.624112
0.218021
0.262147
0.283189
0.2647
0.0802271
2791.18
0.292669
-0.215196
0.248196
-0.415429
0.0289589
0.214039
199.86
2812.42
0.14322
-0.233099
-0.101936
-0.244249
0.374229
-0.673727
-0.484249
-0.453328
-0.250408
-0.238523
-0.149818
-0.0409172
-0.991278
-0.15337
0.823722
0.194277
0.185456
0.939184
199.919
0.283897
0.760532
213.554
0.294429
0.500747
0.21514
0.206611
-0.986058
0.295698
-0.301793
2505.59
985.987
843.287
2546.64
7.77149
0.91055
0.689647
0.647386
0.0443343
1.77907
0.392877
3.99042
1056.41
2263.12
-0.16096
-0.0196265
0.307717
0.271144
0.12438
0.248934
0.435839
0.159921
0.217569
0.0478459
0.0353463
0.193716
-0.37227
0.020153
-0.809691
0.0290749
0.0342866
-0.00205313
0.267478
-0.162867
0.0119846
0.170909
0.177904
0.000275482
-0.179397
-0.108376
-0.111412
0.267292
-8.32741e-05
-0.0922893
0.201431
-0.101422
2839.81
-0.185364
-0.0606147
-0.0690697
2820.98
0.0112422
0.0128522
2803.01
0.152328
0.0296774
0.0409169
0.120012
0.179613
0.0112937
0.0629616
0.34585
0.0221747
0.154298
0.239528
0.0425006
0.0267479
0.00792345
0.00925538
0.0457359
0.2681
0.0268173
-0.0232099
0.0039066
0.207379
0.0909317
0.0407105
0.0127936
0.0603748
0.00602704
0.0772564
0.0649594
0.0813436
0.125199
0.214166
0.0631248
0.0507841
0.0670225
-0.0201934
0.0609379
0.0486447
0.170638
0.0697626
0.063059
0.0827418
0.184596
0.0419694
0.198256
0.0236247
0.0261928
0.26446
0.148559
0.0489199
0.0103733
0.0681419
0.0302639
0.084147
0.225593
0.272615
0.286759
0.220437
0.03151
0.0604986
0.083794
0.0678064
0.0107304
2336.5
0.0684143
0.256971
0.179694
0.167419
0.0122199
0.158341
0.168813
-0.0203551
0.195183
0.196349
0.199422
0.198228
0.190101
0.211008
0.206478
0.210732
0.205349
0.201245
0.206892
0.173266
0.252805
0.261272
0.220693
0.159679
-0.186824
0.182806
0.184424
0.154034
0.19193
0.226868
0.200655
0.210813
0.221985
0.223062
0.20688
0.308878
0.235968
0.168002
208.012
0.11377
0.118252
0.223164
0.320257
0.333707
0.151709
0.137183
0.126319
0.153471
0.144541
1.17891
0.149527
0.137266
0.131491
0.179367
0.0622673
0.164137
-0.0547102
0.15531
0.154464
0.150874
0.1128
0.119014
0.141917
0.194122
0.0514437
0.230612
0.111291
0.192079
0.0534869
0.144774
0.116305
0.270424
0.27622
0.272134
0.145219
0.0435489
0.0968418
0.253019
0.0487802
0.0699431
0.100851
0.255102
0.153507
0.138183
0.121653
0.192115
0.0950784
0.0314148
0.181192
0.16888
0.177154
0.161744
0.195114
0.195704
0.183492
0.187485
0.215241
0.204093
0.184634
0.173366
0.171557
0.153053
0.171079
0.0879236
0.418262
0.160836
0.179724
0.186969
0.160751
0.179765
0.159437
0.219391
0.182751
0.269813
0.192471
0.190558
0.189349
0.190523
0.189274
0.18642
9.1481
0.188536
0.187599
0.190641
0.188411
0.190093
0.177684
0.191053
199.014
0.196225
0.193995
0.173292
0.158869
0.192599
0.191137
0.193306
0.193677
0.19767
0.0360288
0.192744
0.163175
0.182657
0.165214
181.026
0.159413
0.2081
0.205421
0.196855
0.199333
0.193552
0.201545
0.208725
-0.291497
-0.00262759
0.184915
0.204155
0.207102
0.202951
0.201088
0.207601
0.199022
0.206308
0.202715
0.21236
0.215188
0.222767
0.223511
0.220536
0.217287
0.202205
0.213629
0.192963
0.222515
0.127682
0.225713
0.223483
195.626
0.216102
0.213213
0.216783
0.199299
0.201926
0.20153
0.199543
0.19545
0.204214
0.200351
0.204036
0.203411
0.206669
0.0138086
0.20641
0.198179
0.216069
0.219185
0.20957
0.20222
0.200386
0.198491
0.196805
0.198954
0.199122
0.197831
0.196649
0.195926
0.198721
0.204834
0.209914
0.192473
0.193305
0.131366
0.374059
0.194409
0.193726
0.193683
0.193648
0.195068
0.195179
0.195798
0.19178
0.224625
0.193258
0.0415651
0.208784
0.194719
0.260279
0.213512
0.195434
0.196926
0.197283
0.192962
0.135079
0.205971
0.196478
0.194511
0.193141
0.194217
0.191599
0.196075
0.195381
0.251982
0.19171
0.279824
0.205427
0.198596
0.189871
0.184463
0.190137
0.187745
0.190845
0.190847
0.188042
0.192916
0.194579
0.21677
0.187332
0.181327
0.197508
0.192555
0.188958
0.183355
0.180928
0.189363
0.192049
0.118808
0.0368982
0.161129
0.201665
0.189927
0.19256
0.185256
0.193271
0.184806
0.189686
0.281305
0.180056
200.205
0.191565
0.168048
0.204755
0.191906
0.224083
25.7023
199.073
198.96
200.347
199.763
0.260128
0.189143
0.177578
0.0983303
0.185786
0.125951
0.165462
0.172749
0.192761
2.99013
202.784
0.169705
0.829811
17.8682
0.190461
0.482052
0.027
199.287
200.289
0.16792
199.663
203.644
167.712
0.168949
0.359057
0.35547
0.8243
193.438
0.118455
201.267
0.176203
0.305527
150.76
0.188333
0.187818
0.185164
0.19009
0.188814
0.190328
0.188111
0.144809
0.146852
0.18525
0.157871
0.192543
0.0461644
0.191865
0.194946
0.10316
0.192354
0.192765
0.169095
0.113266
0.0184207
0.175208
0.14792
0.146442
0.183055
0.0568003
0.187144
0.299641
0.178039
0.192499
0.155832
0.174434
0.117397
197.963
0.190525
0.175023
0.193972
0.153589
0.164457
0.209433
0.184603
170.527
-0.220535
0.0918913
0.148034
-0.210804
0.171507
0.0613392
0.232385
0.109583
0.118148
-0.0241219
0.205407
0.152543
0.211881
0.210589
0.224345
0.19933
0.252149
0.482606
0.205496
0.16192
0.136344
-0.0485887
0.193314
0.241803
0.233321
0.178661
0.216776
0.222486
0.226964
0.105816
206.647
203.33
202.891
0.1861
0.218734
16.2408
0.752142
189.646
0.216081
0.171561
0.282361
-2.49915
0.259293
203.111
0.233358
191.829
206.801
204.141
0.23246
0.127036
207.646
166.039
207.212
1.86237
0.368942
208.034
208.473
209.701
0.17822
3.57176
200.243
3.07901
4.46461
0.197776
0.221856
0.354585
0.290636
194.91
0.219334
0.227085
208.733
0.213504
0.228621
209.48
0.0815018
-0.23723
206.434
-0.327348
0.258151
207.73
202.49
0.071433
-3.24465
0.225176
208.181
0.148332
-2.90947
0.509354
0.132848
0.174222
0.22436
0.219785
0.200971
0.221368
0.237079
0.193052
0.189478
0.198337
0.208444
0.208738
0.224039
0.213638
0.18559
0.222188
0.212916
0.124184
0.277518
0.248865
0.225516
0.329158
0.234888
0.20624
0.248675
0.193737
0.226743
0.254917
-1.7838
0.168323
0.230076
0.216218
0.161474
0.197221
0.213635
0.192505
0.231754
0.23061
0.239842
0.149658
-0.100697
0.265712
0.341858
0.258344
0.273557
0.352287
0.205328
0.189397
0.267218
0.255174
0.428285
-0.778562
0.216987
0.244609
0.221385
0.251698
-0.711779
0.305979
0.248946
0.195717
0.240557
0.271527
0.26616
0.261731
0.20572
0.270656
0.254367
0.272361
0.280774
0.20329
0.209565
0.273325
0.277803
0.291373
0.282277
0.263176
0.247459
0.286757
0.255985
0.253658
0.277355
0.410249
27.9566
0.303549
0.306656
0.287506
0.25398
0.310584
0.302222
0.290896
0.232026
0.324551
0.298048
0.297805
0.279429
0.38795
0.274353
0.255011
0.258851
0.290544
0.299195
0.300185
0.267984
-0.506448
0.357423
0.262266
0.258451
0.0320459
0.245239
0.242562
0.245998
0.251819
0.268888
0.247984
0.266098
0.273338
0.247991
0.266448
0.227275
0.280887
0.252686
0.236503
0.242041
0.23413
0.208688
0.234236
0.333697
0.282242
0.239111
0.306485
0.247189
0.00718713
0.181355
0.251649
0.284562
0.0131487
0.215365
0.195772
0.218363
0.234601
0.212544
0.218814
0.193955
0.193739
0.215456
0.223868
0.197874
0.209249
0.263661
0.212202
0.210821
0.230875
0.194846
0.19343
0.189196
0.220222
0.237154
0.220793
0.221382
0.144386
0.105517
0.230087
0.23285
200.041
0.162697
0.227792
0.228379
0.227638
0.460249
0.0255317
0.224667
0.256991
0.29
0.219932
0.253232
0.199854
0.227414
0.214903
0.242447
0.216302
201.398
0.214849
0.074356
0.219499
0.22017
0.231445
0.236179
0.0682488
0.233085
0.229644
0.193587
0.25882
0.228996
0.226669
0.344406
0.256884
0.241254
0.292743
0.22452
0.184457
0.19785
0.214475
0.228613
0.250631
0.231255
0.19721
0.254525
0.273223
0.268121
0.241488
0.235274
0.261789
0.20938
0.213733
0.238608
0.226012
0.254232
0.264782
0.314508
0.272086
0.277855
0.303712
0.364068
0.290475
0.238857
0.305852
0.312262
0.26138
0.271803
0.201233
0.225605
0.280861
0.27818
5.35623
0.236904
0.243333
0.189619
0.173532
0.214585
0.203137
0.130804
0.405938
0.24201
208.545
0.210565
0.334491
207.528
0.206488
0.204417
0.369026
209.162
209.181
-0.00194622
0.387963
0.30851
207.507
194.504
0.28179
0.193117
2794.67
0.180706
205.592
205.352
209.211
0.858532
0.240904
4.22402
197.96
0.203384
194.3
0.248744
0.219126
203.391
0.22001
-0.00372464
0.116181
0.147701
0.139527
0.223422
0.223709
0.200974
0.202347
0.232716
-0.00552715
0.186718
0.177414
0.13601
0.240368
0.194814
0.183897
0.162981
0.206774
0.192856
0.19446
-1.84071
0.192435
0.188963
0.194272
0.178765
0.184231
201.699
-0.00288957
0.225176
0.241815
0.230972
206.193
11.8143
-1.84765
0.32617
201.052
204.195
0.317341
41.0785
0.866628
0.157516
0.390915
16.7379
199.88
194.75
0.433273
140.629
152.704
0.243511
0.176717
0.222833
0.191605
-1.6916
0.10476
198.948
0.184621
200.143
197.963
0.285686
0.193253
0.192714
0.317157
0.14552
121.394
0.293814
0.0605785
0.190877
0.184807
0.204289
0.192507
0.422223
0.19248
-0.539507
0.203422
0.192325
28.0059
0.19774
0.194668
0.230785
0.208036
0.20263
0.204136
0.1926
0.200561
0.208946
0.196321
0.200258
0.225532
0.246145
0.18635
0.216283
0.284521
0.215881
0.222567
0.232667
0.203733
0.209872
0.217492
0.22696
0.200759
0.221724
0.296586
0.185275
0.250842
0.227645
0.193088
0.199455
0.199372
0.195635
0.192158
0.191323
0.35896
0.199595
0.200343
0.187506
0.195104
0.191714
0.19678
0.18635
0.271233
0.12811
0.119751
0.133637
0.165852
0.168826
0.240713
0.144125
0.142187
0.124397
200.886
0.123613
0.472976
0.303194
0.123725
0.297974
0.285725
0.0262126
0.263478
0.17257
0.174218
0.249061
0.0586558
1835.82
0.114263
2.91853
-1.03561
0.264188
-0.0823963
0.197213
0.223612
-0.282941
0.194063
0.22644
0.227852
0.341144
204.16
-0.289004
0.11604
0.23197
0.28656
-0.0459438
0.28679
0.264942
0.321186
0.181979
-0.192579
0.0240611
0.231307
-0.106395
0.163503
0.29412
0.312767
0.112719
-0.0903758
0.272885
0.305491
0.0840812
-0.0679253
0.149584
0.0116003
-0.0551544
0.30556
-0.0227591
-0.0975002
3.73425
0.253917
-0.141847
0.270039
0.403119
0.132114
0.334485
0.435711
1.58618
0.629692
-0.489855
0.172331
1.09045
0.276055
-0.164165
-0.258573
0.544064
0.32337
0.0560347
0.27902
0.565768
0.013246
-0.30532
0.220535
0.115169
-0.0895815
0.623972
0.369809
2679.52
-0.041233
-0.0273206
0.375209
0.0826335
0.763651
1752.32
0.254677
0.170189
0.299433
0.225416
0.123352
0.135573
-0.0536356
2682.18
0.309372
0.35952
-0.0790215
0.356772
0.0421851
0.00997994
-0.1363
0.0919651
0.0499882
2446.6
2810.39
0.336537
0.213922
-0.266399
0.427286
0.270086
0.18705
0.191199
-1.46282
0.0304717
0.328532
-0.0476264
0.212128
1.04581
0.00196738
0.0597639
-0.00162721
0.256825
0.00328103
-0.0426241
0.044086
-0.327517
0.0528617
0.00197987
0.0547482
0.195261
0.00769026
0.158955
0.0152354
0.0250527
0.0141494
0.284148
0.225984
0.0280314
0.0318399
2796.68
0.17023
0.156636
0.128812
0.179778
0.0808321
0.211023
0.212237
27.9749
0.201472
-0.0872287
0.282032
0.244612
0.243698
-0.241916
0.0515385
0.089164
0.110643
-0.0293775
0.139562
0.291153
0.06107
0.246064
0.106388
0.297952
0.278516
0.224953
0.175749
0.0401958
0.254958
0.231422
0.0833561
199.842
0.227824
0.274781
0.155428
0.180513
0.0837009
0.105686
0.216532
0.0994595
0.0699272
0.188923
0.218363
0.0318893
0.20551
0.281369
0.0714693
0.23637
0.200488
0.276324
0.266374
0.209369
0.224681
0.256066
0.201183
0.219518
0.235738
0.117255
0.24609
-0.0406387
0.269212
0.235217
-0.0826679
0.298694
0.276776
0.280852
-0.0430327
0.263053
0.0985153
0.372061
0.266095
0.262391
-3.2426
0.0458124
0.275553
0.273899
0.27411
0.242031
0.265535
0.270357
0.262745
0.0676397
0.271651
0.28112
0.35035
0.231419
0.246419
0.269525
0.264387
0.295205
0.194373
0.236074
0.251936
0.273386
0.272447
0.0444768
204.382
0.236314
0.0764207
0.139671
0.250981
0.262595
0.27514
0.250458
0.170789
251.9
0.324733
0.223646
0.271019
0.243424
0.278868
0.515225
0.234683
0.298578
0.587257
-0.364721
0.279003
0.070607
0.271466
-0.0702608
-0.0616716
0.243076
0.260735
0.267556
0.254967
0.281755
0.245702
0.161892
0.252059
0.264177
2805.04
0.249759
0.260505
0.185384
0.316528
0.308787
0.0792619
-0.223044
-0.039794
205.329
0.188936
-0.0765884
0.161489
0.120707
0.262378
202.472
0.0771337
0.184935
207.15
0.0661194
0.270472
0.284477
199.593
0.218162
0.0851528
0.218827
0.299136
0.0227875
0.256356
201.381
0.354213
0.168527
200.999
149.359
0.303464
0.278969
0.223483
0.230193
0.19473
0.297143
0.0293613
1.11674
0.303253
200.094
0.795755
0.0879275
0.255115
0.927619
0.267101
0.888429
209.977
201.628
0.461696
-2.80092
3.91921
-2.07291
0.144844
0.284388
0.139685
0.295601
0.274188
0.289852
0.421712
0.294851
0.155917
0.291438
0.270928
34.5598
203.607
0.186517
0.187931
0.291491
0.0892745
-0.838405
-0.085319
0.288751
0.216977
0.264208
-0.395304
0.280404
0.287724
0.00499603
0.27462
0.259939
0.290139
137.664
0.242798
0.219703
47.6475
0.278517
0.147517
0.213029
0.467883
0.325973
0.250925
0.285304
202.131
0.568078
0.401025
0.268231
0.212798
0.240315
0.21643
0.257166
0.203748
0.00658541
208.859
0.377982
0.521899
0.247097
0.285483
0.108845
0.266324
206.89
0.151237
0.28104
0.300778
0.126837
132.267
0.261353
0.510064
0.078266
0.318873
0.178594
0.276124
0.263949
0.228648
0.262861
0.268117
0.176651
0.132391
0.206963
0.276433
0.21155
0.280723
0.158761
-0.414612
0.222873
0.101225
0.0865387
0.0693332
0.217078
0.187043
0.181269
0.206692
0.270522
0.243137
0.29502
-0.446212
2532.54
-0.0465309
0.206492
0.293849
0.206648
0.234902
0.193107
0.285329
-0.0863066
102.515
0.268166
0.0363522
0.241801
0.228132
0.112353
-0.17123
0.273355
0.271822
-0.00835553
0.133818
0.191044
0.176677
0.135113
0.0663809
0.191686
0.231564
0.230753
0.0988123
-0.0585089
-0.0742423
0.128611
0.178824
0.220439
0.173196
0.8872
0.257086
0.217145
0.233645
0.212478
0.418549
0.228571
0.247595
0.158132
0.228492
24.3513
30.5967
0.263241
0.238039
0.0420206
0.104187
0.236206
-0.048775
0.212806
0.271964
0.188426
-0.572175
2737.36
0.224805
0.230419
-2.2569
0.18278
0.221717
-0.116065
0.125385
0.148249
0.189953
0.261891
0.19332
-0.317894
0.165156
0.258005
0.212949
0.274263
0.192133
0.167123
0.198545
0.07016
0.214864
0.267604
0.509243
0.195167
0.246056
0.215444
0.295982
-0.181479
0.265894
0.0672327
2798.56
0.201117
0.243731
0.338613
0.0595697
0.253438
0.309448
0.185926
0.0789997
0.277394
-0.00828755
0.741682
0.262181
0.242466
0.230224
0.302499
0.193283
0.158775
0.210577
0.269141
0.291608
0.303716
0.286357
0.0512986
0.301714
0.263156
209.752
0.300834
0.190986
0.327697
0.231149
0.272778
-0.169646
0.229481
0.270087
0.270986
0.451721
0.2648
0.0656172
0.22493
0.316895
0.124514
0.346946
0.27746
0.109632
0.298293
0.504807
0.0697636
)
;

boundaryField
{
    FrontBackPlanes
    {
        type            symmetry;
    }
    wallz
    {
        type            fixedFluxPressure;
        gradient        uniform 0;
        value           nonuniform List<scalar> 
97
(
2792.35
2742.2
2763.18
2804.42
199.709
209.502
-3.41302
202.913
207.503
0.0654344
0.0272767
0.0467916
0.305461
0.322233
0.800166
204.183
207.076
204.983
0.112407
0.0980397
0.0809977
0.27072
0.282798
0.294712
205.462
203.737
205.051
0.150988
0.139425
0.126614
0.236648
0.24904
0.260025
203.054
201.365
0.169015
0.16001
0.197272
0.210957
0.223988
202.606
201.038
0.175514
0.152249
0.168416
0.183865
205.016
208.19
207.078
0.188175
0.103199
0.11988
0.136608
208.505
207.511
208.274
0.191484
0.190234
0.0723027
0.0869308
205.822
204.239
202.925
0.191412
0.19168
198.303
4.49032
0.01744
0.0296659
200.562
201.351
202.713
0.18803
0.190261
0.185846
0.186607
0.214252
201.612
201.812
201.189
211.763
212.668
0.004441
2687.74
2770.84
2755.77
2794.98
199.098
198.925
0.00824876
0.184859
199.819
0.0559652
200.283
199.919
0.0443343
0.181355
)
;
    }
    outlet1
    {
        type            fixedValue;
        value           uniform 0;
    }
    inlet1
    {
        type            fixedFluxPressure;
        gradient        nonuniform List<scalar> 2(-0.00912369 -0.0147081);
        value           nonuniform List<scalar> 2(2777.82 2771.58);
    }
}


// ************************************************************************* //
