/*--------------------------------*- C++ -*----------------------------------*\
| =========                 |                                                 |
| \\      /  F ield         | OpenFOAM: The Open Source CFD Toolbox           |
|  \\    /   O peration     | Version:  v2012                                 |
|   \\  /    A nd           | Website:  www.openfoam.com                      |
|    \\/     M anipulation  |                                                 |
\*---------------------------------------------------------------------------*/
FoamFile
{
    version     2.0;
    format      ascii;
    class       volScalarField;
    location    "0.3";
    object      p;
}
// * * * * * * * * * * * * * * * * * * * * * * * * * * * * * * * * * * * * * //

dimensions      [1 -1 -2 0 0 0 0];


internalField   nonuniform List<scalar> 
6576
(
-382.842
-407.486
-373.881
-382.09
-390.119
-369.546
-369.547
-354.825
-376.506
-374.056
-371.453
-363.906
-350.686
-366.436
-274.844
-293.604
-329.369
-324.12
-296.539
-288.173
-333.063
-360.209
-368.445
-440.131
-268.436
-224.803
-151.204
-410.415
-414.405
-409.54
-402.346
-392.047
-353.716
-255.679
-238.088
-253.258
-281.662
-278.104
-271.831
-274.218
-311.606
-355.999
-304.382
1524.24
1337.52
1612.3
1401.08
1477.55
1645.45
1631.14
1475.21
1594.06
-11.5683
-10.4206
-11.2099
-12.2533
-14.621
-18.2595
-13.7655
-3.69726
-5.79453
-4.67726
-4.71459
-3.83201
-3.38403
-4.65486
-4.95672
-4.61692
-4.88208
-4.51057
-4.87788
-4.5649
-4.97151
3.92174
4.10358
3.98838
3.83879
3.86117
3.74066
3.7353
4.77087
4.99397
5.10241
4.59892
4.69109
4.75118
4.75139
9.64927
10.4083
8.56265
8.18169
8.14247
8.62803
7.9651
56.1606
38.0834
58.8146
21.4607
27.3153
51.546
58.7976
527.806
873.382
569.636
562.008
592.204
450.817
544.173
1807.91
1727.49
1659.58
1625.48
1677.16
1830.62
-3.05313
-2.9234
-3.14299
-3.12888
-3.18473
-3.21228
-3.21563
-32.2253
-51.8467
-181.554
-124.066
-119.978
-26.7351
10.3684
-2.36079
-3.11468
-2.89428
-3.41482
-3.29662
-3.51638
-3.64563
-2.41032
-2.26255
-2.48146
-2.5169
-2.11197
-1.98725
-2.34603
-3.81833
-4.01307
-3.61251
-4.39929
-3.83764
-3.53991
-3.90613
-4.1274
-4.10121
-4.04379
-3.92466
-3.94818
-4.00379
-4.04611
-4.39776
-4.35645
-4.73118
-4.49873
-4.53496
-5.08092
-4.87968
-4.86438
-4.75437
-4.1192
-3.99134
-4.15205
-4.26665
-4.15931
-4.13195
-4.22536
-4.22318
-4.03942
-4.33622
-4.44659
-4.30708
-4.67834
-4.77759
-4.59182
-4.64086
-2.72104
-2.60861
-2.70922
-2.75148
-2.64234
-2.75562
-2.89334
-2.83264
-2.67671
-2.55596
-2.5685
-2.50627
-2.61522
-2.57051
-2.58145
-2.54714
-2.52559
-2.5412
-2.82465
-2.48861
-2.54037
-2.51676
-2.64114
-2.66451
-2.58302
-2.80761
-2.77865
-2.64415
-2.56498
-2.44743
-3.29741
-3.431
-3.61921
-3.20702
-3.22328
-3.54043
-3.66017
-2.78298
-2.76113
-2.77813
-2.79548
-2.83312
-2.83449
-2.80528
-2.81886
-2.78385
-2.77744
-2.78823
-2.81691
-2.78181
-2.75003
-2.79308
-2.85332
-2.87811
-2.74085
-2.68402
-2.78876
-2.81154
-3.36213
-3.27782
-3.42724
-3.19699
-3.1647
-3.33917
-3.31184
-3.80913
-3.89531
-3.83688
-3.61419
-3.7339
-3.67519
-3.77802
-3.84542
-3.77032
-4.08054
-4.05009
-4.08926
-4.13952
-4.08294
-4.10951
-4.08743
-7.00528
-7.31826
-6.14563
-5.77352
-6.35981
-7.28259
-6.86951
1304.99
1255.39
1202.92
1349.47
1215.26
1181.2
1357.31
1177.38
1348.9
1174.18
1187.14
1165.82
1145.53
1031.65
1095.51
965.779
813.963
796.818
890.987
890.937
921.861
827.223
684.35
862.711
806.369
1238.96
1184.4
1225.96
930.497
962.325
912.967
980.409
969.803
930.293
948.016
-0.313556
0.00365166
0.0774108
-0.0723094
-0.728008
-0.259685
-0.0887439
-0.978274
-0.534712
-0.379051
0.733018
-0.126569
0.0652382
0.266529
0.0540838
0.779449
-0.983912
-0.6957
0.117509
-1.41762
-1.73977
-1.30465
-1.01989
192.363
143.518
162.851
113.559
111.396
159.649
187.752
295.254
318.184
232.231
345.132
236.021
397.65
314.752
277.491
306.617
740.853
816.713
792.494
754.4
827.715
743.868
845.484
845.306
742.115
1028
1170.91
1016.96
1095.3
1152.48
1010.27
1174.85
1399.63
1336.57
1412.33
1366.28
1268.91
1093.66
1279.02
1299.29
1419.56
660.848
255.596
474.619
527.992
623.717
526.369
786.616
98.6387
22.2367
64.9589
56.2946
105.737
50.4567
103.803
1.77772
1.8106
1.91598
1.43419
1.91049
1.67718
1.92922
1.96043
1.75872
1.36236
1.46111
1.54826
1.44991
1.59932
1.45897
1.57112
0.424457
0.654962
0.629532
0.786149
0.905952
0.768369
0.767382
0.720308
0.524186
0.87348
0.87202
1.53163
6.07195
-0.918145
-2.00907
1.23036
6.36795
3.14087
-5.65431
16.6908
-0.284092
14.5457
25.018
-3.77553
-3.69164
-3.67393
-3.82599
-3.82692
-3.74071
-3.72953
-3.7942
-3.66532
-3.73406
-3.73299
-3.84213
-3.79028
-3.70485
-4.17709
-4.06776
-4.08289
-4.30109
-4.3229
-4.19646
-4.20297
-5.24492
-4.84941
-5.56606
-5.49412
-5.27477
-6.5654
-5.90337
-6.31326
-5.70881
-6.02839
-7.91315
-10.4366
-19.2026
-9.23823
-16.4995
-12.3867
-17.3437
9.92361
-5.30239
-14.5431
-3.97215
-6.27902
-8.22141
-10.1879
-6.53845
0.924164
-1.0398
0.223698
-3.49873
3.11367
-11.2436
-5.10451
8.39021
-5.41293
-13.99
-3.92455
12.9695
10.9631
-0.87236
3.08341
-0.843353
-0.0683579
10.4625
1.93231
-13.1325
4.84874
-3.83636
0.0147881
1.42958
26.1481
-6.73778
-5.62413
-5.23085
-5.07192
-8.00247
-4.96841
-4.10478
-4.1767
-5.25321
-5.88565
-4.39992
-3.80424
-5.51675
-5.31162
-6.32345
-8.55196
-6.19219
-3.32022
-2.96774
-3.29804
-3.24627
-3.27959
-3.31406
-3.18234
-3.14938
-3.49154
-3.3145
-3.515
-3.24946
-3.14909
-3.18503
-3.3029
-2.94183
-3.15984
-4.02449
-2.94838
-3.00633
-2.962
-2.96912
-2.97124
-2.95948
-2.95373
-3.1792
-3.1868
-3.267
-3.15817
-3.11884
-3.17584
-3.13869
-3.17196
-3.22769
-3.36061
-3.41189
-3.33317
-3.26455
-3.25374
-3.30549
-3.29509
-3.2021
-3.1903
-3.24147
-3.20471
-3.15462
-3.1663
-3.22196
-3.42681
-3.37836
-3.43152
-3.30318
-3.29845
-3.33825
-3.34908
-3.76216
-3.88142
-3.8509
-3.63074
-3.76871
-3.78934
-3.91278
-3.72
-3.57049
-3.41438
-3.74106
-3.61909
-4.37798
-4.613
-4.36194
-3.99899
-4.22616
-4.31435
-4.03194
-3.1557
-3.47872
-3.08553
-3.49735
-2.51737
-3.26829
-3.6068
-1.43867
-1.56357
-1.76956
-1.66083
-1.61469
-1.54513
-1.39709
-2.05033
-2.05318
-1.82809
-2.16915
-2.28682
-2.11109
-2.23383
-2.1103
-1.92475
-1.85781
-2.32022
-2.18668
-2.4221
-2.06692
-2.60768
-2.29036
-0.175813
-0.333477
-0.469775
-0.315245
-0.975657
-0.518662
-0.1675
-0.788117
-1.05564
-0.224609
-0.817467
-0.73891
-1.54975
-0.876805
-1.66109
4.11401
-0.916173
-1.05276
-0.887989
0.562069
3.49581
68.7576
-51.5393
29.4161
92.635
-4.62891
56.3194
-10.1596
258.664
381.114
357.87
427.252
311.938
392.547
270.823
433.97
363.607
405.182
420.429
427.746
462.151
421.532
449.162
444.272
454.41
479.501
417.73
435.048
429.909
417.325
431.909
408.294
421.929
424.13
431.9
451.829
410.939
408.24
422.227
418.826
413.638
435.301
606.022
573.492
648.936
525.725
411.434
481.108
935.925
969.438
935.51
895.477
886.91
639.905
481.117
625.113
702.224
588.337
766.886
640.095
925.512
920.625
890.597
861.609
943.881
964.576
982.765
977.61
368.864
624.164
565.269
528.853
706.947
739.471
583.268
900.415
861.797
810.781
698.259
700.116
1130.89
1085.82
1057.33
1068.44
921.625
1052.57
1145.05
1165.09
1190.14
1326.83
246.818
471.402
389.543
449.181
426.949
504.286
234.383
1008.9
746.582
778.473
787.038
829.811
652.865
456.183
716.07
665.963
1183.43
922.405
896.849
-21.6907
121.647
-93.4374
158.22
110.449
58.1009
53.5527
122.371
74.1305
495.42
526.076
514.067
531.26
515.499
504.993
232.726
626.414
589.188
498.5
79.35
53.3175
2.12468
206.412
79.6305
44.7685
162.095
175.469
97.4294
148.983
162.27
54.6735
55.5989
171.182
63.6445
87.4822
33.7397
83.882
136.729
100.575
94.9337
23.8154
8.13985
19.5816
20.1887
17.8992
23.0834
42.8026
5.33528
5.29149
5.11053
5.21705
5.25401
5.01699
4.98346
5.13293
5.31854
5.08868
5.56994
5.48948
5.37994
5.41554
4.74205
4.41191
4.61931
4.37345
4.59721
4.6203
4.30902
3.59536
3.80627
3.83585
3.81781
4.02077
3.79414
3.95195
3.86492
3.6781
2.85761
3.00907
3.18245
3.44754
3.376
3.33973
3.24114
3.11848
2.99177
1.78936
1.40849
1.7631
1.8656
1.54605
1.50065
1.5647
-5.27047
-5.03674
-4.79311
-4.63704
-4.53005
-4.62721
-4.91177
-6.42476
-7.33873
-6.91897
-6.20512
-6.97287
-7.0274
-6.17172
-4.92349
-4.52284
-4.68932
-4.57235
-4.48694
-5.20969
-4.8542
-4.95858
-5.46104
-5.35706
-5.07383
-5.18679
-6.09523
-6.55979
-6.21747
-7.47663
-6.89503
-6.61063
-6.41362
-26.7516
-24.0007
-23.2348
-24.0134
-23.8323
-22.9241
-22.2377
-6.36412
10.8873
-13.2642
-19.8333
-7.00439
-30.3194
-26.2818
-9.18246
-12.9277
-19.8049
-14.7554
-13.0498
-14.5284
-16.6001
-17.6459
-11.6401
-0.952481
-23.1749
10.4074
-16.2429
-24.0285
-1.8672
8.56416
-21.9909
-15.7234
-21.844
-18.5803
-34.0501
-21.6038
-11.426
-22.1192
-14.0868
-31.253
-9.51902
-28.0035
7.09276
-7.29008
31.6822
-4.18177
-3.68403
-4.05598
-3.10474
-3.52812
-3.81207
-3.56461
-2.88643
-2.69387
-2.52776
-2.46436
-2.33147
-2.5832
-2.72947
-2.90885
-2.8636
-2.87434
-2.91332
-2.87459
-2.78563
-2.84117
-2.96169
-3.00405
-2.95389
-2.96981
-2.99492
-3.02696
-2.96772
-2.99622
-2.99266
-2.9586
-2.97244
-2.94642
-2.94262
-2.95674
-2.95271
-2.95783
-2.97642
-2.95037
-2.96114
-2.94833
-2.96473
-2.96871
-2.95258
-2.95074
-2.9466
-2.93895
-2.95983
-2.9548
-2.93391
-2.9556
-2.95067
-2.93744
-2.96218
-2.9631
-2.94247
-2.93916
-3.0298
-3.05443
-3.0108
-2.98688
-2.98936
-3.02527
-3.02366
-3.00008
-3.0013
-3.09262
-3.08561
-3.15162
-3.06611
-3.12559
-3.1411
-3.09094
-2.79636
-2.7622
-2.82914
-2.6659
-2.73028
-2.73123
-2.76255
-2.6798
-2.81178
-2.8828
-2.6131
-2.55695
-2.58528
-2.71991
-2.69118
-2.81387
-2.56478
-2.68583
-2.59103
-2.9409
-3.30418
-2.84031
-2.87289
-2.77998
-2.62326
-2.78391
-3.22161
-2.63695
-2.17486
-2.20443
-2.30543
-2.29836
-2.30208
-2.53142
-2.5563
-2.58729
-2.47271
-2.93695
-2.90621
-2.99208
-2.73606
-3.17705
-3.06582
-3.08463
-3.50982
-2.61428
-3.59502
-3.64968
-3.80792
-3.6739
-3.42788
-4.53305
-4.62024
-5.07167
-4.61906
-5.01978
-5.90262
-6.04805
-5.91639
-5.49779
-4.88997
-5.85942
-4.5744
-6.17954
-6.12784
-4.76879
-5.12101
12.3795
9.55212
11.2912
-40.9948
-17.3471
-57.4778
-29.7024
66.5553
-73.8606
65.7254
2.77479
17.2105
-37.9459
-25.2113
-152.983
-100.966
-6.36536
13.5205
-149.536
-33.2157
-137.986
-55.1924
22.8947
163.037
257.466
383.128
292.36
449.445
413.077
488.578
93.3189
271.928
28.4684
452.18
474.066
454.295
446.003
410.009
427.218
53.3828
56.1848
147.566
149.073
119.14
77.8732
95.8196
436.755
137.002
219.018
89.899
74.233
62.4056
39.5826
19.6913
18.7699
44.874
192.749
133.277
116.259
18.8414
23.3558
-4.44585
-14.8332
-30.1772
-9.45853
87.2408
176.051
7.30449
38.2885
70.6572
20.2037
29.4783
85.3186
57.3747
72.7391
130.764
87.835
40.5035
88.2893
46.0069
47.4306
45.1101
6.7017
6.76711
8.42862
8.87923
9.8014
9.4582
6.2647
6.75253
3.11042
5.89786
4.78302
6.76507
6.02522
7.74407
5.33876
4.59298
4.22662
5.16442
6.66804
4.97769
5.68992
4.57458
4.46668
4.48123
4.47098
4.46966
4.53939
4.65732
24.247
5.76653
31.2413
0.141691
20.0192
-1.02208
12.4805
1.45299
-42.9787
7.61618
4.37393
-3.32479
21.2844
-13.1032
4.56753
4.68582
5.18741
4.499
4.62635
4.02984
4.27267
4.41266
4.02901
4.40553
4.3959
4.25312
4.48852
4.71178
4.75486
4.68929
4.19599
4.09612
4.27946
4.68901
4.59579
-2.56485
-2.47009
-2.84069
-2.81081
-2.64303
-2.58548
-2.86221
-4.63032
-4.32127
-4.84772
-4.83274
-3.95683
-4.17806
-4.84284
-5.65503
-7.29264
-5.2927
-7.69671
-6.15328
-8.10845
-6.85278
-12.3618
-12.0393
-9.38837
-14.8372
-12.3335
-11.152
-13.6314
-16.9958
-13.8379
-15.9482
-12.4326
-13.0653
-17.3483
-17.9383
-20.0141
-21.7889
-20.2905
-18.888
-19.3485
-15.4502
-15.6957
-16.5734
-17.58
-9.18959
-12.2129
-26.2197
-12.1553
-64.4132
-36.8921
-36.7775
-27.8986
-12.2261
-23.7367
-27.0692
-29.3986
-5.31248
-19.2393
-16.5862
-4.72286
-3.96783
-17.1087
-23.769
-22.0003
-15.4993
-39.574
-29.2403
-47.9228
-14.0521
-35.1098
-12.618
-28.6644
-22.2319
-21.8654
-18.5417
1.53195
-8.73155
-15.4203
11.0185
-15.7011
-32.4701
-8.46144
-8.33821
-12.9377
-7.63522
-8.71097
-8.9672
-13.4961
-5.1915
-6.85295
-5.03222
-5.37488
-5.35675
-4.33671
-4.67882
-4.88266
-5.73444
-4.83082
-5.1439
-5.36793
-4.48716
-4.74564
-5.04594
-4.47213
-4.6456
-4.98742
-4.89089
-4.00054
-4.19622
-4.34343
-4.02915
-4.22492
-4.1339
-3.87682
-3.1697
-3.13456
-3.11735
-3.17963
-3.25662
-3.00791
-3.02531
-3.01625
-3.01503
-3.02813
-3.01781
-3.03351
-3.23666
-3.17735
-3.16939
-3.15135
-3.15909
-3.18969
-3.2225
-3.02694
-3.01932
-3.02923
-3.03576
-3.0145
-3.02784
-3.04273
-2.94232
-2.97094
-2.95867
-2.93615
-2.94155
-2.93895
-2.96405
-2.95511
-2.95343
-2.9869
-2.94147
-2.94622
-2.96195
-2.93779
-2.91685
-2.91362
-2.93383
-2.91697
-2.94596
-2.93049
-2.95061
-2.94375
-2.9497
-2.93772
-2.93542
-2.92726
-2.9125
-2.94765
-2.92426
-2.93605
-2.95419
-2.93411
-2.96396
-2.91713
-2.91384
-2.93946
-2.92736
-2.90284
-2.9239
-2.9013
-2.90189
-2.92394
-2.93226
-2.90781
-2.9449
-2.95552
-2.93925
-2.97264
-2.95472
-2.92815
-2.95138
-3.00585
-2.92711
-2.92366
-2.93386
-2.91199
-2.94616
-2.96279
-2.30124
-2.05716
-2.12194
-2.41101
-2.53636
-2.39341
-2.26577
-2.05729
-1.96123
-1.88604
-2.06657
-1.93118
-2.11065
-1.93141
-2.4817
-2.50109
-2.56378
-2.51679
-2.63291
-2.49456
-2.57651
-3.13128
-3.17345
-2.83347
-3.6434
-3.25991
-3.44076
-3.28453
-3.16116
-3.4375
-3.11931
-3.4564
-3.37517
-3.30255
-3.21553
-3.32016
-3.45913
-4.14592
-4.08082
-4.06203
-4.63217
-4.16722
-4.72656
-4.78538
-3.57645
-3.44155
-3.58437
-3.69543
-3.60619
-3.68112
-3.80553
-3.59622
-3.7453
-4.19949
-3.91752
-3.84749
-4.29108
-4.93111
-4.18851
-4.56359
-4.05891
-3.85669
-3.49354
-4.02632
-3.83534
-4.18066
-4.12463
-3.43304
-3.56067
-3.37393
-3.51932
-3.32034
-2.99146
-2.91161
-3.18496
-3.09274
-2.77976
-2.71924
-2.80003
-2.62676
-2.45959
-2.60598
-2.69566
-1.52647
-1.746
-1.0729
-1.2122
-1.66378
-1.65993
-1.36156
-1.99347
-0.935374
0.855196
-1.10515
-0.873635
-0.213465
-0.675882
8.63457
1.32759
3.30356
4.57127
8.27688
7.38764
3.59247
-79.3566
24.9216
-83.1339
-66.9219
-109.785
-51.4307
-7.1104
211.404
235.189
229.818
-223.532
104.51
136.078
-71.3783
-54.133
38.0018
-79.1963
-22.8778
-40.378
-63.1076
7.29231
-0.150733
13.3964
-18.4631
-42.727
-20.9384
-15.6474
-12.1769
-34.0484
-29.9492
-60.0579
-136.714
-101.285
7.09942
8.58852
7.81561
7.67474
6.60919
5.85754
6.58069
73.2734
95.6467
22.3965
56.5036
15.0259
8.72988
58.8341
104.829
73.8554
26.855
78.7267
118.402
143.518
61.154
42.5049
79.1704
134.978
105.427
61.6954
56.9308
29.728
38.5628
10.3016
27.9109
37.92
39.8304
19.4942
21.931
7.52959
9.08179
8.56734
11.397
5.9679
8.15947
7.45244
7.43455
7.45565
7.3012
7.31841
7.31906
7.24024
9.65238
7.99776
16.0135
7.71021
10.7151
10.2339
5.43332
8.75954
5.39765
1.71854
3.81648
1.79731
1.61469
3.53988
4.15723
-0.12292
6.37127
6.80515
7.14706
7.2664
7.00434
7.40915
7.17921
7.3821
7.4182
6.49997
6.30252
6.5269
6.59918
6.41137
6.62994
6.83799
6.54881
6.76301
5.83742
5.84672
6.0856
6.00263
5.96879
6.20302
6.16061
-2.06609
-3.00909
-0.996068
-3.12576
-2.30679
-1.08363
-0.897256
-0.801976
-2.08407
-0.492267
-2.61827
-1.96396
0.766676
0.015478
-28.6154
-35.3119
-0.827618
14.2171
-75.3182
-7.61313
-17.5035
-16.8664
20.628
26.5327
18.4908
-22.2837
5.05415
-19.2186
43.4963
22.5795
22.107
2.97535
-86.1645
-63.6814
-1.91491
11.5395
-40.5877
-32.8981
-32.2668
39.1426
-68.769
25.4433
15.7128
-30.9709
-34.7163
-28.6392
4.29779
-22.5323
-30.7791
-35.1065
-22.5148
-14.4681
-18.6874
-16.598
-15.9748
-17.8745
-9.36153
-13.6856
-12.5029
-11.0727
-7.91839
-12.1905
-10.7563
-9.78781
-9.75283
-12.8838
-16.381
-17.6492
-16.1901
-15.7101
-7.27022
-6.67579
-7.78557
-7.26486
-8.57847
-8.42303
-7.88631
-4.78744
-5.21947
-5.36249
-5.59479
-5.97158
-5.36129
-5.27625
-3.57851
-3.4935
-3.55543
-3.63198
-3.55726
-3.69265
-3.5772
-2.92972
-2.87845
-2.91433
-2.83936
-2.86357
-2.89956
-2.87634
-2.92777
-2.90568
-2.92156
-2.96066
-2.92732
-2.9518
-2.93683
-2.96688
-2.94769
-2.89816
-2.94891
-2.95784
-2.93969
-2.93078
-2.94071
-2.94153
-2.91888
-2.92714
-2.92759
-2.92464
-2.93766
-2.919
-2.9215
-2.86936
-3.16947
-2.78009
-2.87131
-2.85448
-2.73736
-3.14863
-2.83683
-2.87736
-3.27388
-3.9459
-4.99499
-4.39831
-4.23831
-4.59075
-4.96878
-5.25622
35.9342
-13.6987
-31.9932
-29.2731
-17.7883
-49.6027
-4.11611
-4.83944
-4.95464
-6.96485
-5.85351
-4.68783
0.204076
-7.35501
-5.31952
-5.86721
-4.07716
-5.89999
-2.87146
-6.75531
-3.55627
-3.05425
-3.33233
-3.10019
-2.99412
-2.99531
-3.16658
-2.72706
-2.64041
-2.65723
-2.97729
-3.56222
-2.69988
-2.77329
-2.85708
-2.97441
-2.79156
-2.85234
-2.8593
-2.76941
-2.77162
-2.79475
-2.80933
-2.79778
-2.85496
-2.83126
-2.79416
-2.80216
-2.82664
-2.81302
-4.05708
-3.59226
-3.76239
-3.78446
-3.42284
-3.62258
-4.03116
-3.38875
-3.52874
-3.22637
-3.40316
-3.40702
-3.25686
-3.08503
-2.65371
-2.80731
-2.89545
-2.74232
-2.69175
-2.91042
-2.96131
-3.62853
-3.33204
-4.60625
-4.37383
-3.33147
-3.8257
-5.65449
-2.42483
-2.55841
-2.2748
-2.4702
-2.47588
-2.32697
-2.37987
-14.1659
22.4568
3.02604
-0.443948
-11.6243
1.57459
8.07191
-2.633
-15.413
-4.6515
12.6535
-11.912
-2.30211
1.21155
-45.1514
-23.2711
-47.7222
10.4006
16.5593
43.1538
-9.90826
-13.4721
-78.9958
-104.951
52.8095
-11.828
29.3344
76.2456
-54.0544
18.2766
44.4494
-176.192
-6.29066
41.2124
128.306
21.9376
20.0812
65.1419
-98.7802
3.74496
1.97779
0.578175
-0.62489
4.81651
8.13605
3.7065
0.930791
130.55
-136.121
92.6246
95.4338
8.3538
112.778
24.7031
16.5753
14.5693
12.7983
13.8629
7.03242
-2.46581
4.81383
4.58719
4.73468
4.68703
4.88275
4.71377
4.88166
4.6596
4.84685
4.6455
4.53042
4.60612
4.77812
4.68119
2.33042
-1.26711
10.5935
6.06671
4.36434
1.73518
4.54152
-14.2338
1.16986
4.60301
0.0305055
-15.2828
6.16514
23.0915
1145.95
661.303
1316.8
530.345
692.92
617.896
990.296
-4.61388
-231.116
-30.7287
132.771
205.832
116.97
2.82956
2.92536
3.30933
3.12762
3.06418
3.47082
3.42746
3.5838
3.39709
3.96594
3.76203
3.73982
4.04305
4.60513
4.58516
5.28739
4.98942
6.01089
4.73831
4.86505
5.48287
-17.4503
5.63435
-23.23
-85.0477
-36.9899
5.98586
-51.1822
24.3589
106.611
119.154
12.5928
48.8929
15.8491
36.5041
43.3382
-15.2698
30.931
5.19336
2.89946
3.99162
6.00807
5.22654
3.95154
3.70971
3.0937
0.881367
1.80532
3.29316
3.51796
1.27072
1.81408
-0.529373
-0.112784
0.655252
0.922949
0.774493
-0.337259
-0.976864
0.718838
0.820015
1.40528
0.0836007
0.432286
0.454442
0.865055
-6.42902
-6.35072
-6.50157
-6.05645
-6.8667
-6.88608
-6.43441
-5.29987
-4.69147
-4.01456
-5.53149
-4.8561
-3.86721
-3.88604
-2.42404
-2.68627
-2.92662
-3.49784
-2.76607
-1.49409
-1.30682
-2.07393
-1.69693
-1.26013
-1.4005
-1.86815
84.4096
-9.51587
27.506
8.93468
-4.83127
-5.80321
1.729
-4.23008
-6.38547
-5.86144
-3.95073
-3.57214
-5.27541
-4.98388
-3.40107
-3.46859
-3.46065
-3.04679
-2.97589
-2.76508
-2.66627
-3.25421
-3.32056
-3.29545
-3.01346
-2.96761
-2.98876
-2.97436
-3.00311
-2.97867
-2.98859
-3.01516
-2.95146
-2.99528
-2.93265
-2.9629
-2.94602
-2.94011
-2.96361
-2.98441
-2.94859
-2.94074
-2.93534
-2.95958
-2.94773
-2.9449
-2.9467
-2.86039
-2.86311
-2.87326
-2.86793
-2.86854
-2.88235
-2.88384
-2.74049
-2.74367
-2.67978
-2.71604
-2.76389
-2.73817
-2.70861
-2.40404
-2.40043
-2.36247
-2.33687
-2.42239
-2.39492
-2.28783
-1.87206
-1.963
-1.72651
-1.88146
-2.04703
-1.99075
-1.86079
-1.83762
-1.49397
-1.43965
-1.23634
-1.09079
-1.16984
-1.22813
-1.42919
-1.78446
-1.16371
-2.42734
-1.86028
-1.67929
-2.12889
-1.68726
-1.7957
-6.87696
1.33214
-11.3991
-5.15446
-3.629
1.10962
3.50976
-38.4194
-4.64379
-4.64683
4.88071
10.4874
4.68161
-5.26909
1.87505
-14.5918
-3.81672
-22.3308
1.59476
3.42717
0.908899
9.61041
-61.8497
-1.73015
11.6788
-18.1112
-2.77389
-26.2069
-17.9113
-9.60192
-50.9033
-3.25696
-0.157179
9.89199
65.0386
-102.682
-1.92017
-2.06103
-3.11025
-2.24871
-1.81181
-2.34583
-2.0804
-1.36786
-1.46266
-1.4782
-1.37694
-2.60574
-1.14352
-1.55092
3.18343
3.16635
2.93334
3.16671
3.40856
4.26087
4.01882
4.0306
4.01109
3.61419
3.88084
4.07411
3.53816
3.69245
3.74874
3.99675
3.86876
3.84424
3.71854
3.80497
3.96773
4.04253
3.73233
3.57439
4.36955
4.39768
4.44946
4.62556
4.69696
4.54383
4.55039
4.22077
4.53108
4.54662
4.12316
4.37966
4.09326
4.32012
8.39016
8.84866
7.99259
6.85938
6.98738
5.81329
6.07005
590.292
321.701
520.883
3457.64
1413.9
2429.65
2421.27
1730.44
3425.24
2420.89
2441.65
486.105
2584.04
1929.38
2540.32
2745.69
1031.98
445.713
417.796
352.456
440.794
-377.05
212.325
924.701
4488.52
2840.35
136.5
-55.3251
43.4524
42.5219
42.2707
35.2123
42.4813
107.149
47.3432
-47.9514
5.07887
5.71851
5.20601
5.01658
4.98024
4.71061
4.67256
4.99418
5.10326
5.13035
5.24049
5.3447
5.30474
5.18307
4.33589
4.27177
4.5895
4.65006
4.40114
4.42953
4.66969
-1.47835
-0.0496789
-2.70415
-0.43736
2.02212
-0.772438
0.31896
-2.51732
-4.01052
-3.18534
-1.58917
-2.84716
-1.35178
-2.75562
-1.02283
-2.08775
-1.25163
-2.42045
-0.56091
0.152874
-0.439973
-0.813841
-0.354459
0.34747
-1.33371
-0.564642
-1.04206
-2.00725
-2.95565
-2.51655
-3.20766
-2.68666
-2.75603
-3.30972
-3.1418
-3.01294
-2.73632
-2.83156
-2.82317
-2.82301
-2.79178
-2.60132
-2.7908
-2.81466
-2.96129
-2.90066
-3.01055
-2.92083
-2.97313
-3.07463
-3.01954
-2.889
-2.87844
-2.90329
-2.85326
-2.84691
-2.87397
-2.88331
-2.92963
-2.92866
-2.93816
-2.94978
-2.94317
-2.93906
-2.94892
-2.9434
-2.9415
-2.92549
-2.95822
-2.94398
-2.93952
-2.92942
-2.96525
-2.94477
-2.95044
-2.94628
-2.95346
-2.95058
-2.94459
-2.95176
-3.00349
-2.97159
-2.98502
-2.98337
-3.40409
-3.31791
-3.46966
-3.45178
-3.36008
-3.4777
-3.63937
-3.44886
-3.57857
-1.69084
-3.11445
-2.30138
-2.341
-2.91258
-2.27996
-1.70986
-4.43194
-2.1653
-3.08989
-1.58112
-2.71329
-5.12692
-2.70925
3.28081
11.7703
-2.92459
-15.4121
4.85795
-42.5395
-6.52278
-19.5314
15.2289
7.33739
18.3711
4.78857
4.3153
-9.84586
-42.3231
11.3826
-3.31694
-3.25494
-3.6827
-6.13463
-1.19307
-4.78947
-18.8175
5.00831
5.2104
-23.0466
-2.92685
-2.75675
-2.84455
-3.09532
-3.0016
-2.84291
-3.07444
-3.29074
-3.48418
-2.92225
-3.05505
-3.31351
-2.54484
-2.87111
-1.51886
-1.50084
-1.51851
-1.72446
-2.11771
-1.90085
-1.74683
-1.79919
-1.93241
-1.39011
-0.960732
-1.57405
-1.45981
-1.01021
1.68828
0.401185
0.748825
0.455416
-0.385535
1.04841
0.304488
2.09008
2.09405
2.33439
2.08704
1.93333
1.97549
2.17671
1.15453
0.975979
1.2225
1.46025
0.521832
0.707437
0.772352
2.02821
2.05941
1.88281
1.51384
1.69329
1.81711
1.84519
2.0394
2.06949
1.52014
1.93088
2.32336
3.05731
3.09964
3.30663
3.12653
2.94754
3.29568
3.07516
3.00509
3.00689
3.37756
3.01695
2.87864
3.01373
3.2979
1821.17
815.687
622.462
411.805
375.287
1017.36
-202.741
127.958
-220.241
24.5133
-793.174
91.7248
860.915
157.613
206.085
-520.415
-103.846
258.679
122.674
-397.553
62.7709
-222.31
61.535
-204.354
-155.535
-30.4555
2.38318
9.10659
6.18957
29.8458
19.5819
19.2703
19.973
210.151
78.2821
112.657
94.069
141.525
26.1883
121.065
143.088
140.481
8.13065
16.3118
102.406
93.3318
77.3702
204.221
163.739
111.148
-102.741
49.9165
90.5666
10.18
9.90982
16.0713
19.4672
24.4291
10.5411
12.4203
7.70111
7.58209
7.79824
8.18873
5.87841
9.71981
7.42257
7.96973
7.17297
-1.6099
-1.5289
-1.67691
-1.57285
-1.59366
-1.45255
-1.49818
-1.59123
-1.70699
-1.59674
-1.63822
-1.73143
-1.58912
-1.70147
-2.85756
-2.86457
-2.87426
-2.85358
-2.82521
-2.86404
-2.8694
-2.96718
-2.96981
-2.94399
-3.0327
-2.9984
-2.97974
-3.043
-3.07526
-3.03496
-3.00448
-3.02513
-2.96452
-3.00635
-3.04321
-3.05341
-3.01101
-2.95739
-2.98658
-3.01437
-3.01032
-2.95325
-2.9793
-2.95448
-2.99018
-2.97247
-3.02054
-3.02462
-3.04758
-3.03598
-3.00072
-3.02177
-3.04053
-3.16916
-2.98443
-3.11117
-3.12668
-3.04412
-3.12113
-3.14384
-3.2991
-3.32248
-3.09102
-3.34531
-3.45834
-3.28079
-6.05084
-6.42231
-5.69601
-5.13978
-5.46472
-5.69985
-5.26309
3.86323
-8.34563
-4.98446
4.16068
-2.69002
-4.75128
7.5406
-15.8646
-5.56379
0.778749
-4.16509
-2.18817
-18.2875
-27.4903
4.33228
7.22676
-24.8417
-1.74748
-0.428696
-3.87167
-2.47304
-4.80575
-0.142793
-1.09002
-3.62371
-2.80042
-2.7527
-2.51691
-2.50647
-2.666
-2.93044
-2.45296
-2.69618
-2.41838
-2.3299
-2.10223
-2.55396
-2.30329
-3.13658
-2.91546
-3.05182
-3.663
-3.10788
-2.8065
-3.35
-3.18004
-3.02005
-3.25917
-2.99182
-3.27844
-3.22944
-3.022
-6.85624
-4.81964
-4.51664
-4.14973
-4.24981
-4.83006
-5.42286
-4.12417
-4.9771
-4.98866
-3.43312
-3.92194
-4.93779
-4.56887
-5.19561
-4.04484
-4.57175
-4.47483
-4.81727
-5.73993
-5.13437
-8.09909
-6.76251
-7.35542
-8.15854
-7.1063
-6.91703
-7.67775
-5.84072
-5.16504
-5.55506
-4.58649
-5.19741
-3.39979
-3.6438
-3.41467
-3.1471
-3.546
-3.29992
-3.4448
-3.40996
-3.39944
-4.16452
-3.13292
-3.82066
-3.64041
-3.8085
-4.24645
-3.9202
-3.71452
-4.04106
-2.94024
-3.22327
-2.47628
-1.75821
-2.04309
-1.78858
-1.89082
0.233657
0.761209
0.0999676
1.15773
0.69253
0.18358
0.503759
1.84262
1.51504
1.71261
1.28486
1.29302
1.66133
1.63604
1.19759
1.74849
1.33851
1.55284
1.50367
1.25578
1.35596
1.27252
1.41237
1.58099
1.61394
1.5368
1.44529
1.50152
29.3756
25.8409
4.62419
9.77528
21.471
11.3253
3.66797
-407.282
-13.4762
-120.709
104.565
-61.3537
16.8969
46.861
-52.5475
158.681
79.431
278.161
54.7321
66.4268
63.8609
-221.2
7.70199
-140.911
91.3118
28.5464
99.8125
117.205
183.809
92.2091
100.714
9.28578
-77.1093
-14.6808
-30.4518
-14.3145
-5.39693
-5.17933
-96.9749
-56.4713
39.8912
9.44411
10.4341
11.8568
7.47374
9.32867
9.19526
11.066
9.34151
8.82091
9.7814
9.41017
9.06281
9.08246
8.91691
9.48764
9.11561
9.46598
9.66667
9.24568
9.48514
9.67859
9.42553
9.46712
5.79583
8.15284
7.64453
7.10472
7.42892
8.77099
7.78604
7.86031
8.45675
6.30088
6.4618
5.17139
9.90088
7.8226
6.37961
8.93377
37.393
70.2288
37.5852
58.1839
47.2072
15.4924
85.4681
105.101
64.7151
125.584
76.3379
48.0519
32.615
74.2905
142.432
116.758
142.836
127.002
136.956
141.479
130.472
130.948
117.055
119.073
109.299
114.768
115.907
111.869
156.755
191.154
124.612
195.396
212.223
195.625
186.145
158.737
201.956
210.611
240.227
209.618
156.584
246.165
266.473
213.633
201.005
221.923
200.8
102.811
174.813
215.982
173.012
121.862
116.188
113.626
128.361
81.8503
110.946
113.733
105.407
133.695
128.763
110.804
130.714
132.042
134.967
126.507
90.0347
104.522
95.5778
115.242
88.2192
103.446
97.1603
586.099
673.132
544.476
197.68
471.887
606.845
350.907
1638.81
1671.38
1664.98
997.161
1447.37
1479.71
1281.82
1292.77
1366.73
1359.49
1274.26
676.883
1116.21
1173.32
1307.67
1397.08
1560.25
1483.75
1500.79
1478.81
30.3659
-2.9273
45.9552
36.677
66.1291
40.0038
42.4207
20.6741
7.88196
2.65849
13.6271
13.1559
10.104
8.2335
47.0335
10.2018
3.61623
-0.759931
-30.1173
4.59424
10.0115
6.45997
5.9387
6.22835
6.21873
6.17651
5.88457
6.1337
5.91221
5.90025
5.68901
5.81612
5.87912
5.71562
5.5641
4.02147
3.64928
4.66564
5.38592
5.52806
4.04085
4.14281
5.42046
5.14759
3.12059
3.07411
2.162
3.40783
3.67168
3.62898
3.08937
18.3778
21.4339
-4.78294
1.11208
-27.0994
3.60152
8.0374
-2.4959
-2.95744
0.957939
5.50336
-18.9206
12.9974
-1.88001
7.42855
3.37905
-9.5801
9.58823
-9.5136
5.51075
-0.756514
1.41986
5.23924
0.960696
-0.532392
-0.626664
-0.316996
-0.795103
-1.54442
-0.433597
-0.877497
-1.26069
-1.25208
-2.02032
-2.34576
-2.29148
-1.87426
-1.91784
-2.18991
-2.14576
-2.39436
-2.36659
-2.5779
-2.4496
-2.31374
-3.52881
-3.36601
-3.57534
-3.12939
-3.37876
-3.32367
-3.14393
-2.8233
-2.87069
-2.89087
-2.76017
-2.83005
-2.89249
-2.83159
-2.8498
-2.84259
-2.80601
-2.86301
-2.8578
-2.74731
-2.81446
-3.08835
-3.15032
-3.05581
-2.99404
-2.98053
-3.0571
-3.0675
-3.47107
-3.37711
-3.30972
-3.64854
-3.50957
-4.05554
-3.98765
-3.73374
-4.06278
-4.37432
-4.16355
-3.89036
-3.34968
-3.33669
-3.5432
-3.81631
-3.59523
-3.54142
-3.66145
-3.00165
-3.23354
-3.24149
-3.72255
-4.20133
-3.6785
-3.2933
-3.74202
-3.42406
-3.8918
-4.12223
-3.60321
-3.20039
-3.38617
-3.06522
-3.6695
-3.8669
-4.47747
-4.25048
-3.80171
-3.36251
-3.30729
-4.84764
-6.5578
-10.5417
-12.2454
-10.6433
-14.5573
-12.4899
-9.85518
-10.2987
-3.9064
-15.3584
-0.0449864
-13.1343
-13.3692
-8.20912
-25.3688
-14.2781
-32.6063
-19.2404
-7.00684
0.875502
6.5147
-2.09435
-8.55977
-39.1854
-7.38149
-7.09623
-7.30921
-7.06785
-6.02889
-12.1159
-9.74002
-6.13034
-6.2314
-24.4515
-11.1516
-14.0017
-8.75559
-8.69799
-10.7119
-18.6971
-1.14156
-1.54725
-1.5328
-1.79387
-1.56497
-1.42441
-1.68374
-1.08369
-1.33548
-1.2593
-1.65013
-1.58012
-1.62315
-1.42781
-1.72531
-2.19204
-2.09992
-1.96056
-2.16472
-1.81716
-1.73746
-1.24363
-1.01622
-1.20393
-0.989103
-2.07203
-2.20685
-2.42925
-3.78483
-1.68322
-4.85455
-2.32105
-1.55755
-2.83133
-4.07488
-3.94744
-3.08765
-2.06624
-2.48311
-3.16336
-9.21356
-8.08741
-9.25852
-10.7257
-11.0716
-12.8646
-13.8848
-3.99484
-4.11228
-4.7491
-3.76748
-3.95488
-3.85569
-6.37944
-5.80198
-5.81449
-7.12627
-7.09296
-6.21088
-4.42947
-4.21759
-4.54549
-5.32268
-5.4136
-4.84881
-4.66141
-3.59764
-3.55035
-3.78185
-3.3433
-3.46316
-3.3775
-3.42415
-2.76378
-2.9728
-2.60564
-2.57517
-2.66649
-2.63299
-2.63013
-2.80162
-2.76369
-3.43893
-3.09075
-3.10512
-3.04206
-3.04573
-2.91362
-3.05237
-2.19801
-2.27591
-2.38609
-1.83321
-2.04567
-2.75836
-2.55782
-2.99359
-2.53635
-2.58942
-2.74792
-2.6504
-1.57822
-1.62845
-1.40903
-1.5097
-1.70433
-1.5112
-1.28468
-0.214804
-0.432721
-1.07325
-1.38099
-1.67988
-0.490935
-0.508853
0.184297
0.106956
0.108039
0.36287
0.383465
0.297346
0.381966
1.11159
0.670483
0.410168
0.49721
0.789098
0.782215
1.29477
0.509252
0.733574
0.830075
0.822893
0.676158
1.04498
0.862034
0.886716
0.843009
0.743213
0.815858
0.438189
0.820351
1.36259
1.22404
1.47935
1.28668
1.45803
1.39309
20.1968
12.075
20.8687
1.21325
4.44255
3.20525
0.0938327
127.68
-37.1128
-5.44044
217.777
-27.3905
125.988
-146.127
8.41914
-102.446
22.2252
-154.428
79.5771
-31.7863
146.87
49.1521
86.4173
309.636
166.485
78.29
67.0277
83.8021
1.75747
231.362
60.5755
72.7175
65.3603
122.676
149.225
148.526
137.192
140.759
164.295
145.902
148.252
174.725
219.268
169.794
145.954
172.501
156.167
125.468
139.672
124.719
137.802
132.335
238.06
174.892
172.552
144.704
125.98
136.852
153.602
127.161
125.446
139.673
194.854
218.388
210.297
169.104
154.163
165.657
170.636
138.586
112.679
107.309
118.73
139.643
115.958
181.051
202.048
181.771
625.284
591.584
707.731
163.851
10.4807
310.03
333.164
296.941
469.109
637.565
480.546
261.116
641.191
325.583
430.26
866.258
685.607
696.57
1120.4
733.983
142.379
125.316
254.714
318.457
43.0912
88.3308
257.632
376.719
86.1978
167.23
156.462
441.707
300.468
89.0634
141.485
225.864
79.132
47.8893
150.941
136.628
71.3819
20.703
95.4955
11.4747
12.303
11.1033
10.7966
8.9663
11.5389
9.96847
9.31136
9.21
9.51047
9.55865
9.07246
8.02984
7.85655
7.64291
8.52853
8.68714
8.16282
7.97773
8.6805
9.04205
9.98271
8.17152
8.67723
6.40232
6.49159
6.59622
6.76121
6.646
6.63101
6.52741
7.10488
7.2113
7.10307
7.02166
7.07575
7.1261
7.05397
6.64908
6.46488
6.37677
6.66442
6.89653
6.14883
5.97673
5.66995
5.74999
5.89071
5.41666
5.47968
6.89511
6.598
6.1888
6.63411
6.55325
5.61687
5.86537
5.03271
4.87899
5.22998
5.02892
4.9189
4.6376
5.23766
13.5251
21.5291
16.3782
10.596
6.64906
5.67521
-7.29755
-1.63059
-1.58744
-1.92386
-1.78094
-1.73235
-1.64787
-1.84157
-3.61283
-3.45516
-3.74205
-3.18398
-3.40932
-3.15638
-3.33377
-2.94204
-2.8631
-2.81399
-3.33614
-3.14726
-3.2495
-3.29337
-3.81285
-4.00644
-3.8804
-4.1621
-3.94742
-4.02851
-3.78576
-2.54261
-2.41922
-2.5856
-2.60171
-2.60425
-2.38843
-2.50306
-2.56275
-2.44896
-2.36767
-2.22085
-2.30442
-2.3236
-2.4199
-2.51403
-2.33305
-2.42574
-2.38002
-2.25274
-2.41482
-2.51036
-3.66671
-3.46307
-3.53648
-3.9632
-4.10322
-3.79993
-3.80257
-4.26533
-4.6613
-4.51732
-4.68196
-4.32189
-4.50641
-4.82167
-4.93299
-4.66369
-4.88099
-5.01731
-5.30224
-5.60751
-5.66187
-5.66036
-5.71318
-11.9459
-9.41863
-7.99289
-25.5346
-42.8585
-27.6087
-34.4454
-18.1085
-27.9418
-40.7387
-47.7636
-26.5165
1321.07
1426.71
1395.96
1402.04
1410.21
1400.59
1430.47
1434.88
1402.42
1398.67
1408.06
1426.77
1393.16
1404.11
1372.81
1394
1364.71
1273.3
1370.88
1408.19
1365.85
1267.11
-29.0692
-21.6726
-37.2728
-23.5562
-19.4911
-24.9826
-23.0271
-16.7181
-22.9446
-20.4071
-46.4056
-23.9251
-25.2568
-5.30484
-4.22808
-4.16671
-4.3431
-0.938378
-2.14806
-3.43242
-198.634
-208.678
-144.143
-201.34
-224.184
-96.9196
-127.247
-56.8744
-33.1239
-30.2492
-28.2623
-34.6041
-64.654
-2.46526
-2.44081
-2.93649
-3.04334
-262.868
-189.08
-239.108
-518.326
-535
-507.959
-509.489
-483.351
-509.571
-518.033
-493.389
-499.628
-484.757
-501.795
-501.89
-493.032
-479.703
-501.738
-516.66
-500.043
-481.432
-460.698
-525.633
-540.323
-530.909
-489.186
-520.145
-515.397
-541.713
-521.531
-509.322
-505.416
-528.646
-518.215
-510.176
-512.705
-511.261
-485.305
-502.667
-503.608
-523.264
-546.824
-532.039
-531.805
-521.335
-515.377
-460.398
23.1161
-7.5362
-36.4652
-47.5331
-35.9165
-60.0234
-41.326
-170.006
-103.421
-105.099
-120.226
-138.383
-86.2223
-123.446
-162.301
-134.936
-3.71742
-3.82353
-3.86855
-3.83392
-1.68225
-1.96517
-3.53633
-234.904
-186.231
-226.74
-137.344
-184.506
-154.735
-218.125
-120.655
-138.151
-202.236
-3.0575
-3.51791
-3.20142
-6.84612
-8.48694
-15.5277
-13.341
-4.05413
-26.3393
-7.34756
-10.3301
-29.5356
1762.98
1912.02
1845.28
1872.99
1831.22
1890.03
1948.29
1960.37
1873.54
1858.43
1872.69
1910.45
1686.96
1873.91
1927.81
-24.1615
-8.07403
-14.5577
-20.6221
-7.17821
-11.8619
-2.32916
-2.41277
-1.92378
-2.45578
-1.05522
-1.74827
-1.73927
-0.944804
-2.50175
-2.57405
-2.73992
-2.70646
31.4524
-1.41304
-1.80366
-8.05289
-1.95868
-1.39251
-3.95878
-6.79794
0.833171
1.74058
-0.69419
0.581015
-1.38232
-1.47392
-1.49079
-1.37718
-3.33847
-3.43016
-3.20383
-3.31685
-0.594422
-0.511115
-0.555591
-0.529432
-1.79405
-1.54349
-1.56152
-1.57924
4.91408
4.70968
5.65279
5.43877
-3.64529
-3.4929
-3.85393
-3.81569
-0.506173
-0.409827
-0.471745
-0.388816
-4.34935
-4.47574
-4.30759
-4.5039
-4.07345
-4.12801
-4.01129
-4.10137
6.33209
6.27538
6.38
-0.926145
-0.783423
-1.08011
-0.969707
0.888192
0.376514
1.40652
0.402864
-0.433577
-0.234628
-0.327101
-0.181488
-1.44198
-1.2183
-2.24717
-2.12384
-2.31984
-2.44403
-1.38894
-1.38554
-2.14154
-1.97846
-2.52527
-2.29305
5.50049
5.53362
5.11874
5.18112
-2.37457
-2.05215
-2.88953
-2.46133
-2.96039
-2.98944
-2.96435
-2.98526
1.22363
1.5804
1.57934
1.70302
3.04186
3.32826
3.73614
4.00212
-4.26744
-3.87554
-4.3384
-4.29343
-1.48373
-1.81582
-1.37568
-1.70884
-4.23378
-3.94198
-3.29586
-3.14118
6.94555
9.46072
8.5603
13.2823
-3.73738
-3.5132
-3.03419
-3.1073
-3.454
-3.07056
-3.00842
-4.8848
-4.06637
-6.31158
-4.41892
5.75094
5.77052
5.82613
5.87
14.3115
20.2576
9.36018
13.1965
-8.14381
-13.4964
-7.49646
-10.1037
10.4245
10.2869
13.1449
12.8057
19.2783
32.9879
57.9729
85.9997
22.9817
-1.32413
34.5394
32.2799
-3.2611
-3.44318
-3.4246
-3.69613
-3.21069
-3.11042
-3.18908
-3.12423
-2.55329
-2.43044
-2.95147
-2.82407
-12.7383
-15.0715
-7.12377
-5.18241
33.9686
41.7796
19.4187
14.5654
1017.34
697.779
353.019
133.438
-3.93441
-4.25134
-3.99858
-3.92429
-0.914447
-0.0403866
-0.671419
4.54206
-9.90793
2.118
2.3421
2.13885
2.53913
2.51927
2.56495
-2.88701
-2.91991
-2.9198
2.40832
1.13792
-3.87177
-2.9289
1.40395
1.67359
1.61185
8.6583
1.13202
-1.01325
-6.02682
-1.93212
-4.38347
10.686
10.5907
12.7173
11.6062
8.36145
-4.68738
-4.72865
-4.28172
-4.40685
-4.03746
-3.96475
-4.05698
-3.9255
-4.35988
-4.18823
1.09096
-1.52039
-5.13401
-4.32799
-3.59131
-3.21285
127.658
-4.06677
90.6523
-0.0618073
-1.70027
4.76216
-0.91595
18.9484
6.75009
30.6123
-1.80789
-2.52556
-3.68449
61.3213
6.43989
-1.79141
-1.29887
7.89399
-3.11046
3.87234
-1.78272
-3.0874
-1.8572
-2.66274
-20.0422
-5.79532
-3.61532
-4.35458
117.828
5.64499
-0.752017
-3.26504
1069.96
-15.9202
1179.63
-1.72729
987
891.204
804.63
-2.96392
-229.47
1218.68
985.697
272.177
914.895
184.928
180.764
4.26946
155.119
204.232
124.719
161.732
139.127
-11.8771
127.073
157.257
449.132
5.28282
410.025
421.288
328.539
203.078
-3.02911
37.2115
64.9885
-2.80174
45.2743
10.5383
296.103
26.7125
-3.43568
17.0069
137.465
-16.2088
227.549
9.77032
3.38865
28.2603
-6.02805
2.84409
6.36821
-7.26283
-1.23442
23.2506
-17.6332
-14.1349
7.06236
273.762
10.6223
4.55326
6.67482
156.154
293.515
5.43326
5.32935
5.12194
6.90821
4.74961
5.95801
6.18394
8.97041
4.83961
7.25809
178.585
2.34261
-3.53516
4.82838
4.77723
4.26617
4.77567
5.59545
5.25328
5.0029
39.8951
3.89028
3.5517
4.12644
3.28378
3.14064
5.61111
5.87023
-18.1284
-4.66461
5.29417
-2.77291
7.18317
1004.29
3.58849
15.7763
15.4743
28.579
14.7064
-1.07705
14.5874
9.85875
9.61019
8.37039
5.82715
6.51061
90.9246
18
29.7663
-9.34161
29.8167
-2.14864
8.7014
310.361
5.0831
6.60188
-4.09222
-3.05285
-1.80482
6.01614
-0.493432
-3.34236
6.63463
-1.62518
14.0047
6.09801
18.1282
3.27626
-3.37271
-3.62384
5.54594
5.61098
-4.00263
20.0171
-2.0147
-40.4782
5.56751
11.8464
2.29855
5.09324
5.77901
467.089
4.65915
5.72862
5.88249
3.41526
2.82848
2.65914
7.44773
2.65191
5.72554
5.03699
5.16043
-4.79629
7.15717
4.10648
2.92585
-2.66255
2.70065
3.72551
5.21903
12.2541
-0.711224
2.79264
-1.41981
3.63802
4.37063
3.87347
4.29078
485.046
20.1187
4.62156
5.59472
592.133
4.52336
4.25396
4.20627
3.52678
6.88935
8.49525
13.2897
119.527
1.78723
-5.21206
1.51991
-4.02455
3.05221
3.85251
2.7363
3.70337
-2.95757
-3.16295
-11.6368
3.38081
10.4987
3.11682
8.98246
-0.073725
16.6082
10.4724
4.66262
4.70089
78.0352
-2.71066
5.04093
5.74224
12.7964
13.6514
33.3443
448.258
157.945
175.924
24.4241
109.497
2.51032
21.9735
40.3835
5.99705
47.6276
7.60683
-1.47509
-3.34543
-2.86062
48.4385
4.41151
56.0598
21.6055
83.9874
13.4878
57.5672
488.063
858.01
0.690692
114.177
0.365493
8.57406
0.180738
-0.785873
-0.682494
-0.693408
-0.917474
-0.744789
-4.92991
0.0337487
0.059922
-0.641945
-0.777226
-2.19082
0.278756
-0.260452
-0.814031
-0.197574
-0.335143
-1.72851
-0.602779
0.418183
0.32971
-0.436144
1.03587
20.0201
0.360743
0.30486
-0.299501
-0.26561
-0.0595946
0.508828
2.03277
2.16466
14.825
1.3439
8.46979
-2.4589
1.7666
-2.59072
-0.140099
1.76698
-2.66841
4.16295
2.04464
-0.371241
22.4834
1.67008
6.02368
-2.87101
0.213737
0.717544
1.44136
5.10638
-4.3419
1.12471
121.814
-8.05015
5.57035
33.7099
1.30653
1.16005
0.534353
-0.505213
1.43538
1.3464
1.4631
-0.00474879
13.4972
2.17081
1.4555
-2.86646
-1.26806
-4.07055
654.028
172.093
1580.86
-3.12406
0.173129
13.3508
1.63684
13.6139
-0.035245
5.79304
1.34964
4.44241
-4.16593
9.54429
1.78218
4.13322
4.36294
1.09598
1.09697
-0.587732
5.53377
2.28836
1.42757
7.42766
2.08116
2.14347
-0.215801
3.40409
6.14638
1.6555
0.96391
-5.00376
-3.69144
-2.67006
1.56492
1.71371
-1.03344
0.0825947
1.73552
0.50785
-0.228024
4.67173
0.224268
-3.21746
7.64081
-3.22859
-2.57489
2.30736
-2.88738
-3.27367
-3.71614
-2.35782
11.9734
-2.14101
-3.65054
-2.78758
-3.57345
-2.68019
-3.45696
-1.1705
-3.79441
-2.96688
-2.85362
-2.87374
-0.585657
-2.80008
6.98327
-6.76571
-5.10545
1.95173
9.511
-4.06822
-1.52799
-3.67177
-2.7684
-4.12314
-1.64712
-6.65641
-1.28654
-6.54605
-6.40915
4.62186
-5.9065
-4.45932
-3.58638
1.11168
1.37258
6.12113
2.04603
-2.86166
-2.7012
-8.74026
-3.68373
3.37562
0.457036
6.80721
3.31945
-3.78039
-0.292719
0.198686
0.0909307
0.90951
4.68237
-0.948278
-1.92845
6.02389
6.25318
-1.00135
0.435956
2.16299
-1.61902
1.52839
-2.79973
-2.29501
20.6953
1.86671
1.1883
-0.39225
-0.650084
-2.58119
-1.44157
129.41
7.65613
-23.2312
-39.5643
-15.579
-35.0885
-20.6893
-16.0706
-0.588843
-3.36693
1.57962
5.94544
-3.87041
5.12913
-3.17886
-15.2687
-4.92858
71.0971
-2.23314
7.22363
-2.87918
-1.1732
0.120054
7.47377
-0.875897
-0.03203
12.3354
121.012
14.7205
6.23161
-11.8079
-21.0668
-11.4193
4.41503
-2.40435
-1.77117
-21.888
-3.22066
-114.992
6.12225
-128.406
-103.652
0.902757
7.04371
-2.3408
-2.0716
-2.44735
-3.32702
-3.01503
1146.42
1.47522
-2.95904
-1.61077
-2.4006
-2.5881
-2.28409
-2.02782
425.046
11.75
-1.2523
-3.2698
6.00231
4.95241
16.5393
-1.86685
-2.97476
-1.72551
12.7824
-0.448211
-2.34311
-1.77087
-2.34057
-2.46343
-1.46331
121.448
-5.27921
71.4286
-1.84048
-6.87874
-1.38464
-60.7351
-2.91939
-2.77629
-0.976353
-1.977
-2.33848
-2.45591
-2.95787
-2.2292
-2.74221
-2.00691
-4.7682
-1.36453
4.72921
-2.17583
-2.53232
-2.74794
-2.52712
140.424
0.53818
-2.5785
11.9906
414.601
-4.31388
0.575761
-2.14933
-3.495
-2.28373
-3.89081
-1.71899
-1.96565
-1.21828
-3.32047
-3.55279
-5.34102
7.93873
-3.36473
4.67421
19.1668
-3.52808
7.39518
-28.3303
-3.32345
-3.02139
-3.20785
-2.37164
-2.51108
-0.866593
6.85948
-2.9591
-2.26086
-2.5184
-1.79981
-0.818185
-8.19185
-2.47328
-2.47723
-2.76582
-2.68384
-1.74918
-2.07127
-2.28562
-3.43456
-5.31272
-2.77703
-2.79912
-2.86565
-3.12698
-1.92152
-2.80007
-2.85568
-2.83071
-3.33671
-3.64323
-3.87801
-3.19847
-3.44214
-0.953325
-2.82846
-2.66761
-2.14932
6.36175
5.29968
-3.90059
-1.73781
-3.40058
-4.48386
-3.22936
-3.35204
-3.93792
-3.4291
-2.86723
-3.20329
-2.52395
-3.26191
-4.07105
1.56584
-3.39971
1070.92
-2.33663
-6.02377
-2.59837
-2.69696
-3.50633
-3.06018
-2.04489
903.973
687.637
-4.14189
-6.2298
-7.90914
-5.43258
-5.57212
-5.19454
-4.70592
-3.01174
-4.44031
-4.84359
-6.82351
-8.08335
-4.08924
-4.24945
-4.13058
-3.00774
-6.6712
-2.94351
1.15809
-7.1132
-3.48458
6.9781
-6.46236
-2.67695
2.16388
9.40754
-5.24063
-3.61613
-2.76863
-1.15428
-3.8543
-5.02015
-4.44596
-4.7612
-3.30596
-3.14893
598.256
-3.95719
1.509
-2.8296
-3.73869
-4.79016
-3.97971
-2.90239
-2.93341
-2.94807
-3.08527
-3.00183
-2.90733
-2.99891
6.16029
39.0288
-2.72101
-2.35176
-0.0256423
-3.39955
-3.00779
7.28204
-2.86541
-1.85284
-2.29716
-2.92131
-2.95539
-3.26665
-3.06408
-2.94828
-1.58808
-2.90983
-2.5009
-2.80905
1.73771
-4.25487
-2.91687
-2.8917
-2.88764
-2.84546
-2.93645
-1.9767
-2.99712
-2.9342
-2.83124
-2.86574
6.37425
-2.88978
-2.87636
-2.95686
-9.17647
4.19692
-2.76791
-2.77759
-2.731
-2.75899
-2.80239
-2.79858
-2.45841
-2.72219
-2.9846
-2.94311
4.02845
-2.31145
-2.95365
5.84274
-1.64244
-2.77994
-4.05825
-2.48198
-2.96634
-3.06219
-2.98517
-2.55969
-3.08697
-2.61283
1060.84
11.5964
-8.48147
-4.45658
18.1785
-4.86814
-2.02091
155.795
792.959
-2.64803
-3.31751
-2.92047
-2.86886
-3.03531
4.11631
-2.6865
-2.9643
-63.6054
-2.94606
-2.72225
-9.57888
-2.02751
4.41039
20.4759
-123.608
-3.89302
-3.19961
9.28938
-3.17261
-2.98165
-3.13289
-2.80943
-2.58036
-2.23555
-3.05746
-3.45333
-2.4568
-1.32975
1.74781
-2.31188
-0.743208
-3.20331
-3.66955
-2.88614
-3.25644
-2.71655
-3.41437
-3.46001
-3.77998
-4.01309
-3.32359
-4.30436
-3.59141
-3.68781
-3.76842
-3.06589
-4.09582
-3.34959
-3.68909
-2.91657
-2.05495
2.40925
-2.28972
-3.05984
-3.05243
-2.92761
-2.81811
-2.97963
-2.2521
-1.56917
-2.72743
-2.08703
-2.75774
-3.39736
-2.79061
-2.18833
-1.5916
-3.8236
-2.59086
203.907
-2.95566
-2.46252
-3.57608
95.699
-2.04935
-5.46588
-3.10627
-3.32896
-1.61864
-1.77892
-2.87316
-1.77155
-2.67779
7.27873
-4.88606
-1.55467
-1.78894
-7.60864
6.3163
-1.09988
-2.76849
-1.54177
-5.00775
-1.418
-1.6361
7.3699
-1.08141
-1.63197
-1.23903
-1.51162
-2.06483
4.51681
5.69172
-1.95977
-3.65146
-1.55248
-0.560511
-1.62239
-1.14247
-0.750822
-0.958031
-2.02582
-1.11995
146.096
-0.663609
-1.82738
515.361
-1.75009
-2.25379
-1.78939
-1.07869
-1.6931
-2.97346
-5.57656
-5.81014
-0.0577196
-1.44804
-0.662232
-10.7172
-1.7918
-1.60626
6.8099
27.3818
7.31561
15.8611
-3.11734
2.76865
-1.80281
-2.54345
-5.06181
-0.403147
3.52813
0.312867
0.822139
1.54045
1.84548
-5.00902
-3.51219
-6.13328
0.308489
0.946686
0.27438
-2.4567
-1.38232
4.70469
-6.11584
3.41682
10.7653
-2.00312
0.369164
-1.58292
-3.77009
-5.42177
-4.99123
1.76051
-2.05186
-3.50919
0.123863
-8.20294
-3.34432
-2.06166
-3.29799
-9.30344
-0.469941
-5.02497
-2.47407
-1.28333
3.84856
-3.46165
0.327143
-2.76232
-2.77497
-3.60231
-1.86664
-2.88373
-3.56831
-1.6133
4.32306
-4.32616
-2.8126
-2.71848
1.86569
-2.34093
-3.73683
6.38948
-0.713774
0.239752
-3.9537
2.71952
-1.46523
-4.67565
0.0266858
-1.11553
-5.57197
-5.69415
-3.63461
-5.85773
-6.02483
-4.72711
-3.0015
-1.77359
-1.10268
-0.363804
-3.13402
-2.93243
0.895928
-2.81453
-3.46129
-3.06764
-4.38733
7.82242
-3.29219
-3.44443
2.19091
6.44142
-5.5193
-14.543
-7.7233
-8.97212
-7.94143
-4.90467
-6.59164
-2.97345
-2.92386
-8.22361
-9.14856
-3.76574
-1.52207
-3.19789
-11.2512
-11.3854
-9.75562
-0.222058
-9.18422
-5.48838
7.7548
34.2968
-3.69013
-2.91283
-10.7666
-9.48353
-10.2391
-29.2738
-373.314
-7.51103
-2.80699
-2.96703
-2.85266
-2.48522
3.209
88.1242
4.44185
-1.99278
-2.79548
-3.14844
-2.66495
-2.13503
-4.29854
-2.87794
-3.18701
-2.8504
-3.85327
-3.11301
-2.40628
-3.72645
-2.89076
-2.46771
5.31846
6.66283
-1.78986
309.72
-0.539522
1.04519
6.58143
61.8473
1.34463
33.0027
6.77445
-3.82054
-7.10264
-2.68874
13.7897
11.9515
-4.4735
11.6504
-2.74077
0.734333
-0.0361696
-1.42555
-37.3197
6.50181
1.25857
-2.51968
-4.38548
-11.2617
-1.7395
-2.67586
-0.0421289
1.78746
-2.22586
37.9363
-0.296382
-3.88056
-5.84956
-2.97636
-2.87566
44.7735
-2.40145
-2.86936
-2.44404
-2.98565
-2.91811
-2.91154
2.23879
-2.72406
-2.89196
-3.41356
-2.57091
-2.91636
-2.69813
-2.80552
-2.86979
1.65466
-2.84776
-2.68313
3.4387
-2.93371
-45.5824
-2.86712
-2.92366
-3.17838
-173.2
-2.98584
-2.98008
-279.234
-2.74122
-3.02827
-3.10583
-2.33883
3.63167
-2.97381
-3.20948
542.337
-3.01634
-5.45592
4.37712
-3.14496
-3.05723
-2.94919
-2.94835
-3.14306
-1.49062
-3.04801
-2.88234
-2.93554
-5.24083
-3.56967
-3.08941
-2.96121
-3.32118
-3.33617
-4.35483
-3.25088
-3.85454
-3.25435
-2.57732
-3.38436
-3.17384
-3.50036
-2.77182
-3.93068
-0.846864
-2.22825
-3.68423
-3.3433
-8.13995
1.05793
-1.23124
7.02952
-4.23213
-2.80901
-0.226794
-6.08051
-3.06034
-7.88877
-3.51175
-2.98273
-8.37532
-5.12668
-50.3745
-4.53024
-5.86275
-3.46662
-3.30134
-3.52541
-3.66765
-2.9658
-1.66988
-3.40585
2.58359
-2.72821
-3.74895
-2.98096
-4.22173
-3.70334
-2.55302
-1.43542
-0.805416
-1.11245
-1.70843
-0.842817
-1.82319
-1.97664
-2.65882
-3.22924
-2.65671
-1.26224
7.3038
-10.9871
-10.8329
-5.33722
-4.14568
-2.84104
-0.768907
-3.80208
-4.07266
-4.02999
-0.840128
0.118868
-0.278842
-0.0142548
-1.16797
2.04538
-7.53696
-6.6959
-4.11885
296.518
-3.61723
-3.54655
6.17333
428.089
-5.70288
-5.53482
-5.4848
-4.02603
-5.11471
-4.50175
10.218
-5.45059
-6.14371
-5.2198
-3.1292
-3.38664
-3.9452
-2.6878
-4.24438
-4.28455
-4.10999
-5.08851
-5.31473
-5.00786
78.8119
-2.26507
-2.82399
-7.28192
27.228
-4.3402
-4.33973
-18.4121
2.2108
-1.26545
1.41269
-6.177
-3.10511
-4.34662
0.634076
-3.05192
-3.57019
-15.7518
-3.27591
-9.18161
-17.8571
-2.13383
84.5802
-14.6245
-2.93882
-0.664897
-3.05454
-1.02682
-4.98962
74.6025
0.688909
1.89468
1.03191
-4.18816
0.460949
0.130988
0.989401
6.20456
-4.9423
2.34127
-4.28772
-1.09314
-3.77107
-116.266
4.90222
-5.7532
2.46975
-4.05463
5.49327
2.66406
1.81233
6.4616
5.40013
6.22687
6.00276
11.2857
6.77821
5.04447
38.5474
6.82071
60.1088
9.52361
39.0419
6.89541
3.83366
5.7977
4.61893
4.72187
-0.989946
-4.50129
1.98224
2.3785
2.58281
4.46099
4.14734
-3.08902
4.6502
-4.07453
3.94194
-3.0598
96.1303
-4.41362
3.46005
3.57031
1.90964
2.18892
0.94186
2.9571
2.95332
-2.78218
-2.73893
3.73251
1.69889
1.44644
4.78919
4.89865
5.00619
1.61373
4.1817
4.02153
5.20846
5.21803
5.56693
5.14288
5.71031
5.652
4.32834
4.38062
126.282
2.38641
-3.33322
4.08996
3.53901
11.2889
2.04031
1.58983
4.3922
6.98842
6.80069
6.9108
7.16969
7.33916
6.7345
6.7705
2.27001
6.92333
6.44129
-2.96081
6.85861
5.15925
5.96417
5.99201
6.71847
6.2011
6.10789
5.52959
7.0172
6.21718
6.41943
6.49136
7.05585
7.46328
6.86888
5.63574
5.78366
34.5063
27.3093
-3.85914
-1.15116
5.80753
51.2766
14.7003
17.495
9.00205
9.70408
5.68155
4.13908
7.38254
14.0114
-2.99463
4.12704
7.23667
-2.96691
5.41636
7.50171
5.25142
5.64009
23.473
-1.51146
3.09372
6.26287
7.47195
14.4455
5.36781
113.749
3.66545
5.77979
4.99724
174.389
2.95793
5.80083
7.22285
146.975
4.11381
137.505
114.071
124.8
137.482
114.075
115.652
3.92478
6.11579
124.349
132.32
6.03457
0.392998
116.092
149.544
179.782
236.65
55.5726
99.6054
68.9897
119.341
78.7844
116.891
94.3168
100.221
-3.32806
156.843
92.0506
261.483
108.918
137.015
122.554
57.4683
31.9759
110.063
23.1242
6.75395
1869.99
1601.34
1711.07
44.2935
5.87393
128.821
182.142
662.966
413.477
528.519
-2.56593
227.578
83.3338
81.203
170.723
329.433
24.9018
136.202
158.789
115.128
54.8257
68.2493
246.732
-3.7689
22.3205
32.1403
19.3283
269.296
11.4429
10.3686
10.0758
12.6008
-3.78631
27.5674
10.4783
23.7034
112.662
7.83813
5.63349
1.93982
1.12196
-3.4575
448.676
2.10956
7.46499
6.95227
7.6349
7.56255
13.3419
-9.71826
6.74796
33.765
8.72912
0.99228
7.55605
7.60512
7.40715
14.4876
8.12106
428.408
234.669
8.36576
-3.7296
8.01735
12.5647
7.34502
7.78479
7.56947
8.83574
7.63871
18.644
2.79006
7.48179
7.37582
7.51903
7.4452
7.14463
3.39749
17.0704
8.84947
8.63061
7.98899
9.60551
7.82134
7.82155
7.1398
7.25475
7.53257
8.1558
7.1989
7.4954
7.15109
7.03954
7.16145
7.1268
7.12324
7.01894
7.08113
7.04885
7.47028
7.5557
7.30958
7.27233
7.22933
7.61277
7.15586
7.09212
7.12511
-2.60207
10.1614
34.3617
78.3656
7.47654
7.09456
10.2781
8.91599
10.7063
6.98577
-3.43011
6.62364
7.08159
6.22844
55.0462
7.20167
6.17926
11.4675
33.1313
7.14148
8.52512
38.1414
9.35869
7.71121
6.0216
11.7007
11.9492
65.2082
12.4481
11.7419
9.52418
33.428
9.23175
5.69705
7.14621
4.78116
7.18311
7.504
27.3055
7.17216
7.18859
70.3371
7.32869
7.13603
76.7473
20.3604
40.947
2323.54
-2.91329
-3.45931
580.12
689.864
23.2417
179.109
14.3591
74.902
22.724
44.7155
-1.72019
-2.00037
6.09284
7.18457
7.3354
7.30007
7.3545
7.37654
89.7288
7.20219
7.46767
7.4322
7.4389
7.40877
7.50016
-3.38347
7.2795
7.34081
7.75531
7.5377
7.50222
7.33417
6.85525
7.26005
7.55891
7.52945
11.802
7.91455
7.3938
8.19794
7.29524
7.05692
7.09833
96.7831
3.13129
4.83097
88.1576
7.25021
7.98075
-3.65962
7.52232
30.8391
1.64001
895.546
-1.79422
1.25481
29.753
4.31529
9.75027
1.45995
-20.2275
107.621
-3.05311
7.43954
7.19136
5.31829
3.04455
-2.92795
11.4421
5.20272
6.48569
-3.94931
3.66441
7.67101
6.93337
4.87593
1.75857
4.69585
4.7722
0.767178
8.17505
9.38713
8.15775
0.950583
0.0952374
0.862674
4.62049
5.24821
3.34493
4.59331
5.21578
8.0522
0.707335
10.2459
-5.03379
-0.214472
0.365218
5.46126
-0.229283
2.75536
8.32529
-7.75454
-1.70489
-4.15519
-2.83546
-10.0034
17.5612
3.44497
1.73488
4.00499
-3.02769
5.50688
0.949391
3.82118
-2.63796
0.469889
4.87255
4.23016
-2.39479
6.36932
6.50015
6.4859
6.68832
1.52852
6.06129
1.22002
-0.631951
6.57801
4.23582
6.64404
3.05104
6.41866
1.04354
0.320439
2.55068
-5.37041
4.18882
-0.804939
-3.10564
4.29344
-2.78237
3.02625
-2.69327
-132.861
5.27295
5.40977
-2.98515
4.72104
3.23753
6.45134
6.30436
5.78551
6.53074
7.34897
8.04525
6.55692
6.27865
5.75727
6.51948
-2.54081
6.49053
5.38069
6.30801
6.4996
9.33077
15.4651
6.70268
6.31211
6.75397
7.43812
12.6703
13.0663
6.69991
6.5424
1144.56
-5.57261
6.6976
6.91568
6.8709
-0.933023
-2.85891
6.95929
-0.585505
-4.63905
5.05053
2.62356
-3.2299
5.90129
6.94728
6.10953
6.69731
7.96631
6.35872
-1.33797
6.89866
-3.66193
6.33731
6.29477
-3.14436
6.25614
6.4872
16.4297
5.88657
6.42517
6.21321
-25.4947
6.25814
6.29642
1.78061
6.7553
18.4109
7.1658
0.0862171
1.05164
0.970836
6.02919
2.48106
6.41627
-6.23207
2.24334
-8.30794
6.28639
-7.67111
6.86481
6.10579
6.26719
6.51493
-6.76645
3.86481
-2.87101
2.59378
-0.107046
-1.19081
2.18365
9.67122
6.17823
-3.17616
-1.07439
3.34741
1.74491
7.21313
4.88844
-24.7129
10.5172
59.127
9.57326
3.8533
7.49726
16.7663
-5.65736
7.18813
-3.77537
6.99909
-0.608345
234.495
5.95767
7.09143
2004.68
6.28886
7.47113
23.4764
7.80591
38.8783
42.3197
5.77524
28.7131
7.59148
4.57669
2.78583
53.2324
-312.163
7.24376
29.208
11.1599
5.57964
8.64894
7.18612
11.0566
7.84987
7.23787
88.1418
7.24537
6.98554
13.9601
7.22263
-3.00496
7.56411
8.57571
-1.33954
6.90453
6.65342
7.16564
6.37319
6.38819
-2.92247
9.40244
7.53804
7.60333
6.37978
7.31029
7.63031
7.46479
5.62164
7.38362
12.0999
24.0623
116.743
7.61251
7.07766
7.51319
8.25148
42.3861
9.35519
7.13229
7.19691
7.1784
15.0326
-5.80607
6.68826
18.3859
3.29591
11.1519
7.94122
11.1377
16.9437
231.45
-1.2238
18.3103
-29.9003
944.35
58.8603
14.2721
670.385
5.81462
8.15242
7.29477
58.2933
13.8215
683.702
-6.68534
122.297
102.914
1488.12
303.711
160.09
74.4635
-7.35701
-13.821
1188.5
4.89958
7.07911
136.88
136.976
6.47285
62.1135
987.432
126.79
1041.63
5.82872
92.5183
1129.58
6.74004
6.49168
16.8973
5.96337
7.07051
6.15149
7.96754
6.45333
6.26652
6.96499
7.20735
6.46393
5.34071
7.40423
3.62164
2.82582
7.13653
6.55627
5.78208
-3.73788
6.9704
3.12645
2.09475
4.09732
4.05149
7.16717
5.11886
-3.48021
3.54954
4.92
3.17607
3.60609
5.66339
128.897
133.815
-2.38681
5.76826
4.43455
3.73169
6.02032
2.98318
5.70032
5.9666
2.47719
-21.0978
-5.10086
-6.37919
-2.46589
-3.03781
-2.5289
-13.0981
-20.8144
-18.0306
1275.51
-20.2185
4.664
-0.177945
-2.05217
-0.903534
3.28516
-12.1165
1.87911
-1.43907
-4.15732
5.39862
-5.36529
-0.373803
5.1124
-12.4713
-2.51803
0.796597
-2.86799
5.02588
7.00005
-2.50004
7.68046
7.10964
6.34956
8.39917
1308.19
-2.86675
-3.72051
-2.78145
540.506
-2.89588
3.47527
-2.07842
379.179
-3.33471
-2.95262
-2.77959
8.78427
-2.86421
-4.52849
168.048
4.89694
-3.88817
-2.87661
1.17403
-4.20274
-1.88737
-2.86999
-5.1575
-2.95515
-3.10608
-3.81441
-2.87414
-2.85387
-1.83902
-1.72217
-2.81372
1.99713
-1.43398
-2.04113
-1.20046
4.04233
5.92753
-1.05061
-2.73233
-3.37975
-1.42815
-1.5534
-2.78073
-2.20472
-1.65454
16.3942
-3.07466
-8.22974
3.39896
-2.92311
-2.97317
6.68875
-11.382
-3.11192
3.5446
-1.77396
-125.646
-3.09458
-2.32579
0.882205
-3.64412
-0.53932
-6.30486
-2.33465
-2.71939
5.37768
-2.87031
-2.37691
-3.85715
-3.01082
-74.2343
-5.88194
0.350823
-2.8169
-0.914833
-3.99632
-3.77347
-2.15993
-2.05144
-2.48713
-2.06722
-239.044
3.72174
-2.53914
-2.79419
-1.86867
1.6948
-3.51269
99.1639
-4.31265
-6.72903
-3.66016
-2.59685
-4.454
-3.34316
-3.14838
-3.35034
-3.04543
-3.39404
-3.16169
-2.90651
-5.60613
-2.79563
-5.43299
-3.17865
-3.54995
7.56857
-3.42419
-5.13855
-18.8903
-10.8158
-12.4999
-8.80607
-0.190213
-10.2596
-9.77795
-274.257
-3.04808
-3.76338
-5.50546
-3.32977
-2.17706
-4.15284
-3.37148
9.28082
-4.37924
-2.73986
-6.32055
-3.21462
-5.77521
-2.50012
-2.81335
-12.6016
-2.84672
-2.89448
-1.75709
-1.35314
-3.26376
11.708
-1.90082
-6.83491
-9.99912
-3.81851
-2.54686
-4.38
-10.5407
-7.63623
-1.35193
1634.05
-6.75986
2.68035
-4.06098
-1.88541
-4.76928
-2.51304
-1.89692
-1.88384
-2.25364
-3.00789
-3.39362
-3.04889
-5.42785
50.743
-2.05061
-7.60336
-3.24043
-4.09166
1.20128
-4.26331
1.30123
-1.12014
-0.147634
-2.7069
-3.92493
-2.03845
-56.2194
-2.59635
3.53967
1.12078
-2.84768
442.912
-8.77039
3.59586
-2.73755
-6.13288
-4.69011
0.891739
0.478613
-30.4171
-2.73684
-3.33669
-16.6197
-14.3021
4.46924
-2.82659
-5.19682
1.59639
-3.07076
-3.45277
2.03941
3.02853
19.2291
-5.05651
-1.80913
5.87039
0.161561
107.518
-3.30718
-3.94168
-1.86351
-8.65001
6.30309
-0.374183
3.19571
-2.68435
-1.91732
-3.95764
-3.06185
-3.43285
0.259784
-2.20555
-3.61859
5.01101
-6.59491
-3.17754
-1.78036
-2.96296
-1.27927
-1.29015
-4.18242
-0.127754
-2.20408
-2.51791
-0.375744
-3.47641
1.79099
-2.57373
-2.68862
3.93344
-2.01186
-1.69712
-2.05439
2.83958
2.65568
-3.94349
-3.51907
1.62374
-393.777
5.60714
4.39056
-2.82007
15.049
-3.64622
-3.64554
-2.80677
-2.89559
2073.55
11.3221
4.19001
75.0412
9.41374
-2.21331
323.374
-3.20576
7.13309
1086.08
10.0095
8.10127
-19.0188
1493.24
16.047
-2.09333
7.26652
6.5178
-3.00444
-3.14956
26.2831
-0.903532
5.72589
4.90081
1.94288
4.48012
2.70733
4.36464
7.03188
0.0737704
13.1762
-3.06102
5.81998
5.61671
-81.3867
5.2619
43.1025
1.46674
3.92984
-1.10605
4.97356
93.8089
359.214
5.52143
70.9976
33.4369
33.3694
5.91564
2.85292
-14.0408
4.01333
2.83067
69.6227
2.21426
173.426
7.28354
5.06707
1.69311
11.5195
432.787
6.47642
-0.611052
5.25829
-4.10178
6.07152
-2.61619
4.86527
1.32755
-28.6094
-2.74842
6.24166
5.34592
-3.08237
-16.5332
-27.7157
-9.02996
10.6204
5.78051
-2.57324
243.296
3.41657
-7.04577
-5.34293
-1.7872
6.63582
11.0677
7.56059
1091.16
13.2203
1.11269
-132.397
9.09287
5.69821
640.213
-13.6886
-0.209271
-2.92333
128.978
6.1403
14.0005
5.25777
115.949
-2.19185
5.80183
1066.52
-5.4958
-32.237
12.5621
-4.21654
9.31361
-32.0332
4.50569
-3.70407
0.0448649
7.59267
-0.407144
1.58602
4.51973
6.97965
1.56272
-3.98304
-2.01196
-2.63918
-87.6281
-2.17973
-7.61213
-2.82563
-2.41466
-2.00955
-2.24819
-1.05002
-2.07294
7.58794
-3.04252
-2.91009
-5.24431
1.30849
-9.51592
1.85462
-2.6212
-38.1458
-2.90518
4.04663
0.297627
-4.02091
-6.04047
20.6905
8.42728
-2.70447
-7.53035
-3.56493
-3.03654
6.31488
-2.40033
-6.03134
-2.79709
2.47691
2.92352
-2.91299
-5.69033
32.0138
-0.462405
-7.28977
-2.13323
5.02352
7.12077
7.08251
-1.06852
-2.68691
-2.65368
-3.1202
7.4289
6.2564
-2.89101
-0.0934389
0.135061
6.80498
3.70886
2.24762
-1.76074
5.57901
2.01528
10.1842
6.07403
11.4582
-3.82071
-5.95558
6.24669
0.365052
-3.51599
-2.97621
-2.91959
6.74562
-23.1888
131.093
-2.94657
-39.1987
5.96605
6.57146
5.24819
2.57321
6.43388
-2.72014
-3.92319
-8.18972
7.23034
-0.0151155
88.2415
-2.83365
-2.58456
5.08606
3.69349
-9.40322
-2.14273
-3.30543
4.87753
-3.12602
-0.802039
1.24913
-4.26784
5.06803
3.52364
-4.96289
-8.52358
-2.9307
-2.52417
-3.1242
-402.181
0.751152
-2.51629
0.460895
-3.40467
48.8538
-1.27744
12.0067
-1.60472
-1.13505
-3.04443
904.794
-1.15054
-1.89792
7.0613
-2.69276
86.2694
-4.00941
0.489138
1.68717
-0.584275
263.163
-9.62761
-0.043355
362.883
-17.1297
592.087
-0.233245
-3.39302
-6.73303
6.9031
1.96797
-2.85524
-7.16732
1.64249
-4.20474
1.27194
4.50132
-2.82643
7.5814
-6.80697
-4.77417
1.09722
1.14416
-5.83277
-0.778205
-1.83969
-2.2955
)
;

boundaryField
{
    FrontBackPlanes
    {
        type            symmetry;
    }
    wallz
    {
        type            calculated;
        value           nonuniform List<scalar> 
97
(
-378.145
-327.733
-410.417
-254.898
1668.1
1182.03
962.428
1022.1
1418.8
-17.3822
4.8922
1.39432
410.971
648.936
935.337
926.323
-89.9435
515.858
-6.39344
-11.6459
-34.0797
14.5323
273.768
451.841
195.528
-0.788182
44.7662
-9.3059
-3.93696
-47.9591
230.907
37.3237
11.2907
106.879
145.974
21.9005
11.708
10.7881
45.5498
22.6772
1322.18
-223.849
119.014
4.7329
0.908898
11.4143
2592.28
423.294
4493.43
105.619
-2.84921
11.5029
-3.25494
868.866
128.01
-151.026
202.731
92.0987
-4.98446
7.57884
73.9216
95.9082
4.98983
210.333
265.712
1636.94
1478.67
-14.2357
6.5147
-33.5918
130.125
7.69303
124.569
173.086
107.309
201.451
623.677
700.305
257.822
92.7152
1433.25
1410.63
-37.3112
-260.432
-504.139
-519.473
-116.598
1915.67
1930.21
-24.1957
35.976
-218.567
7.31669
1154.56
320.623
-37.4685
-138.215
)
;
    }
    outlet1
    {
        type            calculated;
        value           nonuniform List<scalar> 
31
(
-8.15229
-2.943
-2.943
-9.32728
-3.48812
-2.95888
-2.94402
-2.94301
-2.943
-2.94316
-2.94562
-2.95455
-2.943
-2.943
-2.943
-2.943
-2.943
-2.943
-2.943
-2.943
-2.943
-2.943
-2.943
-2.943
-2.943
-2.943
-3.10878
-50.0947
-2.943
-2.943
-20.6143
)
;
    }
    inlet1
    {
        type            calculated;
        value           nonuniform List<scalar> 2(-545.238 -551.738);
    }
}


// ************************************************************************* //
