/*--------------------------------*- C++ -*----------------------------------*\
| =========                 |                                                 |
| \\      /  F ield         | OpenFOAM: The Open Source CFD Toolbox           |
|  \\    /   O peration     | Version:  v2012                                 |
|   \\  /    A nd           | Website:  www.openfoam.com                      |
|    \\/     M anipulation  |                                                 |
\*---------------------------------------------------------------------------*/
FoamFile
{
    version     2.0;
    format      ascii;
    class       labelList;
    note        "nPoints:2593  nCells:6576  nFaces:15146  nInternalFaces:13152";
    location    "constant/polyMesh";
    object      neighbour;
}
// * * * * * * * * * * * * * * * * * * * * * * * * * * * * * * * * * * * * * //


13152
(
1
2
3
4
2
5
29
6
31
4
6
5010
5
6528
6
30
32
8
9
12
19
9
10
11
13
5010
11
13
23
12
21
13
21
22
15
16
18
26
16
17
24
19
20
18
19
24
20
25
20
5101
22
23
23
6292
3682
25
26
26
6126
3716
28
29
30
3658
29
30
32
31
6528
32
41
5874
34
35
39
6161
35
38
3639
36
37
37
38
40
39
41
39
40
42
41
42
42
5874
44
45
47
2948
45
46
5964
48
49
47
50
2937
51
4328
49
51
2931
50
2929
51
2929
2930
53
54
56
3567
54
55
3569
57
58
56
58
3568
57
3567
58
3612
4637
60
61
64
3113
61
65
3115
62
63
63
65
4661
64
3107
65
3113
3114
67
68
70
4644
68
69
3082
71
72
70
71
4649
72
4638
72
3096
4640
74
75
77
5721
75
76
6294
78
79
77
79
5717
78
1185
79
6222
5676
81
82
83
84
82
85
5673
86
6029
84
86
6294
85
5721
86
5405
1192
88
89
93
5482
89
92
3965
90
91
91
92
5576
93
3439
93
5500
5916
95
96
100
3987
96
97
98
99
3409
98
100
5909
99
5474
100
5473
5308
102
103
105
3398
103
104
3399
106
107
105
106
3400
107
3398
107
3395
3412
109
110
111
6193
110
111
113
112
113
112
5449
113
5450
3740
115
116
120
2069
116
117
118
119
1783
118
120
2061
119
2060
120
2059
2061
122
123
127
3961
123
126
4752
124
125
125
126
6101
127
5164
127
6115
1772
129
130
132
1750
130
131
1749
133
134
132
133
1749
134
1751
134
3719
4812
136
137
138
139
137
140
3828
141
1203
139
141
5182
140
5176
141
5173
1199
143
144
148
5191
144
145
146
147
6053
146
148
840
147
5984
148
5790
5193
150
151
155
6028
151
152
153
154
256
153
155
5191
154
3797
155
5220
4635
157
158
159
6028
158
160
168
161
162
160
164
853
163
850
162
163
4982
164
5739
164
849
852
166
167
168
169
167
170
247
171
5202
169
171
170
258
171
6196
4706
173
174
175
5202
174
176
5069
177
178
176
180
4706
179
4976
178
180
6383
179
6523
180
4976
5122
182
183
184
4973
183
185
194
186
187
185
188
994
189
996
187
189
6109
188
4990
189
995
997
191
192
196
4895
192
193
194
195
5172
194
195
236
196
196
989
5015
198
199
200
201
199
202
4895
203
207
201
203
4377
202
1004
203
5015
4817
205
206
207
208
206
209
3759
210
6039
208
210
209
6281
210
3760
4817
212
213
216
4812
213
217
5024
214
215
215
217
5097
216
5025
217
5026
1752
219
220
221
222
220
223
6228
224
6282
222
224
226
223
1716
224
5136
5318
226
227
229
5075
227
228
230
231
229
231
5318
230
5072
231
992
5746
233
234
235
236
234
237
4971
238
4989
236
238
991
237
238
4973
986
240
241
245
4979
241
242
243
244
4861
243
244
4003
245
4975
245
4978
3779
247
248
249
250
248
253
254
4772
250
251
4979
252
4861
252
254
567
253
566
254
565
568
256
257
258
259
257
260
261
4134
259
260
261
6196
261
6028
5192
263
264
265
266
264
267
1218
268
5779
266
268
5458
267
1682
268
1216
3986
270
271
272
361
271
273
362
274
275
273
277
359
276
363
275
276
713
277
3597
277
364
367
279
280
282
295
280
281
294
283
284
282
283
296
284
295
284
4017
699
286
287
291
5109
287
290
6394
288
289
289
292
685
293
683
291
292
695
293
676
293
684
683
295
296
3600
296
4019
298
299
303
6539
299
300
301
302
693
301
303
699
302
698
303
698
700
305
306
308
6215
306
307
4426
309
310
308
310
4425
309
6074
310
5786
6507
312
313
314
3020
313
315
4882
316
317
315
319
3022
318
3025
317
319
3030
318
3991
319
3024
3023
321
322
323
324
322
325
4363
326
3979
324
325
2739
326
6306
326
6340
4866
328
329
333
336
329
330
331
332
4030
331
333
4049
332
1098
333
1095
4028
335
336
342
4159
336
337
338
341
338
339
6048
340
4059
340
342
687
341
4028
342
4028
701
344
345
346
705
345
347
4111
348
349
347
351
711
350
709
349
351
689
350
6539
351
708
712
353
354
356
720
354
355
722
357
358
356
357
721
358
720
358
6388
739
360
361
367
361
363
366
362
363
722
365
365
366
6405
366
4026
367
3594
369
370
374
4023
370
373
6380
371
372
372
373
6360
374
4755
374
4131
4029
376
377
381
4039
377
380
4054
378
379
379
380
6337
381
4033
381
4115
4076
383
384
390
6358
384
385
386
389
2454
386
387
4348
388
3944
388
390
2466
389
2464
390
2463
2467
392
393
397
4437
393
396
3283
394
395
395
396
3955
397
3956
397
5238
5680
399
400
406
3276
400
401
402
405
4252
402
403
3287
404
4317
404
406
3294
405
3293
406
3292
3295
408
409
410
411
409
412
5703
413
6296
411
413
6127
412
6414
413
5702
6090
415
416
417
418
416
419
6557
420
5809
418
420
6296
419
5672
420
4367
6090
422
423
424
425
423
426
3983
427
5123
425
426
6061
427
3976
427
4386
1711
429
430
432
3976
430
431
1709
433
434
432
434
6105
433
3974
434
4555
6298
436
437
438
439
437
440
3974
441
4555
439
441
5241
440
3977
441
3978
6364
443
444
445
6230
444
446
6198
447
448
446
450
1289
449
1288
448
449
1282
450
6455
450
1287
1290
452
453
457
1297
453
456
3982
454
455
455
456
5009
457
5154
457
4590
5142
459
460
461
462
460
463
903
464
468
462
463
911
464
912
464
911
910
466
467
468
469
467
470
5137
471
4858
469
471
470
5009
471
4590
910
473
474
475
476
474
477
5159
478
484
476
478
487
477
486
478
488
487
480
481
482
491
481
483
490
484
485
483
485
489
484
490
485
6489
487
488
3746
488
4107
490
491
4858
491
912
493
494
496
507
494
495
508
497
498
496
498
505
497
507
498
526
5169
500
501
502
503
501
504
506
505
507
503
504
5146
505
5169
505
508
507
508
3749
5151
510
511
512
513
511
516
920
517
5169
513
514
518
515
521
515
517
519
516
522
517
524
526
519
520
521
520
526
522
523
522
935
525
524
525
526
525
6055
6094
528
529
530
934
529
531
935
532
533
531
533
934
532
936
533
5163
945
535
536
537
538
536
541
4209
542
6141
538
539
5113
540
5119
540
542
1315
541
1314
542
1313
1316
544
545
549
5165
545
548
5161
546
547
547
548
552
549
1330
549
5129
5126
551
552
553
554
552
555
5117
556
554
556
5108
555
983
556
5124
5129
558
559
563
4655
559
560
561
562
5161
561
563
6308
562
5108
563
5129
4690
565
566
567
568
566
5202
5069
568
5205
5855
570
571
575
5069
571
574
4976
572
573
573
574
4974
575
4978
575
4147
4861
577
578
582
4976
578
581
6523
579
580
580
582
4962
581
4954
582
4965
4147
584
585
589
6143
585
588
6070
586
587
587
589
1006
588
4943
589
6136
2029
591
592
596
6181
592
593
594
595
4000
594
596
6086
595
3500
596
3496
4784
598
599
600
601
599
604
4768
605
6285
601
602
6108
603
4383
603
605
3248
604
3246
605
3245
3247
607
608
610
3260
608
609
5763
611
612
610
611
4387
612
6284
612
5013
6108
614
615
619
6250
615
618
4444
616
617
617
619
5786
618
3862
619
4433
4424
621
622
623
6254
622
624
4398
625
626
624
625
4439
626
4433
626
6242
4444
628
629
632
4441
629
633
4470
630
631
631
633
4468
632
6254
633
4439
6386
635
636
637
4098
636
638
6063
639
640
638
639
4521
640
5846
640
4088
4038
642
643
647
6059
643
646
6552
644
645
645
648
651
649
4040
647
648
4549
649
4046
649
4041
4046
651
652
658
5947
652
657
653
654
654
655
1087
656
1086
656
657
1088
658
1086
658
4041
1082
660
661
664
4044
661
665
6225
662
663
663
667
669
666
668
665
666
4549
667
1091
667
674
672
669
674
1087
670
671
671
672
1090
673
1089
673
1091
674
1089
4041
676
677
680
5109
677
678
678
679
679
680
680
1090
6225
682
683
685
693
683
684
694
685
695
697
687
688
689
712
688
690
691
692
690
691
692
6048
692
696
6394
694
697
695
696
696
697
6539
699
700
700
4021
702
703
704
703
705
711
706
707
705
707
4159
706
707
4022
4191
709
710
4021
710
717
711
712
712
714
715
719
715
718
6405
716
717
717
719
4017
718
719
4111
4019
721
722
722
4026
724
725
729
4031
725
728
4187
726
727
727
728
753
729
756
729
755
757
731
732
733
739
732
734
740
735
736
734
738
741
737
740
736
737
4187
738
6360
738
758
4755
740
741
741
4755
743
744
745
1100
744
746
1099
747
748
746
749
1100
750
1101
748
750
770
749
771
750
772
774
752
753
755
758
753
754
759
756
755
757
759
760
757
1099
768
759
760
760
4187
762
763
764
1109
763
765
1110
766
767
765
767
1109
766
1111
767
1108
1119
769
770
774
770
773
778
771
772
1110
773
1104
774
3998
1101
776
777
781
5003
777
778
779
780
4114
779
781
780
4031
781
4035
3998
783
784
788
5003
784
787
6169
785
786
786
787
4113
788
1107
788
4118
3998
790
791
792
4158
791
793
6344
794
795
793
794
4157
795
4190
795
4509
1911
797
798
802
6060
798
799
800
801
4091
800
802
3886
801
6393
802
6334
4178
804
805
807
6060
805
806
4173
808
809
807
809
2184
808
1908
809
1910
4194
811
812
818
822
812
813
814
817
2189
814
815
4004
816
4032
816
818
2201
817
2200
818
2199
2202
820
821
827
3945
821
826
6352
822
823
823
824
825
6050
825
826
2183
827
2179
827
2182
2181
829
830
831
5712
830
832
4497
833
834
832
833
4296
834
4344
834
6417
4336
836
837
841
5853
837
838
839
840
4538
839
841
852
840
5193
841
5739
843
844
845
5853
844
846
4991
847
848
846
848
5739
847
6191
848
6561
4982
850
851
5122
851
4706
852
853
853
4635
855
856
857
858
856
859
3806
860
6569
858
860
6460
859
5215
860
5227
5217
862
863
867
5226
863
864
865
866
6460
865
867
3893
866
6463
867
6011
1702
869
870
872
6009
870
871
1233
873
874
872
874
4009
873
6019
874
5235
6017
876
877
878
879
877
880
1273
881
886
879
880
1278
881
1276
881
1278
1277
883
884
885
886
884
887
5231
888
901
886
887
6019
888
888
5235
1277
890
891
896
908
891
892
893
894
896
893
895
898
894
897
895
901
896
899
4929
898
901
1276
899
900
900
4929
901
5245
903
904
907
908
904
907
905
906
906
909
5154
908
4929
909
5009
909
5009
911
912
912
914
915
919
3982
915
916
917
918
1291
917
919
5229
918
6182
919
5162
4325
921
922
926
922
925
6055
923
924
924
926
5722
925
4152
926
4547
5147
928
929
930
931
929
932
6055
933
6094
931
933
5252
932
3920
933
4547
5784
935
936
936
6094
938
939
943
5252
939
940
941
942
5240
941
943
5125
942
6319
943
5103
5784
945
946
947
948
946
947
948
949
949
5125
949
952
5107
951
952
955
5099
952
953
954
954
954
955
1340
955
5100
957
958
959
1338
958
960
1340
961
962
960
962
1338
961
1339
962
6068
1348
964
965
966
1349
965
967
1350
968
969
967
969
1349
968
1345
969
5115
1365
971
972
975
5114
972
976
5303
973
974
974
977
5355
978
5115
976
978
1336
977
5110
978
5110
1347
980
981
985
6091
981
982
983
984
6308
983
985
6452
984
985
5108
5243
987
988
991
988
989
990
992
4024
990
991
992
5746
992
994
995
996
997
995
4966
4006
997
5015
998
999
1000
1004
1000
1003
6109
1001
1002
1002
1003
3754
1004
4377
1004
4938
1006
1007
1008
1009
1007
1012
1013
6000
1009
1010
6109
1011
4990
1011
1013
2028
1012
2030
1013
2029
2026
1015
1016
1017
3039
1016
1018
4860
1019
1020
1018
1022
3041
1021
3044
1020
1022
4937
1021
4773
1022
3043
3042
1024
1025
1026
1027
1025
1028
3242
1029
4778
1027
1029
1031
1028
4621
1029
3238
4384
1031
1032
1035
6138
1032
1036
1033
1034
1034
1036
4382
1035
4401
1036
2698
4384
1038
1039
1040
6274
1039
1041
6218
1042
1043
1041
1045
2714
1044
2712
1043
1045
2702
1044
2708
1045
2711
2715
1047
1048
1052
3866
1048
1049
1050
1051
4399
1050
1052
4403
1051
6194
1052
4394
4931
1054
1055
1057
1520
1055
1056
1522
1058
1059
1057
1058
1522
1059
1521
1059
1514
1529
1061
1062
1063
1064
1062
1067
4487
1068
5439
1064
1066
1070
1065
1069
1066
1067
1075
1068
1073
1068
6391
1531
1070
1075
1520
1071
1072
1072
1073
1530
1074
1532
1074
1531
1075
1532
1524
1077
1078
1079
1083
1078
1080
1084
1081
1082
1080
1081
1085
1082
1084
1082
5947
1084
1085
1530
1085
5439
1087
1088
1088
4041
1090
1091
1091
1093
1094
1097
6246
1094
1098
4048
1095
1096
1096
1098
1097
4039
1098
4054
1100
1101
1101
1103
1104
1108
1111
1104
1105
1106
1107
1106
1108
4125
1107
4113
1108
1110
1111
1111
1113
1114
1115
1119
1114
1116
1120
1117
1118
1116
1117
1121
1118
1120
1118
4151
1132
1120
1121
1121
4125
1123
1124
1128
1547
1124
1127
1549
1125
1126
1126
1128
1557
1127
1546
1128
1548
1547
1130
1131
1134
1549
1131
1132
1134
1132
1133
1133
1134
4128
4126
1136
1137
1141
6365
1137
1140
4123
1138
1139
1139
1141
4253
1140
4128
1141
4155
4237
1143
1144
1148
4123
1144
1147
5285
1145
1146
1146
1147
6324
1148
1545
1148
4143
4155
1150
1151
1155
4161
1151
1154
1917
1152
1153
1153
1154
4162
1155
6377
1155
4160
4154
1157
1158
1162
4189
1158
1161
4342
1159
1160
1160
1161
2216
1162
6412
1162
2214
1916
1164
1165
1169
2773
1165
1168
4232
1166
1167
1167
1168
4215
1169
6418
1169
5857
2775
1171
1172
1175
3309
1172
1176
5849
1173
1174
1174
1176
3960
1175
3958
1176
4311
5675
1178
1179
1182
5691
1179
1183
5850
1180
1181
1181
1183
5693
1182
5713
1183
3486
5670
1185
1186
1187
5690
1186
1188
1189
1190
1188
1190
5713
1189
5721
1190
5681
3485
1192
1193
1196
5694
1193
1197
1194
1195
1195
1197
5832
1196
4733
1197
6511
6294
1199
1200
1201
1202
1200
1203
1204
5790
1202
1204
5218
1203
5167
1204
6053
1206
1207
1208
1209
1207
1210
5168
1211
5212
1209
1211
3981
1210
4663
1211
5471
6153
1213
1214
1218
3981
1214
1217
6382
1215
1216
1216
1217
1221
1218
1218
6505
1220
1221
1225
6015
1221
1222
1223
1224
1223
1225
1228
1224
1683
1225
1681
5951
1227
1228
1231
1239
1228
1229
1230
1232
1230
1231
1250
1232
5247
1232
1676
4018
1234
1235
1236
1235
1237
5248
1238
1239
1237
1241
1674
1240
1677
1239
1241
5951
1240
1241
1676
1675
1243
1244
1245
1246
1244
1247
1665
1248
1252
1246
1247
1670
1248
1671
1248
1670
1672
1250
1251
1252
1253
1251
1254
1255
6016
1253
1255
1254
1669
1255
5247
1672
1257
1258
1260
1270
1258
1259
1271
1261
1262
1260
1262
1272
1261
1270
1262
1266
5248
1264
1265
1269
1273
1265
1268
1274
1266
1267
1267
1268
1269
6009
1269
1274
1275
1271
1272
1272
1671
6016
1274
1275
1275
6019
1277
1278
1278
1280
1281
1283
5142
1281
1282
1287
1284
1285
1283
1284
1285
5251
1285
6572
5245
1287
1288
1289
1290
1288
1295
1290
1300
4010
1292
1293
1297
1293
1296
5128
1294
1295
1295
1297
5142
1296
1297
6198
1299
1300
1301
1302
1300
1303
1699
1304
1302
1304
5241
1303
3972
1304
5225
6230
1306
1307
1311
5140
1307
1308
1309
1310
5128
1309
1311
5130
1310
5268
1311
4798
5152
1313
1314
1315
1316
1314
5104
6332
1316
1325
5133
1318
1319
1320
5100
1319
1321
1331
1322
1323
1321
1322
5099
1323
5119
1323
6319
6332
1325
1326
1330
5126
1326
1329
1327
1328
1328
1329
4892
1330
5117
1330
5113
1332
1333
1334
1333
1335
5750
1336
1337
1335
1337
4135
1336
6068
1337
5114
1339
1340
1340
5750
1342
1343
1344
1348
1343
1345
1349
1346
1347
1345
1347
1350
1346
1347
5115
1349
1350
6068
1352
1353
1354
1360
1353
1355
1363
1356
1357
1355
1357
1361
1356
1364
1357
5116
5121
1359
1360
1361
1365
1360
1362
1366
1363
1362
1367
1364
1366
1364
1720
1375
1366
1367
1367
5121
1369
1370
1371
1721
1370
1372
1720
1373
1374
1372
1373
1721
1374
1722
1374
1730
1380
1376
1377
1379
1377
1378
5085
1380
1381
1379
1381
6459
1380
1722
1381
1732
1383
1384
1385
1731
1384
1386
1732
1387
1388
1386
1388
1731
1387
1727
1388
6179
1740
1390
1391
1395
6036
1391
1394
6179
1392
1393
1393
1394
6459
1395
5120
1395
1729
6300
1397
1398
1399
1400
1398
1401
4915
1402
1406
1400
1402
4828
1401
4743
1402
4740
4734
1404
1405
1408
6122
1405
1406
1407
1409
4886
1407
1408
1409
4868
1409
4734
4838
1411
1412
1415
4828
1412
1413
1414
1416
5718
1414
1415
3996
1416
4730
1416
4729
4839
1418
1419
1425
1429
1419
1420
1421
1424
4807
1421
1422
6120
1423
4055
1423
1425
3936
1424
4810
1425
4810
4791
1427
1428
1429
1430
1428
1431
4773
1432
4820
1430
1432
1431
4847
1432
4937
4791
1434
1435
1438
4829
1435
1436
1437
1439
4820
1437
1438
5480
1439
3933
1439
3858
3934
1441
1442
1448
6132
1442
1447
3226
1443
1444
1444
1445
1451
1446
4935
1446
1447
6266
1448
4789
1448
6266
4795
1450
1451
1452
1453
1451
1456
4600
1457
1453
1454
4012
1455
5111
1455
1457
3206
1456
3204
1457
3203
3205
1459
1460
1463
4612
1460
1461
1462
1464
5436
1462
1463
6421
1464
4012
1464
6252
4610
1466
1467
1468
1469
1467
1470
4418
1471
4507
1469
1471
6295
1470
4536
1471
4456
4529
1473
1474
1478
6295
1474
1475
1476
1477
4534
1476
1478
4532
1477
4516
1478
4500
4529
1480
1481
1482
1483
1481
1484
6200
1485
6214
1483
1485
1487
1484
4513
1485
4712
4539
1487
1488
1490
4512
1488
1489
1491
1492
1490
1491
4539
1492
6216
1492
4515
6213
1494
1495
1498
4565
1495
1499
4515
1496
1497
1497
1499
1890
1498
3928
1499
4505
1885
1501
1502
1503
1514
1502
1504
1515
1505
1506
1504
1506
1518
1505
1519
1506
6220
4475
1508
1509
1512
1896
1509
1513
1895
1510
1511
1511
1513
1893
1512
3926
1513
1897
1895
1515
1518
1516
1517
1517
1518
1519
1519
1896
1527
6220
1521
1522
1522
1523
1524
1525
1529
1525
1528
1526
1527
1527
1528
6395
1529
1529
6411
1531
1532
1532
1534
1535
1538
4140
1535
1536
1537
1539
4118
1537
1539
4130
1538
6399
1539
6348
6169
1541
1542
1546
1548
1542
1543
1544
1545
4126
1544
1546
6321
1545
6324
1546
1548
1549
1549
1551
1552
1554
1557
1552
1553
1558
1555
1556
1554
1556
1558
1555
1559
1556
4241
6335
1558
1559
1559
6321
1561
1562
1563
1564
1562
1565
4236
1566
1570
1564
1566
4244
1565
4247
1566
4245
4246
1568
1569
1570
1571
1569
1572
6325
1573
5447
1571
1573
1572
1931
1573
1927
2217
1575
1576
1577
1578
1576
1579
5667
1580
6433
1578
1580
1602
1579
4692
1580
5630
4110
1582
1583
1584
5939
1583
1585
6542
1586
1587
1585
1589
6392
1588
5773
1587
1588
6433
1589
5684
1589
5773
5649
1591
1592
1593
5112
1592
1594
1597
1595
1596
1594
1595
3306
1596
6056
1596
5849
6542
1598
1599
1600
1599
1601
3478
1602
1603
1601
1605
6056
1604
5651
1603
1605
1604
3460
1605
5651
4110
1607
1608
1609
4608
1608
1610
5937
1611
1612
1610
1614
3465
1613
3464
1612
1613
3453
1614
5645
1614
3463
3466
1616
1617
1618
3470
1617
1619
4014
1620
1621
1619
1620
5839
1621
2977
1621
3811
3812
1623
1624
1626
3833
1624
1625
6013
1627
1628
1626
1627
5254
1628
5255
1628
1629
6462
1630
1631
1633
1631
1632
5307
1634
1635
1633
1634
6012
1635
5296
1635
3952
5264
1637
1638
1642
1649
1638
1639
1640
1641
3940
1640
1642
1652
1641
1654
1642
1653
1652
1644
1645
1647
1659
1645
1646
1657
1648
1649
1647
1649
1657
1648
1658
1649
3941
1651
1652
1653
1661
1652
1654
1660
1654
1664
1662
1656
1657
1659
1665
1657
1658
1666
1659
1667
1669
1661
1662
1982
1663
1664
1663
4343
1664
5265
3940
1666
1669
1667
1668
1668
3941
1669
6545
1671
1672
1672
1674
1675
1676
1677
1675
4009
4983
1677
6016
1679
1680
1684
4664
1680
1683
4018
1681
1682
1682
1683
1684
1684
5256
1686
1687
1691
3893
1687
1690
6463
1688
1689
1689
1690
4983
1691
4009
1691
6350
3894
1693
1694
1696
6011
1694
1695
5239
1697
1698
1696
1698
6382
1697
6463
1698
6350
6505
1700
1701
1705
1701
1704
5225
1702
1703
1703
1704
1705
3895
1705
5226
4010
1707
1708
1709
6105
1708
1710
5165
1711
1712
1710
1711
1712
5161
1712
5123
1714
1715
1718
5077
1715
1716
1717
1719
5078
1717
1719
1718
5090
1719
5082
5075
1721
1722
1722
1724
1725
1726
1730
1725
1727
1731
1728
1729
1727
1729
1732
1728
1729
6179
1731
1732
1734
1735
1737
1740
1735
1736
1741
1738
1739
1737
1739
1741
1738
1742
1739
5096
1746
1741
1742
1742
6492
1744
1745
1748
1750
1745
1746
1748
1746
1747
1747
1748
5093
5021
1750
1751
1751
5020
1753
1754
1755
1754
1756
5028
1757
1758
1756
1758
5024
1757
5031
1758
1759
5004
1760
1761
1765
1761
1764
6107
1762
1763
1763
1765
6497
1764
6115
1765
6125
4508
1767
1768
1770
1791
1768
1769
3963
1771
1772
1770
1772
3962
1771
6134
1772
3961
1774
1775
1776
1777
1775
1778
4604
1779
2050
1777
1778
4752
1779
3961
1779
4751
2046
1781
1782
1786
3963
1782
1785
1790
1783
1784
1784
1786
1785
4760
1786
4756
2059
1788
1789
1792
4762
1789
1790
1791
1793
6034
1791
1792
1793
1793
4756
6134
1795
1796
1797
6069
1796
1798
6098
1799
1800
1798
1800
6087
1799
6057
1800
4723
4730
1802
1803
1806
4727
1803
1807
4724
1804
1805
1805
1808
6062
1809
6224
1807
1809
6075
1808
4728
1809
4728
2576
1811
1812
1816
4796
1812
1815
1817
1813
1814
1814
1816
4805
1815
4811
1816
4797
4803
1818
1819
1820
1819
1821
4801
1822
1823
1821
1822
4797
1823
3049
1823
4802
4806
1825
1826
1828
4291
1826
1827
4946
1829
1830
1828
1829
4605
1830
4606
1830
3880
3879
1832
1833
1834
1835
1833
1836
4601
1837
4522
1835
1837
4203
1836
4631
1837
4834
3211
1839
1840
1843
6510
1840
1844
4008
1841
1842
1842
1844
4620
1843
4518
1844
5139
4542
1846
1847
1848
2154
1847
1849
2153
1850
1851
1849
1851
2152
1850
2153
1851
2150
2161
1853
1854
1857
6216
1854
1858
6213
1855
1856
1856
1860
1862
1859
1861
1858
1859
2169
1860
2162
1860
1867
1865
1862
1867
2154
1863
1864
1864
1865
2164
1866
2163
1866
2162
1867
2163
2159
1869
1870
1871
1876
1870
1872
1875
1873
1874
1872
1874
1877
1873
1875
1874
1883
5132
1876
1877
1877
2164
6213
1879
1880
1882
1893
1880
1881
1892
1883
1884
1882
1883
1892
1884
1894
1884
4565
1886
1887
1890
1887
1888
1889
1891
4539
1889
1891
4174
1890
1902
1891
6214
1893
1894
1894
4505
1896
1897
1897
3925
1899
1900
1901
1902
1900
1903
3927
1904
3908
1902
1904
6223
1903
1904
3928
4479
1906
1907
1911
4509
1907
1910
6328
1908
1909
1909
1910
1911
4178
1911
1913
1914
1918
6020
1914
1917
4157
1915
1916
1916
1917
4160
1918
1918
4189
1920
1921
1924
4156
1921
1922
1923
1925
4241
1923
1925
6377
1924
4162
1925
4238
4142
1927
1928
1929
1930
1928
1931
1932
4144
1930
1932
5451
1931
4236
1932
5469
1934
1935
1936
2224
1935
1937
2225
1938
1939
1937
1938
2224
1939
2226
1939
2235
5607
1941
1942
1945
3985
1942
1943
1944
1944
5470
1944
1945
2225
1945
4870
1947
1948
1949
5299
1948
1950
5259
1951
1952
1950
1951
4061
1952
6501
1952
6003
1953
1954
1955
1956
1955
1957
5274
1958
1959
1957
1958
5319
1959
5106
1959
5411
1962
1961
1962
1966
4722
1962
1963
1964
1965
1964
1966
1968
1965
5277
1966
5306
5291
1968
1969
1970
1971
1969
1972
1973
4396
1971
1973
5747
1972
4575
1973
4309
5271
1975
1976
1980
1982
1976
1979
1981
1977
1978
1978
1979
5271
1980
4396
1980
1981
1983
1982
1983
1983
4343
1985
1986
1987
1988
1986
1989
5267
1990
1995
1988
1989
4343
1990
5291
1990
5265
4722
1992
1993
1994
1995
1993
1996
5296
1997
2002
1995
1997
5106
1996
1997
5264
5274
1999
2000
2004
5255
2000
2003
5263
2001
2002
2002
2003
6501
2004
2004
5259
6462
2006
2007
2008
2009
2007
2010
5314
2011
5298
2009
2010
5190
2011
5263
2011
5423
5260
2013
2014
2018
6487
2014
2015
2016
2017
4988
2016
2018
4960
2017
5046
2018
4066
4961
2020
2021
2022
6487
2021
2023
4965
2024
2025
2023
2025
4961
2024
4954
2025
6143
6070
2027
2028
6543
2028
2029
2030
4938
2030
4970
2032
2033
2036
4949
2033
2034
2035
2037
6543
2035
2036
6574
2037
4959
2037
6273
6000
2039
2040
2041
2042
2040
2043
6033
2044
5057
2042
2044
4748
2043
4750
2044
5052
4250
2046
2047
2048
2049
2047
2050
2051
6134
2049
2051
4939
2050
6234
2051
6034
2053
2054
2058
4939
2054
2055
2056
2057
2311
2056
2058
4762
2057
2328
2058
4221
6034
2060
2061
2061
3635
2063
2064
2066
2069
2064
2065
2070
2067
2068
2066
2067
2070
2068
2071
2068
2077
6095
2070
2071
2071
4760
2073
2074
2075
2341
2074
2075
2077
2076
2077
2076
6525
2077
6054
2079
2080
2084
2341
2080
2081
2082
2083
2339
2082
2083
2349
2084
3950
2084
2339
2340
2086
2087
2088
5189
2087
2089
4704
2090
2091
2089
2091
6560
2090
4415
2091
4790
4707
2093
2094
2098
4687
2094
2095
2096
2097
4596
2096
2098
4585
2097
4592
2098
4591
4445
2100
2101
2102
2103
2101
2104
6124
2105
6575
2103
2105
4588
2104
4582
2105
4583
4587
2107
2108
2109
2110
2108
2111
6316
2112
3175
2110
2112
4694
2111
4588
2112
4587
4586
2114
2115
2121
4579
2115
2120
3187
2116
2117
2117
2118
4324
2119
4001
2119
2120
3178
2121
3179
2121
3176
3180
2123
2124
2125
3938
2124
2126
6468
2127
2128
2126
2128
6123
2127
6199
2128
6403
4557
2130
2131
2132
2133
2131
2134
4531
2135
2136
2133
2134
4546
2135
2145
2135
4530
2411
2137
2138
2151
2138
2149
2150
2148
4533
2140
2141
2143
2413
2141
2142
2412
2144
2145
2143
2144
2412
2145
2411
2145
2406
2147
2148
2150
2156
2148
2149
2151
6027
2150
2151
2413
2153
2154
2158
2154
2156
2157
2160
6197
2157
2161
2158
2159
2159
2161
2160
2161
4526
2163
2164
2164
2166
2167
2170
4524
2167
2171
4701
2168
2169
2169
2170
6216
2171
2171
4512
4526
2173
2174
2178
4506
2174
2177
4472
2175
2176
2176
2177
4503
2178
6217
2178
4511
4499
2180
2181
6024
2181
2182
2183
6327
2183
2478
2202
2185
2186
2190
2186
2189
2199
2187
2188
2188
2190
6351
2189
6050
2190
4173
2192
2193
2197
2477
2193
2196
4183
2194
2195
2195
2196
4341
2197
4185
2197
4004
4177
2199
2200
2201
2202
2200
4194
2202
4183
2204
2205
2209
4193
2205
2208
4769
2206
2207
2207
2208
5953
2209
6032
2209
3990
4192
2211
2212
2216
6339
2212
2215
6341
2213
2214
2214
2215
4769
2216
2216
3990
2218
2219
2220
2219
2221
4246
2222
2223
2221
2223
5447
2222
3872
2223
6336
6333
2225
2226
2226
6307
2228
2229
2232
2248
2229
2233
2247
2230
2231
2231
2233
5603
2232
2238
2233
2248
2249
2235
2236
2237
2238
2236
2237
2238
2239
2239
6044
2239
6301
2241
2242
2243
2489
2242
2244
2491
2245
2246
2244
2245
2489
2246
2490
2246
2500
5858
2248
2249
2491
2249
5861
2251
2252
2255
2257
2252
2256
2259
2253
2254
2254
2256
5287
2255
4188
2256
2257
2258
2258
2259
2259
5286
2539
2261
2262
2264
5281
2262
2263
5284
2265
2266
2264
2265
5272
2266
5280
2266
4480
4242
2268
2269
2273
5679
2269
2270
2271
2272
3840
2271
2273
5765
2272
5906
2273
5371
5324
2275
2276
2277
2278
2276
2279
5388
2280
4540
2278
2280
5679
2279
5334
2280
5326
5324
2282
2283
2287
5023
2283
2284
2285
2286
4912
2285
2287
4899
2286
4955
2287
6119
4908
2289
2290
2291
5023
2290
2292
4957
2293
2294
2292
2293
4908
2294
4942
2294
2297
4941
2296
2297
2301
4933
2297
2298
2299
2300
2299
2301
4924
2300
4953
2301
5068
4940
2303
2304
2305
4933
2304
2306
6480
2307
2308
2306
2308
4940
2307
4969
2308
6276
6099
2310
2311
2315
2316
2311
2312
2313
2314
2313
2315
4740
2314
4792
2315
4011
4743
2317
2318
2319
2318
2320
4221
2321
2322
2320
2323
4743
2324
5671
2322
2324
5718
2323
4828
2324
4743
6083
2326
2327
2328
2329
2327
2330
6496
2331
4735
2329
2330
2331
4221
2331
4781
5671
2333
2334
2338
3949
2334
2335
2336
2337
5604
2336
2338
6560
2337
6129
2338
6045
3948
2340
2341
2341
3949
2343
2344
2346
2349
2344
2345
2350
2347
2348
2346
2347
2350
2348
2351
2348
2356
4702
2350
2351
2351
4707
2353
2354
2355
2581
2354
2355
2356
2356
2357
2357
4765
2357
4700
2359
2360
2364
2581
2360
2361
2362
2363
2579
2362
2363
2598
2364
4697
2364
2579
2580
2366
2367
2368
4804
2367
2369
3913
2370
2371
2369
2373
3077
2372
3075
2371
2372
3910
2373
4665
2373
3074
3076
2375
2376
2380
3937
2376
2377
2378
2379
4577
2378
2380
6260
2379
6527
2380
5802
4558
2382
2383
2385
6123
2383
2384
4557
2386
2387
2385
2386
6201
2387
4569
2387
6177
6192
2389
2390
2392
2647
2390
2391
2646
2393
2394
2392
2393
2646
2394
2645
2394
2638
6430
2396
2397
2399
2402
2397
2398
2403
2400
2401
2399
2401
2403
2400
2404
2401
6112
2410
2403
2404
2647
2404
4553
2406
2407
2408
2410
2407
2408
2409
2410
2409
4546
2410
6078
2412
2413
2413
2415
2416
2417
2679
2416
2418
4542
2419
2420
2418
2420
4563
2419
4534
2420
4618
3877
2422
2423
2425
6253
2423
2424
4090
2426
2427
2425
2426
6530
2427
6173
2427
6265
4391
2429
2430
2431
5786
2430
2432
6074
2433
2434
2432
2434
3862
2433
6265
2434
6530
3863
2436
2437
2438
2439
2437
2440
6286
2441
6215
2439
2441
2446
2440
6540
2441
4611
4426
2443
2444
2447
4457
2444
2445
2446
2448
6035
2446
2447
4420
2448
2448
6212
4426
2450
2451
2454
2463
2451
2452
2453
2455
4165
2453
2455
4350
2454
5843
2455
4347
2457
2458
2462
6437
2458
2459
2460
2461
2757
2460
2462
5278
2461
4442
2462
5663
4348
2464
2465
2465
4808
2466
2467
2467
6437
3852
2469
2470
2471
2472
2470
2473
6291
2474
5080
2472
2474
3947
2473
4200
2474
4361
4176
2476
2477
2481
2483
2477
2478
2479
2480
2479
2480
2481
6352
2481
4183
4181
2483
2484
2485
2486
2484
2487
2488
4177
2486
2488
3854
2487
3947
2488
4176
4207
2490
2491
2491
5606
2493
2494
2497
2513
2494
2498
2512
2495
2496
2496
2497
2504
2498
5582
2498
2513
2514
2500
2501
2502
2504
2501
2502
2503
2504
2503
5611
2504
5597
2506
2507
2508
2776
2507
2509
2778
2510
2511
2509
2510
2776
2511
2777
2511
2787
5577
2513
2514
2778
2514
5583
2516
2517
2520
5966
2517
2518
2519
2521
6004
2519
2520
5073
2521
5378
2521
5380
5389
2523
2524
2525
2536
2524
2526
2538
2527
2528
2526
2527
2536
2528
2537
2528
2532
6133
2530
2531
2534
2541
2531
2532
2533
2535
2539
2533
2534
2535
5288
2535
2541
2540
2537
2538
2538
5402
2900
2540
2541
2541
5290
2543
2544
2548
5283
2544
2547
2552
2545
2546
2546
2547
6461
2548
5290
2548
4286
5769
2550
2551
2557
5401
2551
2556
5768
2552
2553
2553
2554
2555
5282
2555
2556
4286
2557
5279
2557
5400
5279
2559
2560
2564
5019
2560
2563
2565
2561
2562
2562
2563
4835
2564
3790
2564
4816
3789
2566
2567
2568
2567
2569
4838
2570
2571
2569
2570
4816
2571
4886
2571
4823
4007
2573
2574
2577
4710
2574
2578
4719
2575
2576
2576
2578
6224
2577
2578
6072
4693
2580
2581
2581
4720
2583
2584
2585
2586
2584
2587
4731
2588
4741
2586
2588
6538
2587
3916
2588
4684
4691
2590
2591
2594
2598
2591
2595
2599
2592
2593
2593
2596
6142
2597
6538
2595
2597
2600
2596
2599
2597
2608
4713
2599
2600
2600
4713
2602
2603
2604
2605
2603
2606
2608
2607
2609
2605
2607
2615
2606
4699
2607
2610
2609
2609
2610
2610
6142
2612
2613
2616
3093
2613
2615
2616
2614
2615
2615
2616
6140
6144
2618
2619
2620
3092
2619
2621
3093
2622
2623
2621
2623
3092
2622
3094
2623
3090
3112
2625
2626
2629
3147
2626
2630
6135
2627
2628
2628
2630
3558
2629
3564
2630
3565
4171
2632
2633
2634
2636
2633
2634
2644
2635
2636
2635
4564
2636
6202
5954
2638
2639
2642
2644
2639
2642
2640
2641
2641
2643
6192
2644
4564
2643
6177
2644
6177
2646
2647
4552
2647
2649
2650
2651
2652
2650
2653
4580
2654
2655
2652
2654
5131
2653
3185
2654
4574
4541
2656
2657
2661
2657
2660
6199
2658
2659
2659
2660
4688
2661
4626
2661
6403
4576
2663
2664
2668
4544
2664
2667
2670
2665
2666
2666
2667
4626
2668
5615
2668
4576
4537
2670
2671
2672
2673
2671
2674
2675
4742
2673
2675
6113
2674
5131
2675
4541
4630
2677
2678
2681
4742
2678
2682
5102
2679
2680
2680
2682
2681
4563
2682
4589
6427
2684
2685
2686
3198
2685
2687
5297
2688
2689
2687
2689
6406
2688
4622
2689
4641
3218
2691
2692
2693
2694
2692
2695
4406
2696
6206
2694
2696
6434
2695
4410
2696
4409
6170
2698
2699
2702
2715
2699
2703
2700
2701
2701
2703
6445
2702
4397
2703
6138
2705
2706
2707
6194
2706
2708
2711
2709
2710
2708
2710
4403
2709
2710
4397
4393
2712
2713
2713
6247
2714
2715
2715
4401
2717
2718
2721
4371
2718
2722
2728
2719
2720
2720
2724
4146
2723
4369
2722
2723
5013
2724
6290
2724
4387
6290
2726
2727
2730
5653
2727
2731
4642
2728
2729
2729
2732
2733
4376
2731
2733
6218
2732
4358
2733
4358
6274
2735
2736
2740
6263
2736
2739
4239
2737
2738
2738
2739
6340
2740
3267
2740
4786
2742
2743
2747
4352
2743
2744
2745
2746
3263
2745
2747
4437
2746
3281
2747
6264
4365
2749
2750
2754
6076
2750
2751
2752
2753
3853
2752
2754
4363
2753
3979
2754
4355
4351
2756
2757
2761
2762
2757
2758
2759
2760
2759
2760
3851
2761
5680
2761
3850
3956
2763
2764
2768
2764
2767
5663
2765
2766
2766
2767
5656
2768
3957
2768
4322
3956
2770
2771
2773
4349
2771
2772
4305
2774
2775
2773
2774
6158
2775
2775
6315
2777
2778
2778
5870
2780
2781
2784
2793
2781
2785
2792
2782
2783
2783
2785
5925
2784
2790
2785
2793
2794
2787
2788
2789
2790
2788
2789
2790
2791
2791
5920
2791
5876
2793
2794
2808
2794
5574
2796
2797
2801
3311
2797
2800
3310
2798
2799
2799
2800
4277
2801
3321
2801
3312
3311
2803
2804
2808
5574
2804
2807
6258
2805
2806
2806
2809
3310
2808
2809
2808
2809
5559
5559
2811
2812
2813
2814
2812
2815
5927
2816
3899
2814
2816
6258
2815
5564
2816
5562
5887
2818
2819
2820
2821
2819
2822
5795
2823
3900
2821
2823
2829
2822
4774
2823
3999
3435
2825
2826
2827
5478
2826
2828
2838
2829
2830
2828
2832
3434
2831
3432
2830
2832
2831
5697
2832
3431
3435
2834
2835
2836
5891
2835
2837
5576
2838
2839
2837
2840
3437
2841
3439
2839
2841
2840
5516
2841
3438
3440
2843
2844
2845
2846
2844
2847
6483
2848
2969
2846
2847
3966
2848
5899
2848
3968
2962
2850
2851
2853
5622
2851
2852
2953
2854
2855
2853
2854
5499
2855
5257
2855
4375
5873
2857
2858
2859
2860
2858
2861
6508
2862
5445
2860
2862
5949
2861
5379
2862
4686
5650
2864
2865
2868
5415
2865
2869
2913
2866
2867
2867
2869
5445
2868
5960
2869
5999
5442
2871
2872
2873
5460
2872
2874
4830
2875
2876
2874
2876
5960
2875
2901
2876
2906
5999
2878
2879
2885
5406
2879
2880
2881
2884
2907
2881
2882
2886
2883
2887
2883
2885
2886
2884
2888
2885
4754
2895
2887
2888
2888
3355
4754
2890
2891
2892
2900
2891
2893
2898
2894
2895
2893
2894
2899
2895
2898
2895
5406
2897
2898
2900
5402
2898
2899
5250
2900
5406
2902
2903
2906
2903
2904
2905
2907
5998
2905
2907
4754
2906
5955
2907
2909
2910
2911
2912
2910
2913
5442
2914
2918
2912
2914
6495
2913
5414
2914
5433
2916
2917
2920
4124
2917
2918
2919
2921
5963
2919
2920
2921
5650
2921
5433
5434
2923
2924
2927
3382
2924
2928
3381
2925
2926
2926
2928
3378
2927
5507
2928
3383
3381
2930
2931
2931
4328
3742
2933
2934
2935
2940
2934
2936
2939
2937
2938
2936
2938
2941
2937
2939
2938
5964
2940
2941
2941
3382
5959
2943
2944
2948
5961
2944
2947
5952
2945
2946
2946
2948
4328
2947
5450
2948
5946
2950
2951
2953
5499
2951
2952
2957
2954
2955
2953
2955
5043
2954
2955
5432
5444
2957
2958
2959
2960
2958
2961
2962
2966
2960
2961
6183
2962
3968
2962
5899
2964
2965
2966
2967
2965
2968
5525
2969
5616
2967
2969
2968
5499
2969
5491
2971
2972
2976
5735
2972
2975
5701
2973
2974
2974
2976
6453
2975
5793
2976
6293
5723
2978
2979
2980
2979
2981
4685
2982
2983
2981
2983
4014
2982
5793
2983
6293
6029
2985
2986
2989
5834
2986
2990
6458
2987
2988
2988
2992
5701
2991
5735
2990
2991
5720
2992
4733
2992
5720
6511
2994
2995
2996
2997
2995
2998
6458
2999
3774
2997
2999
5711
2998
5832
2999
4733
5407
3001
3002
3005
4893
3002
3003
3004
3006
4885
3004
3006
6127
3005
6090
3006
5809
4890
3008
3009
3013
4893
3009
3012
3018
3010
3011
3011
3012
6531
3013
6557
3013
4882
5809
3015
3016
3020
3022
3016
3017
3018
3019
4863
3018
3019
4889
3020
3020
5710
3022
3023
3024
3025
3023
3026
3025
4884
3785
3027
3028
3030
3028
3029
4863
3031
3032
3030
3031
4874
3032
3032
5269
4846
3034
3035
3036
3037
3035
3038
4825
3039
3041
3037
3039
4887
3038
6100
3039
4831
3041
3042
3043
3044
3042
4821
3044
6047
3834
3046
3047
3050
4918
3047
3048
3049
3051
4799
3049
3051
4605
3050
3051
4801
3880
3053
3054
3057
4802
3054
3055
3056
3058
4806
3056
3058
4687
3057
4596
3058
4597
4946
3060
3061
3062
6145
3061
3063
4598
3064
3065
3063
3065
4597
3064
6071
3065
4591
4596
3067
3068
3071
4670
3068
3072
4698
3069
3070
3070
3072
4679
3071
4680
3072
6373
4650
3074
3075
3076
3077
3075
4698
4670
3077
4677
4923
3079
3080
3081
3082
3080
3083
4677
3084
4923
3082
3084
4649
3083
3084
4648
6121
3086
3087
3091
6144
3087
3090
3094
3088
3089
3089
3091
4649
3090
3097
3091
6121
3093
3094
3094
3096
3097
3098
3099
3097
3102
3103
3099
3100
3106
3101
3107
3101
3103
3104
3102
3108
3103
3109
3112
3105
3106
3112
3106
3108
3111
3107
3108
3110
3110
3111
4640
3111
4661
3112
3114
3115
3115
3924
3569
3117
3118
3122
6025
3118
3119
3120
3121
4581
3120
3122
3922
3121
6156
3122
4767
6159
3124
3125
3127
3130
3125
3126
3131
3128
3129
3127
3128
3132
3129
3130
3129
3922
3138
3131
3132
3132
3606
6154
3134
3135
3136
3138
3135
3136
4568
3137
3138
3137
4652
3138
3921
3140
3141
3144
4721
3141
3145
3151
3142
3143
3143
3146
4657
3147
3566
3145
3147
6160
3146
6146
3147
6146
3149
3150
3154
5056
3150
3153
4117
3151
3152
3152
3153
3154
4652
3154
5497
4568
3156
3157
3160
3179
3157
3161
4586
3158
3159
3159
3161
6432
3160
6536
3161
4001
4694
3163
3164
3168
3939
3164
3165
3166
3167
3937
3166
3167
6208
3168
6536
3168
4577
6431
3170
3171
3175
4586
3171
3174
3180
3172
3173
3173
3174
4595
3175
3534
3175
4579
3177
3178
3184
3178
3179
3180
4574
3180
3182
3183
3184
3185
3183
3186
5338
3187
3189
3185
3187
3186
3187
4543
3189
3190
3191
3192
3190
3193
3194
6164
3192
3194
4631
3193
4595
3194
4579
4203
3196
3197
3201
6164
3197
3200
4357
3198
3199
3199
3200
3201
6406
3201
3883
4627
3203
3204
3205
3206
3204
4601
4522
3206
6266
4610
3208
3209
3210
3211
3209
3212
6406
3213
3217
3211
3213
4522
3212
3213
4627
5111
3215
3216
3217
3218
3216
3219
6421
3220
4012
3218
3220
3219
3220
4643
5111
3222
3223
3224
3225
3223
3226
6266
3227
4610
3225
3227
6210
3226
3512
3227
5436
3229
3230
3236
3511
3230
3235
3241
3231
3232
3232
3233
3253
3234
4783
3234
3235
4778
3236
4779
3236
4778
5005
3238
3239
3243
4612
3239
3242
3240
3241
3241
3243
6210
3242
3243
5436
3245
3246
3247
3248
3246
4783
3252
3248
4856
6284
3250
3251
3255
6491
3251
3252
3253
3254
4384
3253
3255
3254
3255
4778
4383
3257
3258
3259
4856
3258
3260
6284
3261
3262
3260
3262
5237
3261
3262
4402
6537
3264
3265
3269
3265
3268
4319
3266
3267
3267
3268
6270
3269
3269
4429
4352
3271
3272
3276
4368
3272
3273
3274
3275
4261
3274
3275
4266
3276
3295
3276
4262
3278
3279
3283
5238
3279
3282
3292
3280
3281
3281
3282
6264
3283
3283
4252
3285
3286
3288
4266
3286
3287
3294
3289
3290
3288
3289
3290
4303
3290
5659
5687
3292
3293
3294
3295
3293
3296
3295
3297
3298
3300
3298
3299
5238
3301
3302
3300
3301
3955
3302
4317
3302
6420
4318
3304
3305
3306
3307
3305
3308
5670
3309
4311
3307
3309
3308
5112
3309
5850
3311
3312
3312
5587
3314
3315
3317
3321
3315
3316
3320
3318
3319
3317
3318
3320
3319
3322
3319
3334
5481
3321
3322
3322
5924
3324
3325
3329
3414
3325
3328
3416
3326
3327
3327
3329
3404
3328
3423
3329
3415
3414
3331
3332
3333
3416
3332
3333
3334
3334
3335
3335
5570
3335
5558
3337
3338
3339
3352
3338
3340
3353
3341
3342
3340
3341
3352
3342
3354
3342
3346
3364
3344
3345
3348
3357
3345
3346
3347
3349
3355
3347
3348
3349
5410
3349
3357
3356
3351
3352
3354
3360
3352
3353
3361
3354
3362
3364
3356
3357
3357
5466
3359
3360
3364
5410
3360
3363
5453
3361
3362
3372
3363
4474
3364
5420
3366
3367
3371
3378
3367
3370
3379
3368
3369
3369
3371
5956
3370
3376
3371
3379
3380
3373
3374
3375
3374
3375
3376
3376
3377
3377
4474
3377
5944
3379
3380
3380
4327
3382
3383
3383
5942
3385
3386
3387
5484
3386
3388
5465
3389
3390
3388
3389
5462
3390
5936
3390
4634
5933
3392
3393
3395
3413
3393
3394
3987
3396
3397
3395
3396
5462
3397
3397
4625
3400
3399
3400
3400
6018
3402
3403
3408
3412
3403
3407
3411
3404
3405
3405
3406
3406
3408
3407
5915
3408
3410
3413
3410
3411
3413
3411
5915
3412
3413
3415
3416
3416
3420
3418
3419
3423
5915
3419
3422
5472
3420
3421
3421
3423
3422
5570
3423
5518
3425
3426
3427
3428
3426
3429
5935
3430
6485
3428
3430
4331
3429
5570
3430
5518
4774
3432
3433
5916
3433
3440
3434
3435
3435
3898
3437
3438
3439
3440
3438
5538
5632
3440
3442
3443
3447
5632
3443
3446
5517
3444
3445
3445
3446
5530
3447
5477
3447
5528
5516
3449
3450
3454
5839
3450
3453
3463
3451
3452
3452
3453
6558
3454
5776
3454
5777
3456
3457
3458
3459
3457
3460
4692
3461
6041
3459
3461
3466
3460
5651
3461
5645
3463
3464
3465
3466
3464
3467
3466
3475
3468
3469
3471
3469
3470
5839
3472
3473
3471
3472
3473
5937
3473
5673
6401
3475
3476
3478
5651
3476
3477
3479
3480
3478
3480
4608
3479
3480
5112
4078
3482
3483
3484
6401
3483
3485
5681
3486
3487
3485
3487
4042
3486
3487
5691
3489
3490
3494
5658
3490
3493
5678
3491
3492
3492
3493
4288
3494
4302
3494
4320
4292
3496
3497
3498
3499
3497
3500
3501
3843
3499
3501
4768
3500
6285
3501
4780
3503
3504
3507
4950
3504
3505
3506
3508
3859
3506
3508
4776
3507
4775
3508
4794
4757
3510
3511
3514
5005
3511
3512
3513
3515
3513
3515
3514
6132
3515
4788
6210
3517
3518
3522
4624
3518
3519
3520
3521
4800
3520
3521
3861
3522
4795
3522
3860
4789
3524
3525
3529
6124
3525
3528
6575
3526
3527
3527
3529
4606
3528
4629
3529
6166
4291
3531
3532
3536
4294
3532
3535
4629
3533
3534
3534
3535
6316
3536
3536
6166
5556
3538
3539
3543
4658
3539
3540
3541
3542
4582
3541
3543
4572
3542
6464
3543
4588
4109
3545
3546
3547
3548
3546
3549
4571
3550
6235
3548
3550
3555
3549
4667
3550
6150
6189
3552
3553
3556
4672
3553
3557
4668
3554
3555
3555
3558
3561
3559
3557
3559
6189
3558
4201
3559
6189
3561
3562
3563
4667
3562
3564
3565
3566
3564
3566
4561
3565
3566
3568
3569
3569
3923
3571
3572
3575
3612
3572
3576
3611
3573
3574
3574
3577
3603
3578
3605
3576
3578
3613
3577
3611
3578
3603
3604
3580
3581
3584
3600
3581
3585
3598
3582
3583
3583
3586
3590
3587
3592
3585
3587
3599
3586
3598
3587
3590
3591
3589
3590
3591
3593
3590
3592
3594
3592
3595
3597
3594
3595
3596
3597
3596
3599
3597
4019
3599
3600
3600
3602
3603
3604
3607
3603
3605
3606
3605
3609
3608
3607
3608
3609
3610
3610
6154
3610
3613
4637
3612
3613
3613
3615
3616
3619
3636
3616
3620
3635
3617
3618
3618
3620
3962
3619
4770
3620
3636
3637
3622
3623
3624
3639
3623
3625
3638
3626
3627
3625
3627
3640
3626
3638
3627
4770
4771
3629
3630
3632
4771
3630
3631
5094
3633
3634
3632
3633
3689
3634
4770
3634
6101
5164
3636
3637
3637
3963
3639
3640
3640
5098
3642
3643
3646
3662
3643
3647
3661
3644
3645
3645
3648
3657
3649
3659
3647
3649
3660
3648
3661
3649
3657
3653
3651
3652
3654
3658
3652
3653
3657
3655
3656
3654
3656
3655
3659
3656
3677
3660
3658
3659
6528
3661
3662
3662
3680
3664
3665
3668
3684
3665
3669
3683
3666
3667
3667
3670
3679
3671
3680
3669
3671
3676
3670
3683
3671
3679
3681
3673
3674
3676
3683
3674
3675
3682
3677
3678
3676
3677
3684
3678
3678
3681
3680
3681
3681
3683
3684
6292
3686
3687
3691
4508
3687
3690
4374
3688
3689
3689
3690
5094
3691
3691
5018
6497
3693
3694
3698
4771
3694
3697
5094
3695
3696
3696
3699
3715
3700
3717
3698
3699
5018
3700
3711
3700
3715
3713
3702
3703
3706
3718
3703
3707
3719
3704
3705
3705
3707
4374
3706
5018
3707
3718
3720
3709
3710
3714
3716
3710
3713
3715
3711
3712
3712
3713
3714
5098
3714
3717
3716
3717
6126
3719
3720
3720
5045
3722
3723
3724
3725
3723
3728
3746
3729
3745
3725
3726
3748
3727
3749
3727
3729
3748
3728
3750
3729
3747
3745
3731
3732
3735
3742
3732
3736
3744
3733
3734
3734
3737
3741
3738
3740
3736
3738
3743
3737
3744
3738
3741
3739
3740
3741
5448
3741
3743
3744
3744
5448
3746
3747
3747
5151
3749
3750
3750
5151
3752
3753
3756
5074
3754
4377
6456
3754
3758
4949
6429
3756
3757
3993
5059
3758
4836
3758
4689
4928
4968
3760
3761
6277
3762
6366
3762
5022
5047
5081
5091
3764
3765
5057
6033
3766
4844
4932
3766
4928
5921
4951
6139
3768
3769
5055
6089
3770
4864
4872
3770
4881
4936
4956
6520
3772
3773
5716
5836
3774
5407
5812
3774
5038
5708
6571
3776
3777
4864
4872
3778
5269
5783
3778
4842
4851
5930
6077
3780
3781
4979
3782
5205
6490
3782
4975
6517
4690
6308
3784
3785
4871
4884
3786
4272
4275
3786
4882
4281
6531
3788
3789
5033
5036
3790
4737
4877
3790
4967
4878
3792
3793
5743
6378
3794
5339
5740
3794
5811
5983
5845
6481
3796
3797
5191
6053
3798
5171
5218
3798
5220
5188
6289
3800
3801
4263
4390
3802
4138
4267
3802
4272
4275
4280
4366
3804
3805
4550
6409
3806
4306
6569
3806
3808
5234
5213
3808
3809
4134
5192
3810
5224
3810
6261
6504
5211
6409
3813
5777
5839
3813
4685
5897
5804
6499
3815
3816
5741
6079
3817
4015
4255
3817
6181
6534
4784
6023
3819
3820
5687
5689
3821
4283
4339
3821
4287
4313
4288
4302
3823
3824
4259
6548
3825
3988
4315
3825
4138
4267
4261
4269
3827
3828
5173
5177
3829
3832
6362
3829
5167
5084
6188
3831
3832
4240
6188
3833
4663
6162
3833
5190
5253
3835
3836
4860
3837
4020
4517
3837
6047
6111
6014
6051
3839
3840
4859
5371
3841
5363
6001
3841
5322
5323
5357
3843
3844
6014
6051
3845
4000
3845
4775
4776
4780
5230
3847
3848
5077
5082
3849
6205
6452
3849
5116
6397
5110
5355
3851
3852
6437
3853
6076
3853
6358
6562
3855
3856
3946
3857
4206
4211
3857
4207
4295
4205
5661
3859
3860
4829
3861
6556
3861
5480
4950
3863
3864
3865
4438
3865
4398
4433
4400
6541
3867
3868
4931
3869
4613
6269
3869
4399
4400
4491
6259
3871
3872
6323
6336
3873
4196
4198
3873
4246
4244
5612
3875
3876
5305
5309
3877
5270
5275
3877
4615
6435
4536
3879
3880
4603
4799
4602
4813
4605
3882
3883
5297
5309
3884
5275
6163
3884
4357
4630
6113
3886
3887
4354
6344
3888
4190
3888
4122
4137
4235
6393
3890
3891
5594
5643
3892
5597
5866
3892
4660
5002
5582
5584
3894
3895
3896
6017
3896
4010
6097
6455
3898
3899
5477
5927
3900
5478
3900
5479
5341
3902
3903
4060
4510
3904
5041
6408
3904
4051
4057
6251
6355
3906
3907
4477
6533
3908
4479
5067
3908
4475
4478
4486
3910
3911
4681
4682
3912
4698
3912
4594
4675
4665
4672
3914
3915
4670
3916
4684
6373
3916
4804
6149
4329
3918
3919
5229
6182
3920
4152
4547
3920
5141
5150
5387
3922
4652
6159
6154
3924
4637
4767
4646
4661
3926
3927
6220
3928
4505
3928
4486
3930
3931
5952
5961
3932
4671
5657
3932
5465
5936
5456
5467
3934
3935
4824
3936
4791
3936
4796
4918
6120
3938
4558
3939
6123
6431
6468
3941
3951
3953
3943
3944
4659
5065
3945
5236
6457
3945
4808
6327
3947
4200
4206
4176
3950
4323
6560
3950
6525
4707
3952
3953
5265
3954
5267
3954
6545
5273
6012
3957
5238
3957
6420
3959
4311
6338
3960
5166
5242
4345
4489
6134
3963
5164
3965
3966
4548
5476
3967
6183
3967
4891
3968
5500
5493
3970
3971
4260
4550
3972
5225
6010
3972
3978
4739
3977
3974
3975
3978
4739
3976
3976
4150
4306
3978
4676
4355
4356
4020
4446
4887
4910
5779
6153
4325
4590
4655
6046
6490
4016
4208
4599
4600
4236
4870
5945
4662
5458
6013
5308
5462
4261
4368
6278
4835
4857
5614
6130
5953
6341
4846
4884
6322
4450
4464
4562
6375
4928
5921
6486
4188
4440
4575
5747
4530
4554
4695
6180
4729
4809
6087
4146
4239
4484
6263
5003
4331
5481
5795
4862
6051
6431
6536
5628
5674
5684
6309
4971
4978
4989
4183
4186
4537
5396
5615
6180
4990
5566
6168
4482
4815
4818
4554
4695
6427
6017
6455
4792
4939
6234
4610
4764
5037
5451
5470
5673
6029
4264
4787
5741
4602
4624
4935
4019
4021
5247
5273
4848
4860
6539
4023
4027
4111
4029
4191
4047
4989
5072
4153
4764
5037
6335
4027
6388
4029
6405
4545
6388
4039
4159
6380
4034
4035
4184
4186
4194
4034
4035
4131
4187
6360
6337
4037
4072
4447
6059
4038
4088
6353
4845
5846
4076
4521
5947
6207
4608
5691
5937
4044
4045
6052
6552
4549
5207
4053
4077
6549
4088
4521
4975
5071
6517
4049
4051
5581
4545
6402
4323
4738
5012
6147
4510
6402
4060
4085
4448
4510
4059
4826
6052
6246
6400
4301
4803
6069
4063
4067
4220
4845
6355
6402
6549
4067
4845
5846
6237
4504
4545
5990
6408
5292
6003
6005
4063
4068
4220
5041
6426
6550
4065
4070
4082
6313
4458
6227
6372
4984
5046
6092
6236
6426
4112
6331
6550
6407
6424
6426
6550
6226
6227
6407
5537
5544
5546
5646
4077
6355
6549
5640
5644
5685
5775
4080
4112
6331
6387
4084
4166
6256
6361
4131
6380
6059
6552
4608
5691
5850
4080
4086
6367
6372
4082
4083
4413
4432
4458
6227
4112
6372
4086
6371
6387
4105
6249
6419
5581
5654
6389
4094
4132
4119
4120
4166
6361
6059
4373
4414
4419
6245
4394
4399
6530
4092
4108
6326
4093
4099
4170
4100
6326
6351
4169
6357
6367
4096
4346
4431
4460
4097
6357
6367
4099
4170
4346
4488
4521
6207
4100
4101
4102
4163
4102
4145
4346
4103
6349
4163
4164
6024
4168
6334
6363
6404
4132
4168
6329
4136
4568
5056
5497
5146
5151
5159
4170
6334
6363
4658
4682
6176
5773
6433
6405
6313
4118
4179
4116
6337
6359
4116
6337
6400
4119
4120
4172
5233
6532
6410
4130
6359
4121
6400
4166
5654
6389
4354
4736
6348
4133
4155
5257
5435
5910
4151
4179
4128
4155
4992
5185
5705
6438
4151
4573
6208
6432
6536
6169
6361
6360
4169
6371
5285
6081
6365
5220
5224
5113
5114
5119
4172
5510
5954
4235
6348
6399
4390
6548
4484
5246
6262
6320
4736
6348
6410
4362
4402
6270
6526
6321
6324
6377
4154
6324
6377
4156
5293
6325
4149
6245
6349
5246
5605
4962
4974
4149
4419
4432
6245
4346
4431
4338
4739
6061
4253
5144
5229
5017
5943
6335
4161
5285
4238
5943
4161
4509
4161
5285
6081
4191
4162
6412
4218
6050
6351
4167
6287
6349
4167
4808
6287
6419
4347
5872
4169
6249
6363
6357
4201
4651
6135
5056
5954
6326
6351
4330
6214
6223
5063
5221
5318
6469
4181
4185
4207
4190
6060
4253
6410
4330
4499
6200
6214
6008
6352
4546
5396
5892
6422
4189
4342
6328
4193
6443
4341
4342
4575
6535
6020
6344
6380
4193
4219
6443
4341
6328
5292
5418
5752
6005
4197
4223
6323
4198
4224
4476
5608
5612
5421
5435
5437
5910
4653
6482
4639
4668
4307
4705
6288
6482
4627
6164
4205
4305
4349
6478
4211
6283
6288
6482
6443
4602
4813
6178
4926
5104
5134
4215
5652
5675
6418
4349
6288
5648
5814
6158
6315
4214
4217
4305
6478
4216
5814
6158
4345
5857
4217
4233
6302
4225
6096
4238
6303
6412
4222
4295
6032
6251
6353
5671
4223
5661
5669
4476
6032
4230
5608
6312
4230
4233
6312
4230
4233
4243
5601
4228
4248
5609
6310
4231
4251
4326
4248
5609
5613
5647
5602
5609
6304
6345
4349
4705
6288
6305
4244
4247
5612
6345
6256
6404
4245
4253
4736
6410
6325
5390
5605
4662
6058
6188
5932
6321
4761
5304
5384
5602
5655
5665
4246
4870
5441
4251
5441
4249
5203
5603
6310
6554
5040
5057
6450
6343
6345
4368
6264
4273
4334
5688
6444
4256
4264
6023
4263
4390
6573
4258
4390
6548
6573
4268
4867
5237
4268
4315
4385
5217
6010
6569
4262
4269
5688
4264
4272
4871
4436
4491
4511
6259
4273
5688
4269
4366
6537
6548
6275
4279
4280
4281
5064
4753
5615
6180
6422
4871
4278
4303
4289
5700
6444
6555
4280
4281
4289
6110
6297
6555
5341
5587
5924
5689
5700
6444
4367
4455
5699
6021
4455
4334
5064
6444
6555
5683
5689
5700
4285
4290
4293
4623
5166
5242
6026
5232
6461
5659
5687
5727
4320
4339
4300
5704
4296
4332
6417
4606
4628
4980
5658
6338
4332
5727
6026
4834
5556
6178
5661
6443
4623
5712
4917
4952
4972
5706
5374
5380
5958
6447
4307
4340
4705
6522
5683
5700
6448
4810
6103
6171
4313
4980
5687
5689
4318
4332
5659
5727
6158
4338
4676
4497
5712
5414
5417
5420
6495
4527
5143
5277
5584
5865
5870
5871
5664
4322
4344
4361
4442
5727
6026
4785
5118
6250
6559
4362
6278
4318
4332
6417
6420
4318
5659
4368
6264
6278
5677
5686
5737
5738
5743
5745
4336
5663
5189
6045
4574
6431
6468
5137
5138
6044
6310
6343
5507
5929
5956
5448
6142
6149
6538
4481
4506
4774
5558
5287
5289
5769
6007
6021
6275
5143
5277
5991
6007
4344
5656
5294
5302
6002
6516
5211
6409
5683
5686
4489
4623
5712
4769
4769
4396
4653
5675
6522
4350
4373
5065
6437
4364
4435
4365
4437
6076
4365
6340
4888
5837
6231
6390
6081
6365
4360
6562
4360
4420
4866
5338
6113
6262
6290
4430
4484
5390
6320
6131
6212
4653
6291
4385
4429
4365
6340
5843
6280
6547
6021
6275
6297
6557
4387
6263
6526
5593
5638
5643
6043
4376
5013
6271
4389
4391
4642
6286
4435
5872
5004
5045
5491
5499
5501
4380
6274
4817
5476
5935
5941
6485
4556
4688
5249
6219
4382
4401
6271
4383
5013
6108
6271
4384
6491
6491
4402
6537
6046
6061
6504
5763
4467
4715
6066
6072
4611
6262
6320
4607
6173
5544
5546
5569
6385
4403
4406
6206
6194
6253
4888
4914
6080
6390
5291
4423
6206
6248
6541
4438
4438
6259
6274
5763
4405
4855
5376
5930
6077
4406
4408
4931
6436
4413
6226
6227
6559
4613
6167
6436
4410
4418
6436
4456
4614
4412
4422
4434
4785
4427
6195
6241
4428
6238
4435
6195
6241
4467
4715
4790
5022
5025
5047
5097
4984
4985
5008
6092
4456
4616
4428
6195
6212
6540
5794
5827
5985
6477
4428
6195
6238
4782
6170
6445
5786
6232
6507
4427
6035
6507
6035
4434
6519
4432
6270
6278
4611
6306
6540
4432
4458
4444
6232
6507
6280
4865
6248
6541
5680
6530
6229
6254
4527
5035
6535
4459
4562
6229
5663
6291
4453
5118
6242
6494
5148
4583
4687
6124
4854
4855
6077
6251
6353
6355
5654
5990
6329
6226
6407
6424
6494
4454
6240
6369
4454
4483
6369
6374
6236
6424
6426
6563
4459
5156
6229
4462
6237
6531
6557
6435
6280
6519
6547
4460
6240
6563
6367
6372
5714
5787
5835
6416
6236
6240
6563
5826
5992
6451
6476
4470
4473
6533
4604
4744
4748
4750
4692
5575
6041
6317
4708
4718
4551
4865
6248
4471
4473
4551
6239
4562
6386
4472
4481
4506
4551
4865
5067
6386
5413
5944
4486
6395
5669
6312
4478
6233
6375
6395
6553
6223
6239
4761
5272
5319
6223
6239
4807
4823
6128
4485
6063
6233
5246
4488
6391
6553
6220
4488
6207
6391
6063
5242
6522
5827
5895
5969
5985
4503
6269
4516
4524
4532
4632
4495
6217
6423
6425
4495
4507
6167
6423
4498
6204
4747
5778
6018
6193
4653
6482
4503
6217
6269
4506
4535
4516
4518
4620
4507
4529
4532
6423
4532
4632
6423
6425
4511
4873
6048
6052
4565
4616
5004
6497
6020
5581
4865
4513
6216
4524
4632
4891
5899
5967
6183
4539
5132
4519
4848
4862
6051
4519
4520
4524
4701
4701
5139
6197
5111
5430
5461
5467
5934
4896
5200
6185
6376
4701
6197
5271
5747
4683
4696
4709
4879
6295
4531
5892
4533
4554
6027
6510
4618
4620
6200
6217
6425
4618
6435
4544
4695
5158
5261
5984
5328
5335
5751
4576
5131
4620
6427
5131
5338
6113
4742
5102
4826
6078
6055
4891
5512
6183
6552
4739
6409
6386
4553
6184
6430
5105
6112
6510
6364
6413
4557
6184
6403
6201
4569
6123
4560
4561
4666
6527
4667
5802
6150
4657
4667
6240
4589
5270
5797
6202
5132
4669
5797
6030
6202
5385
5630
5635
5667
5056
6192
6260
4571
4573
6176
6235
4578
6150
4573
6176
6432
4578
4580
5143
4626
6208
6566
6208
6566
4595
6199
6468
4645
4646
6155
4583
4766
4585
4585
4592
4674
4679
4766
4694
6316
6575
6464
4630
6163
5137
4592
4716
4678
4658
4674
4681
4682
4682
6176
6235
5556
4597
4814
4693
4719
6071
4601
4834
6178
4601
4935
4603
4624
4800
4749
6234
4806
4813
6215
6265
6286
5393
5401
5997
6521
6286
4621
6252
4931
6204
4615
6434
6435
4622
6165
6167
6436
4619
4782
6252
6421
6295
4643
6165
6203
4793
6138
4641
5305
5242
4789
4634
4747
6018
5066
6406
4687
4946
6124
4813
6178
4742
4834
5556
4712
4634
5778
5933
6314
4747
5193
6028
4894
4896
5200
5208
6156
4639
4640
4645
4644
4651
4654
4643
6165
6173
6262
6421
4648
4668
4651
4654
4654
4767
4648
4665
4668
4672
4677
6121
4674
4679
4681
6155
4721
4661
4690
5123
5575
6038
6041
6558
4666
6148
4766
5080
5278
6457
5584
5871
5922
5779
6162
6162
6474
5256
5273
6012
4677
4669
6030
6260
6527
6373
5455
5456
5490
4675
5197
5337
5817
6368
4766
6189
6235
6010
6569
4679
4680
4716
5889
5898
4698
4719
5898
6071
4731
5889
5793
5825
5377
5908
6508
4753
5066
4951
4968
6082
6490
4713
4732
6538
5630
6145
6224
6464
5102
4731
4741
6049
4713
4720
4732
6140
6142
6149
4702
4718
4765
4707
4790
4822
4823
4825
6128
4715
4727
5012
5857
5202
4711
6066
6442
4710
4719
6049
6066
6072
4714
4741
6049
6200
6425
4720
4732
6442
6075
5898
6071
5762
5796
5828
5973
4790
6442
4765
6159
6160
5106
5291
4724
4725
4728
4726
4738
4726
4730
4839
5317
6370
6075
6299
6057
4734
6122
6087
4879
4741
6458
4828
4758
4837
5014
6365
4843
4878
4922
5317
6299
4746
4915
4745
4792
6234
4746
4750
6073
4792
4875
6193
4749
5040
4751
5049
5052
4752
5051
6441
6022
6219
5466
6388
4762
5666
4776
6111
6556
4759
4827
6496
5014
5604
6045
5666
6095
5292
6003
4781
4827
5666
6095
6496
5293
5932
6442
6156
4780
4783
5164
5098
5855
6196
6261
5629
6047
5697
4788
5230
6014
5629
6047
6111
6556
4780
4783
5230
5666
6496
4793
6203
4869
6181
6232
6238
6263
6270
6526
4871
4884
6322
4794
5005
4935
4820
6252
6445
4950
6132
4950
6132
4801
6120
4802
6102
5268
6198
6230
4800
4824
5480
4918
4814
4805
6120
4923
5127
6069
6098
4946
4815
4847
6327
6103
6122
6171
4815
6062
6098
6102
5020
5045
6102
6145
6103
4822
4823
6456
4886
6103
6122
4837
5014
6147
6370
5629
4825
4937
6128
4835
4857
4918
5480
4857
6402
6549
5604
6054
5629
6556
5374
5958
5998
4857
6100
6130
4833
4841
4877
5053
4844
4932
5033
4878
5059
5074
5076
5671
6083
4886
5019
5718
6370
5599
5619
5642
5860
4881
4922
5039
4854
4876
6077
5055
5614
6089
6033
6085
6353
5376
5930
4937
6128
4910
6534
4913
4920
5783
6520
4883
5052
6033
6085
4864
4876
6384
5345
5514
5815
6151
4855
5376
5741
6079
4887
6100
4910
6272
6285
6489
6551
5362
5962
6001
4887
5069
6181
6534
4914
4920
6089
6306
6540
4869
6272
6573
4915
5019
6065
6023
6086
6307
5783
6520
5109
5207
6394
4920
5269
5783
4915
6065
6073
6100
6130
4922
5033
5614
5889
5898
5209
5210
5239
5266
5054
5055
6531
5036
6065
6073
4888
4889
5837
5710
4893
5710
4972
5837
6127
5923
5113
5114
5303
5809
4901
4999
6119
5015
6221
4999
6116
4909
4952
5706
6570
5676
5695
5734
6222
4900
5058
5068
4953
5696
6564
4955
6104
6570
5696
6104
6231
6390
5157
5698
5787
6064
4917
5706
5840
6064
4906
4913
6080
6564
4907
4925
5042
4924
4953
6564
5023
5068
4999
5833
6116
6079
4913
4914
4920
6080
4919
5208
6568
5042
5710
4917
4972
6127
6414
5841
4957
5023
6268
4927
4930
4948
6475
5055
6152
4925
6093
4956
4958
5135
5219
6141
6082
6276
6574
4951
5251
6099
6106
6276
5053
6139
4940
4941
4958
5054
6099
6106
4956
4958
5054
6109
6429
6034
6093
4942
6480
4945
4947
4947
4959
6000
5294
5301
5302
5418
4957
4987
6136
6136
6480
5053
6106
6139
4968
6429
6475
5719
6117
5068
6143
6168
5058
6119
5042
4960
6093
4969
6480
4987
6268
4987
6487
5566
6168
4964
4965
4988
6487
5201
6383
6523
6523
4973
5566
6471
5019
5036
6065
6273
6276
6574
4990
6143
6168
4973
6471
5719
5566
6471
4989
5498
5912
5971
6506
6471
5205
5166
6026
5367
5369
5383
5422
5070
5122
5951
6350
4986
4988
4986
6190
6191
5201
6561
6070
5201
4992
5158
5705
6190
6191
4994
6174
6446
6454
4995
5194
5736
5737
5992
6174
4997
4998
5185
6438
5006
5186
5709
5186
5824
5831
6570
5200
6186
6376
6524
5157
5698
6172
6185
5593
5643
5922
6359
5024
5230
5008
5185
6186
5008
6092
6186
6524
6190
5101
6292
5046
6092
6524
6568
5189
6299
6509
5316
5986
6479
6512
5037
5469
5945
5094
5021
5026
5027
5093
5081
6175
5045
5026
6175
5027
5095
6175
5029
5031
5097
5030
5032
6088
5031
6031
6515
6107
5047
5097
6440
6085
5279
5401
5994
6521
5143
6007
6535
6085
5470
5714
5835
6571
5053
5054
6106
5049
5060
6251
6331
6520
5444
5899
5967
5350
5353
5360
5762
6268
6277
5051
5061
6031
6125
5051
5061
5061
6031
6267
6515
6441
6073
5921
5696
6104
5062
6486
5061
6267
6450
5076
6267
6515
5172
5746
6137
5699
6021
5236
5278
5249
5615
6239
6533
5201
6383
6561
5072
5078
6091
5075
5374
5380
6544
6428
6456
5078
6088
6428
5243
6452
5243
5090
5120
6397
6459
5089
6008
5086
6503
5090
6397
5084
5168
5471
6084
5167
6474
5116
6397
6459
5087
5095
6175
5088
6118
6503
5095
5096
6036
5236
5278
6291
5136
6282
6470
6503
5311
5315
5327
5996
5095
5096
6492
6161
5100
5107
5750
5874
6126
6427
5104
6319
6332
5240
5249
6022
6219
5274
5125
6319
5129
6225
6205
5850
5121
5355
5124
5303
5148
6255
6332
5136
6300
5355
6383
5161
6205
6452
5163
5133
5165
6140
6149
6152
5162
6198
5244
6364
6413
6213
6141
6279
5150
5219
5240
5244
6243
6413
6228
6551
5144
5229
6551
6027
6510
5141
5152
5162
5160
6182
5154
5722
6257
5345
5351
5364
6151
5147
5153
5169
5722
6242
6250
5209
5215
5239
6382
5160
5387
5160
5244
5159
5722
6257
5251
5187
5799
6187
6209
6424
6494
6563
5742
6211
5187
5853
6489
5219
6182
5784
6094
6279
6338
6084
5170
5171
5188
5223
5266
5188
6084
6137
6221
5174
5176
5175
5177
5195
5176
5183
6396
5179
6330
6362
5180
5183
6379
6518
5180
5182
5183
5181
5799
5182
5261
5984
5790
5196
5495
5513
5531
5616
6190
5826
6513
5261
5705
5222
6560
5253
6362
5193
6196
6261
5197
5817
6454
6330
6396
6529
6396
6518
6546
5198
5816
6379
6454
6518
5316
5321
5352
6479
5950
5613
5884
6554
5205
5855
6046
6490
5359
5808
6473
6498
6052
6225
5950
6119
5212
6153
5216
5217
5227
6061
6504
5215
5266
5223
5227
5234
5477
5530
5586
5927
6067
5239
6011
6460
6460
6053
6084
5244
6289
6221
6366
6469
5223
5234
6289
6067
5234
6289
5226
6010
6067
5431
5432
5443
5444
5235
5245
6572
5373
5400
5940
5497
5510
6148
6097
6008
6272
6537
5387
5268
6230
6091
5251
6290
6545
6009
6016
5396
5428
5958
5998
5387
5784
5255
5263
5307
5458
6013
6462
5307
5458
5622
5963
5314
5325
6330
6529
5260
6501
5263
5299
5799
5321
6396
6529
6546
5267
5296
5267
6067
6364
5930
5309
6163
5747
5411
5991
6545
6501
5305
6163
5329
5330
5333
5788
5306
6465
5281
5304
6465
5282
5289
5283
6465
5289
5769
5289
5991
6007
5287
5290
5769
6535
5290
6133
6461
5384
5469
5943
5295
6037
5301
5994
6521
6462
5305
5309
5299
5300
5312
6005
5752
5820
6005
5304
5384
5403
5988
6205
5994
5411
5991
6012
5484
5848
5311
5316
5388
6512
5326
5397
5314
5325
5820
5315
5325
5352
5820
5423
5397
5995
5397
6129
6147
5746
5411
6003
5321
5325
5352
6529
5343
5323
5334
5679
6002
6516
5328
5679
5327
5388
5334
5988
5329
5765
5391
5751
5331
5332
5791
5788
5845
6481
5333
5359
6498
5358
5391
6002
5344
5388
6512
5445
5960
6508
6544
5340
5342
5987
6164
5845
5989
5993
5986
5989
5993
5479
5795
5986
6368
6479
6368
6479
6546
5591
5751
5979
5346
5347
5350
5351
5957
5350
5353
5815
5349
5353
5815
5969
5399
5409
5851
5354
5370
5896
5397
5356
5762
5957
5973
5360
5827
5969
5363
5393
6516
5359
5755
5828
5419
5764
6493
5362
5962
5970
5972
5365
5366
5394
5761
5370
5974
6040
5367
5422
6001
5367
5965
5972
5368
5369
5392
5965
5381
5382
5965
5972
5906
5962
5755
5765
5906
5968
5428
5958
6447
5460
5855
6046
6261
6504
6322
5378
5382
5389
6508
6544
5395
5757
5908
5805
5392
5757
5908
5383
5908
5389
5398
5418
5621
5631
5863
5395
5757
5971
6514
6004
5605
6306
5755
5765
5758
5974
5394
6037
5997
6006
5496
5949
5892
5422
6004
6006
5514
5815
5911
5768
6447
5767
5428
6133
5418
5752
5996
5966
5997
6004
6006
5673
5681
6401
5998
5711
5980
5906
5962
5968
5970
5895
5907
5969
5412
5466
5415
5453
5955
5417
5420
5440
5415
5453
5999
5417
5421
5910
6495
5424
5796
5828
6473
5453
5424
5426
5761
6330
6362
5440
5948
5440
5929
5948
5956
5437
5459
5948
5459
5490
5929
5948
5940
5430
5431
5443
5508
5468
5475
5438
5454
5438
5622
5910
6495
5496
5949
5963
5438
5622
6210
5438
5454
5947
6207
5944
6307
6343
5445
5650
5446
5468
5446
5483
5967
6303
6333
5450
5450
5946
6314
5469
5945
5732
5810
5821
6565
5459
5508
5457
5657
5942
5463
5475
5490
5507
5929
5463
5960
6544
5465
5484
5848
5484
5490
5508
5483
5909
5928
5934
5467
5955
5475
5483
5934
5945
6058
6474
5473
5518
5526
5474
5915
5526
5931
5508
5482
5512
5478
5516
5587
5887
5558
5924
5916
6485
5923
5486
5494
5502
5511
5487
5498
6506
5489
5494
5585
5489
5491
5501
5519
5525
6506
5525
5493
5495
5576
5891
5500
6483
5509
5513
5515
6483
5873
6514
6146
5502
6040
5576
5873
6514
5514
6151
5531
5905
5938
6356
5547
5890
5905
6356
5601
5640
5775
6311
5509
5513
5531
5938
5942
5511
5914
6030
6532
5514
5911
5928
5941
5585
5531
5891
6356
5632
5532
5547
5890
5935
5971
6506
6514
5521
5522
5913
5978
5523
5549
5883
5523
5900
5901
5875
6472
5540
5561
5844
5975
5585
5935
5941
5529
5530
5536
5586
5529
5530
5532
5535
5552
5552
5901
5534
5537
5590
5646
5535
5552
5623
5536
5537
5548
5563
5548
5890
5891
6356
5561
5617
5975
5981
5545
5565
5792
5542
5543
5571
5880
5553
5590
5646
5544
5646
6466
5856
5844
5895
5985
5548
5567
5900
5901
5926
5844
5975
5978
5551
5596
5635
5637
5595
5668
5888
6472
5854
5880
5919
5561
5886
5981
6467
5575
5595
6038
6467
5564
5574
5877
6258
5570
5587
5887
5904
5907
5913
5978
5565
5586
5588
5927
5586
5588
5926
5578
5588
5798
5886
5568
5569
5926
5580
5879
5882
5580
5868
5885
5888
6466
5573
5580
5878
5882
5579
5865
5920
5925
5596
5865
5870
5920
5877
5879
5882
5876
5877
5882
6500
6246
5583
5597
5584
5870
5616
5879
5871
5922
6318
6500
5623
5854
5788
5845
5989
5593
5599
5922
6318
5598
5600
5866
5881
5596
5917
6317
5611
5599
5638
5642
5636
5884
6342
6347
5655
6305
5608
6304
5861
6301
6525
6320
5858
5861
6398
6044
6307
6343
5867
5665
5640
5662
5869
6311
5858
5866
5867
5660
6346
6384
6483
5854
5883
5919
5619
5621
5631
5885
5620
5918
5621
5624
5642
5625
5875
6472
5625
5626
5633
5627
5863
5627
5634
5644
5628
6309
5863
6567
6317
5635
5637
5890
5634
5638
5642
5639
5641
6317
5860
6318
6385
5885
5888
5639
5662
6043
5641
5644
5662
5881
6309
6041
6558
5655
5660
5665
5649
5852
6392
5674
5684
5949
5849
5939
6542
6173
6218
6253
6419
6311
6417
6420
5959
5961
5664
5693
5869
6311
6283
5864
5670
6338
6304
5863
6567
5880
5917
5919
6096
6283
5693
5744
6110
6297
5685
5852
5849
5717
6381
5678
5682
5690
5693
5713
6076
5721
5686
5695
6222
5847
6567
5774
6309
5847
6275
5713
6222
5734
5838
5980
6439
6029
6293
6511
5749
5847
6354
5916
6485
5833
6116
6297
6555
6293
6511
5716
5836
6414
5716
5744
6439
5838
6110
6448
6209
5833
5714
5787
5840
6064
5714
5836
5840
6186
6376
6513
5717
6381
5744
5838
6110
6439
5812
5832
6083
5837
6231
5732
5810
5731
5902
6453
5725
5731
5902
6488
5726
5728
5811
5731
5810
5821
5748
5821
6378
5730
5842
6451
6476
5742
5823
6211
5735
5834
6244
5804
5813
5894
6499
5749
6381
5810
5737
5738
5817
5818
5740
5987
5853
5743
5993
6322
5787
6416
5977
6296
5789
5818
5977
5789
5806
5977
5838
6448
6068
5788
5995
5759
5796
6473
6502
5766
5771
5800
5829
5859
5759
5794
5982
6502
5758
5912
5971
5764
6493
5808
6042
6473
6502
6001
6006
5764
6526
5796
5803
5808
6042
5768
5966
5997
5805
5794
5894
5982
6477
5803
5902
6453
5798
5813
5894
6477
6056
5775
5852
6302
6305
5777
5780
5781
6499
6018
6314
6058
5782
5813
6499
5782
6038
6558
5785
5893
5886
6038
6467
5842
6476
5984
5819
6481
6498
5798
5985
6477
5829
6493
5924
6192
6260
5893
6379
5807
5825
6042
5803
5819
5902
6488
6527
6566
6484
5830
5897
5966
6447
5821
5842
6565
5830
5897
5976
6484
6378
6488
5980
6439
5893
5852
6302
6368
6518
6546
5987
5992
6476
5983
6484
5995
5826
6172
6451
6513
5842
6416
6565
6174
6438
6446
5829
5897
5831
6493
5859
6453
5894
5982
5992
6174
6294
6064
5835
6571
6244
5841
5841
6414
6131
6358
5903
6374
6448
5909
5934
5904
5907
5911
5875
5860
6385
6466
6522
6342
5968
5973
5918
6554
5957
5968
5970
5973
5869
6043
6347
5878
6342
6304
6345
6318
6385
6500
6346
5878
6245
6349
5963
6161
5883
5920
5925
5925
6500
5926
5888
6043
6347
5975
6346
6398
5918
5893
6258
6373
6180
5903
5957
5970
5972
5905
5913
6472
5907
5978
5914
6415
6415
5931
5914
5974
6040
6415
5938
5981
6467
6466
5981
6450
5928
5967
5931
5941
5943
6335
5936
5946
5952
6401
6415
6392
6418
6133
6461
5959
5956
5952
6524
6568
6015
6323
6336
6532
5999
5964
5964
5974
5982
6042
6502
6378
5986
5989
6512
6381
6481
6488
5993
5996
6002
6371
6387
6465
5996
6543
6457
6019
6463
6162
6111
6350
6505
6097
6328
6112
6422
6573
6050
6287
6155
6159
6160
6197
6148
6107
6323
6519
6118
6492
6516
6521
6277
6428
6456
6151
6301
6509
6394
6066
6095
6525
6542
6062
6098
6153
6326
6114
6374
6171
6136
6075
6215
6265
6112
6422
6534
6354
6344
6273
6475
6370
6272
6285
6171
6440
6515
6384
6296
6517
6099
6312
6478
6572
6115
6497
6114
6117
6279
6298
6125
6284
6145
6224
6441
6185
6231
6570
6300
6449
6152
6441
6161
6299
6509
6384
6547
6562
6155
6160
6281
6470
6445
6475
6144
6243
6152
6148
6509
6566
6156
6172
6185
6376
6513
6434
6316
6575
6204
6359
6203
6206
6211
6430
6492
6201
6219
6379
6446
6454
6474
6561
6314
6247
6403
6430
6532
6434
6269
6438
6446
6451
6547
6247
6281
6255
6300
6449
6242
6250
6369
6553
6237
6374
6559
6280
6519
6279
6298
6416
6565
6389
6253
6254
6256
6404
6494
6559
6399
6489
6551
6541
6486
6568
6491
6574
6440
6366
6449
6469
6478
6327
6528
6413
6310
6305
6325
6339
6517
6407
6550
6392
6418
6371
6419
6408
6339
6341
6393
6341
6412
6398
6347
6457
6390
6564
6363
6562
6399
6470
6375
6533
6505
6408
6400
6411
6404
6411
6554
6553
6440
6543
6464
6567
6503
6486
6572
6571
6470
6498
)


// ************************************************************************* //
