/*--------------------------------*- C++ -*----------------------------------*\
| =========                 |                                                 |
| \\      /  F ield         | OpenFOAM: The Open Source CFD Toolbox           |
|  \\    /   O peration     | Version:  v2012                                 |
|   \\  /    A nd           | Website:  www.openfoam.com                      |
|    \\/     M anipulation  |                                                 |
\*---------------------------------------------------------------------------*/
FoamFile
{
    version     2.0;
    format      ascii;
    class       volScalarField;
    location    "0.2";
    object      p;
}
// * * * * * * * * * * * * * * * * * * * * * * * * * * * * * * * * * * * * * //

dimensions      [1 -1 -2 0 0 0 0];


internalField   nonuniform List<scalar> 
6576
(
-577.769
-643.043
-599.873
-597.075
-577.059
-543.451
-587.438
-564.988
-557.918
-572.272
-501.352
-518.508
-526.46
-526.291
-489.198
-499.7
-592.812
-541.475
-509.324
-421.137
-580.471
-507.094
-509.869
-665.311
-434.103
-338.213
-173.687
-591.836
-656.832
-648.407
-605.053
-668.214
-560.865
-424.15
-422.546
-396.354
-466.181
-417.578
-485.256
-447.065
-545.171
-605.897
-504.005
1720.14
1486.97
1730.41
1501.25
1635.7
1805.32
1747.18
1598.94
1721.45
-2.89547
-2.90405
-2.93132
-2.8283
-2.84281
-2.87695
-2.86207
-2.89132
-2.82238
-2.80321
-2.77167
-2.83124
-2.90431
-2.82212
-2.43076
-2.48302
-2.53773
-2.55084
-2.48562
-2.6468
-2.55984
-0.877515
-1.35904
-0.865765
-1.29416
-0.621439
-0.643419
-0.457011
-0.19898
-0.025889
-0.55849
-0.845271
0.107485
-0.238775
-0.882643
13.6346
21.1143
20.0852
11.2122
10.6193
15.9199
12.9632
1560.85
1428.75
1489.82
1138.18
1326.12
1477.19
1451.82
1914.1
2039.13
1962.51
1904.92
2023.69
1812.67
2106.48
2145.57
2094.2
2082.1
2024.11
2068.45
2119.34
-2.87413
-2.92303
-2.90756
-2.92862
-3.00469
-2.89654
-2.92167
-48.9093
-86.3748
-373.667
-241.382
-214.101
-32.7811
5.3259
-2.53912
-3.25131
-2.97404
-3.69689
-3.55796
-3.77697
-3.87373
-11.4227
-10.6181
-11.6882
-11.274
-10.0951
-9.92428
-11.2471
-15.7482
-14.9846
-14.619
-15.4972
-13.8538
-13.7942
-15.0834
-19.1339
-18.806
-19.567
-17.8416
-18.2955
-18.8732
-18.5142
-19.408
-20.079
-18.8792
-18.9977
-19.6914
-17.9737
-17.4148
-18.8314
-17.914
-20.4249
-20.3985
-20.4016
-20.4288
-20.5494
-20.4384
-20.3384
-19.4511
-18.8954
-18.712
-19.7759
-19.2178
-18.5647
-18.2353
-18.5214
-18.4872
-12.8408
-11.9375
-11.9018
-12.8516
-11.6852
-11.2029
-12.5621
-12.7752
-11.3214
-9.92186
-10.4817
-10.3243
-10.9506
-11.5347
-10.5008
-10.6546
-8.91489
-8.8625
-8.86743
-8.73529
-9.62283
-9.33031
-8.88307
-7.28777
-6.99196
-7.5513
-8.47053
-7.39819
-7.53897
-7.83547
-4.24434
-4.55062
-4.997
-5.02788
-4.70963
-4.68171
-4.99488
-6.92067
-6.61175
-6.48213
-8.09299
-7.02411
-7.39612
-7.87948
-9.78384
-8.69223
-10.1527
-9.35688
-10.7867
-11.7463
-9.88874
-12.3094
-14.1679
-13.5734
-12.1051
-11.5456
-13.7199
-13.4305
-19.3758
-18.1735
-19.3141
-17.737
-17.7289
-18.6146
-18.4995
-20.4368
-20.4947
-20.9067
-20.2702
-20.0441
-20.4653
-20.2306
-20.4866
-20.7491
-20.4368
-19.9895
-20.6495
-20.7616
-20.7771
-20.3411
-20.8179
-12.4689
-12.9785
-12.6493
-11.1768
-11.3921
-12.0174
-11.6174
1661.05
1638.96
1553.78
1704.46
1571.81
1483.31
1700.82
1505.26
1684.32
1300.15
1376.59
1272.86
1276.39
1116.51
1212.94
981.748
176.977
187.631
186.381
189.514
191.578
187.325
184.971
190.048
190.702
1429.89
1286.48
1367.48
539.348
679.015
287.165
792.47
736.204
436.437
657.46
-4.02087
-3.83678
-4.15517
-4.12326
-4.41313
-4.8552
-4.41198
1.33647
-3.40643
-3.00502
-0.434714
-2.83583
-2.49304
-1.17607
-1.61776
-2.47996
-2.70488
-2.72594
-2.79007
-2.60117
-2.69248
-2.67971
-2.76284
561.544
464.536
566.272
379.574
435.436
532.707
488.57
572.244
477.671
593.91
350.217
238.982
429.366
356.19
556.215
584.139
937.941
938.489
787.179
816.706
895.864
432.349
645.308
725.161
560.695
1466.99
1613.46
1445.85
1528.93
1649.07
1450.61
1678.61
1747.27
1682.21
1760.53
1778.08
1643.01
1396.47
1657.1
1636.58
1764.99
1161.23
929.375
1060.04
1149.43
1219.5
1150.1
1266.29
738.168
486.497
674.145
656.947
740.741
601.045
806.17
-3.11528
-3.36104
-3.45945
-3.92882
-3.60542
-3.70825
-3.58741
-3.84517
-3.61549
-2.70255
-2.67338
-2.79652
-2.77919
-2.88045
-2.69954
-2.7338
-2.45718
-2.38906
-2.40862
-2.33431
-2.56697
-2.42743
-2.54907
-2.48381
-2.45642
-1.97166
-38.1143
-7.11185
-16.9464
-0.567807
-4.43836
-0.135261
-0.00437858
-2.68039
-14.1387
11.4938
-10.9479
5.218
12.9856
-19.9228
-20.2435
-19.309
-20.1473
-19.6814
-20.1987
-19.3243
-18.2202
-18.3122
-17.4568
-17.8542
-18.1195
-18.4064
-17.4534
-21.4084
-20.1462
-20.1281
-22.4318
-21.0779
-20.215
-20.4753
-36.3693
-40.4359
-39.6896
-37.3926
-42.3466
-46.4998
-38.9355
-46.4505
-38.9499
-43.5921
-41.339
-43.7795
-43.3905
-45.0615
-42.4614
-47.7004
-31.621
-18.702
-26.8294
-30.3632
-17.2977
-23.9047
-24.0492
-24.4704
-26.5555
-13.0819
-24.7552
-25.5339
-30.7809
-21.0453
-3.16239
-1.88063
3.93142
-2.11696
-1.33955
-0.599003
3.2008
-4.44228
-10.0167
-6.37183
-8.31305
-3.21873
4.10934
-5.49331
1.04208
1.49406
0.700691
-8.72033
-7.34139
4.38882
-2.5256
-2.20307
-2.43954
-2.24352
-2.61001
-2.38115
-2.17484
-2.07918
-2.37395
-2.29436
-0.302661
-2.11915
-1.71018
-2.17644
-2.58036
-2.59892
-2.20737
-2.82709
-3.11007
-2.6279
-2.75714
-2.90287
-2.59322
-2.82654
-3.10643
-2.59334
-2.88294
-2.31423
-3.19672
-2.81952
-2.97759
-2.91263
-3.45335
-3.36057
-2.38877
-3.39891
-2.77206
-3.03628
-3.65565
-3.57902
-3.53402
-3.56446
-11.2118
-11.7803
-12.6368
-10.7088
-9.55956
-11.1296
-10.1005
-11.2084
-12.083
-14.9433
-15.8926
-14.423
-14.2186
-12.7932
-15.1276
-14.0288
-13.99
-13.1482
-14.2946
-14.6681
-13.6189
-12.6918
-13.9734
-18.1976
-17.6332
-17.6774
-17.339
-16.4957
-16.9191
-17.6211
-20.5371
-20.3136
-20.121
-20.5392
-20.8288
-19.2043
-18.72
-18.962
-18.1953
-18.7367
-17.9893
-18.6141
-17.5275
-16.7152
-16.3674
-16.1403
-15.1377
-16.049
-17.0668
-12.1319
-11.7932
-11.6408
-11.8536
-10.7824
-11.7117
-12.4562
-1.59417
-1.62396
-1.55927
-1.68427
-1.62305
-1.59376
-1.61752
-1.75971
-1.68682
-1.73457
-1.86493
-1.74436
-1.83021
-1.7474
-1.7027
-1.7712
-2.04293
-2.15163
-2.06478
-2.13805
-2.0802
-2.08025
-2.04073
-5.96029
-7.03797
-6.07251
-5.82651
-5.94575
-6.65013
-6.23798
-7.51556
-4.41656
-3.59847
-7.83609
-7.75738
-1.47961
-5.79052
-11.0719
-12.8582
-6.99055
-5.15177
-5.98672
-7.02595
-3.47054
44.2774
43.3314
44.9677
45.5136
43.7921
47.4595
46.0778
61.1905
60.9209
59.5812
59.2399
51.6969
63.3058
60.5377
60.4032
56.4944
58.5432
65.047
68.4764
72.2654
69.7733
65.8136
56.1125
60.7215
51.9043
115.608
117.393
102.014
111.828
96.955
97.62
113.319
83.4568
100.954
91.764
111.519
120.126
118.063
109.756
108.034
87.132
168.843
177.423
178.214
154.495
136.651
153.188
210.18
193.012
192.252
192.647
198.223
394.902
403.55
279.763
345.052
298.968
277.513
248.183
225.134
196.442
190.426
221.743
238.784
694.512
870.671
785.825
650.154
804.569
854.413
817.782
945.756
994.268
916.868
832.547
895.201
786.504
780.563
484.782
1397.13
1341.61
1260.96
1211.13
1014.5
1228.8
1350.67
1625.67
1606.08
1772.83
799.973
1219.79
1117.27
1122.09
1144.37
1261.56
1042.21
1536.51
1359.22
1378.87
1420.64
1533.31
1327.96
1142.35
1461.34
1319.37
1692.18
1547.12
1502.78
282.692
557.831
285.889
680.286
612.325
366.763
541.172
732.786
586.118
1171.4
1161.9
1267.57
1403.66
1267.87
1288.5
1148.81
1442.17
1358.68
1251.85
486.834
592.932
434.518
733.977
535.567
457.854
717.19
1043.69
609.346
680.763
728.468
646.776
452.108
803.375
464.409
549.087
289.033
579.641
752.491
668.435
640.755
163.688
25.2319
122.407
106.852
71.0847
105.694
237.249
-5.33985
-7.17043
-6.12549
-4.95126
-3.3829
-5.9219
-4.0659
0.685957
2.18755
1.75934
2.74774
2.3957
2.09554
1.68966
-1.0786
-4.29935
-4.41884
-6.241
-4.06057
-4.80731
-6.38348
-6.7167
-7.06068
-6.53078
-7.79055
-7.4173
-7.39245
-7.23519
-6.72433
-6.79291
-5.78175
-7.04731
-5.86222
-6.23962
-5.54425
-6.85431
-5.33373
-6.89901
-5.4548
-3.49146
-4.07267
-3.55459
-3.21274
-3.56369
-3.30605
-3.44626
-14.9463
-15.3221
-13.9996
-16.3335
-16.0964
-15.603
-16.0483
-14.5394
-13.5077
-14.7674
-15.2093
-14.1741
-14.9256
-15.7113
-19.1788
-19.6277
-18.8896
-17.6035
-18.6295
-18.5466
-18.7872
-18.6603
-18.5257
-17.2016
-18.1951
-18.3694
-20.948
-20.4336
-19.4046
-21.626
-19.3089
-19.9368
-21.5132
-15.6587
-20.8772
-19.3977
-17.7483
-17.5421
-27.96
-22.4147
-33.8634
-21.7858
-34.7686
-34.9202
-41.1675
-43.1337
-43.9537
-34.92
-39.5589
-44.132
-35.041
-35.5586
-34.9721
-37.5801
-33.8946
-32.2223
-30.0461
-38.16
-27.2576
-42.5639
-42.0987
-32.0585
-33.8384
-39.2562
-38.6637
-41.6175
-44.7756
-36.2073
-27.4275
-34.9154
-46.0481
-39.1755
-36.4798
-33.4353
-43.4248
-18.025
-23.6467
2.10343
-36.4008
-29.9088
-39.7055
-23.0279
-27.4929
-33.6786
-28.5361
-3.21732
-4.252
-4.81375
-4.5682
-6.61373
-4.34045
-2.98046
-7.09479
-5.68871
-5.54708
-7.49357
-8.88585
-6.47485
-6.05021
-3.59362
-3.01691
-3.71541
-7.78097
-7.65072
-9.28749
-6.13219
-7.00332
-7.89721
-6.78791
-3.86954
-3.62374
-3.1259
-4.27246
-3.80902
-3.84473
-4.0183
-3.17299
-3.81608
-4.04659
-4.1015
-4.51414
-3.51773
-3.44349
-3.10247
-4.14498
-4.05939
-3.83025
-3.96154
-3.45665
-4.03733
-3.81377
-3.41086
-3.83552
-3.96407
-3.60078
-7.06299
-7.8035
-6.51469
-5.81227
-5.51992
-6.87419
-7.15296
-5.95253
-5.53979
-13.6723
-13.2042
-15.0234
-12.5107
-13.4143
-14.4109
-13.1315
-13.1959
-12.3494
-13.1622
-10.7074
-11.1609
-11.9652
-12.2769
-12.3103
-13.2965
-13.4354
-11.2961
-10.672
-10.2612
-10.6289
-10.3345
-9.88862
-9.42324
-10.071
-10.0637
-11.3923
-11.4378
-10.6639
-11.4925
-11.9536
-11.3737
-11.8359
-11.6598
-10.9131
-1.56345
-1.54964
-1.55961
-1.56627
-1.54083
-1.5448
-1.52477
-1.52492
-1.56964
-1.48572
-1.43595
-1.47168
-1.54393
-1.42365
-1.47095
-1.55241
-1.62231
-1.59874
-1.70737
-1.73664
-1.82306
-1.67736
-1.64619
-2.11482
-2.2953
-2.08804
-2.06657
-2.23522
-1.8687
-2.01013
-2.09887
-1.94577
-3.01088
-2.93531
-3.30444
-2.6093
-2.74249
-2.9823
-2.78771
17.7456
24.8098
19.1829
9.62703
15.1104
3.08128
12.2674
30.0856
32.7329
28.917
35.5411
26.818
26.67
26.1253
32.7273
34.9875
19.8358
33.5896
38.7788
36.5382
30.1913
25.8209
17.1799
32.8857
42.43
39.4807
43.2016
48.2618
45.9033
47.4919
30.4269
43.0323
40.1492
68.3992
81.9023
70.2819
125.839
128.979
121.685
382.752
356.945
471.332
525.228
552.08
438.947
426.202
1195.85
568.561
861.839
579.567
489.123
687.584
484.038
160.844
199.673
449.71
714.662
761.362
625.518
362.461
174.806
190.702
218.381
177.345
231.719
383.92
695.769
194.967
317.455
61.0845
17.9746
33.051
166.408
99.5113
80.0995
181.618
154.148
38.6245
112.601
174.365
38.8775
15.6005
2.36602
-1.32895
-0.955146
12.0894
0.47099
-0.10155
10.5629
-1.86153
-5.27285
5.43296
2.67103
5.98848
2.66041
19.1805
-5.47705
-7.53231
-5.83101
-5.72628
-4.121
-6.62405
-4.84484
-7.91711
-8.11812
-7.43166
-7.33539
-7.1122
-7.97216
-7.86156
-5.14125
0.362161
-6.7019
-9.72164
-3.4933
-9.47294
-5.39157
49.9869
-15.5494
-14.1817
-7.45991
-18.349
30.2444
3.0612
3.5397
-8.91474
3.62982
5.84497
-3.89979
3.02001
5.05257
0.456731
-0.248128
0.277709
0.347314
0.131251
0.409831
0.916911
-2.31265
-1.28773
-2.33782
-2.54129
-3.51729
-2.85235
-2.00849
-12.0467
-11.4854
-11.9252
-12.9337
-11.8089
-11.8903
-12.5566
-14.0056
-13.9834
-15.0402
-13.8934
-12.8358
-13.6654
-14.3223
-14.1235
-14.0759
-13.1099
-12.4405
-12.352
-13.4523
-13.2896
-10.9135
-9.45259
-11.3391
-8.8388
-8.95656
-9.94265
-10.1177
-8.41508
-5.74949
-7.82109
-5.97187
-5.85498
-7.92783
-7.4546
-17.0906
-8.91144
-11.4987
-14.6228
-7.9302
-9.73819
-9.09649
-7.60895
-10.4822
-11.0866
-3.18307
-5.35624
-4.87409
-17.873
-5.8766
-6.26232
-1.49848
-4.716
-6.79138
-4.10905
-7.80702
-1.63156
-3.49946
2.56527
7.69034
4.46337
-2.79382
-14.0678
-22.0151
-5.25473
-26.8056
-8.04838
-18.6359
-13.7145
-14.0126
-13.1521
-15.0145
-4.15279
-6.90386
-3.59997
-17.1401
-7.29598
-11.259
-31.3198
-36.2724
-41.3329
-45.4372
-46.3373
-42.6317
-47.2113
-45.3191
-45.4815
-43.8097
-40.7634
-47.0359
-44.5837
-34.876
-36.1708
-40.2681
-38.2845
-40.2644
-43.5955
-41.5243
-40.2689
-41.9738
-27.2278
-27.4064
-31.6603
-26.4253
-24.087
-25.7677
-28.599
-26.8309
-25.839
-30.9697
-23.4254
-25.9227
-28.0598
-24.9039
-11.0736
-10.7737
-9.52266
-11.5839
-12.415
-6.07062
-6.92597
-7.07943
-6.02066
-6.71435
-6.75659
-7.46831
-12.2395
-11.5707
-11.2545
-10.5615
-11.3522
-11.4723
-12.0875
-6.77452
-5.8428
-6.42106
-6.61194
-5.97882
-6.84301
-7.05
-4.11233
-4.36997
-4.01324
-3.81547
-3.2723
-3.75248
-4.5122
-3.91804
-4.18945
-4.79402
-3.88285
-3.10489
-4.32599
-3.38843
-3.43782
-3.85808
-3.5481
-3.63039
-4.68135
-4.00402
-3.2374
-3.25836
-3.00409
-3.62846
-3.60624
-3.27856
-3.47625
-3.58343
-3.57717
-3.76815
-3.11279
-2.94299
-2.95498
-3.14939
-3.32328
-3.12884
-3.20822
-3.49978
-4.24511
-3.58848
-4.16686
-3.62085
-3.33978
-3.33302
-3.14684
-3.0595
-3.34034
-3.39356
-3.37762
-3.51553
-3.14235
-4.14378
-4.14136
-4.70005
-4.29142
-4.82185
-4.27132
-4.35563
-2.24902
-2.18932
-2.21019
-2.26932
-2.30483
-2.188
-2.2005
-2.05367
-2.1033
-2.10419
-2.17967
-2.18002
-2.15439
-2.17296
-2.27162
-2.23046
-2.29126
-2.15396
-2.24424
-2.23835
-2.30128
-1.62187
-1.62791
-1.66915
-1.60949
-1.61771
-1.5936
-1.62371
-1.6173
-1.59193
-1.56413
-1.53553
-1.54879
-1.62919
-1.5923
-1.5619
-1.60365
-1.40642
-1.41751
-1.46115
-1.35907
-1.41289
-1.37016
-1.42268
-1.20924
-1.20598
-1.17923
-1.13477
-1.17034
-1.1673
-1.18421
-1.18813
-1.2097
-1.06564
-1.08774
-1.10556
-1.09018
-1.02808
-1.08851
-1.04843
-1.0771
-1.09951
-1.23127
-1.17371
-1.20123
-1.12024
-1.14726
-1.21284
-1.19623
-1.10403
-1.17156
-1.21752
-0.806354
-0.841407
-0.931172
-0.938801
-0.496878
-0.476263
-0.344309
-0.659623
-0.362563
-0.293205
-0.502297
-2.07269
-2.75491
-2.51089
-2.3244
-1.29844
-2.36369
-3.00361
0.1075
-2.49362
-1.98582
-1.18149
0.600169
-1.32438
-0.359045
-3.19744
-3.15991
-3.62117
-3.50372
-2.98319
-3.13237
-3.95741
-8.06951
-0.0427053
-0.792485
-9.57956
-6.43019
0.888506
4.40427
3.60306
1.06114
6.43371
-4.82968
-0.865806
-1.96467
-6.20708
-4.91601
-2.04171
2.85731
-4.07197
-14.7815
-0.057975
18.3436
17.468
21.9679
13.895
8.79287
5.94824
6.1902
-3.34664
9.06807
9.38533
33.1342
37.0784
39.2121
20.0003
19.3922
23.5867
22.8321
11.8517
12.0536
19.2444
57.8105
25.4436
-18.879
41.5531
-3.20243
12.5683
104.115
104.292
67.3495
30.7957
137.737
240.418
301.6
77.7911
67.9029
172.949
235.085
199.914
88.6756
80.5518
4.59669
4.26456
1.34535
3.85126
5.44271
4.5495
2.67558
1.791
-1.27013
0.621225
0.681788
1.71062
2.20361
1.70425
3.74138
3.7246
3.86062
3.28055
3.5175
3.5758
3.39142
38.062
17.8321
64.0401
58.0322
64.5876
25.9452
-20.2362
27.9353
-17.1321
20.1079
2.27236
-4.68023
39.1651
-1.86067
-22.273
-40.492
2.51941
2.41319
3.156
3.3084
2.73227
3.28823
3.01901
3.10936
3.23115
2.47261
2.16408
2.43693
2.46712
2.32674
2.70123
2.69703
2.56703
2.61418
1.9145
1.42544
1.8483
1.83209
1.59102
2.15302
2.14177
-7.33546
-7.80753
-6.70159
-7.38487
-7.1162
-6.39281
-6.2609
-5.99295
-6.11322
-5.02257
-5.72801
-5.57559
-4.62803
-4.55371
-12.971
-6.60545
-9.80419
-23.3799
-35.3077
-24.9471
-27.5641
-8.84581
3.23015
-5.49138
6.35032
-2.84273
-2.69316
-9.78124
-26.1883
-75.784
-47.5258
-24.0346
-47.304
-6.63076
-3.49051
8.56483
-8.61561
-11.5327
-163.286
-14.634
-61.463
7.79411
-9.33247
-7.08978
-14.63
-10.4621
-9.99238
-13.6311
-4.74726
-10.5031
-3.37607
-7.86575
-17.1889
-12.0726
-8.32557
-4.77165
-8.1606
-7.78626
-8.61514
-9.65336
-10.3975
-8.74469
-8.81931
-21.1127
-19.9286
-20.3196
-17.7383
-19.5999
-18.3552
-19.7206
-16.9725
-16.8344
-16.2911
-16.222
-16.586
-16.4071
-15.6094
-27.1253
-25.0113
-25.2543
-22.8005
-27.4397
-25.9512
-28.727
-17.4424
-16.4104
-17.5217
-18.2758
-17.5674
-18.6476
-18.0517
-8.94105
-8.35795
-9.89682
-7.43029
-7.63528
-8.89915
-9.56505
-3.26902
-3.12248
-3.49033
-3.34147
-3.21435
-3.52777
-3.53676
-3.31244
-3.53939
-4.13456
-3.13963
-2.92165
-3.23764
-3.03176
-3.1404
-2.98341
-3.24758
-3.31129
-3.2039
-3.23612
-3.10113
-3.26773
-3.4346
-3.18277
-3.25653
-3.06578
-3.18643
-3.18063
-3.00827
-3.43436
-3.15402
-3.20902
-5.00027
-5.28304
-5.71121
-5.40021
-5.30057
-5.97854
-5.4156
-7.67005
1.08402
-29.8679
-51.7914
-36.257
-15.7389
-42.8696
-3.18012
-5.49943
-4.14491
-6.64287
-5.291
-4.29222
-4.7336
-5.16982
-8.4229
-5.92561
-5.18101
-7.68054
-2.79737
-5.62708
-2.76336
-2.85321
-2.90951
-2.87486
-2.78807
-2.75896
-2.77539
-2.40306
-2.54137
-2.64099
-2.78002
-2.14727
-2.68487
-2.11395
-1.71389
-1.85066
-2.00279
-1.88168
-1.93793
-1.99151
-2.05921
-2.30582
-2.31287
-2.23578
-1.97741
-2.2342
-2.43985
-2.27201
-2.175
-2.37841
-1.53534
-1.60848
-1.60616
-1.64296
-1.64391
-1.61553
-1.58423
-1.60178
-1.50909
-1.55809
-1.52709
-1.46845
-1.58796
-1.56065
-1.36794
-1.4313
-1.35847
-1.3807
-1.32048
-1.34368
-1.29919
-1.01428
-1.03067
-1.00198
-0.947165
-1.01673
-1.01593
-0.984494
0.227987
0.131311
0.0641814
0.0738428
0.337573
0.266365
0.159292
1.58719
1.00553
1.35115
1.0691
0.972599
1.28292
1.17345
1.00877
1.79343
1.35863
1.02205
1.70622
1.43324
1.36323
1.69118
1.79241
1.9175
1.23838
1.66585
1.45557
1.71914
2.07437
1.90555
0.634786
-0.839884
-1.53219
-0.119996
0.639875
-0.857316
-1.08676
0.931954
2.43095
0.79633
-3.84117
-1.7404
-3.99852
-0.581463
-2.22344
-1.76491
-3.0968
-4.11051
-4.40267
-3.76389
-4.06243
-2.3017
-3.82427
-4.46559
-0.173386
-3.44744
-0.773454
-5.96528
-7.03023
-4.80039
-3.68004
-3.71792
-3.08624
-4.01381
-2.29503
-3.9509
-4.59244
-4.58489
-6.25798
-2.80147
-4.06601
-2.43598
-4.73269
-3.60121
-8.10564
-7.51787
-7.90198
-8.01828
-7.92198
-7.68691
-8.02584
-0.218573
10.4652
7.16865
-0.0328675
-2.36355
-1.80088
1.13947
15.6591
3.10457
-8.67078
-13.808
1.83305
1.64535
1.35614
977.051
180.58
580.564
983.375
546.292
839.543
749.358
133.48
142.43
-111.568
223.747
-375.496
45.875
-3.31521
-3.76605
-2.89068
-3.34785
-3.57992
-2.97966
-3.22578
-3.23865
-2.61199
-2.0222
-2.25105
-2.09126
-1.77688
-1.41591
-0.358488
-2.08204
-1.40853
-1.67671
-1.76775
-0.986617
0.404734
51.9706
-2.4238
-64.2736
-28.9454
182.844
49.7488
-130.25
213.034
1041.13
1109.88
54.2075
322.6
506.67
313.43
597.776
-271.903
137.904
-2.04082
-2.25981
-2.0639
-9.24109
-1.90533
-2.05775
-1.35348
-2.95317
-3.84675
-3.85895
-2.48843
-2.41327
-3.38858
-3.37232
-5.4527
-5.08626
-4.51151
-4.26438
-4.18041
-4.94627
-5.08743
-5.29619
-5.16412
-4.55034
-6.23035
-5.40307
-5.59044
-5.00645
-13.2777
-12.9599
-13.6791
-12.1489
-12.1149
-12.5331
-12.4469
-13.7311
-14.4871
-13.505
-13.1967
-13.8678
-13.3246
-12.7382
-10.6726
-11.6365
-11.166
-12.2114
-11.9063
-8.35302
-8.27442
-9.16409
-7.90035
-7.8601
-7.8987
-8.58487
97.8129
7.16859
39.9371
39.3517
-3.13586
-12.11
-0.897121
-6.15908
-6.12471
-6.88577
-6.05877
-4.899
-7.28484
-8.18551
-3.60105
-3.18236
-2.73842
-2.73515
-2.87422
-2.92505
-3.02436
-2.84572
-3.01128
-2.92553
-2.86309
-2.91376
-2.85068
-2.90259
-2.86452
-2.8735
-2.83983
-2.88478
-2.93843
-2.87366
-2.87846
-2.85692
-2.93813
-2.83888
-2.8757
-2.8723
-2.87793
-2.93672
-2.91936
-2.91583
-2.91786
-2.89369
-2.8891
-2.78439
-2.75041
-2.86132
-2.85714
-2.84763
-2.90976
-2.88913
-1.69446
-1.8105
-1.76861
-1.69518
-1.83383
-1.76992
-1.68317
-1.51271
-1.47422
-1.42128
-1.44375
-1.53046
-1.47799
-1.41888
-1.25427
-1.2236
-1.1836
-1.2756
-1.33995
-1.27204
-1.22664
-0.983479
-0.940602
-1.00971
-0.993125
-1.08863
-0.980639
-1.06136
-0.955816
-1.0081
-0.99167
-0.943032
-0.886594
-0.979011
-0.919795
-0.848259
-0.895822
0.327305
0.296897
0.617159
0.106366
0.251057
0.173763
0.358601
0.697342
0.585849
0.563324
0.405815
0.29524
0.209648
0.283169
0.32683
0.176715
0.242949
1.13105
0.744574
0.693538
0.909493
1.26083
0.555555
0.989306
0.937552
1.80688
1.00952
1.27405
1.13098
1.03763
1.55856
0.851023
1.08942
1.45535
2.08459
2.48039
0.591054
1.06868
1.38426
1.53232
1.4604
1.15396
1.27881
-5.00949
-5.33041
-4.73466
-4.21951
-3.89468
-4.55325
-4.32725
-5.13194
-6.36388
-5.40094
-7.17906
-6.64545
-6.1057
-6.49287
-5.95165
-5.39062
-5.88554
-6.41556
-6.3381
-7.90364
-8.15984
-8.2904
-8.30002
-8.45399
-8.4162
-8.82331
-6.98924
-6.70823
-7.20434
-7.62999
-6.64208
-7.13819
-7.36563
-7.03143
-6.41561
-6.43285
-6.57764
-6.58517
-6.6255
-6.54397
-7.51552
-7.8221
-7.89751
-7.32846
-7.31702
1.66015
0.147164
-1.42909
-0.862705
-1.58397
-2.52665
-2.63612
1037.33
239.962
460.145
5362.92
4355.16
4645.13
4408.01
3643.63
5178.55
4614.93
3170.77
1283.51
4181.04
2664.7
3939.55
4166.74
3676.17
3276.64
3105.98
2395.3
3114.59
1478.74
2649.07
4246.41
5603.22
5156.48
321.595
316.728
333.834
328.946
386.121
353.785
328.746
345.624
328.844
323.788
78.8107
74.3469
1.91021
19.7677
27.3583
2.25237
0.88875
2.52296
3.13918
2.98763
3.45695
3.66005
2.78031
2.88559
0.417791
0.312002
1.38558
1.32116
0.730954
0.741536
1.44337
-6.30102
-5.17945
-7.36013
-5.88516
-4.26544
-6.04006
-5.14752
-8.21193
-9.97672
-8.64752
-6.52111
-7.60576
-6.42205
-7.5219
-5.28243
-5.23261
-6.35175
-7.01881
-5.82944
-4.98953
-5.33325
-7.02839
-8.69952
-7.68623
-8.10297
-7.71045
-7.64051
-9.16605
-2.50434
-2.33002
-2.49462
-2.30722
-2.1255
-2.69068
-2.62852
-2.62348
-2.58008
-2.5489
-2.56518
-2.55628
-2.47559
-2.37229
-2.46671
-2.4969
-2.63667
-2.6322
-2.63418
-2.79489
-2.63917
-2.69251
-2.64259
-2.80682
-2.74139
-2.7136
-2.74229
-2.6705
-2.6588
-2.74515
-2.87036
-2.84699
-2.8761
-2.92803
-2.9394
-2.94373
-2.97793
-2.94335
-3.01955
-2.94205
-2.92001
-2.94763
-2.92597
-3.13979
-3.08092
-2.98715
-3.09213
-3.05699
-3.06137
-3.22925
-3.06016
-3.07019
-3.08934
-3.06899
-3.17319
-3.15389
-2.4512
-2.34953
-2.31785
-2.39811
-2.31715
-2.19764
-2.24104
-2.23161
-2.2931
-1.31179
-1.40963
-1.38845
-1.34235
-1.44047
-1.38426
-1.30648
-1.09918
-1.00699
-1.1269
-1.0123
-1.08523
-1.0821
-1.1534
-0.69883
-0.821278
-0.832805
-0.906855
-0.810901
-0.978955
-0.876288
-0.584134
-0.499214
-0.476862
-0.366938
-0.491822
-0.433168
-0.320693
-0.651372
-0.503432
-0.55707
-0.0961035
0.102993
-0.184788
-0.0785131
-0.204262
-0.275544
0.38726
0.389203
0.527018
-0.272133
-0.11506
-0.330929
-0.371913
-0.267015
-0.373839
-0.456085
-3.08104
-3.3679
-3.34875
-3.53036
-3.27214
-3.71633
-3.35923
-5.17441
-4.5603
-4.97743
-4.93791
-4.3205
-4.39496
-4.86578
-3.24987
-3.29549
-3.45719
-3.2798
-3.08956
-3.28123
-3.437
-3.20869
-3.34691
-3.41853
-3.19389
-3.3011
-3.19226
-3.31134
-4.00666
-2.90117
-3.89194
-3.04876
-2.59909
-3.51037
-3.72958
-3.797
-3.80097
-3.65075
-4.18557
-4.15654
-3.88263
-4.25869
-3.91455
-4.05475
-3.97669
-3.74966
-3.36708
-6.59478
-6.02558
-6.77814
-6.20042
-5.59251
-5.34868
-6.19167
-7.44385
-7.19591
-7.43307
-7.07349
-7.0943
-7.46976
-7.35334
-6.39595
-7.45264
-8.02353
-6.26868
-6.37358
-7.0768
-7.39329
4062.62
3547.48
3847.84
537.507
348.824
1044.53
-254.791
293.027
-165.365
133.346
254.408
1374.57
2037.05
1008.43
945.579
-385.594
24.6223
359.61
236.208
-462.564
117.276
-392.814
96.4219
-345.816
-97.5313
15.9126
301.675
302.632
302.389
301.616
301.795
302.204
302.177
310.459
310.718
310.704
310.413
310.686
310.705
310.867
312.613
321.508
309.482
310.565
311.638
313.468
312.348
310.321
310.211
310.711
315.265
315.045
320.873
301.661
328.844
313.516
310.623
309.338
311.187
299.071
306.135
309.083
309.625
332.193
293.632
305.692
307.43
305.313
304.788
-2.12629
-2.12382
-1.95897
-1.71699
-1.85015
-1.99618
-2.08229
-2.12316
-2.11783
-1.98344
-2.07546
-2.11893
-1.91623
-1.93591
-2.58567
-2.49887
-2.25642
-2.2761
-2.41711
-2.40919
-2.32824
-3.14431
-3.17253
-3.16147
-2.90608
-2.82536
-2.96973
-2.88702
-2.73831
-2.7004
-2.87427
-2.96802
-2.94467
-2.89808
-2.88622
-2.91667
-2.94302
-2.90779
-2.91332
-2.93895
-3.05757
-2.96022
-2.99109
-2.93528
-2.92878
-2.90882
-2.8781
-2.88414
-2.8759
-2.8699
-2.89535
-2.8663
-2.85527
-2.86046
-2.92519
-2.84886
-2.82201
-2.87343
-2.86608
-2.90063
-2.83911
-2.82864
-2.89712
-2.83088
-2.79188
-2.83265
-2.00421
-2.09422
-1.99804
-2.00981
-1.96359
-2.02045
-2.08783
-1.40833
-1.27323
-1.40127
-1.36072
-1.4501
-1.55456
-1.10427
-1.00252
-1.13082
-1.17962
-1.23726
-1.07956
-1.18429
-1.25898
-0.762207
-0.811429
-0.682586
-0.744285
-0.800287
-0.710201
-0.714733
-0.781725
-0.808333
-0.742948
-0.682001
-0.714057
-0.618256
-0.602215
-0.568615
-0.691511
-0.641875
-0.325893
-0.415704
-0.351713
-0.41752
-0.299402
-0.444055
-0.348226
-0.477219
-0.459275
-0.445219
-0.586763
-0.585447
-0.559742
-0.534841
-0.372807
-0.283379
-0.395087
-0.280029
-0.385044
-0.330103
-0.241799
-0.820177
-0.732927
-0.854058
-0.866277
-0.820319
-0.872642
-0.893496
-1.40295
-1.64415
-1.53125
-1.26834
-1.31496
-1.46821
-1.39979
-1.7802
-1.67535
-1.6701
-1.61777
-1.63167
-1.77438
-1.69878
-2.37191
-2.16065
-2.08278
-2.16331
-2.02741
-1.88563
-2.01358
-2.14811
-2.31312
-2.08379
-1.97799
-1.87553
-2.2467
-2.34892
-2.30887
-2.47938
-2.34833
-2.20881
-2.31221
-2.26224
-2.36186
-2.60183
-2.72799
-2.52436
-2.37876
-2.36757
-2.47503
-2.56423
-2.39844
-2.33397
-2.51622
-2.58576
-2.53194
-2.57908
-2.49575
-2.58203
-2.52908
-2.58655
-2.59409
-2.55269
-2.66417
-2.59009
-2.5332
-2.59548
-2.87892
-2.8452
-2.9298
-2.79631
-2.83393
-2.86636
-2.8148
-3.28261
-3.1706
-3.50891
-3.10257
-3.04702
-3.20241
-3.06392
-3.23953
-3.2947
-3.1185
-3.07194
-3.05752
-3.40573
-3.25337
-1.23426
-2.38469
2.76942
0.177474
-2.59571
-2.15537
2.68576
-382.117
-12.3616
-211.188
294.156
31.3302
163.079
133.923
-67.5353
337.487
180.213
276.551
-30.7645
-37.664
72.7505
-401.328
-28.6872
-88.6675
280.961
139.863
-110.504
-83.2188
41.5095
145.399
519.607
-95.1396
-64.1634
164.965
-38.1795
214.875
27.5944
3.24107
-150.679
155.166
82.7997
3.99985
3.6176
3.95196
3.23663
3.22223
3.11614
3.89289
7.57079
6.69327
6.40664
7.37915
4.96768
7.00099
5.87823
3.95927
3.84115
4.58365
4.12528
4.20761
6.14214
8.04352
6.47248
5.43626
0.217824
8.82428
5.70212
2.33584
5.9021
3.93016
3.99236
3.59408
4.8589
120.558
56.5679
74.6701
107.65
152.003
51.2779
90.8479
269.274
318.93
251.443
263.142
253.92
236.958
259.042
292.147
314.969
284.261
295.646
264.789
300.291
300.023
314.023
311.04
327.213
315.064
312.798
311.754
311.066
305.765
305.912
308.272
308.358
308.395
309.551
309.299
310.454
311.023
309.576
311.148
312.016
311.052
311.001
310.498
311.091
311.545
313.493
311.77
309.985
309.637
309.664
309.614
310.066
309.636
310.66
310.173
309.047
309.957
309.837
310.566
308.57
309.124
307.943
309.927
310.818
310.015
309.035
344.216
317.968
291.778
334.647
326.943
319.034
320.013
319.205
305.727
302.303
289.663
310.516
309.064
298.968
521.783
440.462
429.491
361.126
428.376
455.964
386.046
1751.93
1811.82
1852.14
937.576
1291.16
1314.36
1211.22
1308.07
1410.69
1322.88
1209.71
773.263
1098.16
1530.29
1717.76
1733.81
1834.15
1869.17
1852.15
1748.12
277.723
230.361
331.858
300.987
330.993
363.606
367.627
85.7867
183.735
117.449
100.46
50.9572
170.374
95.4415
90.5346
59.6915
39.1618
108.557
172.594
102.128
61.2166
-1.53857
-2.35596
-0.849412
-0.97521
-1.14065
-3.0273
-2.5822
1.18411
0.617413
-0.389654
0.226008
-0.58982
-1.56181
-0.643321
-4.5674
-4.77323
-4.5535
-4.28973
-5.92104
-5.50177
-6.12148
-4.57545
-4.29088
-4.96892
-5.10341
-5.1535
-4.76999
-4.21248
-5.01803
-5.13313
18.4739
16.3949
-13.5374
3.02825
-20.374
3.90681
-0.141826
6.43727
-3.46934
24.2345
8.08685
-11.2516
4.32143
-4.11851
-1.32243
-51.4451
-45.1836
-13.0516
-12.615
-9.27727
11.8626
-0.150463
0.6432
-1.85067
-1.29299
-3.49853
-1.71622
-0.276389
-1.65989
-1.16202
-2.25686
-1.29146
-1.67367
-1.595
-1.61247
-1.59145
-1.58624
-1.59179
-1.59793
-1.57814
-1.55578
-1.5749
-1.59556
-1.50013
-1.52534
-1.41212
-1.42317
-1.36304
-1.41129
-1.43001
-1.41439
-1.37362
-1.64289
-1.60104
-1.55296
-1.56505
-1.66742
-1.65657
-1.57015
-1.87812
-2.003
-1.8384
-1.88512
-2.04809
-1.84698
-1.77942
-2.20047
-2.05295
-2.08589
-2.07211
-2.13856
-2.22687
-2.12607
-2.32123
-2.22441
-2.28107
-2.31576
-2.43146
-2.52794
-2.44754
-2.50818
-2.55976
-2.47044
-2.44967
-2.51208
-2.76416
-2.83117
-2.80056
-2.71629
-2.76008
-2.772
-2.72
-2.9334
-2.86274
-2.86308
-2.79494
-2.71358
-2.76753
-2.88624
-2.80621
-2.85547
-2.78013
-2.7362
-2.80553
-2.88597
-2.88698
-2.9321
-2.84203
-2.81199
-2.70712
-2.75706
-2.80966
-2.83368
-2.93184
-2.85791
-2.85592
-2.42146
-2.52787
-2.4841
-2.46252
-2.55205
-2.48611
-2.41923
-2.4786
-2.59108
-2.43739
-2.50351
-2.42162
-2.44914
-2.42274
-2.52924
-2.70807
-2.57113
-2.244
-2.099
-2.20523
-2.18593
-2.2652
-2.41557
-2.08095
-1.99432
-1.98382
-1.88912
-1.94123
-2.09322
-2.02534
-1.9486
-2.0016
-2.02229
-1.90131
-2.01907
-2.00304
-2.08882
-1.97242
-2.05102
-1.15008
-1.20287
-1.23831
-1.31857
-1.25641
-1.19901
-1.25064
-1.15376
-1.17653
-1.20978
-1.28744
-1.22411
-1.28876
-1.22175
-1.13683
-1.04707
-1.08683
-1.06372
-1.10611
-1.0882
-1.14992
-0.92517
-1.00111
-0.930938
-1.0949
-1.03375
-0.828987
-0.816251
-0.873934
-0.883518
-0.799009
-0.836419
-0.905106
-0.894018
-0.897596
-0.883934
-0.96446
-0.973946
-0.961625
-0.940622
-0.845472
-0.787293
-0.841577
-0.810552
-0.843387
-0.768874
-0.81799
-1.08329
-1.07013
-1.02551
-1.11313
-1.11628
-0.949104
-0.909152
-0.963239
-0.966882
-0.965612
-0.913182
-0.940697
-1.00933
-1.03696
-1.05891
-0.979497
-0.930243
-0.991353
-1.01585
-1.24533
-1.21887
-1.19654
-1.2661
-1.26857
-1.22718
-1.22979
-1.41421
-1.45042
-1.46995
-1.59603
-1.54768
-1.52946
-1.50357
-1.46075
-1.44483
-1.36127
-1.4424
-1.42734
-1.37349
-1.44265
-1.41543
-1.35179
-1.76946
-1.68125
-1.70831
-1.80312
-1.87701
-1.71017
-1.69299
-1.63686
-1.68004
-1.61779
-1.60478
-1.6737
-1.99696
-2.01114
-2.11778
-2.05014
-2.06672
-2.20994
-2.16066
-2.54395
-2.45019
-2.50662
-2.47049
-2.49035
-2.48822
-2.53615
-2.48216
-2.39445
-2.42457
-2.30547
-2.44864
-2.48365
-2.52618
-2.60494
-2.43973
-2.51622
-2.51152
-2.57546
-2.53138
-2.63433
-2.36572
-2.38403
-2.27328
-2.3207
-2.28212
-2.53468
-2.3301
-2.60042
-2.42436
-2.69634
-2.4147
-2.45994
-2.72775
-2.6683
-2.63956
-2.63809
-2.60981
-2.81303
-2.63444
45.2722
5.69239
39.1648
112.815
-0.622857
16.2808
55.1093
191.958
-229.245
-140.466
628.425
99.6904
644.155
61.9571
156.411
398.212
359.643
-130.571
440.912
-3.72212
1032.55
1073.03
1030.7
2102.25
1270.88
1187.69
1591.38
1191.97
443.612
1132.8
683.33
717.226
689.667
332.798
333.394
331.287
330.236
332.691
328.448
330.685
316.977
317.163
315.151
323.295
318.577
320.012
317.172
330.449
335.141
332.916
334.934
333.523
314.349
316.144
317.438
327.065
331.286
331.746
334.021
334.858
332.467
330.557
353.165
351.721
351.572
349.66
348.063
349.227
350.679
336.546
341.349
340.986
340.033
346.959
343.717
353.54
351.285
351.739
459.681
640.648
558.917
1620.04
1422.42
1606.06
1716.07
1612.36
1772.65
1713.67
2015.07
1778.31
1995.84
1779.6
1801.25
1988.67
1952.25
1995.39
2079.4
1981.22
1777.85
1486.74
1739.02
2133
1520.19
1552.45
1758.93
1957.17
1603.83
1703.69
1545.2
2075.22
1987.6
1218
1200.96
1497.62
1564.35
1019.33
1283.06
1242.59
1173.92
765.732
1180.49
181.932
205.881
-0.757686
113.711
248.151
159.79
19.5476
8.25095
4.20289
4.95862
4.21449
4.93551
5.13775
2.2267
3.71762
7.36582
4.84542
3.06923
2.25345
2.87087
2.93194
3.1417
2.67184
3.18284
2.52227
2.6263
2.71573
2.86665
2.83366
2.77564
2.73009
3.0108
3.185
3.07172
2.77342
2.8957
3.01769
2.9241
2.47661
2.53845
2.15868
2.50332
2.65308
1.95175
1.9745
1.82445
1.82544
1.91059
0.969681
1.54759
2.70506
2.48894
2.42088
2.17419
2.32419
2.67521
2.09873
1.3961
0.874163
1.34821
1.33813
1.05881
1.44816
1.58618
-5.25593
41.2896
13.8323
13.4901
-2.53275
12.3514
-14.6501
-1.61207
-1.59232
-1.55298
-1.61653
-1.68482
-1.62013
-1.57896
-1.31232
-1.34765
-1.3222
-1.36054
-1.36258
-1.31676
-1.33002
-1.3618
-1.33704
-1.38706
-1.28959
-1.29243
-1.31536
-1.31304
-1.23197
-1.26092
-1.26157
-1.2602
-1.24836
-1.24891
-1.21956
-1.39952
-1.32584
-1.31752
-1.29799
-1.25465
-1.26749
-1.33071
-1.12054
-1.16534
-1.13008
-1.17916
-1.11351
-1.19556
-1.14116
-1.58389
-1.4879
-1.51451
-1.49686
-1.45775
-1.51763
-1.58372
-1.72102
-1.69247
-1.75024
-1.83603
-1.72244
-1.75064
-1.83057
-1.99257
-2.07366
-1.98715
-1.94513
-1.90207
-2.01224
-2.08358
-1.99242
-1.94019
-1.86191
-1.92687
-1.95658
-1.87044
-1.93982
-1.9945
-1.91375
-2.82343
-2.79213
-2.84905
-2.84285
-2.88907
-2.80973
-2.78093
-2.75423
-2.82022
-2.92195
-2.91025
-2.80215
1554.01
1701.9
1670.14
1680.31
1702.4
1680.91
1716.37
1723.87
1697.7
1676.37
1725.03
1726.41
1688.15
1708.08
1656.26
1715.84
1635.47
1502.87
1675.86
1666.74
1621.14
1488.1
-2.79338
-2.67264
-2.79218
-2.78439
-2.73836
-2.72545
-2.79733
-2.71109
-2.81801
-2.7408
-2.92676
-2.87803
-2.85825
-4.08223
-3.76187
-3.65322
-3.48387
-0.705017
-2.41291
-3.2829
-368.585
-433.1
-271.582
-415.69
-532.585
-223.627
-244.595
-104.892
-63.3196
-75.0294
-70.7348
-59.6203
-129.802
-27.9273
-2.65025
-2.9566
-3.13769
-579.496
-321.027
-492.333
-760.355
-763.49
-744.735
-755.007
-726.759
-736.537
-718.374
-670.531
-728.915
-742.742
-742.905
-737.234
-719.791
-726.158
-757.749
-756.265
-733.724
-750.977
-689.862
-763.206
-761.116
-777.346
-742.167
-783.879
-764.616
-781.428
-768.998
-754.963
-702.675
-746.723
-759.689
-766.046
-817.133
-762.362
-740.998
-745.699
-762.904
-773.973
-778.493
-780.391
-779.747
-857.383
-774.873
-688.827
21.3915
-14.0114
-81.8427
-90.3496
-83.9341
-85.7134
-77.1976
-343.012
-195.384
-149.298
-185.13
-191.567
-165.183
-220.08
-342.869
-225.543
-3.92276
-4.18493
-4.27954
-4.31363
-1.69193
-1.93554
-3.85622
-450.499
-363.273
-479.862
-253.349
-342.477
-273.001
-406.835
-188.126
-167.801
-344.164
-3.07029
-3.76848
-3.3916
-0.581978
0.209238
-3.21827
-1.29002
-2.06704
-3.40105
-1.47285
-1.98193
-4.21626
1949.71
2081.41
2042.91
2085.14
2058.96
2058.43
2094.59
2113.51
2073.59
2073.95
2113.71
2110.69
1898.19
2025.44
2052.48
-4.33348
0.929725
-2.90787
-2.3499
-2.93974
-1.75996
-7.86631
-8.25545
-8.29822
-9.30256
-6.03693
-7.26357
-7.85728
-7.09476
-6.56653
-6.7788
-5.8572
-6.06103
44.6758
1.00487
-0.0148418
-10.8471
-2.84498
-2.1389
-3.44188
-10.8791
-5.79026
-5.64232
-5.46577
-5.26231
-1.61622
-1.91805
-1.67503
-1.60673
-18.9269
-19.8644
-17.296
-18.3915
-2.30754
-2.82531
-1.31312
-2.56127
-2.12837
-1.63306
-1.90913
-1.69124
-4.5927
-3.86414
-1.98406
-1.17815
-15.7159
-14.8558
-17.7821
-17.185
-3.36612
-2.95424
-3.02452
-2.75113
-19.4845
-19.3084
-19.5461
-19.0476
-20.6904
-20.2503
-20.9389
-20.4907
2.53685
2.53203
3.30181
-1.50756
-1.47149
-1.57486
-1.60945
-2.27092
-1.41454
-2.32257
-3.30674
-2.42819
-2.44701
-2.64792
-2.46334
-8.92162
-8.40375
-10.5558
-10.0289
-9.70584
-9.50928
-8.40362
-7.71589
-1.52023
-1.52532
-1.44585
-1.4782
0.0574283
31.0546
2.78391
6.90656
-1.45996
-1.49704
-1.42656
-1.47428
-7.9057
-9.42081
-6.15848
-6.91219
-3.19047
-3.05733
-3.19198
-3.02643
-5.42555
-5.03175
-6.41817
-5.45945
-1.32443
-1.31869
-1.2747
-1.27849
-5.71407
-4.86473
-5.75126
-5.18363
-3.15003
-3.05895
-3.84745
-3.76779
-1.46965
-0.230431
0.0350816
1.63822
-0.638527
-0.586146
-0.722529
-0.572164
-1.25399
-1.24812
-1.33471
-0.664273
-0.588267
-0.704173
-0.656995
2.47934
2.89525
4.44582
4.91546
1.99771
25.8961
5.69904
8.11299
-22.5661
-21.3223
-29.8308
-33.3684
3.57406
4.08791
3.54792
4.56722
141.191
122.951
173.439
144.063
-8.48969
-7.58405
-0.546963
-2.03616
-1.97305
-2.07265
-1.92544
-2.02653
-2.43823
-2.45273
-2.64924
-2.65519
-14.9554
-10.5692
-15.4765
-12.3206
-2.26297
-2.4452
-2.73699
-2.7535
-5.36217
-5.1023
-3.67284
-3.88376
1319.76
1095.79
1331.59
1133.35
-1.41047
-1.44651
-1.45883
-1.49485
-1.21999
-1.12296
-1.10816
-7.58241
-8.96657
-5.75856
-7.30125
-3.95817
-4.49351
-5.56789
-6.1646
-2.79383
-2.83237
-2.8651
-4.18025
-4.30181
-6.1291
-5.76641
-2.77084
-3.04269
-2.9309
-7.42422
-3.41434
-3.91388
-4.72811
-0.966331
-3.82772
73.4354
26.0006
116.84
20.094
38.3583
-20.0751
-20.66
-20.4947
-22.0224
-19.3678
-18.9586
-19.3193
-19.1029
-21.1082
-20.2449
-2.84868
-1.55591
-13.9822
-37.2027
-20.2695
-1.12008
147.396
-10.6098
1642.31
-2.40825
-1.54461
-6.21021
-1.35357
-1.17805
-5.11092
813.784
0.0753567
-2.09829
-2.54357
495.656
13.6328
-1.52458
-1.19255
10.5868
-16.9859
-8.08379
-0.223301
-13.8985
-1.79697
0.00090598
-20.7126
-31.6277
-2.73561
-1.10714
547.74
0.333485
-1.3216
-1.17228
1134.84
-6.29267
1339.74
-1.53628
819.763
1160.36
1198.47
-14.7604
-450.691
1619.25
1324.35
454.31
1327.62
830.556
850.011
-7.61381
935.987
1024.09
754.066
68.6599
53.7403
46.7276
745.294
47.8079
59.7802
1.68478
78.1346
105.827
104.523
56.7902
-15.0637
276.125
260.253
-2.55574
213.613
165.344
185.617
371.153
-1.64908
49.7472
164.612
46.1628
225.786
126.182
-2.97706
79.2044
53.9678
37.4351
27.5992
-12.1935
52.9252
76.3855
38.8812
30.7447
4.06043
96.4661
17.6143
62.4517
23.9813
853.399
76.2757
1.91369
32.8507
53.724
17.5704
52.4469
66.0532
13.0745
189.562
29.495
19.5821
52.2326
-2.54124
-3.64304
1.57272
0.921762
-2.09427
-0.298965
2.44813
0.666724
-0.0322086
42.9655
-0.691826
-1.61464
-1.32102
-1.40777
-3.8217
4.76372
24.5728
-1.99108
0.653969
3.92402
-1.70401
2.88823
1200.96
58.0822
34.8342
68.9123
470.434
114.985
-1.7163
39.2487
18.5707
47.9017
87.7629
6.3995
-2.79473
339.261
283.896
-15.0922
-11.3027
57.0189
-1.42837
26.1708
1134.93
16.9981
-1.61651
-20.3612
-7.42441
-1.6925
6.43388
-2.99923
-2.70173
13.8272
-2.3344
2.6825
-4.59511
-7.7638
-2.87336
-2.50648
-16.7361
-3.9995
-2.68365
-19.7437
334.727
-10.1903
-131.739
-3.39801
-20.988
-6.72817
-5.96774
-1.10043
831.835
-6.9165
-4.48465
-5.44364
-4.07848
-3.83187
-4.48065
25.9812
-3.68258
6.8551
3.85682
3.47267
-2.17404
-1.69391
-5.68903
-4.34752
-7.96789
-6.88881
-8.46568
0.0020888
27.6521
-4.20036
-7.11938
-0.162474
-7.91784
-7.86807
-8.07882
-8.05068
1248.09
543.229
-8.1308
0.677223
984.793
-6.78538
-7.34959
-7.17946
-1.959
-1.82017
-1.29982
-0.281446
375.893
-4.91585
-2.22272
-4.63059
-0.909245
-4.4821
-4.46368
-5.22088
-7.66491
-1.17173
-12.307
-22.7118
-4.05636
0.323736
-5.61225
-0.0512291
-8.0145
-3.26685
-2.98989
-5.60976
-5.78072
76.0592
-2.63518
-4.41348
-3.16043
-0.981371
-3.33067
7.09226
516.794
101.248
576.142
-2.3176
31.9971
-3.94805
2.20788
3.19391
7.96503
4.92267
17.1031
-3.38738
-2.60561
-10.6118
49.2668
0.265932
31.5489
3.0696
6.78053
1.98625
5.14112
1207.53
2258.22
15.8754
19.964
-2.42574
36.8215
-2.24477
-1.66679
-2.23107
-2.50149
-2.20058
-2.33863
-18.9156
-2.36096
-2.40941
-2.53451
-1.36735
-4.4067
-2.18918
-2.5703
-2.41229
-2.40998
-2.98812
-0.220112
-2.57009
-1.74525
-2.75006
-2.72796
-4.09076
80.8348
-2.3463
-2.22121
-2.63407
-3.29758
-2.22256
-2.75665
-2.9106
-4.9234
313.192
-2.39131
6.20749
-6.79634
-2.71096
-1.34579
11.8596
-2.74002
-1.09995
-6.17939
-3.12915
-4.54153
303.129
-4.72312
-3.62414
-1.7023
-2.89697
-2.41608
-2.52058
-5.08595
-19.498
-4.39763
329.728
39.9603
7.61011
21.4844
-4.13249
-3.1873
4.65783
-2.39852
-2.98421
-2.65354
-2.67104
-2.4373
19.3176
-6.38991
-3.7341
-2.7082
-0.986737
-30.7705
529.954
351.768
1760.58
-2.72954
-4.68133
66.9037
-2.70053
258.702
-2.41939
143.678
-3.46102
0.0205303
-19.8864
-5.03389
-3.33451
-7.87534
-8.29175
-39.8426
-3.77711
-5.83216
-0.418986
-3.68644
-4.316
-3.72639
-2.65442
-2.74201
-2.5741
-6.74934
1.60896
-2.86515
-2.94335
-0.720742
-2.5113
-2.76206
-2.91891
-4.65035
-2.36115
-2.72045
-2.81648
-2.60477
-2.25709
-8.35644
-2.48747
-2.30642
5.15305
-2.11934
-2.97787
-3.13738
-3.99383
208.87
-2.15783
-8.57812
20.2739
-0.606889
-2.01265
-1.95557
-1.77391
-1.73045
-1.64472
-2.3466
-20.5889
-2.21703
-2.77569
-2.91652
-3.06556
-3.31547
4.35926
-1.94787
-2.95447
1.81843
-21.1325
-1.58749
-5.86418
-3.61818
-4.27109
-1.94531
-2.2763
-2.17247
-1.42741
-2.24774
-1.93858
7.76992
-2.09976
-1.40278
-1.20502
-3.82531
-3.54004
4.0232
-2.69026
-2.88666
-5.19023
-12.8223
-1.29994
-4.79838
-3.03732
4.54074
5.26688
-1.45985
-5.71698
-4.04762
-3.47683
-3.78064
-7.04961
-2.43585
-2.88738
-0.455422
0.978565
-5.71403
-4.24993
-2.72877
-5.21267
-2.6939
-3.98746
-2.15606
557.144
0.889048
-4.17466
0.996374
-6.43409
-1.51807
-1.55803
76.4196
88.9733
8.43296
-2.7897
36.5278
-8.47711
-2.68342
22.8965
-3.02078
-1.03334
-3.09332
18.946
-8.65494
25.0343
-6.54363
-3.13283
-7.62804
-6.47151
1.77946
3.37413
-2.97912
-5.68912
-6.75026
-15.2284
-6.28682
-6.34075
-7.10952
338.954
1.48861
-2.84968
-3.3975
5.03224
-6.21995
-0.581701
-6.11337
-1.76617
27.2859
-2.66406
27.0311
-1.29223
33.5063
35.0078
-3.25431
2.99814
-3.97988
-0.439031
-2.63436
-1.85489
-2.57995
1963.09
-4.57473
-3.10164
-4.7017
0.060828
-1.30205
-1.39561
-3.94966
176.477
-1.22396
-5.29652
-1.43174
13.4673
-7.11077
184.268
-4.40563
1.0109
-0.505937
221.054
-1.95505
-0.0783139
-1.52085
0.391139
0.244765
0.698061
46.5264
-0.998266
1112.92
0.0821029
-8.16783
0.679101
-209.074
-2.61047
-0.690156
0.0975618
0.186791
-0.881193
0.582609
-0.284091
-3.33087
-0.688168
-0.27834
-12.1808
-2.90168
1.59032
-0.684754
0.0991898
-0.771618
-0.306163
277.099
-0.0677354
-5.34855
217.212
72.3961
-19.6432
-6.74945
-0.743741
-0.552639
0.170204
-19.2131
-0.758846
-0.86078
-1.17876
-1.65629
-1.62116
-1.75923
-3.6431
-0.407497
-1.32734
-2.19118
-1.47731
3.69811
-2.09442
-1.16522
-1.67985
-1.63833
-1.48504
-1.52093
-0.884242
487.681
-0.567362
-1.42041
-1.49421
-1.03783
-0.919111
-2.49818
-1.56501
-1.53308
-1.80035
-1.66574
-1.22488
-1.29354
-1.44813
-0.388931
-35.3524
-1.83203
-1.87161
-1.78641
-1.74764
-1.03333
-1.72944
-1.75685
-2.19804
-1.08023
-1.09205
-1.06485
-1.22557
-1.24191
-0.650564
-1.39297
-1.28686
-3.70546
2.27641
302.831
-1.15663
-3.1888
-1.31024
-2.67039
-0.979346
-0.876286
-1.69008
-1.16612
-0.461138
-1.07489
0.0120817
-1.37823
-0.818802
-2.62781
-1.1934
2016.05
-0.507309
-0.854607
-1.4883
-1.1949
-0.491019
-1.02076
-1.13028
1819.98
1840.47
-18.659
-8.87659
-2.77927
-2.4868
-2.3163
-2.59034
-0.912668
-2.88121
-1.00252
-2.29838
-2.45544
-2.594
-2.23805
-2.3452
-2.60564
-2.04245
-2.2787
-2.16185
-4.6233
-2.56004
-18.799
3.15572
-1.7252
-1.67565
-6.41244
8.90316
-2.72358
-10.8901
-10.5782
-7.27263
-2.2021
-1.6189
-1.73252
-2.19053
-1.44194
-2.34131
740.414
-2.0491
-6.32676
-1.83479
-1.9511
-19.2632
-2.30529
-2.05561
-2.01543
-2.21483
-1.95564
-1.80351
-2.40396
-2.55025
1.13034
274.956
-1.58136
-0.555651
-6.35975
-18.4843
-2.95761
3.38649
-2.20503
-1.29183
-0.0978884
-2.81091
-3.10107
-2.06178
-2.83277
-3.08776
0.747844
-2.93221
-1.74005
-2.65849
-4.80469
-20.0368
-2.92763
-3.0715
-2.67793
-2.75959
-3.10089
-2.10718
-2.99254
-3.13225
-2.7133
-2.07544
5.7488
-3.05544
-2.37598
-3.18642
-2.18868
-0.625898
-2.15919
-2.29388
-2.29239
-2.35761
-2.4746
-2.10707
-2.15892
-2.14018
-2.71638
-3.11817
-4.72568
-2.21331
-2.60824
8.39567
-1.51114
-2.47541
-19.4947
-2.19631
-3.03183
-0.392156
-2.48132
-0.453788
-2.77939
-2.46486
1863.99
35.3044
-4.80347
-4.73952
40.6044
-4.4249
-0.488716
310.858
1406.29
-2.44772
-1.34869
-2.66901
-2.63324
-2.85045
-1.95977
-2.52849
-2.69543
-78.9141
-3.10956
-1.70451
-2.56524
-1.60934
-7.95358
16.9925
-238.652
-21.2111
-1.4668
-2.6899
-1.38352
-1.38314
-1.42159
-1.48412
-1.50869
-1.55244
-2.60802
-1.29863
-1.57409
-1.6283
-9.23748
-2.46927
-1.34302
-1.34644
-1.18497
-2.97145
-1.59665
-1.6553
-1.36385
-1.27748
-1.24752
-1.51217
-1.58145
-29.0486
-1.3242
-1.27639
-1.42526
-1.6398
-1.59452
-2.55864
-1.64018
-1.525
-1.73572
-4.8092
-1.86586
-1.63284
-1.77237
-3.37485
-1.22114
-1.73397
-1.74028
-1.91004
-8.8191
-1.91942
-2.50827
-1.51636
-1.63449
-1.70777
-1.82518
-1.35919
-1.66167
214.39
-2.73504
-2.27431
-1.35844
305.283
-1.61036
-4.84204
-3.63905
-1.02936
-1.63372
-6.75441
-2.52875
-2.13815
-2.38035
4.62566
-4.95185
-1.6476
-1.61729
-4.13264
46.5332
-1.53979
-1.64416
-1.53365
-4.36841
-1.84899
-1.65497
5.24892
-1.45783
-1.60938
-1.48584
-1.83866
-1.628
-5.84202
32.7273
-1.53273
-19.3394
-1.5404
2.42684
-1.89551
-5.42152
-2.90847
-1.85488
-2.25571
-1.70531
43.8168
-1.46493
-2.74659
178.906
-1.48482
-2.03044
-1.60151
-0.233216
-1.48013
-2.51332
-15.9929
-7.84922
-5.26523
-2.0024
-1.88887
-23.3097
-2.10284
-1.57824
-8.86939
10.9083
-4.9833
264.295
-9.69515
4.64899
-6.49241
-9.26855
-7.34379
-4.36011
9.00682
-4.69939
-4.20246
-5.20233
-4.465
-7.24863
-6.10991
-37.6245
-15.2033
-8.31461
-5.86106
-5.4588
-1.51496
2.92103
-10.2549
-6.93329
4.89072
-2.12828
-3.03472
-4.95608
-1.42485
-10.4434
-4.16776
-4.86152
-2.51462
-2.56155
-2.16559
15.5625
-14.7568
-6.27697
-9.89439
-37.4654
-2.85996
-2.82612
-8.07978
-5.64499
15.3808
-1.16774
-6.48251
-1.57279
-10.4216
-4.60642
-6.6934
-8.43071
-8.75064
-9.12247
-0.233188
-11.4301
-1.49331
-9.83421
-6.76893
-9.0598
-1.28317
-4.79985
-5.69918
-5.59231
-13.9672
-4.35784
-1.44236
-11.0639
-2.43972
-7.64246
-11.4382
-12.8043
-15.8366
-14.9986
-15.6772
-15.6544
-15.0748
-2.16683
-7.54149
-6.12758
-13.5737
-15.5236
-4.47572
-14.0461
-16.8878
-15.9702
-18.5522
5.06144
-18.2022
-19.8999
-3.97405
310.349
-16.7996
-14.1494
-13.3972
-12.9333
-13.6569
-11.9538
-14.7773
-15.2998
-12.8697
-12.2282
-12.3152
-7.67973
-7.18788
-7.40879
-9.44801
-9.61894
-8.76905
-4.24165
-10.2018
-7.49857
5.50453
252.609
-4.18347
-1.3884
-10.8078
-10.6794
-11.4559
-41.6589
-568.164
-11.3052
-2.62518
-2.08363
-2.55653
-10.4212
-2.98677
171.409
6.84432
-2.206
-3.20126
-3.61207
-5.15137
-7.48227
-5.09047
-4.50136
-4.31522
-3.90604
-5.87193
-5.72424
-4.76864
-5.70407
-5.62775
-2.97301
328.362
321.187
-1.83994
400.956
-5.44047
1.43548
3.8789
91.428
-3.80019
315.354
5.39658
-4.26802
-11.7058
-5.73901
25.9914
-1.40007
-7.23824
18.6044
-3.06459
-4.24042
2.27487
-0.301997
-2.04783
15.0572
-4.70223
-7.32059
-10.0825
-6.18525
-5.20487
-8.45854
-2.25483
-5.52431
-0.490634
-9.55943
-5.24302
-19.5211
-16.6603
-13.2555
-12.2059
301.408
-7.37592
-10.6172
-6.57499
-9.72259
-11.8657
-5.46999
-6.85622
-5.36741
-7.76226
-13.0049
-11.1894
-5.09416
-4.40492
-4.47141
-4.01241
-6.57588
-6.69288
-6.25787
-1.41115
-3.33087
-73.7197
-4.069
-3.40442
-5.43455
-320
-4.78605
-5.07546
-440.525
-0.170544
-8.04701
-10.4836
-0.514749
-2.13344
-4.62548
-15.409
167.618
-6.69074
-0.976475
7.86828
-10.4945
-7.66426
-4.3423
-5.2786
-11.4946
2.09771
-7.59636
-5.19064
-4.29055
-17.6128
-18.4439
-10.5044
-4.79022
-13.9653
-2.62884
-34.842
-15.3899
-20.2251
-0.679567
-0.749253
-14.1521
-13.4218
-16.4234
-6.60748
-28.2296
-15.2151
0.515943
-25.5095
-20.8209
-47.5407
301.643
-8.19476
5.34876
-0.576131
-2.21905
5.22575
-15.8682
-13.7967
-1.80715
-21.2326
-1.5241
-45.2908
-9.60707
-13.4597
-7.17001
-12.6135
-1.0136
-17.8821
-17.5555
-31.4074
-4.11438
1.02356
-15.2991
-2.53636
-11.8201
-14.2283
-2.27942
-16.2587
-14.9663
-9.42241
-8.72806
-7.79767
-8.28134
-9.28561
-7.8265
-8.51525
-9.07065
-9.43546
-11.2207
-10.8434
-8.19275
3.4999
-10.7182
-8.9834
-11.3713
-17.0413
-2.72662
-7.28874
-16.3961
-20.9681
-16.175
-7.15936
-6.56767
-7.18015
-6.95835
-7.43664
-4.20847
-9.27328
-15.1109
-20.1513
1660.84
-20.7233
-20.4467
5.82157
157.511
-9.12714
-15.471
-17.9138
-20.7774
-15.7966
-18.2567
3.26183
-16.184
-17.9747
-18.2898
-13.7689
-16.4128
-18.9038
-7.93263
-17.8323
-17.1468
-19.5068
-23.9837
-23.7207
-17.7564
499.484
-15.5573
-1.43036
-40.3383
310.987
-1.75851
-18.8429
-35.1444
-6.39042
-2.09106
-2.69745
-16.7242
-11.3884
-25.4982
-2.46514
-12.4701
-18.296
-42.8163
-2.54897
-3.70843
-4.33273
-0.503523
307.912
-45.4837
-8.14984
-6.70993
-8.13028
-6.5495
-8.30008
293.11
-5.61497
-4.56581
-4.89752
-10.907
-6.21211
-5.51584
-3.90188
-0.271297
-16.3116
-2.77419
-25.2077
-1.32861
-0.511102
-518.698
3.60813
-6.61082
-2.78036
-0.617866
3.52185
7.18956
-4.90044
269.409
119.581
175.485
257.278
291.988
32.039
-0.790545
301.501
331.731
312.431
234.548
314.971
-0.518413
-2.27611
-4.14565
6.07915
50.9131
-4.85455
-0.680163
-3.8817
-3.5375
-3.19891
-6.03146
-0.37809
-9.41125
10.8248
-0.682649
-0.784312
-7.18796
1554.51
-0.597251
-1.72231
-1.3168
-3.94887
-3.60098
-5.15186
-2.36295
-2.8207
-2.48798
-8.67841
-0.494293
-4.54162
-5.14302
1.78919
2.5311
2.65051
-4.42371
-0.0164421
-0.282953
3.03241
2.94667
3.32359
0.721537
4.37942
4.34164
0.273486
0.263778
300.643
-5.71273
-0.801741
-3.91253
-4.40735
8.60191
-5.36239
-5.58351
-0.365193
5.25622
5.22909
5.20676
3.673
2.92748
5.19393
5.0848
-3.62326
4.90282
5.36917
-5.61458
4.95204
42.7813
5.3483
5.46131
5.51443
5.7809
-15.3863
177.331
5.25704
99.2773
0.578563
100.111
17.0273
305.337
5.20049
4.61379
4.70155
308.26
301.995
-21.1871
-1.37737
312.984
307.23
248.163
302.159
312.769
358.944
317.58
-2.12839
3.78888
188.92
-11.108
-0.154204
302.272
-2.69171
3.68849
33.0791
176.427
317.902
230.25
-0.204799
-2.25746
306.327
5.01794
305.96
283.667
310.673
-1.52637
300.105
0.330026
309.376
-5.30775
4.71876
2.5479
320.07
-1.44278
317.371
336.949
323.914
315.745
348.383
335.592
-1.56399
5.73367
331.939
362.006
285.268
-5.99559
341.468
347.633
438.281
368.698
310.198
690.623
843.256
542.014
409.13
339.793
296.825
379.231
-1.24261
446.78
469.24
40.6445
342.234
16.1506
304.241
616.611
410.564
293.991
496.881
-1.67916
2035.06
2010.37
2047.49
-23.9844
-5.14012
327.833
505.51
702.477
852.527
525.749
-9.49042
495.455
302.92
1287.56
1714.69
715.622
841.538
1267.98
317.171
1080.89
756.355
39.8542
499.829
-13.1413
919.252
1454.5
1093.21
812.209
25.4263
3.367
3.5569
4.72293
-1.31092
180.519
12.6657
646.901
1554.98
5.09932
4.74981
4.1485
99.9459
21.1541
565.256
96.7833
12.3261
26.9431
4.306
4.62561
235.668
-1.93684
5.38907
251.504
8.44344
198.041
5.24669
2.34933
1.32956
85.1125
2.8317
424.853
683.252
4.16268
-1.68017
4.85336
109.628
2.68601
5.28148
3.92193
3.49754
1.62242
763.709
69.7112
-0.167012
0.0885651
-0.100129
0.0956265
2.15076
45.3751
634.539
2.66659
2.29937
2.23939
2.79971
3.05541
1.27456
2.55874
2.01205
3.0628
3.30813
3.38998
2.32565
2.20232
2.81391
3.5951
3.29125
3.68353
4.2511
2.5379
4.20505
0.908337
3.62604
0.471882
3.61862
3.56197
1.07209
2.82735
3.02422
3.33207
-1.08512
3.7681
463.662
85.9492
0.756891
2.65749
3.4418
3.93761
5.08564
3.09664
-15.8596
4.74926
4.59286
4.9164
752.145
3.93795
5.05264
6.76778
64.2696
3.33212
13.5372
66.5118
4.39928
4.48248
5.01405
220.339
-6.71049
113.561
9.12066
4.39656
3.33541
61.2642
3.98392
5.47604
2.40596
-0.360735
5.33467
5.45511
56.9377
3.3705
3.42127
284.998
4.75472
4.77079
571.759
33.0583
-2.65773
3924.3
-2.70429
-2.604
3266.91
365.512
0.111404
221.413
56.8976
803.047
1.7741
739.359
-1.43693
-0.295323
4.9003
1.97605
4.1021
4.28664
4.23895
4.02155
311.09
1.84612
4.22257
4.00982
4.39456
3.61286
3.66466
-1.43847
3.4528
3.83416
3.08546
4.4234
3.57418
3.71236
4.80584
3.71664
4.57269
4.48364
41.0817
-1.36861
4.52645
4.25976
3.7641
2.96865
3.44034
226.874
7.65129
-11.9026
292.547
2.83627
-37.7697
-2.75511
44.9313
101.421
-3.07374
1189.48
3.72044
-2.46647
418.81
-5.00638
2.71243
-3.60451
-2.21979
69.2012
-2.72724
3.42999
3.23367
-3.50749
-46.8802
-2.61802
-3.24196
0.402447
-30.6023
-1.9749
-1.74164
7.62746
31.5956
2.20121
-2.77936
0.542232
-14.1667
-4.03027
5.81097
10.2959
0.195161
-2.34323
-2.27408
-1.92405
1.99448
1.91229
-9.33975
15.379
-2.48503
-5.09615
-5.31707
15.1348
-7.18292
-3.04232
-1.20058
-2.7148
-4.75794
2.71814
2.83671
-11.0583
-4.86863
-6.60702
-6.33155
-9.15769
13.2495
-4.70598
-3.57611
3.15361
-6.19609
-9.00693
-5.97032
-2.21843
-2.34336
-5.104
-3.32303
0.150336
-3.90784
-1.32358
-0.829208
-2.67731
-3.85018
-2.80663
-4.68044
-6.65913
-6.74492
-2.41732
-4.86115
3.46376
-2.83777
-3.71297
-6.6077
-6.81876
-6.15938
-16.0213
-5.23208
-1.42612
-6.8211
-5.59842
-28.0211
-6.28591
-9.74245
-139.89
-5.6047
-3.31972
-4.89979
1.09501
-2.17585
5.76273
3.59905
4.74372
5.41803
205.114
4.36731
5.60221
5.87753
308.375
5.61367
-2.27258
5.7775
3.64933
4.77115
300.779
305.411
292.574
4.23969
2.63855
3.89826
5.1158
15.8243
33.8041
2.9558
2.86871
1929
-12.6224
3.23864
3.1043
3.22151
-1.1632
-6.43521
3.21877
-5.52179
-7.0016
1.45567
-6.51777
-11.9181
3.94077
3.29225
-0.528556
4.93752
7.22
5.88649
-1.36203
3.39828
-9.20767
4.3141
2.81737
-1.46556
4.03463
3.72722
304.027
-5.40448
4.32567
5.55505
-25.1373
-4.79651
-1.6787
-5.2673
3.45813
11.9458
4.81546
-6.8725
-6.62934
-6.74671
3.14374
-3.18077
-4.75052
-7.79563
-6.29525
-8.87063
2.95091
-8.10108
4.48624
5.48012
1.79276
4.41815
-7.89427
-2.74337
-5.67946
-4.86164
-5.47719
-5.51892
0.0316124
0.34159
2.22905
-6.22972
-4.96881
-6.26227
-2.79312
1.31998
-1.26083
43.6358
-0.826519
1132.72
-28.6682
-1.80079
1.31299
1.57622
-14.5281
1.72393
-21.0937
4.54604
-8.71444
2457.09
4.92377
4.59407
4355.12
5.17895
3.85119
33.8142
5.33011
72.3109
2.92924
5.19036
176.511
7.80635
5.22057
-2.99238
256.417
-509.197
1.09546
60.6496
6.29913
5.76467
4.24688
3.20491
8.3741
5.33219
1.14468
865.43
3.99841
3.14949
6.90128
3.62721
-2.39486
1.88391
3.40689
-0.0808103
3.26689
4.03878
1.90001
5.75192
3.3434
-2.22451
190.681
0.504317
0.621665
1.03621
0.732496
1.7258
1.18778
4.27125
1.08042
309.35
1016.7
349.466
4.13911
4.08711
0.43489
3.87617
1622.05
11.9861
3.13353
4.1503
2.90808
-3.22788
-7.75346
5.30547
496.92
62.7139
-13.9121
4.22036
3.46599
621.571
371.222
-1.39285
843.146
-135.114
1780.22
973.881
453.232
1626.21
1.76644
2.38861
14.0008
311.122
289.545
518.17
16.3373
344.057
7.01941
1849
48.6396
355.266
278.914
-9.71401
-11.3916
1650.39
-5.54818
-1.58693
312.594
347.721
5.01934
305.469
1020.7
307.169
1358.13
6.64275
305.902
1266.18
-0.781026
300.986
368.201
4.68317
3.57137
4.4625
46.3075
6.62335
5.43136
0.652345
1.43281
4.83245
-5.34784
0.33153
-2.53224
-6.61639
2.83962
4.83236
0.0528222
-12.2799
3.50144
-3.95331
-6.14887
-0.228408
-2.87693
71.0638
28.6069
-7.40096
-5.15047
169.692
-2.05635
-1.28157
305.508
307.941
311.706
-9.60201
134.998
0.291641
-2.92976
302.028
-2.9264
303.039
205.126
-6.77089
-8.79313
-20.344
-18.3333
-6.34644
-9.25226
-1.43797
-13.392
-4.18948
-27.0637
2084.11
-19.8498
-8.14468
-2.28839
-0.42129
-1.82619
-4.234
-2.31811
-3.76623
0.711767
-19.3959
-0.818765
-1.64978
-9.29959
-4.48612
-16.5763
-2.36487
-3.53707
-4.20847
23.9777
3.21087
-7.15987
5.44703
3.13568
5.186
7.3165
1551.87
-2.62758
-20.9772
-1.4515
226.994
-2.92127
-5.28827
-1.48947
140.24
-13.8644
-2.81935
-4.58604
5.84837
-1.8462
-13.5315
61.2368
0.176884
-20.3258
-1.8546
41.8238
-6.4947
-2.14433
-2.89371
-16.7064
-4.61607
-1.633
-12.0412
-2.26891
-2.58745
-2.42059
-4.0465
-2.58502
-2.8728
-1.58896
-0.218934
-1.48647
-10.9475
-0.674405
-8.00093
-2.4146
-13.6829
-1.18119
-1.78872
-1.90817
-5.8097
-1.55005
13.3324
-13.7988
-11.7353
-6.50284
-4.05332
-2.81325
-3.08304
-38.9611
-1.74328
-3.72795
-1.60043
-231.056
-1.70525
-1.80407
-5.45201
-17.4733
-0.124822
-8.3331
-1.98222
-10.868
-4.35355
-1.40945
-0.403469
-0.674542
-1.81128
-143.575
-7.64529
-5.69211
-4.72569
-6.63998
-1.56358
-2.58223
-2.02185
-1.08123
-1.46077
22.9108
-392.386
2.91568
-1.70791
-2.5682
-1.60546
-2.85088
-1.25551
311.447
-1.85882
-2.22111
-11.6743
-8.04128
-1.61421
-8.4602
-2.78094
-14.0632
-2.83403
-13.1583
-2.79415
-1.90476
-1.95385
-2.57859
-1.75967
-2.70779
-1.65839
5.16098
-2.63661
-14.5603
-2.55103
-2.32517
-2.60327
-8.52541
0.495674
-2.30232
-2.22087
-471.762
-10.0368
-0.491647
-0.857025
-0.982473
-1.24872
-2.10426
-14.3859
22.7095
-1.46242
-1.73329
-7.77166
-3.15987
-7.95663
-4.02085
-1.65077
-1.1037
-1.13892
-3.61017
-0.107783
-1.58773
-24.1253
103.256
-0.792001
-7.9631
-10.2221
-8.7104
-10.4653
-1.94281
-11.4547
-13.9669
-1.20487
2072.58
-2.60733
-4.41284
-20.5915
0.834883
-37.8197
-0.837221
-3.11247
-0.906311
-1.46071
-1.19891
-2.81336
-9.16818
-1.63298
43.4579
-1.38817
-9.38873
-1.29581
-7.26398
-2.9966
0.469225
-3.47669
-3.82143
1.05804
-3.24326
-2.56601
-0.587859
-2.76628
-8.5379
4.23078
-4.80732
-2.19351
153.133
14.2275
23.419
-5.98153
20.4729
-29.4057
-5.9671
-4.22531
0.204699
-1.33098
-1.77943
18.7172
31.1962
-4.82173
-7.89951
-6.38733
-3.00642
5.45764
-15.3777
-5.24373
-2.81096
326.196
-2.51474
-5.38071
8.94224
-2.29101
93.6248
-1.27982
-2.73209
-5.53285
6.30656
19.5937
-5.34337
2.17078
-4.1847
-1.32313
-21.3045
-2.82603
-2.47706
-2.48088
-3.95122
-1.16522
-3.71388
-11.3521
-3.25803
-2.42907
-1.99185
-1.89471
-7.29821
-2.07963
-2.16361
-6.95645
-6.62754
-2.38805
-15.4769
-2.9339
-7.62927
-6.57277
-4.4878
-2.007
-1.7398
-3.28061
-4.98775
-4.23116
-18.2649
-2.38075
-5.71268
-562.293
-3.13723
-1.71012
-0.591784
6.71362
-6.48444
-17.2595
-2.56106
-4.61355
3399.06
-0.256153
-4.72583
1.62485
16.1863
-2.75448
-8.16434
-16.972
1.07825
1431.17
165.984
-2.38182
38.821
1986.91
-16.7337
-1.21976
3.50444
5.29473
-6.56351
-2.75314
-6.6155
-1.22806
-3.4686
-3.25362
-4.7721
-1.46519
-4.73273
-7.51023
57.3595
-6.50526
87.3238
-8.07529
-3.89258
3.78434
-237.537
-4.5926
534.33
11.0482
-5.90636
-2.63491
-5.28223
831.673
115.954
-1.50092
9.26354
277.181
144.57
8.5548
-3.13782
-15.9944
-5.03877
-6.9482
57.5073
-5.98724
121.268
2.00782
5.22611
-3.04312
38.864
1164.11
25.925
-7.34394
4.66281
-20.5803
3.08739
-7.11856
20.2706
-6.1418
3.90954
-2.41349
53.0632
37.1013
-2.33148
42.3715
-3.5387
-9.06036
-3.34517
-4.16838
-8.41501
907.831
-5.24656
-15.1366
-17.4885
-1.57184
4.67664
-7.57816
77.8286
1525.05
326.457
-4.62811
25.8413
11.3033
2.79758
195.9
4.33344
-7.07284
-6.0062
1332.07
15.2556
319.372
1.31399
206.123
-0.789898
4.39696
1354.57
-0.858991
31.0654
114.077
-19.9714
17.5612
7.54969
-6.50823
-18.2148
-3.55618
0.991163
-6.20875
-3.034
7.67471
22.686
-2.97625
-1.07861
-0.257115
-1.80374
-0.26964
-2.37918
40.5171
-0.0921789
-6.66253
-9.34789
-0.854193
-1.15084
-1.39968
4.34709
-1.11485
-0.849724
-1.77439
-3.81984
-9.7256
-4.95307
-6.29997
-15.4899
-3.08886
-7.26949
-2.54419
-1.54003
-8.62412
304.715
-2.05184
-5.77776
-2.94608
-7.36935
-11.2387
0.456645
-7.70528
-35.4684
-7.93711
-6.71961
-5.21419
-4.58474
-18.7455
309.942
-5.68161
-18.1995
-1.40663
265.996
4.10698
3.19681
-1.00187
-7.41459
-7.42777
-16.2859
0.735202
5.8883
-11.3091
-9.56581
-6.93228
4.00906
-4.12497
-4.59033
-8.25462
1.00394
-4.86059
15.1535
4.70782
17.6499
-8.8336
-13.7579
0.199878
-4.1125
-20.0038
-1.76524
-3.46084
5.06777
2.53362
334.157
-2.6308
-71.7476
4.93207
3.16282
4.86438
-3.84766
5.57803
-5.38665
-21.0188
-14.6284
4.92116
-4.58571
310.128
-2.5784
0.346414
-2.82839
-1.72753
-8.63584
178.629
-6.4533
0.0384578
-15.7932
-7.49185
-3.42349
-2.94821
180.304
-5.9524
-16.9601
-10.5381
-2.81252
-2.34789
-1.49104
-585.381
-5.70029
-3.88533
-0.326431
-1.63571
-9.90147
-1.53588
433.125
-1.27842
-2.223
-2.89609
579.314
-3.00295
-5.02661
-56.8347
-10.126
302.763
-7.32639
-6.46771
-2.98266
-2.61209
145.677
51.707
-13.5432
61.2996
9.54143
2570.96
-1.41011
-1.35327
-9.62449
2.99981
5.5966
-2.78406
-14.9735
-2.93856
-11.5815
3.63342
-5.46602
-1.50424
3.4776
-10.7073
-18.9744
-4.42541
-5.34512
-44.2809
-2.13233
-7.21946
-1.33668
)
;

boundaryField
{
    FrontBackPlanes
    {
        type            symmetry;
    }
    wallz
    {
        type            calculated;
        value           nonuniform List<scalar> 
97
(
-559.557
-591.177
-649.285
-397.994
2090.86
1283.86
679.859
1451.99
1767.1
-31.6244
1.4967
-7.34515
111.555
178.214
192.218
1552.37
290.74
1271.62
-33.8673
-32.2232
-36.2087
33.6117
43.0847
68.3187
717.885
194.767
43.5821
-11.0932
4.47125
-18.6424
6.43922
-2.05357
21.9318
107.748
305.265
-47.5469
8.57385
1.24007
0.937438
-3.9945
586.657
151.02
1109.67
0.2114
0.909493
0.934924
4189.7
3111.99
5608.36
345.503
-0.831053
-0.500804
-0.0961035
2045.63
242.168
-92.4473
310.318
320.904
-1.40127
-1.10333
-29.2322
286.108
15.1126
311.542
309.662
1749.31
1312.99
-2.52661
-2.20523
-224.49
649.786
451.988
332.903
317.442
340.986
351.279
459.188
2000.64
1743.65
1223.15
1732.98
1669.37
-2.7951
-577.06
-737.82
-778.969
-184.069
2115.94
2055.11
-4.33611
818.281
-437.978
-1.68077
1976.23
413.669
-2.06097
-144.829
)
;
    }
    outlet1
    {
        type            calculated;
        value           nonuniform List<scalar> 
31
(
-2.943
-2.943
-2.943
-2.943
-2.943
-2.943
-2.943
-2.94301
-2.94305
-2.9435
-2.94327
-2.943
-2.943
-2.943
-2.943
-2.943
-2.943
-2.943
-2.943
-2.943
-3.00872
-2.95427
-2.94683
-2.94307
-2.943
-2.943
-2.943
-2.943
-2.943
-2.943
-2.94301
)
;
    }
    inlet1
    {
        type            calculated;
        value           nonuniform List<scalar> 2(-766.031 -783.408);
    }
}


// ************************************************************************* //
