/*--------------------------------*- C++ -*----------------------------------*\
| =========                 |                                                 |
| \\      /  F ield         | OpenFOAM: The Open Source CFD Toolbox           |
|  \\    /   O peration     | Version:  v2012                                 |
|   \\  /    A nd           | Website:  www.openfoam.com                      |
|    \\/     M anipulation  |                                                 |
\*---------------------------------------------------------------------------*/
FoamFile
{
    version     2.0;
    format      ascii;
    class       volScalarField;
    location    "0.2";
    object      p_rgh;
}
// * * * * * * * * * * * * * * * * * * * * * * * * * * * * * * * * * * * * * //

dimensions      [1 -1 -2 0 0 0 0];


internalField   nonuniform List<scalar> 
6576
(
2607.99
2541.84
2560.43
2576.4
2620.99
2641.43
2572.87
2584.48
2628.41
2601.76
2712
2670.27
2637.75
2662.49
2575.13
2589.19
2498.54
2571.96
2579.56
2707.04
2523.15
2683.32
2692.83
2561.97
2653.13
2736.73
2876.7
2632.1
2530.24
2538.67
2594.31
2482
2589.35
2651.58
2628.62
2691.67
2624.3
2697.47
2580.65
2643.41
2546.94
2523.08
2600.39
1892.4
1686.42
1891.32
1700.03
1806.53
1937.35
1905.46
1783.59
1878.52
0.0308831
0.0223066
0.0055443
0.0717751
0.0572649
0.033643
0.048525
0.0367921
0.0794493
0.0907383
0.109135
0.0758412
0.0237983
0.0797121
0.315152
0.289171
0.247602
0.247626
0.286571
0.177943
0.238624
0.295302
-0.159766
0.35011
-0.00479697
0.552149
0.556765
0.769837
0.925173
1.07874
0.565977
0.30483
1.23381
0.885664
0.267438
29.0078
41.4268
90.9202
55.6982
12.0877
17.4531
14.2594
1705.35
1586.38
1608.03
1335.2
1496.88
1621.68
1622.6
1928.99
2080.3
2011.56
1946.09
2038.58
1874.85
2142.38
2180.6
2142.38
2090.86
2085.42
2103.49
2154.38
0.036422
0.0138346
0.0029937
-0.00228462
-0.0783569
0.00348509
-0.0216408
2389.62
2630.3
2410.45
2555.82
2609.95
2739.1
2803.43
0.387209
-0.324982
-0.0371798
-0.796882
-0.657956
-0.866435
-0.963204
-9.58715
-8.795
-9.83859
-9.45161
-8.29502
-8.12458
-9.4232
-13.7911
-13.0383
-12.6895
-13.5641
-11.9481
-11.893
-13.1541
-17.053
-16.7367
-17.4578
-15.8294
-16.2495
-16.7906
-16.4582
-17.3379
-17.9844
-16.8133
-16.9423
-17.6099
-15.9211
-15.3887
-16.7655
-15.8746
-18.2644
-18.1986
-18.2279
-18.3079
-18.4021
-18.2648
-18.1902
-17.2746
-16.6797
-16.5488
-17.6133
-17.0285
-16.4348
-16.0852
-16.3586
-16.351
-10.445
-9.53104
-9.53375
-10.4705
-9.29412
-8.85121
-10.2343
-10.4333
-8.9566
-7.43871
-8.0117
-7.81483
-8.48153
-9.10143
-8.01416
-8.19781
-6.44494
-6.37941
-6.35807
-6.27847
-7.19228
-6.8735
-6.39998
-4.71709
-4.40816
-4.99379
-5.93927
-4.84066
-4.98144
-5.30421
-1.41975
-1.75233
-2.21179
-2.28212
-1.93758
-1.8834
-2.22286
-4.24309
-3.92277
-3.81886
-5.45244
-4.35037
-4.73238
-5.24234
-7.18012
-6.06223
-7.56505
-6.75303
-8.2093
-9.1983
-7.31132
-9.83654
-11.7322
-11.1139
-9.61154
-9.07868
-11.2755
-10.9642
-17.0196
-15.8011
-16.9842
-15.3545
-15.3197
-16.2584
-16.117
-18.1544
-18.2558
-18.6413
-17.963
-17.7485
-18.1581
-17.9475
-18.234
-18.4669
-18.2658
-17.8583
-18.4917
-18.6188
-18.5982
-18.2213
-18.6701
-10.5245
-11.0082
-10.7041
-9.27613
-9.46204
-10.0898
-9.71658
1681.69
1685.88
1607.27
1738.25
1631.87
1576.21
1767.45
1585.03
1737.81
1456.13
1506.15
1431.45
1431.07
1298.66
1383.16
1179.51
184.7
207.816
190.838
197.263
195.943
191.994
193.246
194.413
195.39
1545.5
1440.96
1507.47
689.823
806.499
510.815
1026.48
897.179
711.394
917.582
-2.87307
-2.71553
-3.04702
-3.002
-3.26531
-3.73
-3.31699
204.76
15.4839
-1.25284
112.936
2.59411
-0.651027
0.588819
0.134414
-0.700742
-1.49618
-1.53037
-1.62078
-1.35306
-1.47064
-1.45787
-1.56727
910.81
813.415
894.101
776.534
814.59
880.674
863.656
895.395
782.472
931.949
706.546
625.799
774.588
726.666
901.437
903.88
1187.15
1161.26
1049.5
1079.02
1131.95
721.548
877.338
980.596
847.215
1483.63
1630.1
1451.99
1571.85
1691.99
1483.01
1711.02
1766.98
1701.92
1767.1
1810.92
1688.99
1488.44
1722.79
1689.13
1804.4
1331.78
1126.38
1217.41
1293.91
1337.7
1320.85
1410.77
1013.63
788.213
936.394
906.275
963.948
876.847
1055.73
-1.56396
-1.89735
-0.744227
-1.92481
0.210638
-2.73808
-2.13748
-1.49009
-2.28298
-1.58581
-1.53026
-1.69291
-1.68872
-1.81614
-1.58269
-1.64275
-1.04369
-0.905874
-1.11642
-1.02646
-1.23658
-1.09557
-1.34233
-1.25123
-0.94374
562.632
605.837
1322.54
829.089
564.088
18.458
466.684
1519.42
1529.84
1544.58
1515.97
1469.18
1510.41
1545.48
-17.5467
-17.8542
-16.8934
-17.7844
-17.2702
-17.8094
-16.9087
-15.7576
-15.8194
-14.9699
-15.368
-15.6565
-15.9323
-14.9531
-19.0388
-17.7466
-17.7076
-20.0492
-18.7097
-17.8006
-18.0401
-33.8235
-36.6158
-36.394
-34.8451
-37.1811
-43.2907
-34.4438
-41.5251
-35.1012
-38.16
-35.81
-38.6396
-39.6624
-42.4019
-37.0103
-43.7353
-26.716
-13.3501
-21.3236
-25.4557
-12.3378
-19.0473
-18.6668
-19.2955
-20.8612
-7.33294
-19.1927
-21.8444
-25.1628
-15.3894
-0.366149
0.931142
7.12589
0.67758
1.48845
2.19582
5.96899
0.474645
-6.32147
-2.67297
-2.59956
0.717175
8.01408
-1.70477
3.87442
4.28768
3.50703
-2.86165
-3.50805
10.1624
0.398421
0.694674
0.45383
0.654224
0.314012
0.525355
0.705391
0.809813
0.51943
0.625295
2.54695
0.756725
1.15692
0.71694
0.327619
0.335326
0.674357
0.0624122
-0.259894
0.248468
0.165217
-0.00679847
0.315995
0.0563931
-0.243206
0.296163
0.0534901
0.60906
-0.273434
0.0906359
-0.0805756
-0.0221863
-0.602328
-0.483269
0.51481
-0.472549
0.154293
-0.0994066
-0.755571
-0.678941
-0.623435
-0.653869
-8.52973
-9.11314
-9.99013
-8.00984
-6.83923
-8.43368
-7.39383
-8.5281
-9.42576
-12.3388
-13.3149
-11.8209
-11.5955
-10.1362
-12.5231
-11.3976
-11.3974
-10.5163
-11.6884
-12.0978
-11.0147
-10.0618
-11.3743
-15.7193
-15.1548
-15.1739
-14.8349
-13.978
-14.3906
-15.1001
-18.2641
-18.0703
-17.8512
-18.2273
-18.5333
-16.9346
-16.4825
-16.6903
-15.9106
-16.4212
-15.7309
-16.32
-15.3329
-14.5561
-14.2083
-13.9403
-12.9655
-13.8712
-14.859
-9.95977
-9.64734
-9.48175
-9.65517
-8.61024
-9.53955
-10.2578
0.15319
0.110261
0.214366
0.0105346
0.0980376
0.153596
0.103566
-0.130591
-0.018286
-0.0923133
-0.275225
-0.128381
-0.227364
-0.11828
-0.0473075
-0.142084
-0.536436
-0.671404
-0.545144
-0.657831
-0.573698
-0.573754
-0.507955
-1.48324
-5.9059
-4.92706
-4.66758
-4.71149
-5.38469
-5.10617
32.9226
3.56807
39.7707
137.586
-6.14345
712.717
-4.22093
545.15
70.7413
3.38122
-2.29775
-2.01999
46.2124
54.6857
45.6509
44.7839
46.4876
47.4794
45.2323
55.7383
47.6334
62.3559
62.0406
60.7474
60.431
52.9263
71.0897
62.2294
62.3304
57.683
75.6922
74.2997
86.4205
104.627
90.0235
99.4679
84.7035
95.1516
87.6244
134.926
138.742
121.781
131.764
117.705
127.488
141.909
114.126
130.296
114.045
123.938
133.366
130.41
137.175
120.942
108.97
178.88
191.062
188.941
164.686
147.614
170.014
214.169
197.41
196.597
197.503
240.898
693.235
725.541
445.679
654.961
633.53
536.175
499.42
308.118
205.565
195.153
303.911
373.34
948.929
1089.93
1026.29
934.484
1066.48
1101.64
1093.24
1194.97
1216.85
1166.09
1065.94
1118.14
1001.43
1054.34
769.954
1515.37
1486.12
1416.66
1381
1210.46
1399.55
1495.18
1675.6
1669.14
1809.62
872.546
1271.05
1165.25
1138.65
1184.58
1295.55
1096.1
1580.05
1376.49
1430.23
1464.18
1550.44
1389.12
1232.93
1495.76
1383.55
1723.71
1552.37
1534.31
297.665
572.804
290.74
717.391
649.422
378.976
553.385
763.779
619.211
1184.9
1175.16
1271.62
1434.79
1298.94
1313.33
1191.95
1472.65
1402.61
1299.27
495.966
618.141
464.562
742.618
559.001
493.242
737.618
1099.52
676.976
722.87
751.538
696.906
519.512
859.484
502.355
645.385
410.116
630.257
806.293
711.926
673.176
231.726
26.4566
249.742
112.693
170.052
107.77
277.775
-4.4034
-4.01978
-2.51248
-1.5839
0.3583
-4.1792
-0.0548577
4.77531
10.1959
6.58141
4.32628
6.1242
5.71471
5.19353
5.66157
3.24393
3.53868
-2.51578
-0.41859
-1.81062
-2.60987
-5.18227
-4.57187
-5.3552
-5.84934
-6.7594
-5.88262
-6.56051
-6.01519
-5.91298
-2.37682
-5.75515
-1.04651
-3.93552
-1.24924
-4.51595
-3.15822
-5.74413
-4.24706
-2.60681
-3.20786
-2.63574
-2.30194
-2.67938
-2.35893
-2.53015
-13.01
-13.3745
-12.0914
-14.3339
-14.1277
-13.6655
-14.0858
-12.6038
-11.6007
-12.8161
-13.251
-12.2427
-12.9678
-13.7207
-17.1039
-17.5229
-16.8302
-15.5774
-16.5833
-16.3538
-16.6132
-16.4463
-16.3462
-15.0527
-16.0475
-16.191
-18.7445
-18.2717
-17.2022
-19.4509
-17.1577
-17.7363
-19.311
-13.4958
-18.7429
-17.2197
-15.2168
-15.2283
-25.4597
-19.6031
-28.9232
-13.6209
-30.662
-29.6133
-33.8262
-34.9995
-35.8851
-32.4749
-37.1468
-41.5312
-31.1877
-32.273
-32.5342
-32.4765
-28.1502
-24.8569
-26.6235
-30.6643
-21.4021
-39.2054
-36.3493
-26.6741
-26.2985
-31.7055
-33.6483
-39.1317
-41.5778
-32.679
-23.624
-31.271
-41.8828
-33.7641
-32.9543
-28.6351
-39.9366
-12.4021
-18.7359
7.43049
-30.7612
-25.9366
-34.1242
-18.5897
-23.8133
-28.1851
-22.8387
-0.391681
-1.45336
-2.02818
-1.79546
-3.86727
-1.56768
-0.177464
-4.30946
-2.89022
-2.72233
-4.72137
-6.13988
-3.70253
-3.25173
-0.700551
-0.110704
-0.83548
-5.00876
-4.86539
-6.54156
-3.30744
-4.20484
-5.125
-3.98943
-0.974715
-0.715774
-0.191655
-1.39077
-0.901054
-0.936763
-1.11028
-0.238744
-0.908123
-1.13861
-1.20667
-1.6324
-0.591362
-0.517122
-0.16555
-1.24489
-1.15929
-0.919367
-1.05089
-0.531745
-1.13871
-0.919552
-0.486342
-0.937262
-1.08003
-0.692447
-4.28975
-5.04811
-3.72803
-3.01246
-2.69331
-4.07467
-4.37617
-3.15181
-2.71393
-11.1066
-10.6253
-12.484
-9.89229
-10.8185
-11.8451
-10.5394
-10.7198
-9.85997
-10.6596
-8.20483
-8.63191
-9.46265
-9.75086
-9.94542
-10.934
-11.108
-8.89185
-8.29398
-7.87882
-8.27278
-7.96524
-7.50625
-7.01458
-7.68858
-7.65503
-9.1325
-9.21743
-8.4173
-9.19338
-9.68066
-9.0877
-9.57619
-9.42628
-8.65334
0.475889
0.469016
0.519159
0.48623
0.486604
0.557189
0.576396
0.555403
0.516854
0.244127
0.307034
0.245033
0.146499
0.293065
0.245762
0.138022
0.0199467
0.0697946
-0.078248
-0.120653
-0.233352
-0.0613724
-0.00393393
-0.603937
-0.810692
-0.564021
-0.542548
-0.737477
-0.305264
-0.472973
-0.574856
-0.395472
-1.6051
-1.51639
-1.92494
-1.15097
-1.31044
-1.57652
-1.35566
31.6998
38.531
32.9403
23.7212
36.7298
20.6606
34.2411
34.0208
36.4236
38.5244
54.859
33.4988
33.2341
46.8572
34.6343
43.1152
31.752
45.3035
58.871
50.2375
50.9539
39.6796
30.9702
49.1368
58.1471
55.1763
70.2162
63.538
83.6041
83.9541
47.0139
58.7843
56.3344
89.2528
113.451
103.127
138.133
140.451
150.054
763.102
760.964
830.677
871.799
880.236
793.07
805.472
1226.84
610.611
914.955
606.055
536.754
746.232
542.66
241.484
280.312
507.842
717.885
779.348
643.478
372.08
185.759
194.767
242.704
201.668
253.349
402.274
716.688
226.419
353.274
69.4914
41.195
60.7179
186.664
143.34
103.459
190.02
173.978
43.5821
139.868
194.195
80.7033
35.4308
7.78882
1.013
27.2518
37.5365
50.2328
1.94177
13.0303
6.15108
-4.89847
35.0984
2.96138
30.9962
2.98925
24.1787
-4.92108
-7.20127
-5.05169
-5.40855
-3.4484
-6.27944
-4.39136
-7.32122
-7.58716
-6.91245
-6.94859
-6.71535
-7.50981
-7.47425
18.8226
25.9403
17.4515
11.3057
499.432
14.1715
132.308
808.279
749.081
830.998
532.726
839.491
788.536
759.305
4.53816
119.83
26.9731
154.337
279.158
74.6225
527.373
1.58157
0.903179
1.39152
1.44569
1.26167
1.55788
1.99357
-1.04628
-0.115699
-1.11303
-1.27569
-2.16406
-1.46902
-0.701106
-10.2025
-9.65396
-10.0679
-11.0499
-9.95118
-10.032
-10.6724
-12.0545
-12.0075
-13.0378
-11.9555
-10.9241
-11.716
-12.3465
-12.1367
-12.0568
-11.1347
-10.4684
-10.4156
-11.4534
-11.318
-8.92173
-7.50359
-9.37198
-6.87666
-7.02069
-7.98051
-8.12929
-6.42597
-3.79981
-5.85776
-4.00903
-3.91847
-5.93641
-5.48329
-14.9851
-6.84493
-9.41305
-12.4741
-5.87706
-7.69102
-7.07582
-5.57918
-8.42573
-3.76256
4.00971
3.40461
2.50431
-10.0168
1.63752
2.6763
7.19088
-2.75098
0.0603803
4.7173
-1.9994
2.21112
5.4955
11.8215
16.8278
13.6866
4.60364
-4.69289
-14.8045
-0.261648
-18.6699
-0.0174252
-10.614
-5.84138
-6.03303
-5.21124
-7.00633
5.10326
2.21877
3.46452
-8.95562
0.741474
-6.41712
-23.7001
-28.4742
-35.4638
-42.3315
-42.4982
-38.7998
-44.676
-42.7579
-42.7397
-41.2364
-38.0539
-41.895
-39.3482
-32.3181
-32.8022
-34.7624
-33.4796
-35.9616
-38.3688
-36.2283
-34.9159
-36.5466
-24.8671
-25.0851
-29.31
-24.0515
-21.7395
-23.4465
-26.2496
-24.3162
-23.3638
-28.4069
-20.9371
-23.4608
-25.5706
-22.3894
-8.393
-8.08026
-6.80246
-8.8921
-9.73102
-3.24149
-4.12312
-4.28973
-3.19152
-3.91147
-3.95375
-4.69175
-9.56256
-8.89582
-8.56911
-7.8676
-8.68185
-8.80551
-9.42283
-3.97163
-3.01358
-3.63126
-3.80864
-3.1494
-4.04006
-4.27292
-1.21924
-1.49003
-1.10702
-0.922048
-0.351999
-0.862968
-1.64446
-1.02399
-1.31308
-1.94381
-0.974826
-0.170159
-1.44394
-0.459005
-0.536442
-0.965317
-0.64413
-0.75378
-1.82386
-1.12
-0.309166
-0.330269
-0.0653322
-0.726659
-0.704435
-0.364998
-0.588261
-0.676119
-0.684004
-0.885068
-0.186433
-0.0166365
-0.0181128
-0.249313
-0.423208
-0.21825
-0.297636
-0.626243
-1.39848
-0.702412
-1.32022
-0.747938
-0.440587
-0.4601
-0.222821
-0.161759
-0.446984
-0.469547
-0.479881
-0.635322
-0.235856
-1.34097
-1.31226
-1.91037
-1.48859
-2.04532
-1.44222
-1.55281
0.224806
0.270917
0.224157
0.214237
0.208103
0.298665
0.258506
0.329681
0.269088
0.253036
0.232742
0.204277
0.255237
0.210438
0.215848
0.243884
0.222467
0.307222
0.243219
0.249107
0.212451
0.604366
0.637864
0.58734
0.663139
0.68051
0.671455
0.676314
0.656575
0.64734
0.597199
0.600922
0.599547
0.57167
0.598761
0.614445
0.581467
0.752479
0.750938
0.730632
0.793959
0.76608
0.773875
0.755447
0.722995
0.699979
0.766149
0.823748
0.814447
0.79121
0.800583
0.74411
0.748811
0.878795
0.896114
0.852018
0.814846
0.903222
0.829655
0.89601
0.893611
0.844927
0.564273
0.661242
0.620584
0.701574
0.700835
0.582699
0.625589
0.525094
0.444427
0.372187
0.835911
0.827134
0.711093
0.677187
1.14539
1.15286
1.32423
0.930089
1.25343
1.34906
1.11369
-0.643185
-1.33938
-1.10546
-0.722174
0.180335
-0.927628
-1.58562
1.91387
-0.388047
-0.161842
2.47332
3.19332
3.56478
2.51353
1.6058
-0.534968
-2.17549
-2.02961
-1.58124
-0.795476
-2.3743
10.9287
19.4132
9.66985
9.44058
10.735
11.6051
11.0094
22.3607
5.14637
10.2426
-1.9572
1.77535
6.19581
-0.381652
13.897
11.9039
22.3942
16.1363
4.05707
11.4513
38.9986
38.7437
35.6816
35.228
29.487
14.2151
9.08494
3.32782
24.9728
31.321
52.9405
55.3863
52.9795
24.3982
27.8036
24.9598
30.987
20.9259
13.6052
20.7057
90.0014
67.2917
24.6476
93.0448
67.5987
39.855
155.621
107.748
90.5269
48.7826
147.684
250.368
305.265
103.452
93.5611
190.501
251.656
221.467
118.526
118.258
4.77442
4.42667
1.53649
4.06744
5.63104
4.73959
2.92032
1.96828
-1.05407
0.963692
0.873233
1.87359
2.46262
1.93282
4.43962
4.3758
4.53631
4.01344
4.2206
4.24631
4.09119
275.831
529.673
235.906
535.308
557.161
186.17
297.63
432.644
437.607
41.9492
3.08598
-3.4939
802.985
377.288
723.405
286.668
3.32664
3.29604
3.94927
4.09
3.57143
4.04156
3.79871
3.91186
3.9863
3.38012
3.09954
3.33166
3.36148
3.25163
3.58151
3.55131
3.46147
3.48162
2.93098
2.47192
2.85156
2.84834
2.63777
3.14301
3.16137
-5.5837
-6.0295
-4.96298
-5.60684
-5.36445
-4.64106
-4.53542
-4.2412
-4.33502
-3.28358
-3.94984
-3.82384
-2.87504
-2.82612
0.723422
5.44675
2.74129
-11.2973
-23.4583
-12.6575
-12.8502
2.08396
8.90918
0.741371
11.9485
8.01168
8.06655
-0.252674
-9.23464
-33.3029
-35.0435
-9.86916
-3.14769
-0.650561
2.79211
14.2529
2.27076
-0.971924
11.0203
73.7218
18.4393
21.5603
20.0825
-3.324
-12.7397
-8.52009
-8.1348
-5.21801
2.68312
-1.40306
5.63096
-5.81266
-14.8724
-9.61887
-6.31211
-2.73172
-6.25549
-5.85723
-6.67419
-7.69972
-8.46821
-6.81759
-6.91848
-18.9059
-17.7772
-18.0208
-15.1905
-17.0849
-16.2105
-17.4693
-14.8412
-14.7392
-14.2219
-14.1228
-14.4656
-14.3246
-13.5528
-24.826
-22.7381
-22.9933
-20.5795
-25.1929
-23.7043
-26.4539
-14.9182
-13.86
-15.0344
-15.7784
-15.0477
-16.2098
-15.5845
-6.27439
-5.67103
-7.25525
-4.75653
-4.9387
-6.23215
-6.92201
-0.362485
-0.229415
-0.610397
-0.448117
-0.294709
-0.638801
-0.669684
-0.419085
-0.663565
-1.28502
-0.231673
0.0125857
-0.35596
-0.105412
-0.214047
-0.0465454
-0.347517
-0.411234
-0.29333
-0.325541
-0.19493
-0.374673
-0.554689
-0.274843
-0.3223
-0.170983
-0.278487
-0.298988
-0.100343
-0.54133
-0.247855
-0.329182
-2.23265
-2.54171
-2.93043
-2.6326
-2.55924
-3.21099
-2.62176
533.049
2101.98
2750.65
2741.93
2731.22
2708.82
2667.42
-0.377275
-2.66981
-1.3552
-3.81382
-2.48817
-1.51568
283.765
7.87682
65.0979
-3.25175
-2.42669
-4.91222
638.124
9.29154
0.10944
-0.00671752
-0.0235112
0.0242935
0.0847715
0.0875598
0.0974285
0.368986
0.243821
0.104765
0.0445552
0.651014
0.113435
0.658066
0.716655
0.606156
0.467211
0.575137
0.54516
0.517882
0.423885
0.309603
0.276522
0.340572
0.559394
0.328797
0.175573
0.317213
0.387939
0.210759
0.791742
0.743414
0.758794
0.73513
0.760581
0.762699
0.768
0.74575
0.833517
0.803553
0.832567
0.900035
0.790659
0.809421
0.905079
0.868463
0.901707
0.897903
0.92656
0.912887
0.921608
1.03089
1.00136
1.00377
1.08487
1.04158
1.0161
1.02126
1.97536
1.90496
1.79842
1.79494
2.03239
1.98746
1.90666
3.18917
2.63378
2.98203
2.69735
2.62713
2.95322
2.81747
2.54263
3.70339
2.88435
2.54947
3.26156
2.97586
2.88156
3.24494
3.32097
3.48365
2.76562
3.16605
2.9813
3.25865
3.63051
3.4721
3.90347
2.44944
1.67142
5.06084
5.694
4.17028
4.03814
3.89921
5.80115
4.60026
-0.365139
0.971608
-0.9798
2.11318
2.51454
3.12907
1.73059
-2.47764
-3.06409
-2.29269
-2.73883
-0.985425
-2.37113
-3.10049
2.45328
-0.895772
3.20328
-0.695229
13.427
5.51552
-2.40488
-2.45574
-1.81362
-2.72086
-0.978885
-2.60499
-3.31425
-3.0391
-3.33864
1.69611
0.556175
1.93417
-1.84167
-0.00633141
-7.69453
-7.13543
-7.50521
-7.65585
-7.53955
-7.33315
-7.63865
0.0849062
10.7957
17.5957
0.359704
-1.99624
-1.41465
1.45861
18.3628
3.3176
-5.89228
-12.9343
2.83549
1.79878
16.0057
993.59
197.118
586.657
1026.03
588.852
871.75
778.447
162.981
151.02
-77.6247
258.131
-328.253
106.003
-1.77354
-2.19817
-1.36219
-1.8051
-2.01199
-1.46425
-1.68409
-1.68123
-1.03672
-0.486082
-0.696634
-0.522534
-0.251405
0.134859
1.83198
0.500155
0.280253
0.648452
2.20536
0.855571
2.0804
202.748
1.06513
84.5831
539.431
744.86
221.206
293.496
444.338
1214.59
1304.47
645.788
746.9
1102.86
709.055
725.458
-44.048
223.42
-0.406656
-0.586121
-0.416782
-7.59369
-0.284214
-0.384152
0.29402
-1.31966
-2.17382
-2.21231
-0.868062
-0.766622
-1.71565
-1.72568
-3.77978
-3.43961
-2.87801
-2.64401
-2.53377
-3.29962
-3.41451
-3.66706
-3.54813
-2.9606
-4.56181
-3.7608
-3.94817
-3.39046
-11.2194
-10.9147
-11.647
-10.1169
-10.1092
-10.5274
-10.4149
-11.6202
-12.35
-11.3547
-11.0858
-11.7307
-11.1612
-10.6011
-8.39972
-9.37675
-8.86684
-9.99106
-9.65968
-6.05389
-6.01469
-6.89123
-5.65377
-5.63979
-5.62584
-6.33829
2334.96
2224.2
2496.3
2421.2
2352.64
1390.24
2439.32
-3.42339
-3.42803
-4.16286
-3.38674
-2.17411
-4.61349
-5.48711
-0.929062
-0.502269
-0.0967986
-0.015652
-0.180984
-0.258087
-0.324848
0.0341194
-0.105136
-0.0325114
0.0387017
0.0143379
0.0432324
0.0255062
0.0372718
0.0335637
0.0409286
0.0266526
-0.000687053
0.0377712
0.0294902
0.037882
-0.00389308
0.0427811
0.0322416
0.0356458
0.0484276
0.00014687
0.00699647
-0.00524399
-0.00727949
0.00637731
0.0109733
-0.0122306
-0.00452853
-0.0760091
-0.0587027
-0.0754717
-0.111312
-0.0644031
0.732013
0.655117
0.684222
0.757325
0.644925
0.682623
0.743165
0.847783
0.873136
0.899792
0.903608
0.843168
0.869362
0.902198
1.0055
1.02302
1.03675
0.997309
0.959231
1.00086
1.01998
1.15804
1.17464
1.14495
1.17467
1.10544
1.17402
1.11958
1.17257
1.14656
1.20679
1.22915
1.27245
1.21945
1.25239
1.29764
1.27636
2.16665
2.1231
2.41709
1.98512
2.10354
2.02624
2.1848
2.47099
2.32008
2.3107
2.218
2.13371
2.05074
2.14791
2.1653
2.05722
2.09718
2.82587
2.47881
2.41463
2.64373
2.95564
2.32921
2.60267
2.56405
3.39408
2.65179
2.9426
2.76011
2.65362
3.14841
2.46701
2.73169
3.01741
3.61163
4.73128
2.13294
2.63673
2.9131
3.04832
3.00333
2.69603
2.84699
-3.7088
-4.056
-3.42083
-2.89255
-2.54145
-3.25257
-3.00029
-3.91157
-5.209
-2.56419
-6.04711
-5.12217
-4.48428
-4.85316
0.331273
-2.35273
-2.27444
-5.23762
-4.44415
-7.25489
-7.53867
-7.68053
-7.70107
-7.71398
-7.80331
-8.08258
-5.47728
-5.74391
-6.38156
-6.6403
-5.02703
-6.62306
-6.87856
-6.53035
-5.93475
-5.82337
-6.11592
-6.09608
-6.24965
-6.15773
-7.05133
-7.30818
-7.41695
-6.91389
-6.93098
2.04078
0.567237
-0.981299
-0.436974
-1.12744
-2.01169
-2.16593
1086.94
276.061
511.406
5377.49
4395.46
4693.04
4468.76
3678.71
5193.13
4654.51
3217.83
1318.3
4189.7
2725.55
3973.77
4201.39
3692.48
3292.94
3111.99
2437.35
3156.64
1510.49
2680.83
4277.17
5608.36
5186.04
339.944
327.139
344.771
924.235
593.709
380.831
472.832
406.055
510.672
334.029
849.071
410.724
158.939
241.056
837.577
119.334
103.819
3.74178
4.34382
4.18263
4.64853
4.82526
3.94551
4.07703
1.72722
1.63457
2.68188
2.59118
2.02725
2.03783
2.71345
-4.27296
-3.21333
-5.41224
-3.72095
-2.24882
-4.08088
-3.16158
-6.07669
-7.94465
-6.14703
-4.39607
-5.57307
-3.7279
-5.46187
-2.39106
-2.36045
-3.49794
-4.5803
-3.43421
-2.17198
-2.47856
-4.10842
-5.87844
-4.82654
-5.05269
-4.01167
-4.68116
-6.24264
0.0839641
0.24533
0.120745
0.228737
0.436702
-0.102098
-0.0651441
-0.0343933
0.0352875
0.0271009
0.0239198
0.0591003
0.0872443
0.164273
0.0961138
0.0922004
0.0478291
0.0917166
0.0634675
-0.0972666
0.0321905
0.0314009
0.0550527
0.0178987
0.0439049
0.0848288
0.0298652
0.0753679
0.113344
0.053279
0.022701
0.0329284
0.0301033
-0.0261369
-0.0112951
-0.0497097
-0.049826
-0.0415188
-0.112427
-0.0611945
-0.00854606
-0.00988805
-0.0145144
-0.231834
-0.184977
-0.0529068
-0.210343
-0.148938
-0.153407
-0.237544
-0.0577114
-0.0969839
-0.123372
-0.125945
-0.213474
-0.189058
0.268425
0.343818
0.362362
0.308384
0.363065
0.443157
0.426035
0.422323
0.387111
1.0093
0.950874
0.958908
1.00502
0.933171
0.963103
1.01461
1.14308
1.20899
1.12849
1.20367
1.15702
1.16016
1.11513
1.42868
1.33251
1.32361
1.27321
1.34289
1.21688
1.29327
1.49257
1.55122
1.57094
1.65722
1.55861
1.6015
1.6877
1.44023
1.54875
1.50825
1.84834
2.00803
1.75966
1.8528
1.75332
1.70832
2.21084
2.22592
2.32432
1.50589
1.63669
1.40768
1.40611
1.48474
1.35163
1.29567
-1.72781
-2.04095
-2.03494
-2.22969
-1.9452
-2.44193
-2.05856
-4.00502
-3.36452
-3.76857
-3.7423
-3.09847
-3.14676
-3.64389
-2.04553
-2.07797
-2.2657
-2.11488
-1.89836
-2.09003
-2.27206
-2.14445
-2.2433
-2.32773
-2.07715
-2.15808
-2.10178
-2.19459
-1.3691
-1.01247
-1.33692
-0.349158
-0.737563
-0.793339
-1.09459
-2.89024
-2.90723
-2.67553
-3.12829
-3.20263
-2.71336
-2.29957
-1.27924
-2.23819
-2.86335
-2.76528
-2.35341
-5.73147
-4.95464
-5.80275
-5.38041
-4.74811
-4.36285
-5.36923
-6.74448
-6.48274
-6.76131
-6.28701
-6.36733
-6.79801
-6.65397
-5.48889
-6.7511
-7.26368
-5.27807
-5.30156
-6.04738
-6.49678
4111.54
3609.27
3883.88
551.912
388.648
1091.98
-220.041
353.188
-150.96
173.171
301.608
1408.9
2045.63
1068.5
974.551
-351.685
40.7999
375.788
242.168
-420.843
158.989
-361.634
121.228
-315.828
-92.4473
41.1505
303.019
304.384
303.535
302.885
302.982
303.363
303.306
311.596
311.827
311.844
311.579
311.835
311.887
312.032
326.945
332.136
318.387
311.771
313.885
315.337
315.499
311.456
311.328
311.805
323.193
316.891
335.245
341.016
345.147
398.569
311.849
332.769
326.681
315.552
523.468
310.376
324.5
351.726
379.956
412.085
680.409
306.604
326.462
0.173222
0.168957
0.321242
0.512496
0.399471
0.257459
0.190903
0.177042
0.201044
0.303496
0.211443
0.185679
0.347388
0.348428
0.0335466
0.0941176
0.324103
0.290512
0.1755
0.209746
0.265635
-0.207989
-0.228285
-0.215586
-0.113694
-0.0795934
-0.190533
-0.0860854
0.0311473
0.0416054
-0.10403
-0.0556594
-0.00759957
0.00175785
0.000316297
-0.0523204
-0.029633
0.0317654
0.00500854
-0.0475108
-0.104398
-0.0112295
-0.0655221
0.00540391
0.0107499
0.0221959
0.0358302
0.0265646
0.0300234
0.0337954
0.0243322
0.0303849
0.0346588
0.0475035
0.00911585
0.0459681
0.0596734
0.0360773
0.0418922
0.0274765
0.0627245
0.0653037
0.0309872
0.0709488
0.088928
0.0744308
0.588409
0.524682
0.581439
0.582812
0.602751
0.572177
0.531067
0.956552
1.05224
0.963616
0.991025
0.927921
0.849739
1.15645
1.21877
1.12989
1.09423
1.06287
1.16802
1.08956
1.04115
1.37669
1.34061
1.43003
1.30965
1.29306
1.35687
1.32606
1.28535
1.28501
1.32412
1.38507
1.37929
1.43568
1.46486
1.47218
1.40184
1.4252
1.6098
1.54626
1.59711
1.57072
1.66256
1.54419
1.61374
1.47161
1.50269
1.49047
1.3752
1.40279
1.4285
1.42712
1.50595
1.5691
1.44425
1.5199
1.44116
1.52237
1.5844
1.06295
1.12393
0.989659
1.01685
1.03654
0.957936
0.963358
0.226178
-0.054441
0.0847415
0.400198
0.3273
0.147775
0.242475
-0.194866
-0.0637494
-0.0453589
0.0201124
-0.0200631
-0.189052
-0.0871721
-0.887305
-0.649765
-0.558763
-0.652429
-0.490252
-0.322201
-0.476422
-0.637231
-0.828513
-0.559768
-0.44083
-0.312097
-0.787439
-0.915928
-0.889018
-1.09894
-0.941617
-0.749542
-0.879216
-0.829253
-0.955148
-1.19511
-1.34755
-1.1045
-0.945769
-0.908301
-1.04204
-1.15752
-0.965455
-0.874703
-1.19365
-1.28947
-1.22251
-1.30906
-1.19946
-1.31201
-1.23279
-1.3647
-1.38528
-1.30457
-1.49483
-1.39444
-1.31136
-1.39992
-1.78844
-1.74157
-1.8656
-1.6533
-1.71719
-1.7759
-1.69806
-2.29698
-2.17138
-2.54981
-2.09093
-2.00849
-2.21704
-2.05206
-2.25822
-2.33974
-2.12404
-2.09075
-2.05005
-2.4508
-2.27126
19.8725
22.4554
23.8633
66.2173
33.2866
384.027
32.7002
-333.585
43.0145
-175.432
308.74
71.6501
211.12
183.312
-32.5047
352.071
220.081
322.926
2.96235
-29.2322
131.773
-369.006
-1.50744
-57.7833
286.108
167.003
-97.0306
-45.9694
85.8918
189.614
551.319
-61.1013
-50.6918
199.227
-31.296
258.192
56.9916
15.1126
-112.651
192.733
105.125
4.2013
3.82826
4.14627
3.40586
3.43378
3.34411
4.08786
9.73641
7.11152
6.7843
8.89418
5.89226
7.37754
6.29844
4.25912
4.18139
8.40932
4.41095
4.52223
6.76483
9.92884
7.82082
5.73035
19.8811
20.914
29.7679
4.65931
10.5573
14.6579
9.45639
5.50099
13.7109
588.58
494.827
582.254
514.388
602.688
345.595
558.004
809.486
853.39
777.195
789.365
792.572
785.903
820.649
914.476
1081.19
1035.06
1045.17
1040.49
1101.3
1058.94
320.307
429.838
341.956
575.25
355.394
321.057
353.008
307.55
306.97
309.196
309.261
309.32
310.457
310.181
311.605
312.106
310.65
312.234
313.269
312.341
312.245
311.997
312.344
312.64
315.261
313.224
311.066
310.662
310.727
310.65
311.065
310.686
311.722
311.26
310.109
310.984
310.923
311.65
309.494
310.035
308.913
311.066
311.764
310.913
310.098
424.317
808.403
892.827
490.416
380.447
644.134
760.841
896.421
789.532
915.332
887.561
905.288
935.529
963.345
794.392
495.795
465.213
382.359
449.604
577.159
444.033
1906.94
1951.89
1967.75
1170.87
1468.91
1518.65
1469.01
1544.08
1631.04
1561.71
1388.19
1018.07
1297.49
1725.54
1888.31
1888.15
1976.69
1987.24
1996.46
1918.35
790.659
717.258
799.229
785.213
843.865
843.84
825.117
547.58
665.224
625.124
512.963
473.773
620.874
569.804
638.693
617.845
435.17
639.166
727.791
658.686
591.845
-0.150142
-0.972638
0.419939
0.236395
0.0811659
-1.71057
-1.2816
2.26683
1.75558
0.721589
1.36642
0.588802
-0.376654
0.479855
-3.03646
-3.27217
-3.08453
-2.84797
-4.44958
-4.00054
-4.64999
-3.10395
-2.84912
-3.64728
-3.70487
-3.78297
-3.46435
-2.93326
-3.68023
-3.80116
1624.72
1607.61
1530.18
1094.23
1426.68
1614.43
1600.81
1524.57
1406.68
990.323
941.833
1327.85
1619.41
1606.41
1314.14
1147.63
1382.93
1704.65
1159.02
1646.84
497.21
9.81467
595.055
-0.0568388
0.446179
3.36695
0.12571
127.884
0.242291
0.764853
-0.384743
1.10949
0.211673
0.458932
0.494345
0.476651
0.428786
0.448978
0.476183
0.463176
0.496741
0.490759
0.507218
0.559749
0.495647
0.880418
0.845822
0.861789
0.908032
0.916157
0.904959
0.918825
0.74528
0.770773
0.807656
0.819951
0.744748
0.755584
0.81391
0.614677
0.516047
0.637601
0.605564
0.468265
0.64217
0.68344
0.418418
0.539665
0.493586
0.494229
0.454054
0.392021
0.466547
0.358983
0.416386
0.386002
0.377587
0.288167
0.253005
0.293993
0.259626
0.234332
0.297365
0.291863
0.25573
0.108765
0.0680346
0.0855028
0.130359
0.112841
0.100926
0.126648
0.00434409
0.0487261
0.0483827
0.094569
0.136504
0.108837
0.036117
0.0898598
0.0537395
0.102805
0.127025
0.0839738
0.0373178
0.036314
0.00432659
0.0681242
0.0850238
0.143908
0.12024
0.0807832
0.069905
0.00590134
0.053557
0.055547
0.32007
0.253079
0.28371
0.305288
0.242035
0.281699
0.322301
0.307608
0.2214
0.346188
0.282695
0.338311
0.321303
0.321416
0.258717
0.119302
0.229971
0.436215
0.541798
0.474984
0.481152
0.428153
0.304065
0.534506
0.594867
0.59222
0.647509
0.621669
0.522242
0.563847
0.614304
0.587586
0.539676
0.63438
0.556037
0.585208
0.525699
0.589551
0.537221
1.07027
1.04375
1.02146
0.98061
1.0165
1.04762
1.02227
1.09725
1.08762
1.06751
1.01612
1.05318
1.01481
1.05554
1.06162
1.12511
1.07221
1.08218
1.06606
1.08398
1.04853
1.19007
1.15355
1.21058
1.09918
1.13405
1.22494
1.22454
1.19314
1.20983
1.26806
1.23065
1.18824
1.15991
1.16947
1.15686
1.10261
1.1194
1.13172
1.12645
1.13839
1.17029
1.10287
1.09448
1.08792
1.16243
1.13959
0.861148
0.913728
0.932071
0.81817
0.788745
0.995337
1.02215
0.941788
0.990697
1.01824
1.0444
0.990606
0.834382
0.793611
0.797939
0.903633
0.926611
0.8655
0.867276
0.598378
0.66426
0.660309
0.564477
0.588275
0.655947
0.627058
0.360367
0.297887
0.265215
0.0997234
0.174344
0.192565
0.244731
0.287549
0.329748
0.390471
0.283071
0.311262
0.404526
0.309089
0.336318
0.426226
-0.140344
-0.0127183
-0.0660497
-0.187137
-0.287303
-0.0898081
-0.0594895
0.00978228
-0.033397
0.055125
0.0681354
-0.0270624
-0.433534
-0.473983
-0.593761
-0.512991
-0.555838
-0.725342
-0.64978
-1.27393
-1.1539
-1.19719
-1.14793
-1.19406
-1.19193
-1.26613
-1.18573
-0.628496
-1.09221
-0.557755
-0.731821
-0.573453
-1.00984
-1.44001
-1.24854
-1.31185
-1.29405
-1.38418
-1.34019
-1.46937
0.635728
-1.01764
2.76581
-1.01288
-0.945731
0.774755
1.37858
-0.985147
-1.22879
-1.46054
-1.00653
-0.791894
-1.48056
-1.53905
-1.4145
-1.5475
-1.46408
-1.67347
-1.46737
888.47
737.861
900.234
819.965
223.05
835.604
883.37
219.71
-224.49
-120.004
643.709
114.975
649.786
101.37
192.164
423.501
379.702
-84.7241
472.929
43.9549
1047.13
1113.34
1078.73
2137.39
1331.78
1227.59
1605.96
1225.42
451.988
1178.87
716.754
748.78
748.103
333.694
334.294
332.183
334.373
333.682
332.489
333.717
318.246
318.454
316.475
327.4
322.117
321.943
319.12
334.473
338.193
336.945
335.827
335.505
316.17
318.668
318.71
329.367
332.256
335.778
335.812
335.747
333.401
333.628
353.811
352.747
352.447
350.345
348.784
350.147
351.341
338.769
344.108
343.744
340.899
348.209
345.061
356.839
352.474
352.4
528.205
901.635
714.227
1790.82
1619.07
1762.98
1860.57
1783.1
1890.89
1857.8
2085.07
1874.66
2052.77
1875.94
1871.32
2058.74
1996.04
2000.64
2110.93
2012.75
1795.58
1504.45
1743.65
2163.3
1563.7
1608.46
1802.09
2000.7
1695.76
1769.36
1597.74
2114.58
2053.01
1223.15
1231.19
1527.75
1634.06
1115.21
1339.73
1285.7
1241.29
861.484
1249.41
302.267
271.819
3.49256
116.186
341.145
189.158
22.2717
9.27295
4.82006
6.7443
4.48629
5.40243
17.0352
7.87815
4.13522
14.2023
5.88208
3.51372
2.70161
3.30022
3.29293
3.47438
3.05766
3.54204
3.45508
3.53283
3.60912
3.72063
3.71391
3.65589
3.63662
3.79959
3.93435
3.84705
3.60127
3.69726
3.79297
3.72565
3.37373
3.44582
3.0968
3.38426
3.50782
2.91494
2.95987
2.83062
2.83709
2.89673
2.00863
2.56465
3.59649
3.4035
3.31975
3.12996
3.2167
16.6729
3.0109
2.46273
1.97154
2.3967
2.38106
2.11353
7.75592
2.58907
930.394
1116.97
542.538
1115.19
453.968
1087.66
993.192
0.122158
0.155042
0.220656
0.10456
0.00998464
0.100954
0.168397
0.645255
0.59678
0.661643
0.570754
0.542441
0.614536
0.627548
0.464391
0.502287
0.412859
0.562876
0.586316
0.537112
0.513155
0.830711
0.788624
0.827387
0.776201
0.761761
0.813765
0.816838
0.899657
0.947057
0.942239
0.948631
0.965699
0.979133
0.942186
1.02536
1.00684
1.02895
1.01929
1.05867
1.00289
1.03101
0.824777
0.881354
0.867879
0.885534
0.898367
0.864764
0.824951
0.753353
0.768765
0.737272
0.677756
0.765068
0.736872
0.683213
0.59661
0.541799
0.588892
0.617768
0.634549
0.576942
0.531876
0.596761
0.622717
0.669399
0.630712
0.61414
0.660867
0.617764
0.58936
0.643837
0.0696384
0.0878061
0.0571608
0.0580611
0.0381163
0.0833023
0.109182
0.109603
0.0806962
0.00524618
0.00613562
0.0879554
1633.03
1754.64
1720.25
1697.57
1745.95
1733.65
1742.83
1741.14
1741.25
1696.08
1744.73
1732.98
1734.14
1754.06
1708.81
1755.25
1701.15
1594.84
1741.55
1721.9
1689.44
1582.69
0.0897668
0.184228
0.0953421
0.0987544
0.118506
0.121197
0.0887366
0.135552
0.0811953
0.132126
0.010986
0.0334351
0.053214
-1.15416
-0.85998
-0.759271
-0.603201
40.0878
0.515167
-0.378573
2648.31
2559.43
2718.28
2576.83
2435.56
2729.62
2733.02
2824.28
2839.46
2814.74
2805.92
2843.43
2720.74
2849.03
0.261151
-0.0188703
-0.226215
2414.71
2709.74
2514.05
2535.49
2556.93
2543.74
2529.37
2533.05
2559.31
2602.05
2638.42
2555.46
2512.11
2536.52
2546.29
2559.63
2528.69
2513.49
2539.54
2548.43
2494.32
2555.43
2542.7
2569.37
2528.57
2517.64
2500.5
2523.86
2538.99
2526.85
2529.42
2606.28
2573.7
2536.16
2513.38
2437.72
2521.16
2513.85
2533.73
2508.33
2521.84
2551.99
2525.52
2526.16
2387.91
2507.28
2556.47
2395.48
1065.1
2803.54
2808.35
2788.35
2786.89
2769
2634.51
2757.77
2840.79
2809.23
2827.16
2788.24
2757.72
2627.09
2768.78
-0.994681
-1.28319
-1.38555
-1.43299
1.21504
0.992534
-0.954469
2572.39
2635.24
2514.38
2728.6
2663.85
2725.48
2616.02
2807.73
2864.63
2688.24
-0.13256
-0.857077
-0.480197
2.31111
3.07342
-0.327816
1.63722
0.833915
-0.473806
1.42811
0.908516
-1.29953
2028.54
2133.97
2092.84
2100.91
2101
2110.98
2120.86
2129.28
2115.63
2105.48
2145.24
2115.94
1992.77
2093.67
2107.66
-1.44565
3.77882
-0.0331468
0.58785
-0.0282722
1.15151
-5.40953
-5.81181
-5.90713
-6.9246
-3.58016
-4.81994
-5.4662
-4.71681
-3.96524
-4.19061
-3.19021
-3.40717
2422.23
2338.5
2313.58
2339.8
0.025019
63.4966
1653.48
1780.75
-4.34156
-4.22908
-4.00369
-3.84011
0.839413
0.244489
0.287956
0.313782
-16.5279
-17.4638
-14.8256
-15.9149
-0.112622
0.826501
6.98512
2.41742
2.69657
2.76649
0.364065
0.542537
-3.1869
-2.47149
-0.643955
0.148976
-13.7445
-12.8975
-15.7416
-15.1594
6.80249
4.92909
7.13137
7.14661
-17.2501
-17.074
-17.359
-16.8737
-18.4884
-18.0624
-18.6707
-18.2454
3.50933
3.57386
4.28858
0.252941
0.249594
0.172495
0.0984979
2.6788
89.5544
7.98377
6.69063
-0.986613
-1.05423
-1.19309
-0.909641
-7.15963
-6.65611
-8.72857
-8.21554
-7.89177
-7.69621
-6.64309
-5.96851
0.46327
0.410296
0.546589
0.446346
32.4425
592.836
3.97966
109.984
0.405638
0.329145
0.425912
0.338771
-5.19512
-6.72001
-3.37819
-4.14548
-2.20508
-2.03256
-2.21976
-2.0148
-4.39189
-4.30306
-5.45121
-4.81551
0.764439
0.71878
0.788628
0.744803
-4.39939
-3.6297
-4.03914
-3.96174
-1.75739
-1.65317
-2.5205
-2.4277
-0.903884
0.133448
0.380039
1.93224
1.1614
1.21378
1.02484
1.18835
0.913792
0.932801
0.931255
1.21448
1.29049
1.214
1.27431
3.71193
4.2811
8.26424
7.70365
3.0086
28.1254
6.01208
8.37135
-20.3822
-18.7305
-27.5079
-30.5678
3.85334
4.343
3.81994
4.90551
702.919
723.835
722.095
731.897
-3.63621
-2.76737
1.44611
-0.500867
0.588913
0.528728
0.62338
0.561713
0.268257
0.240638
0.122941
0.104014
-12.2387
-7.85578
-12.8207
-9.62663
0.430382
0.313852
0.12718
0.123801
1.49313
-3.03189
-2.28576
-2.54154
1567.96
1382.92
1566.65
1406.59
0.786099
0.752333
0.80721
0.761248
1.06606
1.12368
1.12533
9.21288
-2.26381
0.114725
-4.57287
2.03033
1.20789
-4.80838
-5.06543
0.0177517
0.0317679
0.0121844
-2.43223
-2.53796
-4.30222
-3.95214
-1.6934
-2.02984
-1.906
867.267
83.4428
80.2582
-1.96712
1.89773
-0.949391
270.626
160.232
463.576
125.913
162.5
-17.777
-18.3505
-18.1167
-19.6846
-16.9979
-16.531
-16.9786
-16.6887
-18.7562
-17.8537
-1.7188
0.376179
-12.0252
-31.5921
-17.8602
0.955738
175.565
-8.74396
1773.69
-1.08116
0.617358
-5.80049
0.393793
304.037
1733.5
1303.87
1.92784
0.345438
-1.21662
531.194
32.1958
0.288473
1.05408
173.264
-14.5897
-7.47086
1.72115
-11.6253
0.476816
1.82711
-17.9351
-28.7361
-0.147067
0.758469
598.592
1.43311
0.386349
0.903542
1316.44
-4.35209
1483.18
0.384276
1053.25
1344.13
1368.94
-12.2623
-437.978
1698.08
1468.86
811.073
1458.96
1105.95
947.805
-7.02233
1115.87
1165.13
874.227
190.93
80.3913
49.2422
1034.08
49.1048
92.7511
2.68287
98.0626
134.489
154.273
58.8874
-12.5634
717.423
701.747
0.137571
683.436
648.691
396.441
725.285
0.689495
350.917
646.154
190.695
570.536
674.848
-1.46024
767.472
707.823
792.112
794.627
-10.2359
580.629
751.912
832.593
824.456
4.45056
284.816
272.571
722.988
29.0154
1102.96
111.256
2.84356
684.966
703.343
770.287
742.058
648.491
73.7379
630.207
575.601
47.7114
68.4875
-1.63784
-2.31609
23.5593
29.8854
19.4885
319.838
210.855
261.665
24.8855
44.3516
24.929
19.171
10.9726
9.90149
9.75452
11.3634
240.248
0.570882
3.47395
12.966
0.75284
3.58808
1371.55
760.695
76.1861
241.17
730.903
274.515
0.766834
45.9733
44.4355
309.384
355.832
7.87017
-0.47609
924.348
336.929
34.3021
-9.47651
116.291
0.923372
28.4689
1305.59
501.968
-1.09932
-18.1989
-4.65127
0.790636
13.1797
-0.698342
-1.37478
15.9576
-0.928629
3.07674
-4.19682
-6.24799
10.2487
-1.15326
-14.4776
91.4088
18.4519
-17.4038
384.125
-7.40441
-115.17
-2.93251
-15.8376
-5.99632
-2.56342
-0.338061
1106.89
-6.53318
-3.92591
-5.12087
15.1641
2.52825
-2.52018
79.3584
-1.8655
72.3343
139.194
31.8125
0.479897
0.789223
8.26765
-3.04214
-5.37964
-5.80866
-7.67688
4.41561
65.1326
-2.85472
-6.38781
1.78197
-7.18649
-7.17693
-7.33883
-7.45929
1310.27
772.584
-7.45853
3.03583
1221.09
-6.25551
-6.75143
-5.83825
-0.526889
-1.41451
-0.880097
0.0962223
934.626
-4.12968
0.444352
-3.84912
1.12717
-3.41671
-3.83107
-4.51888
-6.90612
0.969783
-9.63985
695.415
-3.38031
581.177
12.6183
97.2962
83.2797
44.2831
27.9924
-5.184
-4.9998
471.126
0.0186595
-3.73415
-2.58906
-0.573834
11.7184
54.9552
581.025
115.835
819.956
30.5702
45.3942
-2.87397
106.933
3.50964
13.7047
10.27
17.9875
-3.16741
-1.30494
-8.7579
98.8894
60.7613
115.332
3.32183
6.93784
2.28836
5.34079
1387.2
2399.39
2498.71
21.0932
-1.20389
53.2526
5.26948
1.03853
1.17798
-0.956862
-0.649935
-0.893435
-16.6602
-0.953136
-0.183168
8.06846
3.66215
-3.11917
3.72588
4.49532
-0.901399
0.265771
-0.460394
1.73747
8.11997
6.26844
2.85984
-0.151137
1310.61
136.945
3.15252
40.3489
-0.127362
2.70573
1.40044
6.85086
5.13886
5.40224
340.415
2.94291
968.091
1118.83
-0.806808
0.927113
978.21
6.37484
1.02843
-5.27549
-1.96886
-2.7653
304.156
-0.615152
1271.61
0.649411
47.0007
1.44475
-0.411714
31.9001
-17.2162
-3.53426
348.216
571.074
7.76698
882.881
-3.26138
-0.491282
615.134
-0.992597
-1.9325
-1.48846
-1.55079
-1.13654
1128.78
-4.87901
-2.82197
0.063957
1.18106
-25.073
567.281
362.305
1902.32
0.0691905
-3.37721
86.7861
-0.361123
616.352
1.16883
663.013
-2.53712
19.0835
-17.5993
973.129
0.926636
-7.3289
-7.77851
37.6641
-2.8928
2.7346
25.8914
-1.68106
-1.57535
-2.87236
0.089829
-1.62528
-1.33912
730.618
2.56415
-1.77468
-1.82661
1.23684
-1.10552
-1.48767
-1.84156
-3.73625
-0.968514
-1.53803
-1.82936
-1.4092
5.61913
1412.41
-1.19981
-0.900646
5.51405
-0.621595
-1.6772
-2.24855
-1.1299
805.443
-0.660093
-6.13446
56.3382
1.46894
-0.47549
-0.405274
-0.171065
-0.114465
-0.00246256
-0.91455
-18.2304
-0.771839
-0.0496634
-1.62899
1.41888
-2.02794
4.71414
-0.39757
-1.54869
1820.12
49.4024
0.0284924
-3.69378
-2.27809
-2.98351
-0.395019
-0.831117
-0.661593
0.438231
-0.749998
-0.40142
879.549
-0.588876
0.213203
0.450381
-2.8238
-2.55169
837.636
-1.46219
-0.114497
-2.49698
-10.891
0.302909
19.9632
-1.90744
5.69169
164.122
0.195547
-4.52514
-2.94057
-2.36009
-2.75247
614.817
-1.10891
-1.66553
444.123
434.331
-4.12783
-3.20839
-1.79957
-3.98213
-1.56403
-2.68674
122.631
1212.14
946.792
-3.27835
976.871
17.3741
0.86005
0.360385
491.183
576.72
880.214
604.785
243.63
863.305
960.18
853.651
2.88236
0.608922
-2.08168
712.618
967.22
626.241
-4.87602
894.672
-6.01197
25.1314
72.08
4.07093
-0.174673
-3.83431
-5.50739
60.8932
-5.02891
-5.10399
-5.38234
339.832
3.03464
-2.36011
6.33047
6.95131
-3.62827
32.7884
-4.84946
0.467818
37.7651
-1.35025
29.1204
0.271877
35.5064
36.4919
3.47206
5.45128
-2.65292
1.09814
-1.2023
-0.344009
-1.13476
1976.23
-3.76792
-1.69586
-3.37405
1.70309
0.235113
0.115291
-2.60956
224.994
1.41616
-4.00677
0.118555
2465.56
-5.84995
679.254
-3.10483
2.57802
1.00771
604.208
3.12531
1.52454
0.345052
2.04654
1.86076
2.34033
48.1047
0.972451
1388.71
1.63248
-6.41583
2.29514
248.264
0.0468421
0.925832
1.96318
2.01299
0.669105
2.32998
1.437
-1.92463
1.03293
1.65297
-10.3252
-0.636217
2.87803
1.35166
1.84656
1.2648
1.61201
690.582
1.86357
-2.5759
496.723
91.3451
-17.3684
-4.73546
1.38465
1.51006
1.98327
-16.7418
1.36954
1.30702
1.09415
0.800568
0.822558
0.737042
671.268
1.40557
1.01127
2.6497
0.913851
4.30286
0.506965
1.1077
0.776995
0.805385
0.892979
0.870228
1.24414
1140.44
1.46905
0.931328
0.883811
1.10369
1.22241
0.274006
0.826137
0.844933
0.682779
0.777972
1.02175
0.979361
0.903606
1.46355
-29.7159
0.65135
0.62465
0.696719
0.735483
1.09505
0.71644
0.704152
0.356109
0.982459
0.944359
0.958415
0.915936
0.886456
2.26277
0.904353
0.946651
-2.48324
3.20777
871.309
0.69584
-1.96695
0.450267
-1.2252
0.741747
0.884222
-0.152916
0.581245
1.24682
0.685617
1.72004
0.342859
1.0074
1.04654
0.869275
2081.74
1.51597
1.10297
0.863425
0.972886
1.44029
1.05506
0.367567
1911.94
1932.43
-16.603
-7.01966
0.0980323
0.285394
0.390196
0.22127
0.900393
-1.54113
0.823674
0.394976
0.303606
0.217607
0.429021
0.361296
0.205968
0.519503
0.414654
0.492089
-3.80491
0.238432
-16.3223
3.93087
0.757935
0.768057
-3.70935
9.081
0.140586
-9.02426
-8.72246
-5.41566
0.451835
0.82481
0.750607
0.463409
0.936084
0.32576
1085.62
0.552279
-4.78459
0.661478
0.610858
-16.9879
0.388059
0.506386
0.533381
0.38667
0.593175
0.692751
0.201316
0.143564
2.27635
1117.55
0.810858
1.4939
-4.00808
-15.9943
-0.144215
4.0964
0.360862
0.994216
1.76773
-0.111165
-0.191984
0.526452
0.0445369
-0.210467
2.35073
-0.0680082
0.453099
0.0348505
-2.72138
-17.8772
-0.0503376
-0.251538
-0.00753287
-0.0874787
-0.313266
-0.67418
-0.102223
-0.274574
-0.00683589
0.474118
6.76654
-0.235002
0.217536
-0.258933
0.465262
1.15735
0.389619
0.294322
0.269523
0.243721
0.179311
0.454953
0.297925
0.35604
-0.00751553
-0.274675
-3.27855
0.244608
0.0981757
9.68206
2.65777
0.178483
-17.136
0.287806
-0.261834
1.52601
0.0825912
5.16311
1.38512
0.0316662
1916.54
2435.21
2435.04
89.28
2707.28
2483.01
1.5477
313.127
1471.95
0.350625
0.61038
0.103122
0.125751
0.0268016
1.0258
0.230427
0.102965
-28.0622
-0.245046
0.752335
0.233228
0.0986106
-7.44858
2920.04
2728.17
-18.9422
0.651265
-0.0361223
0.482081
0.535107
0.659398
0.236964
0.251811
0.194919
0.164075
0.409318
0.146994
0.0927867
120.352
-1.14233
1.13772
0.506026
0.838291
-0.159863
0.601711
0.893757
0.344102
0.653815
0.710053
0.782643
0.799747
-26.5477
0.843604
0.851977
0.89407
0.757156
0.758111
0.200408
0.751161
0.829854
0.510985
-3.34735
0.512314
0.668642
0.684989
-0.497619
0.95979
0.728634
0.545836
0.360841
-6.336
0.4327
0.145602
0.660816
0.537685
0.485696
0.417133
0.825045
0.504465
567.954
0.0765132
0.221899
0.748328
306.287
0.459373
2110.49
1951.84
1.03333
0.572831
-4.27137
0.138256
0.218483
0.181553
5.00697
1879.11
0.323902
1.72387
2324.38
84.2684
0.273264
0.558928
0.319067
1882
0.570023
0.395824
6.11681
0.355233
0.348543
0.366719
-0.222681
0.515155
0.0261167
380.696
0.430527
-17.0526
0.2858
1337.56
0.990961
-4.17453
-1.71291
-0.237941
0.135841
-0.049916
90.6686
6.54841
23.4786
198.473
6.31228
0.426684
0.437615
52.9679
0.787675
0.155271
-13.9038
2055.52
2.8628
0.412909
-0.00428433
1502.79
0.236811
0.39468
1581.48
1715.57
414.205
602.547
-6.98759
1644.78
-4.60077
-6.77227
-5.56005
-2.39602
400.637
-2.55277
-2.24197
-3.25199
-2.61151
-5.52408
-4.26748
1890.01
1810.51
919.853
-3.8305
-3.62519
0.35078
1851.91
-8.30264
1907.57
1814.47
0.316389
-1.40005
-3.3347
0.854277
-8.45174
1607.74
1409.15
1.61895
0.210633
1172.89
2049.27
-12.1553
-4.03039
1509.29
-32.1211
1238.89
-1.39407
2263.78
-2.72861
2154.29
0.86866
2053.7
0.590203
-8.0699
-1.93691
-3.79828
-6.25678
-6.68734
-6.9547
9.08018
-9.35424
0.860055
-7.70585
2237.94
-6.70812
0.687536
1576.14
-3.86824
-3.59161
-11.7994
-2.39694
2019.14
-9.02749
1947.03
-5.46157
-9.41496
-10.7416
-13.6003
-12.9212
-13.614
-13.5069
-12.7078
0.172051
-5.20295
-3.95982
-11.3268
-13.1278
-2.37501
-11.637
-14.5902
-13.5092
-16.3619
134.924
-15.8337
-17.5437
47.9661
1103.48
-14.7641
-11.6579
-11.4264
-11.0151
-11.6992
-9.89114
-12.7407
-12.8493
-10.5822
-10.3755
-10.4495
-6.03745
-5.58502
-5.79278
-7.70063
-7.85841
-7.06107
-2.42803
-8.37412
-5.85232
5.76429
291.197
-1.37215
0.424655
-8.98156
-8.82689
-9.59031
-38.132
2607.51
-9.37334
0.0812802
-0.572755
0.136758
-7.96432
-1.55378
190.441
2812.74
0.14742
-0.337191
-0.734806
-2.44497
-5.38257
-2.29217
-1.74243
-1.51686
-1.09453
-3.17873
-3.07044
-2.10171
-2.99777
-2.96078
1.75549
1049.53
970.174
0.51219
413.669
-3.81756
2167.39
2552.4
739.103
1951.19
769.262
8.59968
-1.3907
-9.73509
-3.08518
2692.67
2586.51
1881.24
2672.18
81.5886
2227.32
2128.02
55.015
0.51414
2458.28
-2.56084
-4.82442
2551.55
2532.62
-2.64302
-5.89511
3.46453
-1.09003
1.53264
-4.69539
-2.62864
-17.2645
-14.6226
-10.6989
-9.62848
305.427
-4.87974
-8.00011
-4.02627
-7.05161
-9.26579
-2.69672
-5.36226
-2.67413
-5.06357
-11.0746
-9.33171
-2.29283
-1.64594
-1.69927
-1.20085
-4.43613
-3.98345
-3.59086
-0.00537681
-0.46676
2842.34
-1.2706
-0.527142
-2.72821
2683.72
-1.90869
-2.21124
2661.44
1.68193
-5.27482
-7.77709
1.53481
-0.530517
-1.74818
-12.8564
176.162
-3.9158
0.954828
76.4375
-7.79953
-4.90462
-1.47432
-2.45877
-8.83229
955.618
-4.824
-2.43163
-1.41892
-15.5287
-15.9873
-7.82576
-1.92606
-11.3341
0.169633
-31.3446
-12.8187
-17.7417
1.34371
4.33267
-11.5208
-10.7679
-13.859
-3.91333
-22.5034
-10.8569
2.23704
-22.9587
-18.2153
-43.623
962.439
-4.74219
6.35144
2.23733
0.585565
267.84
-13.81
-11.1294
1.0706
-18.6699
1.35879
-42.6587
-7.84654
884.345
-5.54496
-10.7461
1.99045
-15.2807
-15.0391
-28.3939
-1.23707
2685.92
-12.7079
90.1364
-9.95349
-12.2524
0.584773
-14.2207
-12.9917
-6.88647
-6.97554
-6.08496
-6.55345
-7.51815
-6.10487
-6.78981
-7.32054
-7.6742
-9.3941
-9.02993
-6.47804
14.1939
-8.90511
-7.26226
-9.545
-14.9899
0.0323923
-5.56751
-14.4235
-18.7895
-14.2101
-5.54335
-4.92438
-5.53139
-5.35388
-5.79301
-2.69662
-7.45256
-13.0875
-17.9558
1818.72
-18.3491
-18.0968
6.94155
188.622
-7.24503
-13.4396
-15.7342
-18.498
-13.7656
-16.1223
3.53861
-14.1085
-15.8077
-16.0869
-11.85
-13.8245
-16.811
-5.35752
-15.748
-15.0782
-17.3603
-21.6915
-21.4658
-15.622
959.273
-12.4071
0.395826
-37.9317
312.105
0.737761
-16.6952
-32.6016
-3.47477
-0.553905
-1.58069
-14.6371
-8.695
-23.1068
1.1914
-9.87804
-15.7471
-40.3397
-1.19575
-1.78952
0.649372
1.53289
308.936
-42.9235
-5.39078
-5.00194
-6.31722
-4.8284
-6.43432
879.377
-3.99892
-2.94982
-3.28152
-9.09357
-4.59462
-3.86043
-2.19158
1.4373
-14.2549
-1.04983
-22.7639
1.63033
1.3151
61.6816
37.6481
-4.75428
-1.16329
1.22147
4.74514
221.265
-3.76608
797.752
902.515
926.165
393.583
322.898
603.65
-0.343678
467.319
943.603
313.717
401.705
316.304
1.08819
-0.829286
66.0283
191.013
669.416
-3.13345
1.17231
-2.33137
-2.00032
-1.68798
155.172
0.962162
-6.70733
415.276
1.14355
53.8436
-5.36147
1725.3
1.24209
-0.316347
0.0758398
-2.41171
-2.0901
-3.54901
-0.917755
-1.37534
0.165911
-6.0856
4.10313
-3.00445
-3.59204
3.02417
4.84844
3.87259
-2.87342
1.31051
1.05713
4.25428
4.18174
4.56302
2.02692
5.57755
5.52423
1.57416
1.5909
640.455
-4.21397
1.22153
-2.50367
-2.97045
17.9756
-3.84571
-4.04378
0.977346
7.10402
11.5957
6.32634
4.597
5.3315
9.99655
6.25536
-2.12546
6.88932
7.67713
-2.8102
8.02784
755.607
6.46507
6.59144
7.74801
15.3456
514.179
914.327
6.3877
851.709
219.119
823.343
651.571
1178.7
10.3468
8.88147
5.82149
309.338
303.595
-18.9059
0.448825
760.732
429.753
1019.8
303.318
1156.42
1061.31
497.492
12.4599
4.35419
917.528
-8.40145
1.18588
338.354
-1.41731
4.88409
500.857
904.402
881.164
963.938
1.75279
-0.825406
317.534
7.05958
307.194
509.917
311.786
-0.120581
301.203
1.43109
310.494
-3.89744
5.80961
3.79562
322.764
0.3151
319.505
339.152
338.165
320.132
499.786
367.483
-0.169819
6.82416
333.603
789.322
589.172
-4.35333
413.505
359.887
833.632
634.263
311.296
1071.03
1184.81
988.446
904.319
877.691
961.325
925.404
0.583581
944.837
950.493
65.6895
347.221
17.4408
539.196
1010.72
856.366
858.567
877.849
-1.2534
2100.58
2089.2
2113.06
49.4611
-3.7265
328.804
964.255
1035.28
1192.09
707.454
-7.63787
940.368
313.776
1524.02
1859.19
1080.7
1117.21
1517.25
319.692
1368.98
1111.05
92.1112
537.491
-11.2051
1005.09
1591.47
1266.49
1165.58
52.3671
3.65695
3.84765
8.4058
0.832809
221.117
20.5058
988.425
1738.9
5.86763
31.0179
167.388
750.631
632.495
937.622
683.74
49.0457
82.7721
5.03321
11.8757
887.778
0.61199
6.21428
801.745
42.6187
861.723
6.08612
4.86125
1.8363
440.51
3.93201
481.898
1076.78
6.03895
0.789827
6.16411
326.118
3.34723
6.19545
10.9533
3.85674
2.12967
797.272
735.109
0.429206
0.71842
0.456339
0.67313
3.25866
612.044
744.364
3.03417
2.69849
2.70498
3.14633
4.33511
1.77273
3.10635
2.54401
3.51654
3.67518
3.82868
6.29332
3.22717
4.0149
4.10094
3.84907
4.14472
4.64537
4.23796
4.54762
1.44001
3.98424
1.23068
4.22303
4.15319
1.6197
3.40183
3.77583
4.02841
1.0564
6.96885
517.335
124.042
2.99202
3.63127
3.70946
4.21475
5.28672
3.89736
-13.5828
5.02529
4.83319
5.20557
804.028
4.42553
5.23958
6.91482
92.4907
4.04158
60.0525
93.5256
4.60295
6.44574
5.2767
673.672
41.9696
145.803
12.059
287
3.62536
103.627
4.22645
5.74964
3.00043
0.971035
5.61993
5.76952
62.8524
4.02741
4.09131
321.753
5.14624
5.12471
599.381
413.308
19.8712
4001.31
0.0941316
-1.29019
3342.25
404.152
0.909165
289.731
219.645
868.625
2.11635
948.654
0.847449
1.6754
147.54
2.78289
4.58834
4.73469
4.70217
4.52105
863.712
2.41377
4.67755
4.51112
4.85681
4.11473
4.23255
0.693059
4.12331
4.38637
3.51115
4.82204
3.97041
4.30414
5.16231
4.28164
4.93005
4.8403
203.766
66.2238
4.94498
4.50585
140.436
3.7702
3.92957
509.164
558.084
292.765
960.243
3.67725
658.526
-1.36247
457.37
447.807
-2.06016
1459.59
967.956
0.368732
661.255
-4.32277
81.8853
-2.62335
922.901
121.161
0.0842679
4.02742
3.84612
-2.94759
619.456
0.0489714
1424.45
1.48168
261.164
752.667
12.987
923.952
1052.97
3.43663
-1.68824
1.67662
1128.45
1081.94
135.088
270.595
1174.9
2.54446
4.51988
7.8907
221.117
2.89651
418.237
806.615
-1.21772
1037
-3.42365
18.6333
-5.47372
2.49159
41.0445
-1.33148
-3.22959
449.54
1324.43
-9.24525
-2.9795
-4.85395
-4.73768
-7.41025
1757.27
-3.34855
-2.4557
348.498
-4.48865
1356.98
3.84953
-0.838376
0.205399
-3.25965
-1.82511
1.29491
-1.04612
-0.0849676
0.474587
-1.33721
-2.5232
-0.213742
-3.27448
-5.12171
-5.19152
-1.1046
-3.39629
4.37032
553.508
-2.28207
-5.07052
-5.26844
-4.66161
-14.0589
-3.79998
0.321252
-5.26722
-4.15321
1226.61
-4.78814
-7.18595
428.127
-4.15943
1247.79
-2.03558
2.39766
-0.730657
6.77439
4.76221
5.87391
6.40341
986.773
603.318
6.57446
6.97171
1019.79
7.13811
-0.840533
6.76288
4.83178
5.90717
301.903
306.686
310.284
5.14786
3.84353
4.77852
86.6846
481.413
428.897
3.82291
3.77525
1981.55
-10.686
4.11889
3.90572
4.03607
19.8342
-3.63674
3.99391
-4.37011
-5.32247
2.74788
-5.00674
-10.0652
5.16786
4.19787
0.664097
5.87843
20.4422
6.91158
0.989718
4.2234
-7.46028
5.42557
4.03923
0.912463
5.21818
4.70042
305.12
-3.97173
5.35617
6.69578
1585.5
-3.43505
-0.351737
-3.44887
4.32525
555.029
5.7401
-5.25029
-5.07902
-5.20953
4.37874
-1.68303
-3.35687
-6.1532
-4.77591
-7.14952
4.07678
-6.44565
7.14397
6.55747
2.97138
5.40386
-6.25199
-1.49478
-3.81584
-3.27015
-3.8515
-4.00386
843.754
1149.16
3.21443
-4.6171
-3.41388
-4.76374
-1.8209
2.356
0.0826755
57.9586
1214.62
1382.32
713.397
2.66163
4.88056
491.641
-12.6049
2.36223
-18.786
4.92717
-6.57981
2518.09
6.01427
4.9883
4416.69
7.45643
4.41469
82.5155
7.07977
91.0362
4.10091
5.4668
293.399
51.3132
5.41999
-1.89872
861.688
2605.03
1.72922
86.9804
6.45917
5.93845
4.4997
3.77716
11.2772
5.50577
1.98211
950.345
4.49775
3.9115
11.7545
4.17969
0.259504
2.34981
20.9513
1.83736
4.06966
4.95848
3.26344
17.8209
4.36965
0.365199
629.201
1.09273
1.12663
2.27281
1.69521
5.08424
1.76271
5.40142
3.33279
1144.24
1253.17
918.05
7.77365
39.7133
1.04435
7.30911
1700.43
13.1329
3.80358
4.61023
3.54439
39.0176
2448.6
5.5518
848.892
122.658
26.0804
4.51
3.71303
904.734
431.402
0.460162
1080.35
-85.4554
1911.34
1262.9
497.016
1796.39
2.75859
3.76663
649.807
312.256
429.044
705.805
45.2943
344.881
46.6344
1993.34
77.362
498.372
1012.47
-7.8584
-9.35773
1834.07
-5.07619
0.856788
314.023
348.519
10.0936
306.503
1300.31
356.649
1593.2
35.343
924.408
1512.65
73.1919
302.113
761.165
5.88291
4.81895
9.07135
537.79
28.5815
6.5135
63.416
2.478
5.84731
-3.91577
1.23856
-1.12358
1.52295
3.56108
5.80464
1.35351
-10.4126
5.32952
-2.50498
-4.63797
1.09854
-1.47923
632.792
359.437
-5.79809
-3.70495
928.258
-0.624292
0.111069
306.646
308.929
313.795
-7.35542
935.531
1.57918
-1.429
303.061
-1.42863
330.674
841.892
-5.89391
-4.95336
-18.0612
-16.1528
-4.5332
-7.42602
0.494728
-11.3238
2.66297
-24.2311
2123.52
-14.8931
-7.67901
0.70738
1.60199
-0.123167
-0.499131
0.388386
11.2403
2.41972
-17.3126
0.315964
0.807073
2037.3
-3.8417
2027.12
0.344887
-2.45595
-1.41004
712.165
3.97288
-4.61114
6.31492
3.89779
6.28041
10.6165
1619.69
0.131425
-18.6301
0.626028
370.674
-0.205131
0.322576
0.36336
191.621
-11.9314
0.0579239
-1.77443
337.437
0.637357
-11.5925
76.5524
4.38177
-17.9805
0.641951
44.4106
-4.66672
0.233962
-0.154642
-14.6247
-1.73847
0.74503
-9.91283
0.296352
0.0755321
0.0233943
-2.85045
0.0820242
-1.79548
0.342409
1.75179
0.339726
1696.49
0.159562
-5.71493
0.173575
-11.7506
59.2321
-0.14646
0.548637
-3.22158
1.34303
1476.74
-11.2462
-9.81709
1096.4
-1.18915
0.0508551
-2.22297
-36.0435
0.70085
1316.8
0.425444
2580.15
0.739463
0.534652
-3.51165
-14.949
2069.9
2050.74
-0.43193
-8.52943
1382.61
0.577579
1.61981
1.29618
0.673363
2628.21
-5.89492
-3.6906
-1.9667
-4.73674
0.723162
0.216234
0.369627
1.15226
0.877825
2662.06
2672.71
1044.02
0.474569
0.125111
0.484092
-1.83925
0.662648
312.609
0.916521
0.445965
-9.53278
-5.46619
0.0280506
2184.08
0.0832231
-11.4435
0.0329611
-10.9773
0.0831492
0.597355
0.608113
0.101573
0.736603
0.103833
0.798461
6.04311
0.174993
-12.576
0.247443
0.381328
0.208341
-6.80233
36.2102
0.391039
0.446209
2605.6
-8.19705
1.36083
1.16625
0.764896
0.997902
-0.606517
-12.1522
24.2364
0.179845
0.657826
-6.11501
-1.83293
-6.30121
-1.24874
0.792941
1.14294
0.98946
-0.746024
1.81039
0.172765
-21.234
458.21
1.34952
-6.24668
-8.4089
-6.98921
-8.62487
0.619153
-9.60216
-12.0355
1.08118
2111.99
-1.16214
2.06066
-18.398
2.49029
-34.3262
1.3043
-1.71606
1.27463
0.917317
0.522178
-1.38131
-6.45
-0.0301293
44.8222
0.950434
-7.64134
0.517248
-5.64379
-1.90612
4.17593
-2.12413
-2.63853
2.79752
-1.85061
-1.13396
1.48797
9.05781
-6.00221
464.011
-3.39707
0.355408
179.659
872.997
830.141
-3.27505
868.372
-26.9773
-3.92754
1.09394
9.30296
1.60368
0.716837
875.382
448.878
755.352
-6.31313
956.476
-1.91925
858.798
-12.7767
-3.77482
-1.97388
719.668
-1.06955
-3.88871
27.4012
119.2
741.325
0.467544
-1.32631
6.11031
904.111
30.2122
-1.17728
4.58253
-2.88397
1.01548
-19.0574
-1.49908
-1.13698
-1.24589
-2.71579
0.766076
1901.13
-9.39451
-1.86539
-1.08899
-0.454693
-0.291872
-5.02535
-0.568752
5.77427
51.4674
-4.03939
-1.0478
-12.8858
-1.96067
-5.06734
-3.91867
-3.89683
-0.469847
-0.0844072
-2.04554
-1.36292
-3.51557
-16.1967
-0.974973
-4.20197
2650.24
-1.84552
-0.492844
1.06362
1440.13
1196.09
-14.7398
0.11912
-1.8414
3461.79
478.303
-4.32247
31.7319
459.869
-1.5195
31.0288
-14.4792
121.577
1528.81
476.352
-1.13064
806.509
2052.6
624.323
1.01372
4.16193
5.59241
-3.7519
-1.45247
39.104
0.53244
-2.98769
-1.77411
-4.53688
10.7597
0.0293037
-6.18359
491.049
-4.84979
738.022
-5.31613
-3.40417
7.38099
-220.109
-3.98829
747.449
935.741
-5.43578
-1.41307
-4.84095
898.907
121.852
0.890021
10.3517
381.615
196.689
10.0367
1.1879
-13.9031
4.53525
-6.18064
211.984
806.888
697.805
6.45232
26.9166
-2.05776
43.2019
1295.45
30.4244
-5.63577
24.792
-18.1302
4.63085
-4.53032
547.557
-4.58555
145.21
0.187827
599.262
736.104
0.322473
111.082
43.3003
-7.29876
-2.78336
-2.77572
-6.70703
1144.25
-3.87593
-13.0685
-15.4026
0.551358
5.01838
12.7756
678.712
1590.74
696.442
927.419
27.7551
597.771
6.0789
272.111
6.31513
-5.41161
-3.23994
1454.32
21.0695
651.643
2.34587
688.675
1.33849
23.3626
1485.95
1.05917
837.789
701.933
-17.7106
25.3611
9.45017
-6.01525
-15.7153
-1.98796
2.59507
-4.6627
-2.04676
648.546
239.431
-1.89595
0.734446
1.71361
-0.305991
858.5
-0.933835
824.794
1.72088
-4.10066
-7.00934
1.31361
1.09579
0.938924
5.00739
0.593106
0.858232
-0.22409
-2.90014
-7.96507
566.461
-3.6987
2677.49
-0.237512
-6.57439
3.19122
0.115374
-6.91614
305.793
1278.7
-3.08446
2427.92
-5.76606
-8.57765
1.6542
-6.04986
-31.0616
-5.45405
-5.73908
-3.75107
-1.77283
-16.5522
311.129
-3.97365
-16.0566
0.931968
1025.67
4.55456
3.90701
1.17907
-4.8
-4.81324
-13.9299
1.28885
6.96617
-9.43732
1336.7
-5.38194
4.8789
-3.16492
-3.08882
-6.11311
2.29192
-4.09248
247.306
5.9122
20.9715
1696.95
-11.6821
1.48743
0.423073
-17.5804
-0.162393
-0.596702
6.21032
913.35
506.288
0.128166
2737.52
6.12236
4.08248
5.11486
-2.24481
6.60312
-2.68023
-18.7203
-12.577
428.982
-3.48687
1064.35
0.12804
2.10692
-1.43019
-0.333958
-6.92758
879.043
-3.85206
220.383
-13.2932
-5.83007
-2.39729
1778.25
907.279
0.318103
-14.8253
-8.67198
0.0516099
-0.955252
0.900118
2627.15
-4.09715
-2.59776
33.4085
0.808004
11.337
0.277167
1070.09
1.00763
-0.72525
-0.0798518
796.289
-1.82052
-3.7908
335.534
-7.84001
368.513
-5.46008
-4.85904
-1.95788
-1.11433
399.505
806.384
-7.70432
69.5826
11.7096
2694.82
45.5669
0.684426
1251.66
3.81437
916.405
0.00123951
-13.0026
-1.91379
899.235
1039.59
-4.01419
0.886918
4.08509
-8.78413
-16.7392
-2.41677
-3.80361
-41.4737
-0.443565
-4.98602
0.949356
)
;

boundaryField
{
    FrontBackPlanes
    {
        type            symmetry;
    }
    wallz
    {
        type            fixedFluxPressure;
        gradient        uniform 0;
        value           nonuniform List<scalar> 
97
(
2628.41
2498.54
2538.67
2691.67
2090.86
1440.96
806.499
1451.99
1767.1
-26.716
4.28768
-3.50805
123.938
188.941
196.597
1552.37
290.74
1271.62
-28.9232
-24.8569
-32.679
45.3035
58.7843
89.2528
717.885
194.767
43.5821
-3.76256
13.6866
-10.614
10.2426
11.9039
35.6816
107.748
305.265
-35.0435
14.2529
2.76562
3.89921
-0.9798
586.657
151.02
1304.47
2.05074
2.64373
2.56405
4189.7
3111.99
5608.36
406.055
1.32361
1.54875
1.84834
2045.63
242.168
-92.4473
311.456
335.245
0.963616
1.15645
-29.2322
286.108
15.1126
312.64
310.727
1906.94
1518.65
0.258717
0.474984
-224.49
649.786
451.988
336.945
318.71
343.744
352.474
528.205
2000.64
1743.65
1223.15
1732.98
1721.9
0.0953421
2414.71
2548.43
2507.28
2807.73
2115.94
2107.66
-1.44565
1303.87
-437.978
0.789223
1976.23
413.669
0.51414
428.127
)
;
    }
    outlet1
    {
        type            fixedValue;
        value           uniform 0;
    }
    inlet1
    {
        type            fixedFluxPressure;
        gradient        nonuniform List<scalar> 2(0.00127406 0.000667614);
        value           nonuniform List<scalar> 2(2569.37 2551.99);
    }
}


// ************************************************************************* //
