/*--------------------------------*- C++ -*----------------------------------*\
| =========                 |                                                 |
| \\      /  F ield         | OpenFOAM: The Open Source CFD Toolbox           |
|  \\    /   O peration     | Version:  v2012                                 |
|   \\  /    A nd           | Website:  www.openfoam.com                      |
|    \\/     M anipulation  |                                                 |
\*---------------------------------------------------------------------------*/
FoamFile
{
    version     2.0;
    format      ascii;
    class       volScalarField;
    location    "0.4";
    object      p;
}
// * * * * * * * * * * * * * * * * * * * * * * * * * * * * * * * * * * * * * //

dimensions      [1 -1 -2 0 0 0 0];


internalField   nonuniform List<scalar> 
6576
(
-378.202
-402.481
-369.187
-376.95
-385.352
-364.982
-364.795
-348.84
-370.491
-368.223
-366.236
-358.324
-344.958
-360.956
-269.225
-288.888
-325.289
-318.544
-291.411
-282.995
-328.38
-354.885
-363.347
-434.552
-262.615
-218.971
-144.435
-405.711
-409.112
-404.817
-397.443
-387.166
-348.892
-251.856
-235.787
-249.27
-276.634
-273.297
-268.056
-269.753
-306.447
-351.03
-299.474
690.773
298.454
1222.35
335.371
585.908
1320.32
1050.69
447.384
974.506
-2.86244
-3.10156
-3.08933
-2.87405
-3.12865
-3.19999
-3.05453
-2.90172
-2.95425
-2.84774
-2.80785
-2.93927
-3.04625
-2.94308
-1.46901
-1.95208
-1.80977
-2.11946
-1.76751
-1.96269
-1.84573
17.4589
16.6447
17.0364
17.1269
17.5009
17.0963
17.0333
17.55
17.8456
17.2278
17.2545
17.0805
17.5205
18.1119
-126.193
-132.515
-124.478
-123.029
-117.427
-126.458
-120.337
-80.9707
-110.404
-122.844
-108.196
-128.112
-108.923
-92.8362
69.14
160.755
31.2634
98.6971
189.72
40.6174
94.6152
1271.82
1311.91
1378.75
1132.48
1458.23
1977.34
-3.04649
-2.94745
-3.22163
-3.19245
-3.36733
-3.33272
-3.28695
-28.5951
-47.3945
-188.69
-125.895
-140.091
-21.9313
11.8222
-2.30435
-2.85554
-2.80159
-2.92342
-2.82253
-3.0487
-3.09633
5.46076
5.62986
5.70741
4.63729
5.50469
5.96608
5.37752
4.80992
4.73274
4.5436
4.13079
4.61493
5.06521
4.66964
4.81131
4.8695
4.83301
4.75413
4.51957
4.87897
4.82556
4.64064
4.42072
4.42604
4.56837
4.41911
4.29798
4.38539
4.34664
4.44675
4.39105
4.23602
4.25611
4.39818
4.58047
4.46178
4.41208
3.91207
3.69975
3.82802
3.96804
3.78251
3.71379
3.57809
3.72412
3.86713
1.85794
1.7074
1.88355
1.96974
1.73571
1.93858
2.25888
2.17691
1.91601
1.00457
1.11872
0.825591
1.20073
1.50186
1.05509
1.23351
1.24726
0.971727
0.776317
1.20462
1.49849
1.12372
0.880161
0.0770855
0.176249
0.115993
0.55702
0.191001
0.347185
0.752926
-2.57601
-2.63823
-2.55765
-2.087
-2.19113
-2.63172
-2.78015
-0.629417
-0.736321
-0.570043
-0.266267
-0.539761
-0.556224
-0.318923
0.195063
-0.0454618
0.322673
0.168082
0.443104
0.70089
0.386091
1.41585
1.75082
1.56514
1.22184
1.2596
1.60247
1.46754
2.85058
2.5777
2.97584
2.42905
2.2832
2.75802
2.62866
3.78826
4.08982
4.08479
3.48788
3.4981
3.63319
3.65708
3.94542
3.92442
4.86047
4.82019
5.20491
4.69103
4.7416
4.77401
4.93052
3.97753
2.07985
6.69891
1.98196
2.59885
2.14954
3.50731
716.923
738.758
612.91
789.888
653.26
515.045
815.218
542.743
844.261
882.276
879.98
819.282
695.042
453.513
603.371
230.858
60.9458
69.7029
95.7839
68.1749
139.449
67.516
76.5046
80.8477
60.9985
842.982
841.748
815.001
169.512
272.054
-1.9956
333.021
315.371
110.61
252.13
23.2348
-6.03146
-5.52919
7.69003
20.5497
3.77716
-0.214237
0.743126
0.346453
0.855961
2.17111
0.989992
0.880384
1.55931
1.09831
2.26874
17.3347
3.08083
4.5441
-4.56993
-6.06207
-0.926129
0.707005
0.259074
-0.820148
0.8802
-1.26474
-0.941137
0.336635
0.518727
5.72351
4.90396
0.660057
3.82034
0.442818
0.238725
1.9351
2.89529
5.21965
48.9109
47.738
60.3827
49.6119
57.1284
43.1103
66.8704
88.4255
48.2465
226.366
551.915
211.756
251.007
305.17
172.364
347.944
820.288
782.923
800.381
940.264
735.285
298.889
683.607
794.485
967.577
27.7535
6.05837
22.4651
28.3562
52.0914
22.2174
44.9823
0.0402782
-0.954728
-0.128555
-0.540529
-0.104042
-0.809895
0.346234
-0.157453
-0.0538037
0.0871553
-0.0535499
-0.173421
-0.0900778
-0.0960624
-0.0175903
-0.107178
1.00371
0.971243
0.820466
0.864657
0.694847
0.946605
0.89392
1.2146
1.15763
1.20794
1.20777
1.07795
1.20642
1.09663
1.17617
1.23404
14.5283
10.5939
11.9731
13.7754
9.03949
9.50864
7.88508
-1.29264
-2.42075
-4.60333
13.1536
-0.500857
14.3182
23.0951
3.94786
3.61462
3.60536
4.19307
4.04802
3.82797
3.57047
3.85036
2.6675
2.89373
3.18693
3.89201
3.18255
2.63553
5.09101
4.66951
4.26852
5.17452
5.11727
4.68811
4.3279
6.0093
5.56103
6.5179
6.06625
6.10748
7.92601
6.89945
7.32417
6.69887
6.45861
4.57974
6.18232
3.3963
5.3226
4.57349
6.04358
10.613
9.38211
6.33558
9.24168
5.62308
4.90571
6.64933
14.054
5.67492
9.05466
7.66003
1.03577
7.84732
7.07975
-7.56541
0.600397
4.14848
-2.47513
-16.7569
-1.4451
6.75223
0.408634
-3.29245
1.68658
-2.69487
0.125725
2.74599
1.4728
-20.9371
-0.583234
-6.58163
-2.34149
-3.39591
2.49811
-5.33384
-9.55902
-7.3051
-6.13405
-3.49121
-3.86147
-5.80994
-7.15185
-7.01019
-4.79729
-8.68602
-5.857
-10.5701
-5.85698
-6.642
-3.45823
-11.1667
-3.30681
-3.3426
-3.75601
-3.03278
-3.58414
-3.3558
-3.35181
-3.40684
-3.34203
-3.06303
-2.82199
-3.6194
-3.83999
-3.54961
-3.46805
-3.47642
-3.63351
-3.33953
-3.40583
-2.80579
-2.85011
-4.72511
-4.16942
-4.15399
-4.62007
-2.69973
-2.41056
-1.46229
-3.37701
-4.22577
-2.74612
-3.93161
-2.8922
-1.81051
0.788818
1.43012
0.528017
-0.0650315
-0.699249
0.634674
0.0108024
0.232335
-0.228919
-0.0847239
0.615446
-0.0165864
-0.130655
0.208482
2.58564
2.26902
2.13378
2.01269
1.82673
1.75027
2.12931
3.77174
3.95554
3.6347
3.61447
3.90755
3.44473
3.47609
3.31381
3.06304
3.00934
3.23077
3.18444
3.40345
3.40363
3.31771
3.12038
3.13142
3.21702
3.18817
2.76648
2.8562
2.8392
2.76293
2.8488
2.78624
2.75097
-0.0996536
-0.0641522
-0.250206
-0.00179444
-0.0918322
-0.0940753
-0.0351626
-0.365067
-0.286451
-0.327342
-0.518653
-0.599717
-0.488088
-0.600598
-0.413333
-0.381009
-0.461488
-0.736046
-0.746225
-1.02042
-0.631361
-0.740766
-0.596477
16.7026
14.9659
21.6437
18.1745
26.114
12.2947
17.1291
-13.8272
24.1859
11.1956
-26.8376
-6.38652
0.0738159
8.47116
-15.8993
-30.4963
-28.3421
-29.0015
-21.7823
-53.6597
-90.5315
67.5829
103.872
44.3418
42.015
52.4541
70.2225
35.496
26.3797
63.0264
76.5774
20.5848
59.9972
40.2814
46.4309
28.9029
40.276
144.466
-1.92305
82.7478
60.213
-34.9367
24.1376
40.7646
148.901
240.064
3.17988
71.8503
8.2122
28.184
39.9904
34.1484
67.5779
14.1111
81.0283
92.2117
122.502
143.313
91.5829
100.471
50.9712
43.2974
-0.704559
77.2703
-10.7698
-59.0243
-31.4499
-31.4428
177.723
146.552
155.794
81.9543
29.2968
14.7838
-4.99364
26.7372
37.3781
20.4712
49.3111
39.0578
53.2054
125.341
96.345
62.3892
55.4694
250.271
226.957
286.691
7.98061
36.6
22.978
20.5931
40.2321
38.4755
20.2351
162.069
51.8579
107.679
45.3294
32.6782
423.879
184.591
195.725
380.988
4.02901
208.896
475.508
431.172
368.121
923.937
36.5417
69.7722
52.9338
93.1833
25.7058
89.4271
1.23113
219.188
152.47
134.485
163.136
230.456
107.118
43.8532
117.747
87.5652
310.314
240.73
221.712
10.4659
-11.1347
-8.11783
47.2048
26.9365
54.9242
69.1572
39.7634
37.9509
-16.6879
118.605
103.701
79.6772
86.2278
114.346
7.95101
77.5387
79.3415
53.3088
97.8106
-41.2475
11.7041
206.649
58.4698
34.2055
88.8448
49.872
20.3405
104.309
7.52812
59.9523
14.8804
49.4048
0.894506
2.25206
-1.32207
2.88437
4.73662
-2.39008
2.75113
2.12909
-1.41063
-0.329517
-0.454531
-2.97539
2.07863
1.10597
0.699962
0.386361
0.719088
0.647201
0.457674
0.74816
0.578542
-1.12906
-1.12854
-1.60318
-0.815602
-2.00767
-2.34424
-1.52282
-0.597643
-0.651398
-0.634632
-0.959158
-0.558204
-0.0703265
-0.584049
-0.381188
-0.358341
-0.60535
-0.182539
-0.208599
-0.241398
-0.314358
-0.572653
-0.398899
-0.286332
-0.403233
-0.398608
-0.39112
-0.438803
-0.404215
-0.423778
-0.385925
-0.371244
0.263127
0.243494
0.293824
0.320388
0.275168
0.406286
0.344904
4.22244
4.23367
4.23263
4.40411
4.37367
4.29972
4.36862
4.00256
3.78243
3.91039
4.05854
3.90804
3.91264
4.02812
4.29156
4.33884
4.52312
4.47057
4.65346
5.80684
5.65411
5.92362
5.90815
5.82379
5.89079
5.92176
6.0799
6.72906
6.08865
6.76617
6.54032
6.16857
5.97031
9.85004
6.42241
8.71017
9.02983
10.1043
7.91628
8.52814
19.6442
21.0252
7.30813
15.3547
9.04537
5.32592
7.95665
8.33449
9.06469
7.12105
4.41838
5.55405
10.5815
9.1262
11.036
14.016
10.2458
11.9736
23.8025
4.8554
8.13013
11.4773
17.6377
15.4257
9.96428
12.9573
6.61276
3.53688
2.52704
7.5439
7.87303
5.75493
1.64186
10.1389
7.74141
5.60892
5.67522
6.0305
3.54991
3.60116
3.58277
1.71617
2.89748
3.62728
3.26171
-3.08513
-2.43146
-1.97979
-1.32932
-1.55674
-1.56519
-2.03658
-3.0843
-3.07396
-3.86318
-3.20088
-2.73654
-2.84209
-3.63783
-4.54007
-3.97305
-4.31162
-4.31823
-4.75221
-4.11301
-5.0679
-5.13705
-4.39732
-4.47716
-4.81955
-4.4476
-3.33476
-4.81401
-4.95889
-4.74269
-4.10744
-3.23574
-4.63394
-3.40717
-3.7193
-3.94168
-3.28861
-2.7928
-3.01191
-3.20818
-3.22051
-3.19349
-3.16893
-2.97198
-2.91206
-2.99661
-2.96499
-3.00444
-2.93223
-2.78499
-3.06976
-2.59269
-2.47726
-2.20573
-2.78892
-3.11539
-2.90853
-2.40424
-2.72643
1.00285
0.949725
1.4651
0.458734
0.260689
0.84983
0.621985
1.38133
1.23576
1.24936
1.08264
0.91087
1.13519
0.91127
1.97487
2.09274
2.29534
1.66095
1.79884
1.61498
1.88937
1.68208
1.45305
1.7802
1.61783
1.61534
2.4575
2.66025
2.21921
2.32194
2.33374
2.33488
2.4817
2.59982
2.41492
-0.952123
-0.830517
-0.875773
-1.02622
-0.912425
-1.03654
-1.07212
-0.998958
-1.051
-0.802162
-0.852839
-0.778122
-0.688432
-0.721193
-0.757521
-0.720284
-0.564813
-0.628098
-0.586132
-0.563869
-0.510059
-0.528226
-0.580444
-0.233552
-0.0891679
-0.22531
-0.28068
-0.198151
-0.367008
-0.258764
-0.23084
-0.31445
0.53436
1.03287
0.870615
0.022654
0.527421
0.442015
0.360745
335.015
233.241
310.681
263.309
271.318
343.301
293.701
287.736
243.194
351.431
219.542
322.159
327.317
349.02
255.861
268.34
370.305
272.076
297.951
274.606
330.156
347.169
368.032
258.607
161.458
170.877
172.881
267.355
131.436
268.701
325.961
253.567
227.471
-78.7746
117.013
-14.7714
63.5088
67.4861
68.3799
-1.45712
-1.31504
0.144178
-0.120106
-1.97817
-2.21194
-1.1994
135.346
40.3923
52.8816
41.812
-2.2553
58.8379
26.1696
-12.1602
-0.0835037
28.0634
170.643
-58.7577
53.3555
-29.6311
7.95111
-2.5022
-13.4471
-49.3684
1.28758
77.0618
91.8917
-35.0602
29.2206
55.2843
21.1642
37.9414
77.1154
32.1111
48.3184
93.9643
56.5494
23.3211
46.854
25.6556
10.7564
17.5431
0.516096
1.95046
3.07481
-0.183603
2.5793
2.05203
-2.02294
2.07674
-0.481235
0.616035
1.3053
3.80563
1.56013
3.84532
0.852331
0.769087
0.574471
1.00541
1.99
0.764844
0.932987
0.602308
0.564239
0.696763
0.674068
0.78931
0.540975
0.607657
4.02416
3.18129
4.53565
-9.86282
9.4522
5.3095
3.12389
31.4683
10.3444
16.7637
6.9854
5.95493
16.2028
4.1328
19.1796
19.2909
20.5485
18.9732
18.1664
18.5635
19.1018
17.5745
17.595
17.7753
17.7414
17.6369
17.866
18.1775
16.4676
17.9308
17.147
16.5559
16.43
15.2893
15.7901
4.88528
5.29109
4.67107
5.14313
5.02675
5.69578
5.45098
5.52123
5.96209
5.54093
5.44849
5.77736
6.42305
5.72824
4.55258
2.90779
2.52829
4.29829
2.45875
2.84623
1.46282
4.38901
6.0839
5.25619
5.81335
5.57862
3.80892
5.42649
7.96514
32.9192
5.23992
11.4395
27.982
6.40987
12.5966
5.05366
3.51041
3.44943
5.04606
1.8671
9.81813
6.28616
8.07419
7.58187
5.9407
77.7493
24.7318
8.50744
27.4343
52.07
26.2788
35.5306
15.8509
41.4415
28.6532
40.3345
24.7288
31.2292
15.0797
64.767
52.6096
18.5044
21.986
23.8144
26.0029
-5.92859
10.8345
-6.30614
28.8987
7.77668
18.138
9.14553
8.14403
66.8591
11.6551
16.6286
27.6871
14.1006
15.1462
11.8636
5.56722
6.98129
8.10155
8.43168
8.13802
8.0807
7.41838
8.64184
6.48691
7.67608
6.04596
5.86278
6.18309
4.34881
5.04367
5.45007
5.74884
5.43089
5.7274
5.92329
5.62168
5.89509
5.82092
5.47249
5.43363
5.6437
5.65123
3.26231
4.05124
4.67813
3.43198
3.89793
3.80008
2.92609
-2.93798
-3.45828
-4.26183
-2.26402
-1.33384
-4.4967
-4.83998
-4.95764
-4.58475
-4.74696
-5.12295
-4.9061
-1.14299
-2.27459
-1.79048
-2.16551
-1.48382
-2.02591
-1.16286
-4.8064
-3.95926
-4.01602
-4.06557
-3.5007
-3.57012
-3.69962
-3.19187
-3.39573
-2.94663
-3.03494
-2.94167
-2.88989
-2.88349
-2.94178
-2.86703
-2.84058
-3.10311
-2.85659
-2.96363
-2.87299
-2.69992
-2.64201
-2.70724
-2.50894
-2.30938
-2.55072
-2.86357
-2.83778
-2.90409
-2.70667
-2.62747
-2.75234
-2.55695
-2.79624
-2.68813
-2.66038
-2.76161
-2.80432
-2.8859
-2.57265
-2.57798
-2.611
-2.6083
-2.44834
-2.11874
-2.419
-2.16266
-2.40191
-2.53748
-2.39891
-2.71255
-2.51133
-2.51899
-2.72122
-2.5292
-2.42192
-2.57034
-1.78085
-1.97434
-1.6721
-1.78994
-1.56121
-1.95626
-1.76464
-2.37707
-2.19862
-2.24344
-2.45158
-2.58603
-2.49867
-2.34709
-2.24388
-2.16137
-2.1786
-2.21386
-2.17146
-2.25771
-2.21029
-2.47068
-2.45435
-2.50149
-2.43532
-2.46546
-2.48344
-2.50436
-2.16332
-2.24401
-2.2837
-2.30611
-2.36328
-2.22947
-2.26106
-2.36454
-2.31214
-1.76305
-1.20517
-1.74494
-1.92722
-1.68881
-1.53607
-1.87785
-2.04577
-2.128
-2.04508
-2.15979
-2.17141
-2.10277
-2.10167
-1.52323
-1.38825
-1.59882
-1.73225
-1.71124
-1.65682
-1.67859
-1.52151
-1.59091
-1.54458
-1.69128
-1.67138
-1.4275
-1.61718
-1.49505
-1.65349
-1.69172
-1.60546
-1.07405
-1.24591
-1.18579
-1.21483
-1.2973
-1.08199
-1.17437
-0.310439
-0.775358
-0.644967
-0.398579
-0.720921
-0.582749
-0.402251
0.00861093
0.713611
-0.227639
0.953228
1.50392
0.548825
0.48677
28.2956
22.1195
15.4828
23.2985
17.2344
14.8089
3.17847
33.1455
5.2797
46.7241
45.1702
49.8902
33.7011
29.7194
24.8866
36.4169
64.1395
60.9285
83.1075
48.3027
50.5109
230.073
218.252
173.155
268.045
233.01
221.136
208.032
180.745
147.066
162.523
175.719
158.173
162.245
163.559
323.008
260.568
238.206
213.009
302.331
228.96
375.474
249.051
230.381
258.579
342.556
305.606
297.976
329.039
269.988
280.297
345.099
267.048
321.684
-2.52157
-2.55864
-3.21849
-2.46265
-2.96962
-2.76603
-2.59653
45.2769
82.5707
13.1112
36.9397
18.7431
6.35355
32.234
62.4226
43.6052
12.4634
78.3773
81.229
112.361
20.5226
32.8567
56.4787
86.6943
87.5725
15.1961
22.351
18.3011
30.1048
-1.21887
15.5291
30.506
29.6917
4.39574
12.314
3.58204
2.4407
-0.0247688
4.20321
0.450252
-0.678843
22.0884
22.2967
22.1565
21.4812
21.6401
21.9361
21.7505
28.4109
18.5994
28.6607
30.5934
29.9103
24.525
14.974
24.2228
17.77
19.3011
20.6826
16.1894
15.4782
16.3592
14.8049
13.9629
20.7196
20.2954
21.0007
21.0111
20.6548
21.2291
20.9286
21.0421
21.2572
19.5545
19.2124
19.7677
19.6107
19.3838
19.7003
19.8711
19.723
19.7184
18.4663
18.6961
19.6471
19.1301
19.6114
20.0644
20.1666
9.45039
8.09798
11.9465
5.90647
9.09129
8.41137
10.0288
14.2437
21.8579
32.1909
4.66265
3.53877
27.3984
34.988
50.3982
40.6337
41.7088
39.4111
60.051
46.2651
11.3926
75.8506
49.823
54.0815
63.387
60.0232
48.046
58.8443
22.8093
69.3818
41.3047
39.2588
60.759
57.0958
42.4382
59.938
68.8396
80.5901
64.679
19.2347
47.8222
20.7319
33.7724
87.4407
76.5654
66.6344
21.4463
50.9397
35.1527
75.3124
35.9009
7.13258
6.77004
7.8932
5.62456
4.1318
4.26059
9.4645
5.3449
4.40926
3.3277
5.33821
4.34246
6.87558
7.42108
7.53759
6.42199
8.41825
6.63736
7.2438
4.97955
5.19127
5.49495
4.81627
5.29793
6.38009
5.20606
6.06291
5.80146
6.1117
5.91258
6.31091
5.94169
6.184
2.32238
1.9498
2.57645
2.48743
2.13664
3.20121
2.6533
-0.335775
-0.522714
-0.0891042
-0.491904
-0.670238
-0.419102
-0.214971
-2.67004
-2.56821
-2.47816
-2.51789
-2.71158
-2.46452
-2.3401
-2.50429
-2.3607
-2.1254
-2.59238
-2.84971
-2.44457
-2.7096
-2.72451
-2.86892
-2.51427
-2.51469
-2.5817
-2.57967
-2.55928
-2.48767
-2.39658
-2.513
-3.05126
-2.36497
-2.51957
-2.38816
-2.41082
-2.71346
-2.47788
-2.47132
-2.75768
-2.45933
-3.68617
-3.04326
-2.8946
-2.9832
-3.38728
-5.44005
60.5362
-12.2102
-29.435
-34.0471
-18.5776
-63.4569
-4.40145
-5.71615
-5.84779
-9.04933
-6.4018
-5.30899
-1.10085
-6.84691
-4.55748
-5.31011
-5.37672
-6.42418
-3.47856
-6.6607
-3.75516
-3.15508
-3.43669
-3.1859
-3.08778
-3.16207
-3.30713
-2.63675
-2.65074
-2.42061
-3.01331
-3.31939
-2.90342
-2.79889
-2.40949
-2.44329
-2.44125
-2.43101
-2.46456
-2.48711
-2.4612
-2.58525
-2.55357
-2.55573
-2.54724
-2.55321
-2.58591
-2.56213
-2.54791
-2.56228
-2.36972
-2.41397
-2.40169
-2.403
-2.44845
-2.43627
-2.38807
-2.42043
-2.49867
-2.56582
-2.52238
-2.58899
-2.61236
-2.69391
-3.33007
-3.08698
-2.89626
-3.09225
-3.23603
-2.77336
-2.79562
-2.3306
-2.26497
-2.01372
-2.34731
-2.48807
-2.22786
-2.01296
0.522594
-0.243423
0.15937
0.0370871
0.142497
1.08029
0.924829
31.9981
35.967
32.2558
30.1424
26.0612
24.742
24.1864
22.137
32.3597
33.8055
27.948
35.9013
24.4375
23.7401
34.0529
44.1264
36.9479
36.0963
35.0873
36.6837
30.4335
29.0387
35.6096
17.4171
26.0435
40.1751
20.5284
42.0614
54.6065
28.398
26.3957
15.6057
18.9394
86.0957
40.4815
45.1629
14.4228
46.2574
3.85462
18.4246
56.592
50.9392
49.6661
53.6829
62.2445
59.6033
44.5941
57.9462
132.525
61.6046
156.229
199.211
167.367
96.807
106.979
123.359
81.7031
77.8406
95.8784
108.461
0.613114
0.204133
-0.211167
-0.0976465
-0.36505
0.189062
0.485966
0.700418
0.746028
0.702756
0.780888
0.621116
0.777654
0.69095
-3.04816
0.829144
1.88213
2.00678
0.978006
-0.293699
-1.36955
-11.4939
-1.66821
6.65711
-6.96724
-2.16199
2.55571
21.7055
982.693
453.143
873.456
921.55
659.991
886.286
848.211
97.2047
51.3471
-30.121
214.497
-7.78089
114.17
15.2462
23.4649
56.4638
38.9486
36.2503
62.2802
28.6142
26.359
52.1433
45.1756
41.2753
43.4511
44.6905
47.721
36.0103
33.7879
47.6728
34.7234
56.1457
42.6062
37.856
63.0472
35.1751
47.4059
9.6192
53.0493
21.7247
15.7643
46.2263
74.9086
62.1503
104.237
64.581
82.074
63.1578
83.2836
82.6084
70.0455
34.13
31.827
29.7066
34.715
33.0444
29.2769
27.3315
33.0764
23.0056
14.1204
40.0481
34.6474
34.8278
24.8892
6.94356
10.5072
8.61085
8.88729
10.8779
9.62463
13.3754
8.16823
7.48119
7.27901
6.8665
7.95944
7.73985
7.91774
3.25656
3.24519
3.34615
3.06169
3.21753
3.277
3.16207
3.12207
3.07856
2.93855
3.04233
3.07159
2.92331
2.89389
2.28926
2.60988
2.22556
2.72373
2.60373
2.23153
2.7111
2.1947
2.39094
2.7961
2.10302
2.08251
87.3516
-4.69722
33.6789
12.4365
2.26377
-5.32406
5.79403
-3.8585
-5.96961
-5.71776
-3.33032
-2.92232
-4.45051
-4.02921
-2.81807
-2.79109
-3.07824
-2.51888
-2.43196
-2.46212
-2.29843
-3.41681
-3.64522
-3.42722
-2.98764
-2.9498
-2.952
-2.94262
-2.95177
-2.954
-2.93676
-3.01084
-2.9481
-2.98111
-2.91973
-2.9128
-2.93658
-2.89871
-2.92369
-2.94589
-2.93244
-2.93619
-2.92606
-2.90352
-2.9042
-2.89903
-2.89835
-2.70503
-2.68212
-2.71927
-2.73561
-2.69949
-2.72454
-2.77192
-3.62065
-3.58829
-3.27905
-3.84671
-3.60495
-3.49409
-3.76031
-4.61687
-4.4529
-4.53035
-5.07525
-4.76125
-4.58829
-4.64896
-4.4246
-4.2803
-4.16718
-4.50937
-4.72671
-4.5088
-4.31787
-3.08031
-2.89368
-2.9841
-2.90409
-3.44582
-2.85041
-3.48092
-2.87027
-3.27516
-1.83447
-1.6096
-1.39403
-1.67716
-1.89141
-1.74871
-1.23795
14.6404
17.5278
14.38
14.1544
16.0226
17.304
17.395
20.5941
27.2303
21.8956
23.9564
20.7246
18.2835
20.2413
23.6575
17.6282
15.788
31.7783
27.011
22.8289
32.4106
23.4121
16.1522
32.389
34.2271
36.2499
25.3835
29.2699
33.0997
35.4954
33.8038
25.2456
25.8798
21.0807
37.2244
37.453
24.3234
21.3863
26.7526
15.6577
17.4007
22.3131
10.6458
28.456
21.278
25.7438
23.8272
19.7257
22.3866
24.549
-0.51113
-0.406161
-0.309773
-0.400492
-0.400307
-1.05876
-0.957464
-0.988787
-0.945891
-0.681008
-0.599235
-0.841111
-0.155587
-0.165692
-0.117636
-0.147476
-0.146947
-0.202927
-0.210761
-0.264934
-0.632287
-0.361685
-0.255662
-0.358557
0.391789
0.423959
0.447265
0.59767
0.505113
0.621883
0.529789
0.774551
0.709489
0.847379
0.496382
0.52104
0.503849
0.637864
-0.716894
-0.472028
1.82044
-0.565395
-0.645414
-0.0646345
0.838829
860.041
313.445
507.947
3483.1
1667.8
2824.23
2513.43
1828.57
3444.19
2697.44
2093.22
1029.56
2461.03
1920.55
2397.73
2637.01
1206.66
741.419
642.827
554.023
663.212
-99.2723
405.904
992.881
4520.1
3007.59
0.384476
181.547
214.07
159.413
191.035
-4.3934
56.5364
-77.0642
-19.9502
158.468
73.7282
73.9147
88.9503
78.6833
104.13
85.8204
66.6618
12.2453
12.3465
11.9132
13.3023
12.9181
12.7994
12.828
12.1405
12.2471
12.6035
12.0058
12.0869
12.7368
12.0878
2.54096
2.35285
2.85578
2.72827
2.76427
2.38614
3.22468
3.4561
2.73868
3.45078
2.67771
2.73139
3.56363
2.72951
3.41035
3.21319
3.36666
2.47395
3.3729
3.13018
3.16722
2.81311
3.04834
3.35517
2.53702
2.78937
2.77086
2.51548
-2.6735
-2.51112
-3.00744
-2.76702
-2.8035
-3.13681
-2.9763
-2.67123
-2.47279
-2.57794
-2.62436
-2.61752
-2.59083
-2.54671
-2.6084
-2.58655
-2.62379
-2.68025
-2.73128
-2.47626
-2.6428
-2.70535
-2.67715
-2.80987
-2.75234
-2.76719
-2.72886
-2.71473
-2.73124
-2.76224
-2.88914
-2.8764
-2.90978
-2.87352
-2.92444
-2.85067
-2.88925
-2.86447
-2.83049
-2.82013
-2.8975
-2.93414
-2.89539
-2.82519
-2.78497
-2.93612
-2.80587
-2.80883
-2.85406
-2.92689
-2.98985
-3.01439
-2.83147
-2.95721
-2.89063
-2.88531
-2.49486
-2.73395
-2.60594
-2.44563
-2.69629
-2.49003
-2.46261
-2.60838
-2.40658
-1.97372
-2.08236
-2.48776
-1.91334
-1.64611
-1.8861
-1.59845
-0.471355
-1.10298
-0.586799
-1.45479
-0.885085
-0.608843
-0.810146
7.42578
8.50833
10.3461
1.62207
5.85355
3.87505
6.74846
2.17334
8.80601
8.95292
9.56973
5.51638
6.99536
8.93177
2.3328
8.70918
4.26055
13.6708
15.9971
8.99052
11.6391
12.3063
7.7531
17.7817
21.954
20.598
-0.415006
0.0456987
-0.416925
-0.585736
-0.39029
-0.513767
-0.694986
5.17692
5.23844
9.74589
11.078
11.9239
31.5136
10.2239
39.8601
9.85819
34.2763
14.8304
21.0792
42.9991
32.7818
16.9163
12.8661
-3.48772
1.52373
1.39425
8.47745
2.09641
6.41733
14.7169
10.6955
0.807677
6.60677
7.08216
9.65286
0.132097
-0.0625581
-0.930366
0.143992
0.0562701
0.261682
-0.116446
-0.0735455
-0.0569532
-0.086632
-0.0400241
-0.0547976
-0.0252629
-0.0425715
0.082516
-0.104303
-0.103363
-0.0871809
-0.179379
-0.0206597
-0.0317822
-0.0636122
-0.0583362
0.10758
-0.00621001
-0.115385
-0.268069
-0.267675
-0.152779
-0.415154
-0.311559
-0.163474
-0.1901
-0.0261861
-0.173447
-0.0547312
0.0952034
0.00222373
-0.0642054
0.0303713
1700.83
971.315
720.906
414.646
298.937
870.43
-59.5197
164.817
-60.5053
68.4783
-646.624
128.183
663.996
137.602
233.787
-296.613
-24.159
229.804
143.636
-285.972
88.4301
-167.647
80.3572
-182.329
-27.9076
7.76191
-72.5635
-88.2455
-84.811
-94.3427
-105.681
-83.9571
-95.3876
0.48499
69.1525
53.2833
48.9695
-7.80219
98.9968
-1.58452
-29.3673
-84.3888
17.1077
133.93
-7.23797
178.221
41.8985
7.49714
-14.9279
136.552
132.387
90.1292
143.111
147.66
-54.4649
36.159
75.0063
71.3974
115.235
176.69
-28.7402
-23.0563
10.7724
0.0878336
36.8541
-13.7567
-3.73325
-20.4903
-15.1676
-2.28837
-2.32345
-2.16231
-1.94584
-1.93281
-2.24558
-2.2625
-2.63552
-2.24875
-2.15949
-2.53368
-2.37239
-2.19268
-2.35826
-2.6284
-2.62221
-2.61009
-2.59272
-2.56726
-2.61043
-2.61489
-2.92464
-2.84451
-2.82501
-2.77245
-2.75534
-2.63441
-2.80809
-2.67007
-2.79087
-2.74785
-2.82151
-3.25667
-2.91694
-2.87898
-2.94144
-3.00819
-3.19854
-3.03311
-2.924
-2.81623
-3.28072
-3.07857
-3.28214
-3.15045
-3.20447
-3.65609
-3.30885
-3.13665
-3.29985
-3.10026
-3.09933
-3.09483
-3.10327
-2.99152
-3.10777
-3.09153
-3.52826
-3.04347
-2.85929
-2.97268
-2.83526
-2.85554
-2.81184
-2.71662
-2.7801
-2.04336
-1.91518
-1.90532
-1.8762
-1.88127
-1.89513
-1.76528
-2.55801
-0.968429
-0.263074
-2.74479
-0.277036
-4.67551
0.563785
4.10177
7.00567
0.017804
-2.34452
1.10355
-0.656275
0.687604
6.68469
6.55115
4.10504
-1.62274
-1.82321
-1.07263
-1.67598
-1.80654
-1.94331
-1.56193
-0.794391
-1.4997
-1.07715
-0.41094
-1.62524
-1.59297
-1.39197
-0.52837
-0.640334
-0.286784
-1.43398
-0.541118
-1.33465
-1.02834
-1.04952
-0.788595
-0.968135
-1.18878
-1.38198
-1.27551
-1.23008
-0.569347
-0.212468
-0.377496
-0.376214
-0.470485
-0.378709
-0.0468515
-1.48512
-1.31807
-1.33079
-1.534
-1.44503
-1.30445
-1.38647
-0.765326
-0.735205
-0.7247
-0.954984
-0.907996
-0.812809
-0.780979
-0.383073
-0.485937
-0.520373
-0.568425
-0.440124
-0.427783
-0.478795
0.00948546
-0.118832
-0.234383
-0.212295
-0.287758
-0.38814
-0.288283
-0.0904626
0.0255662
-0.218713
-0.285749
-0.36018
-1.19144
-0.914463
-0.813374
-1.75668
-1.915
-1.43073
-1.31008
-1.8459
-1.55133
0.0545071
-0.0632595
-0.336042
-0.668248
-0.649123
-0.27085
-0.325916
-0.560979
-0.358796
-1.88686
-3.35831
-7.60785
-3.34612
-1.73026
-8.15775
-3.38451
0.900147
0.854631
0.655289
0.810962
1.08845
1.03314
0.913662
1.03696
0.268637
0.0823168
-0.0646688
0.375471
0.615914
1.04728
0.320901
0.287892
-0.186311
0.305353
0.714248
-0.143092
0.342632
0.483618
0.334844
0.439363
0.540364
0.436773
0.322944
0.382478
8.33506
3.56034
13.5357
5.0421
9.16136
0.666221
12.2821
-282.785
19.198
-109.058
139.082
-36.8522
50.379
69.2468
-19.6933
183.875
104.222
237.875
50.8483
57.8806
82.7349
-170.762
22.8852
-121.104
130.422
61.9872
70.0791
76.0058
110.782
50.927
114.461
-5.80653
-36.3115
8.52347
-14.5973
8.11902
-7.05307
6.17913
-74.4858
-25.7846
42.5405
20.4525
21.2275
17.434
18.9859
22.1575
22.9181
21.1277
-21.1656
-22.6731
-17.1053
-39.8533
-50.6149
-34.0233
-29.1246
-85.343
-86.5358
-82.0133
-47.8412
-91.3254
-67.1761
-103.682
-114.023
-55.1043
-112.507
-117.544
-105.828
-110.177
-114.014
-93.2768
-96.5457
-97.0215
-102.571
-140.572
-138.294
-140.747
-138.141
-141.591
-138.332
-140.725
-153.152
-150.096
-149.577
-150.733
-151.297
-150.114
-149.967
-132.945
-128.918
-132.152
-135.183
-134.011
-127.207
-131.822
-127.578
-128.318
-125.425
-126.493
-122.165
-124.463
-127.715
-110.059
-97.8007
-106.994
-116.734
-108.823
-104.465
-108.246
12.3127
-16.8507
-129.686
-154.158
-59.0815
-98.6139
-110.469
23.4607
166.491
-223.546
48.9153
-138.436
19.7559
-35.2299
-53.0824
-77.0205
-32.9136
-87.2241
149.281
-41.6822
-104.732
-36.6987
-2.96373
142.328
-107.653
-111.761
-92.3144
-109.096
-118.885
-104.486
-104.888
-140.464
-137.042
-145.173
-139.345
-135.213
-132.92
-141.501
-148.335
-144.746
-146.342
-144.36
-141.389
-147.594
-144.871
-120.883
-392.256
-121.606
-53.2015
-59.8476
-192.305
-437.732
954.126
1387.21
1292.78
373.584
969.457
1542.08
261.588
379.33
460.391
439.388
428.292
-22.5943
276.515
99.5764
143.809
216.097
578.143
111.631
356.619
508.345
-147.963
-146.096
-147.206
-147.292
-148.478
-147.874
-146.652
-140.39
-144.498
-142.131
-137.972
-139.245
-142.412
-140.714
-143.131
-143.065
-140.6
-143.103
-147.36
-144.26
-141.432
15.6142
15.8604
16.5239
16.6034
17.0253
16.4359
15.9719
19.5439
19.5512
19.256
18.7129
18.7655
18.3612
18.6149
12.1801
11.8294
12.7825
13.7882
11.9461
10.9259
10.4367
14.3291
15.0725
14.7698
14.5835
14.7588
15.0933
16.2103
14.6821
14.6513
17.6098
13.4809
-5.57939
6.54126
-3.22706
7.34635
4.55662
3.96452
-1.93297
2.51506
5.85799
-13.4351
10.8169
3.48112
9.97455
8.84857
-4.61651
10.667
-8.1537
6.50997
0.192466
3.72906
8.28599
2.59902
0.455014
0.544588
-0.271986
-0.526601
-1.23566
-1.22682
-1.95874
-0.723576
-0.593405
-0.931354
-1.06297
-1.08199
-0.660162
-0.859856
-0.957564
-1.00921
-0.999111
-1.01168
-1.125
-0.980552
-0.890545
-2.40774
-2.48417
-2.41353
-2.62468
-2.58144
-2.54877
-2.57731
-2.78605
-3.04756
-2.96331
-3.31446
-3.14651
-3.0081
-3.13496
-2.72941
-2.86864
-2.98885
-2.92705
-3.01551
-3.08353
-3.07041
-3.13242
-3.14625
-3.21031
-3.31324
-3.17358
-3.13237
-3.22927
-2.54724
-2.70451
-2.81921
-2.30384
-2.33455
-2.16034
-2.10168
-2.52871
-2.20916
-2.04493
-1.95997
-2.32572
-2.76396
-2.833
-2.77951
-2.6831
-2.76304
-2.70494
-2.63911
-2.94188
-3.06982
-2.86456
-2.61908
-2.14945
-2.64376
-2.77965
-2.75302
-2.76573
-2.58868
-2.34458
-2.67998
-2.81902
-2.73871
-2.92422
-2.8656
-2.68532
-2.13058
-2.57501
-2.59677
-2.69294
-2.94305
-2.90006
-3.0961
-2.24998
-2.17658
-2.26462
-2.41119
-2.47898
-2.45981
-2.48181
6.50833
-13.5408
9.20779
2.46981
-3.91893
2.50289
-9.42011
-2.84609
-31.9517
-5.50876
-3.08775
2.74459
8.0761
1.01876
0.662454
-14.86
-2.21873
-2.07158
-2.11976
-2.10483
-2.0998
-2.20954
-2.19776
-2.14108
-2.04555
-7.16133
-8.62962
-3.15957
-1.87898
-3.08658
-3.6156
-5.00563
-3.95041
-4.0459
-4.20217
-4.5893
-4.24914
-4.16965
-4.45491
-3.14582
-3.22542
-2.51727
-3.57447
-3.69328
-3.12365
-3.65583
-3.8703
-3.61021
-3.5223
-3.44709
-3.63735
-3.67958
-3.97894
-2.76992
-3.19812
-2.56845
-3.81
-3.59486
-2.19571
-2.17842
-2.52365
-2.5398
-1.84288
-2.20965
-2.68478
-2.66292
-2.56463
-2.4176
-2.68102
-2.8852
-2.91641
-2.69541
-1.96452
-1.76814
-1.80195
-1.56249
-1.7419
-1.58953
-1.78952
-1.57656
-1.73738
-1.72079
-1.58636
-1.40374
-1.7
-1.67402
-1.50881
-1.75711
-1.84402
-1.85377
-1.68014
-1.37301
-1.29497
-1.39718
-1.46875
-1.39528
-1.36458
-1.43162
-1.3106
-1.36915
-1.26687
-1.21224
-1.30419
-1.33565
-1.24237
-0.836964
-0.815052
-0.748633
-0.607902
-0.591857
-0.681125
-0.695428
-0.75489
-0.722129
-0.870889
-0.775196
-0.78422
-0.9325
-0.803009
-0.883405
-0.996682
-0.434944
-0.439605
-0.648568
-0.361405
-0.423423
-0.612134
-0.587536
-0.614038
-0.632357
-0.634909
-0.661638
-0.643792
-0.300341
-0.409755
-0.321179
-0.265786
-0.363184
-0.236621
-0.220616
0.699763
1.35623
0.92224
0.66437
-1.04209
1.12041
0.625398
1.24137
1.25978
1.28476
1.31318
1.24536
1.305
1.22602
1.01108
1.14456
1.07151
0.994604
1.0794
1.08183
1.0289
1.18606
1.22681
1.17646
1.22259
1.20867
1.13774
1.18741
1.23449
1.17025
1.01421
1.26051
1.22632
1.00347
1.05964
0.934614
0.95308
1.0274
0.810721
0.948512
30.7221
20.8201
23.5387
13.9689
20.8801
19.7244
22.7503
111.701
-17.9607
-13.9464
248.38
4.28391
123.701
-185.929
22.4069
-201.096
-9.88061
-118.492
112.285
-1.66966
-78.8252
-139.112
-83.2768
133.582
-43.7041
-136.846
-128.253
-93.7229
-25.7403
82.0672
-32.0415
-58.49
-17.4429
-66.5869
-80.3201
-74.8002
-172.555
-84.2068
-72.3909
-80.4746
-42.6778
-116.082
-49.8047
-80.5459
-129.824
55.9204
-75.8156
-110.241
94.573
-65.6014
-100.216
-90.7917
28.3413
-20.0273
78.416
-65.8157
-105.609
-33.098
2.14812
-110.205
-134.029
-66.7536
-112.783
12.3318
-95.7318
-92.1275
-0.247102
-47.3694
-123.363
-204.298
-230.944
-243.039
-198.728
-4.11002
-162.151
51.6622
51.9081
-40.62
-531.925
-139.422
-244.319
-47.4587
-72.992
-29.9837
-36.4
-35.8806
-26.9043
3.57686
69.3209
-8.4829
132.148
-39.1121
41.5796
122.535
142.385
191.351
299.578
173.629
-187.114
-66.823
-14.4496
113.634
-231.182
-120.378
-2.66792
71.9912
-107.945
-42.2102
-35.0374
25.5897
74.155
-148.981
-137.244
-6.75135
-108.965
-124.521
-116.241
-130.352
-125.814
-148.106
-104.153
-103.163
-123.118
-122.256
-90.4193
-75.2751
-123.986
-120.375
-114.302
-108.35
-68.5294
-15.7557
-37.1312
-102.232
-102.3
-93.9851
-115.729
-108.462
-40.9978
-41.6367
-14.5025
5.40432
-4.6829
-35.243
-27.9682
20.1203
19.9205
20.0531
19.7972
19.9625
19.7226
19.979
20.4158
20.9608
20.426
19.8499
20.412
20.8404
20.2865
19.5112
19.9627
19.0872
19.7196
19.7128
18.8488
18.8343
18.9396
18.7075
18.8392
18.5257
18.6681
19.9876
19.8351
19.9404
19.7483
19.9367
19.7451
19.726
18.4547
18.1819
18.4091
18.4031
18.2857
18.4368
18.5793
14.1961
33.6068
22.4674
14.2046
12.215
7.16765
2.92891
-0.0759067
-0.0857501
-0.217309
-0.252811
-0.0157346
-0.104118
-0.17507
-1.50647
-1.38837
-1.56682
-1.3095
-1.10119
-1.3694
-1.46143
-1.04948
-1.11496
-0.888756
-1.28616
-1.24048
-1.25457
-1.17503
-1.98131
-1.88312
-2.01868
-1.83758
-1.71655
-1.96926
-1.89526
-4.16698
-4.19663
-3.95879
-3.78422
-3.77113
-4.28728
-4.22999
-3.48332
-3.62051
-3.57819
-3.91573
-3.62171
-3.91882
-3.65951
-4.70342
-4.98573
-4.8862
-4.88747
-5.01479
-4.97047
-4.77856
-2.02926
-2.21525
-2.58723
-1.52134
-1.92995
-1.86653
-1.81755
-2.07024
-1.57227
-1.66309
-1.90203
-1.51443
-1.62609
-1.44528
-1.86635
-1.87285
-1.82443
-1.98743
-2.03125
-1.97476
-1.91115
-1.92772
-2.05858
-2.98652
-2.95849
-3.08344
-31.5247
-152.114
-63.1328
-45.6058
-49.2104
-78.3613
-154.739
-109.865
-68.408
504.727
1068.24
835.784
623.708
791.595
879.689
843.201
855.188
777.867
626.628
804.358
762.274
678.422
781.781
713.763
918.939
839.214
557.399
777.808
1007.52
841.827
633.478
-36.3732
-25.8851
-58.5986
-32.8718
-40.6143
-30.6474
-12.0538
-19.3225
-3.69282
-2.70562
-202.043
-3.26814
-86.1884
-5.76093
-4.33521
-4.40957
-5.12806
-1.47635
-2.53225
-3.72974
-196.376
-204.648
-143.192
-198
-224.205
-101.21
-124.62
-54.7559
-29.733
-27.7347
-26.4575
-30.9565
-66.8037
-1.89528
-2.45069
-2.92797
-2.73356
-259.342
-186.462
-234.991
-513.019
-529.752
-502.742
-504.279
-478.252
-504.35
-512.851
-488.237
-494.419
-479.775
-496.56
-496.639
-487.863
-474.573
-496.338
-511.38
-494.908
-476.57
-455.662
-520.343
-535.054
-525.544
-483.538
-514.504
-509.8
-536.168
-516.048
-503.694
-499.823
-523.076
-512.622
-504.632
-506.965
-505.722
-479.682
-497.069
-498.131
-517.737
-541.315
-526.624
-526.287
-515.478
-509.661
-454.785
47.7532
-8.42676
-39.5141
-45.7556
-36.6213
-80.1744
-40.3446
-163.101
-94.601
-97.535
-112.796
-130.346
-74.1841
-114.514
-153.342
-126.722
-3.42077
-3.30208
-3.32305
-3.1718
-1.34384
-1.73057
-3.04319
-227.119
-178.942
-219.075
-129.072
-178.309
-146.851
-211.268
-113.558
-130.925
-194.976
-2.91461
-3.07705
-2.81319
-66.5648
-38.717
-64.1568
-121.478
-16.3745
-172.327
-84.3948
-69.2746
-138.711
1606.91
1918.45
1872.16
1542.61
1957.28
1619.96
1887.55
1674.48
1629.93
1711.22
1935.13
1705.08
1423.02
1834.59
2067.99
-69.4152
-21.4878
-37.2672
-155.217
-4.63509
-80.5479
0.767064
1.1106
1.53184
1.91141
1.41934
0.906745
1.27408
1.68554
0.0986998
0.0231556
-0.715107
-0.579187
37.1058
1.3512
-0.484407
-0.586485
-1.65378
-0.602709
-4.83243
-6.59567
12.2077
13.258
11.5309
12.4874
-0.584903
-0.623454
-0.546649
-0.427554
2.66524
2.97629
2.1417
2.45952
-0.0932051
0.0951169
-0.0317656
-0.278796
-2.08121
-1.8399
-1.96377
-1.71796
6.7363
7.96536
10.6303
11.5493
4.61795
5.055
4.90583
5.17881
0.302821
0.613522
0.280689
0.690895
5.51639
5.51362
5.64053
5.76378
5.28403
5.58089
4.93366
5.23085
20.4531
20.9082
20.7058
-0.129048
-0.0866223
-0.113141
-0.0235761
1.33369
0.805489
1.2909
0.66685
0.833737
1.03613
0.956883
1.15299
6.21637
6.74562
5.76382
6.45053
7.24295
7.52059
7.27241
6.82583
-0.985271
-0.785806
-1.1455
-0.995477
10.713
8.18801
10.2329
5.88986
-0.692107
-0.498772
-0.638297
-0.331307
-0.750155
-0.754457
-1.50275
-1.57527
-0.202798
0.182191
-0.172254
-0.039413
0.152479
0.274316
0.263877
0.393456
-1.97522
-1.75272
-1.91521
-1.73496
15.4764
38.2615
33.6159
44.3008
1.54966
2.21075
16.6318
16.1355
0.818468
1.1219
0.567141
2.31619
-0.994995
-0.963397
-0.950747
-0.855898
-2.49086
-2.6187
-2.62246
-1.32335
-1.21305
-1.46504
-1.39441
-0.590363
-1.04217
-2.55133
-3.08236
39.367
46.836
29.8947
33.2041
6.7283
7.61558
6.84153
7.42038
12.4753
9.49054
12.8374
2.2541
-2.53779
-2.88174
-2.39467
-2.00121
185.282
154.586
227.019
202.409
-3.05473
-2.69263
-2.78155
-2.3503
-2.85725
-2.8783
-2.80965
-2.7905
0.500216
-0.837122
0.0609295
-1.27497
-2.2811
-2.41674
-2.86896
-2.76985
190.445
157.396
132.375
95.5551
-10.0655
-60.0225
-53.7165
-81.0149
-2.18632
-2.12104
-2.29215
-2.29781
-2.36154
-2.30122
-3.014
49.2465
50.0692
-0.154039
-0.203829
-0.20694
-0.228424
0.116932
0.0208418
-2.77549
-2.8628
-2.86502
32.9745
34.2733
19.0884
26.2551
0.838582
0.518556
0.53701
12.1956
1.76558
-3.58696
-5.74708
-2.30531
-5.12745
-133.56
-133.281
-134.829
-136.209
-138.14
5.53316
5.51002
5.19164
5.4317
4.59869
4.3302
4.65411
4.39095
5.25053
4.90943
0.523734
-0.403233
5.41735
3.56537
3.46622
-2.16271
126.649
8.43538
-69.8147
1.13577
-1.42546
0.79609
-0.0477116
89.8057
6.35442
274.725
5.14102
-2.40187
-1.0874
-0.0132922
-37.2592
-0.464267
-4.0024
23.8458
2.27617
-0.14123
-1.38423
2.60159
-1.9796
0.920082
7.94257
6.47776
-3.46043
-1.37307
223.106
17.6959
-0.0750291
-2.06909
497.757
17.9953
654.573
-0.563702
239.895
53.2337
38.1329
1.51829
-150.008
351.143
66.6308
2.45773
69.0518
4.21374
10.7402
0.0904502
2.86752
10.769
2.62272
10.3435
19.8032
24.7997
1.01962
92.9296
83.1381
18.6772
13.3567
18.0156
0.164681
51.5063
1.49186
-1.40518
-0.576546
-2.64034
-1.55665
-2.4997
4.38407
-0.643161
-2.33064
5.97525
-0.628468
16.3176
-1.48442
-2.63684
61.5911
-1.23531
0.440346
-2.07945
-2.13224
3.32363
9.21205
-3.08555
1.34749
-0.89945
25.088
3.72892
27.9034
-3.27245
-3.13972
3.83757
14.2218
19.6249
-3.11484
-3.30678
-1.16426
-3.18933
-3.01706
-3.34504
-2.38099
-3.108
-2.32775
39.5445
-1.95596
4.56725
-1.26035
-1.65522
-1.13945
-3.164
-2.50397
-2.644
-2.59907
103.842
-1.65586
-1.17024
-2.13037
-1.64366
-1.07346
-3.50364
-3.21043
-1.62488
-4.58927
-3.172
-4.30632
21.753
105.685
-2.84217
-5.16163
-1.78782
-1.12123
-1.69467
-2.1209
-1.15768
-1.91264
-1.91343
-2.17785
-1.90482
2.782
-151.185
30.0341
13.5813
3.46
12.6689
-4.44999
-2.55331
14.388
-3.19091
0.448281
5.53137
-3.95901
-0.49303
-3.27602
0.497157
-0.609265
-2.38667
0.161784
6.08076
-0.865343
8.21161
-2.38558
-2.80671
3.00084
-2.53796
-2.65854
4.51467
34.3111
-0.528044
7.53771
0.516422
6.92822
-0.395083
0.74193
0.648642
13.1761
0.866978
0.895012
1.4666
-0.861114
-1.11727
-0.565294
-2.38207
-1.27057
-3.47472
-3.30191
-2.86
-1.65857
1.56953
-1.03046
53.7302
0.103786
-0.0708355
-0.067224
-1.06334
-1.09438
27.736
-0.166452
6.9774
-0.122386
0.375692
0.0113136
0.14969
50.3728
256.707
0.645203
-0.0651732
17.7799
0.39382
0.231097
-0.0949483
12.851
0.533986
0.536821
2.24271
-148.104
0.175477
-1.47552
0.145558
-2.3736
0.5017
0.383014
0.189943
0.0956719
-2.82074
-2.20321
5.16239
0.0682885
11.828
-1.86741
3.37793
-1.52773
10.4367
2.67796
1.72169
0.429033
2.04589
-2.42788
0.43156
0.48238
2.05464
3.69494
33.3305
701.493
380.124
224.646
15.3573
131.936
0.342892
20.7281
25.7674
-3.44328
44.0308
-1.23079
-2.94554
3.89634
7.24022
38.09
70.972
62.4881
7.4358
81.3541
1.72068
60.0903
599.161
979.178
1.31772
150.853
1.11529
-1.97861
1.20524
-0.107088
-0.0762118
0.203366
0.0393162
0.548038
5.75274
1.28656
1.33332
-0.0670022
-0.123066
18.5309
1.23159
1.09662
0.201614
1.2064
0.702226
0.31835
-0.06868
1.18518
1.47001
0.433191
1.98313
7.70237
1.20243
1.27568
0.795152
0.45
1.26247
1.24595
0.592807
-0.260861
25.5037
1.02949
14.3909
1.56789
0.668243
-3.68302
9.84865
0.833959
-3.21055
0.345261
0.285201
6.48806
-79.1452
0.410724
6.48361
-2.34365
2.52346
1.21607
1.04755
2.4268
5.23116
0.243412
-136.626
35.0404
27.1522
28.4518
0.0938819
0.777044
7.96195
0.8945
0.688555
1.04002
0.931027
1.12338
19.4475
2.67455
0.250555
-2.72556
-2.52388
3.06238
833.617
-106.346
1251.47
-2.90769
41.9844
-84.0231
0.823254
142.93
1.16616
101.903
0.358766
9.23696
5.07256
9.49843
0.225849
0.0468485
0.384583
56.8167
0.252126
5.41994
-2.377
-0.27416
-0.000489384
1.17399
0.0704545
0.854275
0.7805
4.96487
-0.195368
0.132987
-2.34818
-1.60902
-0.428429
-9.36056
0.234302
0.0863952
0.572416
-1.10247
0.554821
-0.531967
1.16422
4.69807
1.16136
-2.86275
26.5478
-0.480909
7.84417
-1.89451
-2.37127
-148.956
-0.544457
1.44427
-127.305
-1.52348
-0.47585
-0.806293
-0.548908
-0.660269
-0.594647
0.251345
4.10712
-1.98957
-2.63216
8.61835
0.230539
1.05116
25.0379
-0.257269
0.579623
3.19026
59.1127
-0.444441
27.5962
5.0901
17.2616
-0.417945
-0.290529
-0.230728
-0.169078
-0.664599
-0.579093
2.1052
-0.588687
-0.925577
-1.0204
3.17202
1.87119
1.0291
-0.436858
-2.68784
-1.13472
3.5374
-0.630802
-1.54563
-0.707753
16.7425
0.943654
-0.674279
11.6089
3.11715
13.7129
3.44635
-0.379652
1.03724
-7.99227
-2.56256
-1.62892
7.68199
5.13004
-1.04953
-6.48476
1.04479
12.9005
-7.54931
176.503
-8.99697
0.038521
2.9332
8.86713
-3.91441
-0.337813
2.4209
-2.74645
2.9293
92.3312
168.248
8.52287
5.48729
70.4467
0.911954
-0.634303
2.12867
-2.76941
10.753
-2.80213
4.05346
22.6549
2.87809
20.9005
-2.00532
21.3726
-2.67811
-28.9521
22.8268
0.471272
25.2798
15.41
28.7199
-137.887
221.242
-0.025805
230.848
263.919
84.2873
75.5281
58.0728
-2.18083
210.758
-1.19857
230.8
188.345
183.164
178.009
-0.0330546
16.0774
20.296
8.54285
8.28791
0.565397
1.11482
449.24
0.2369
0.184415
30.3545
0.693948
2.55672
5.31078
14.0987
4.91613
61.2341
34.0719
-0.72526
6.83857
0.830985
-2.16798
12.0079
31.5065
27.8965
-138.478
14.5138
1.36587
-0.581707
0.363259
2.74884
3.21979
68.5027
-1.78292
-129.505
16.7482
3.19041
8.68175
0.168741
-2.72225
-0.250673
11.0762
11.9927
3.31363
2.97956
-0.36969
9.69346
-0.698691
-0.129309
3.97915
36.1905
12.4588
-1.28378
0.532139
-2.05381
-0.298388
-0.674932
12.9613
-1.96925
-134.293
39.405
5.22881
-5.12867
-0.902298
-0.462165
2.26842
3.34728
-1.58571
-0.897856
-1.76621
-1.54996
-1.84381
-1.99377
59.2893
-0.582386
-2.52156
36.2084
-1.96275
23.0983
-7.6965
-1.13731
-3.58701
-2.78436
-4.87444
-4.17791
-2.24561
27.8534
-0.988217
-2.5564
-3.22182
-3.35386
-2.23618
-1.96663
-4.68832
-4.55872
-3.92833
-4.12518
-4.21797
-4.36754
-5.05365
-0.592049
4.90058
-3.3887
-3.58218
-4.14911
-3.43183
-3.30279
-3.14327
-2.93709
-2.7666
-2.13873
-1.97167
-1.99574
-2.40723
-2.2436
-0.796792
-2.81506
-3.43338
38.2887
19.5907
-46.1997
-1.2601
16.2593
-0.891325
0.132292
-1.04615
-1.09841
-0.513608
-1.00886
-0.526411
-1.05943
0.00904016
-0.736305
-1.29102
0.351144
-2.00521
177.629
-2.07668
-1.81814
-3.81154
-3.1237
-0.99469
-2.71147
3.78492
209.214
27.192
4.85177
3.17569
-3.25725
-1.60717
-1.46628
-1.76179
-1.24567
2.63644
-1.25162
-1.45383
-1.60439
-2.23574
-1.76676
-1.76877
-2.43113
-3.41625
-1.69092
-1.02116
0.184443
-1.82971
2.92523
19.1788
-1.88248
-4.40855
-0.132883
29.0337
-2.60755
7.06779
7.3549
14.2773
-2.10763
-1.71123
-1.7285
-1.51283
-1.83247
-2.95637
-88.0385
-2.13748
4.65341
-3.94773
-2.42757
5.46249
-1.98915
-3.22623
-3.43957
-3.07898
-3.4089
-3.80657
-2.80779
-2.79946
19.7889
-120.314
-3.63156
-0.747732
2.27646
2.57243
-2.71085
21.6253
-2.60603
-4.62955
-0.00850267
-2.64791
-2.86653
-3.04519
-3.30924
-2.80515
16.5544
-2.7889
-1.92323
-2.63041
-0.0948812
4.2041
-2.8285
-2.68215
-2.67155
-2.62932
-2.66452
16.3849
-2.97648
-2.72739
-2.63174
-3.10703
14.9573
-2.70585
-2.74518
-2.79522
-1.98248
28.5541
-2.50927
-2.55227
-2.52927
-2.56219
-2.6021
-2.5417
-2.41882
-2.47305
-2.73622
-2.70812
14.1791
-2.38973
-2.69322
-1.8343
-1.67855
-2.6026
4.64749
-2.61794
-2.64691
-0.667676
-2.71558
-2.64356
-3.02632
-2.64866
386.078
8.16778
-3.40952
-3.70372
15.6119
-8.68626
-1.2626
-81.6418
143.311
-2.78578
-1.43371
-2.76619
-2.732
-2.99814
93.4334
-2.59077
-2.89577
-39.556
-2.77269
-4.14663
-2.53712
-0.246467
0.317866
22.4565
-120.249
4.44693
-0.966413
-107.665
-0.810077
-1.1382
-1.02982
-0.716553
-0.447136
-0.201815
-2.83345
-0.874381
-0.321828
0.00873017
5.91425
-1.33786
-0.0786116
-1.17837
-1.82199
-2.73461
-1.97133
-2.82773
-0.73451
-1.37063
-1.51018
-2.30842
-2.50919
4.35342
-2.29361
-2.19484
-2.42286
-2.61365
-2.36121
-2.50371
-2.40531
-2.88316
-2.1269
-0.208239
-2.34393
-2.40117
-2.48379
-2.44009
-3.02516
-2.60974
-2.32976
-2.16843
0.810436
-2.35516
-2.59537
-1.81559
-1.42574
-1.71699
-2.09245
-2.27221
-1.45865
-0.107034
-2.84957
-2.48466
-1.83512
-76.3551
-1.01217
-8.12913
-2.57927
-2.45098
-1.73858
0.649805
-2.59395
-2.07528
-2.52577
25.5687
-5.70091
-0.527625
-1.69088
-10.6392
13.0075
-0.344097
-1.59765
-0.453034
-5.51045
-1.53423
-0.742163
0.369181
-0.0967961
-0.635116
-0.148147
-0.171446
-1.23229
-6.37592
8.26334
-0.727851
3.32337
-0.46777
-4.67572
-1.0208
-4.30247
-9.81125
0.0159433
-2.20944
-0.0151524
139.876
-0.136773
-1.07725
26.1165
-1.25866
-2.31429
-0.853526
-1.19264
-1.72005
-2.81173
5.2494
-6.87467
0.576719
-1.63837
0.0524221
4.3707
-2.12288
-0.455485
6.03359
21.5781
8.69298
-137.381
-2.60299
10.6587
3.45016
0.878418
3.08531
4.1302
16.7631
2.9112
3.52562
4.24499
4.33498
3.27397
5.87296
-4.13904
-0.193671
5.99508
3.96303
3.69447
-0.260638
5.16695
3.06614
5.30746
11.5925
-2.1416
7.28057
6.95323
-2.31785
3.0696
-5.48924
5.11869
-2.22399
-2.49829
4.05234
7.63822
-0.270063
2.73577
0.991391
10.1936
3.25004
0.186515
-2.80772
3.49225
5.34945
-1.85505
2.72545
-1.24892
1.69007
-3.04281
3.50416
2.90597
1.93565
3.29152
12.8166
2.88049
-3.11927
2.73825
2.11593
1.66366
-1.58341
5.93828
4.86299
3.56922
3.01399
3.68073
5.17808
2.97909
1.35975
3.05968
2.98984
3.09969
2.95084
3.41727
3.59249
3.33739
2.23468
-2.16133
1.74901
3.32934
2.65124
2.14029
6.37414
1.87062
2.86654
1.82754
3.70146
-116.419
2.68574
3.09017
1.32494
-93.5564
4.12464
7.07829
3.52471
3.62803
3.65917
2.9187
3.57471
1.77148
2.45776
3.65829
3.62849
2.30126
2.40316
2.3547
3.13555
3.20328
2.97244
3.03359
3.24707
3.23456
26.9089
0.266222
-3.13721
-0.880361
3.36512
3.29362
3.42464
0.894805
-368.016
3.25151
-2.64789
-0.759286
-2.64849
1.23592
9.36227
88.7321
3.94591
-2.35439
-2.35619
-2.65723
-1.03227
3.12503
-3.15778
-1.76529
-2.30609
-2.04837
-2.34595
-1.39133
-1.11236
-3.40665
-1.26694
-2.83012
-54.1749
95.9803
-2.12799
243.767
10.9334
3.03061
4.60155
-2.72576
2.57644
-146.287
14.9387
-3.12162
3.23847
-0.692149
7.6572
12.4656
-1.14108
9.45922
-2.73645
3.88926
5.18029
-1.2609
-11.1107
14.1394
4.06682
0.259245
-1.61507
-12.5517
0.532106
0.338742
1.24538
-0.0785978
0.243331
116.875
2.76923
3.61817
3.96774
0.932143
0.65304
-93.3688
0.359809
0.131322
0.0592858
-0.311878
0.442523
-1.41925
-0.0832235
-0.935425
-0.782318
6.11904
6.34641
-1.60885
-1.38306
-1.51046
-1.90615
-0.0754374
-0.885118
-0.608865
9.81383
-2.36732
-39.2744
-1.91711
-2.36835
-1.75647
-169.75
-4.12361
-4.04327
-273.969
0.0723364
-4.57836
-3.30259
0.484914
32.812
-5.43603
1.06305
29.9602
-2.31215
-1.63431
19.7016
-2.94493
-3.42688
-2.7309
-1.94512
-0.962214
5.84399
-4.87366
-1.37024
-2.55787
4.03866
2.97282
-1.00204
-5.00512
-0.0408175
-2.46194
4.58435
0.641685
3.06417
-1.6163
29.4371
0.00694254
-1.29856
1.23618
-0.826119
3.74721
0.282888
-0.85564
2.78174
1.92838
6.24501
48.4178
-0.275097
-2.65669
-4.44349
-2.66496
6.16658
4.97917
-0.847397
-21.9444
2.47653
-0.285681
5.73122
3.07156
4.93156
3.22106
3.87076
1.18377
1.13786
2.32671
3.59372
-4.80833
-3.16044
1.09643
1.29466
5.55614
5.88055
-4.85509
5.5868
5.60297
0.60369
5.66666
6.00916
5.44314
5.19173
6.74051
4.23601
4.6203
4.06844
4.3194
4.67166
4.79066
-136.035
3.37361
3.10165
3.63037
5.52834
-2.70016
7.27259
4.70843
4.90325
4.67776
2.97423
6.01036
4.92269
3.88487
3.1943
7.59423
3.28187
3.71794
4.10651
349.475
3.57518
3.37988
16.4592
-3.15082
3.09457
5.15091
6.04746
4.9533
5.4224
5.7048
21.549
5.36025
5.91602
6.02965
5.04325
0.536241
4.97157
0.247862
5.55967
5.59961
5.62339
5.60495
5.74556
5.80199
-145.599
0.528525
-0.528645
8.04637
-46.085
-2.90843
5.69165
8.35012
-0.0987154
-0.170997
1.00583
5.10963
-2.70932
5.2745
1.91873
0.634817
1.88576
8.84571
-1.39656
45.213
14.699
3.36422
-61.2405
8.10107
-3.47515
7.22392
7.63314
8.68358
10.29
-151.078
6.36001
10.6842
7.85158
3.76227
5.87953
7.86094
21.7899
29.7227
5.31751
31.9505
4.18155
-0.225996
-0.888255
-2.90002
62.8181
18.5942
33.5454
-1.07061
13.899
54.3358
-0.0725814
-7.5381
66.7396
77.3676
101.448
178.357
111.752
0.28768
52.8418
160.563
29.7929
127.411
103.622
36.808
63.0471
5.90608
12.3785
7.63883
12.2966
-1.2587
7.51753
9.69586
7.99536
26.9632
10.6328
-1.64714
40.8909
-1.10836
47.0789
16.9326
-95.7737
-1.15665
10.4176
10.7299
6.06171
6.58778
6.67654
9.14639
9.25572
-2.60828
0.092186
40.4934
6.82495
6.67704
10.8514
8.73206
12.1888
6.2165
12.4118
11.3575
13.0302
13.2647
13.8153
12.1681
14.2413
14.2534
11.6648
12.1707
-114.73
5.83154
-2.07531
8.51236
7.79656
-0.719996
6.52693
6.27045
11.6614
5.64642
13.9491
12.7099
11.7886
9.19135
14.7844
13.3852
7.41612
13.9295
13.8236
-1.89612
15.2456
-6.49306
14.9073
15.1676
15.9966
9.25207
7.83263
-12.8026
-36.1217
-13.8492
-7.94272
-53.417
-116.419
-112.037
10.07
12.9458
13.8057
-66.08
-87.9834
4.44366
-0.165139
-111.915
-112.35
-130.339
-82.7047
-123.042
-116.754
-103.863
65.5819
23.6542
-134.882
-2.04743
12.2275
-96.4758
-16.8893
13.5594
-123.079
-18.8318
-22.1821
-138.107
-0.523783
9.62616
-83.0157
4.70867
-51.2868
-46.328
6.10162
5.02782
-55.8493
17.7997
-28.2334
14.7508
12.9148
12.8536
-129.689
43.84
-121.428
-144.053
-131.545
-119.443
-145.681
-143.767
10.9108
15.2078
-139.11
-143.636
-48.7696
6.89599
-141.182
-118.869
-135.823
-118.728
-48.851
-138.816
-132.72
-143.193
-147.917
-144.403
-143.966
-151.568
-1.12683
-142.046
-145.736
233.858
-141.553
149.164
-129.842
-143.083
-145.903
-125.945
-143.735
0.697902
1882.89
789.753
1363.24
9.41872
3.55546
-129.994
-136.276
-81.3786
-104.388
-104.14
4.45257
-127.939
-109.993
-113.618
-84.6797
-118.15
-141.627
-78.8972
-124.715
-103.181
-138.64
73.3545
204.013
6.20961
-131.255
-128.325
-141.702
-120.06
-132.564
10.432
2.33919
10.6346
-2.23675
-9.40621
-124.69
-141.126
-91.1574
-92.2473
-154.858
-146.18
-145.412
-147.577
-113.506
-144.88
-128.315
-136.913
-134.387
-128.706
-145.682
-3.01532
-93.6199
-149.954
-126.032
-147.279
-47.4609
-103.785
-80.4603
31.6871
-117.414
-67.8927
-129.226
-75.5533
-3.78207
-24.7997
-132.199
-131.125
-13.6602
-116.594
-20.9377
-48.5253
-122.348
-144.692
15.7522
20.9853
8.83013
19.6484
21.6657
-143.954
-136.085
23.1702
22.2182
24.7196
19.5099
-124.031
2.52171
24.5905
23.8766
25.0647
25.3473
25.2834
-116.007
21.8602
20.447
24.708
24.7214
25.086
25.1264
18.1426
24.9876
-38.4893
25.3588
20.3492
23.3689
23.6824
17.2352
22.4718
21.5654
20.2693
-3.40237
25.4432
-43.2045
73.9073
19.8929
21.5539
24.5849
25.9093
25.6923
20.7381
2.77361
24.6595
23.9756
25.0288
-69.0107
24.9125
22.0797
23.3456
56.8074
20.0658
-120.793
66.9251
23.3999
22.7743
24.3374
-2.45996
44.7826
72.1347
33.0392
-137.979
25.0684
10.3074
26.2902
26.1105
23.4946
11.4451
26.2713
26.014
55.1062
21.9677
21.6028
122.81
25.7395
25.7767
113.332
31.7784
36.6117
2305.83
-2.78983
-10.3524
632.402
639.161
10.7982
250.273
32.7088
126.596
7.40599
64.2767
-1.27806
-1.37265
-138.227
21.841
24.9031
25.3418
25.1644
24.5202
-151.415
24.3934
25.4878
24.8168
25.1955
24.492
23.2281
-1.31369
21.9487
24.0168
-68.5958
25.5899
25.0798
23.3122
25.4449
24.1778
25.8659
25.7859
31.3493
26.776
25.2903
28.604
25.7044
20.2081
25.064
116.166
19.6509
20.5544
-135.37
20.6789
25.338
1.24812
-2.70583
46.0516
0.566985
12.2297
11.1459
1.1169
42.682
0.463596
28.8888
0.0867326
5.36732
120.732
-3.08765
22.9656
22.6756
0.256459
17.5537
-2.58689
12.2794
18.0989
23.71
9.75708
16.8837
19.4541
22.4074
12.1955
0.969396
17.9895
21.9963
5.00564
23.1321
26.0751
13.9649
1.18512
1.31424
1.39754
17.5958
18.8647
15.2066
18.24
16.6718
19.5619
3.60154
-120.438
3.23557
1.20035
1.18137
16.2166
9.83424
10.4621
10.7059
3.40919
5.4731
6.77466
8.59416
3.1895
12.9043
15.5839
0.219734
17.8282
7.39446
11.9136
11.8046
16.9468
-2.52773
5.33044
14.0754
17.9209
-0.653359
15.8715
12.2747
9.81049
10.9578
1.00855
4.53608
3.0728
3.14907
13.3147
6.5454
20.1684
14.7591
13.7025
2.67501
2.52648
3.58931
4.31813
5.42339
-0.0612853
3.26022
3.84005
14.5737
2.76923
0.485977
-52.7032
2.68584
18.5767
-3.79609
12.438
10.7614
16.6978
17.7655
14.1486
17.1216
-130.22
-125.684
16.1201
17.1426
-9.52031
14.7416
-1.86067
15.2267
13.5857
17.5051
-58.6017
-50.2319
146.156
18.1754
15.8864
18.7369
23.5573
25.2094
32.6534
20.013
20.3031
429.345
6.19649
20.2805
19.5237
19.9391
-0.193814
-4.07423
20.2623
19.8194
3.61559
12.5014
2.89681
4.79546
14.2107
20.2253
18.6152
17.383
-20.6151
15.6594
-2.06015
20.0577
3.17906
18.2073
15.0161
-1.97985
15.8972
20.4939
-62.5695
2.98485
19.2676
16.8357
-7.90831
9.70502
11.1368
13.1864
19.7908
22.1751
10.157
4.89722
3.59308
2.83178
14.3981
6.8964
5.1915
3.09246
3.17208
2.78046
19.8832
2.97914
15.6729
14.8034
19.255
19.3423
2.83855
16.8546
4.7254
9.04236
6.04104
9.90194
5.21013
16.1935
19.3788
7.85576
8.81619
3.02557
-0.0346806
20.7616
10.8363
45.5207
13.084
-127.036
19.7923
20.4068
32.4936
29.2548
4.1479
21.4831
4.0701
25.2788
-1.69408
289.263
14.2089
25.3123
2199.81
13.5513
24.0119
42.5884
28.2198
76.4537
26.7236
25.4897
47.0397
35.8661
27.0956
-2.29522
-147.881
-307.721
20.6493
44.6647
27.9466
26.1866
25.5232
23.3044
31.1432
22.9698
21.2049
107.544
24.9421
20.8033
21.8074
24.189
-2.90902
-84.3835
-118.515
-0.693696
20.2583
19.2424
15.4603
10.5136
20.8675
-3.00588
-142.334
-14.5904
15.4411
15.0379
19.0107
-11.638
-56.5267
13.1739
21.0592
-123.512
-131.334
-149.329
-2.9106
-94.345
0.950714
-42.2817
-91.7888
-115.68
21.4525
25.0194
22.1486
29.5943
-1.47335
26.5297
-141.521
22.6742
33.3287
25.3031
21.7197
-142.263
-113.916
-0.25019
-140.228
-37.2557
80.0632
-138.036
-128.121
-4.51048
18.7415
-73.588
24.9581
-33.3912
-131.943
-103.307
17.8667
-135.968
67.4913
276.869
164.736
-130.931
-137.07
3.19723
7.12588
59.7805
0.613275
2.55778
-111.099
-139.887
12.7269
-69.4568
145.951
-118.027
39.1793
11.0794
-147.166
-6.83386
-65.3172
-65.4752
-143.653
13.8084
13.8153
12.7493
-134.507
3.46428
14.3323
-109.089
21.4963
18.5884
3.6205
17.7596
10.0788
14.8128
21.802
18.2936
12.4954
4.37602
18.3548
8.36696
4.44448
11.3593
9.48329
-2.88693
79.1721
2.661
6.39377
15.5038
9.7538
10.2859
-43.0988
-74.4313
-114.011
1.9325
-3.39098
10.5464
80.902
-81.1209
13.4041
-34.1395
128.69
-0.157404
12.8922
5.57784
5.7698
11.8079
7.08308
-1.21445
6.22077
22.182
8.31084
479.248
12.5937
0.694494
1.0858
3.4173
-0.0113499
-0.643236
-2.2018
1.54714
8.24561
4.74377
17.8421
-1.67941
4.93897
0.491081
-15.4765
-2.06633
9.1849
-1.7602
6.1999
19.4443
0.348517
-51.213
20.2458
18.0309
26.7403
1413.58
-2.72356
3.93552
-1.01618
12.7335
-2.63981
-0.476523
-0.661202
4.87587
4.61274
-2.92098
-2.95076
22.2861
-2.4835
6.37499
19.6287
-1.05529
4.42817
-2.52521
174.346
4.90894
-2.1654
-2.634
5.52036
-3.24299
-2.36828
2.91116
-2.86062
-2.6087
-2.00319
19.9587
-2.60599
0.969541
-0.405304
7.17826
-0.163632
2.84065
0.318512
1.93047
-2.55808
5.7393
-1.93531
-0.121658
-2.42917
-0.015584
-1.13601
6.74126
1.11385
3.34037
7.67011
-4.15719
-2.9409
0.992267
7.9077
-2.44279
5.47426
-0.71061
-128.871
-2.53325
-2.23178
3.9836
2.67571
-1.85096
-10.892
-0.653668
2.10584
6.47351
-1.35778
0.526563
-1.55875
-2.5672
-75.5432
3.20085
4.60642
-1.4153
3.89533
-2.27281
-2.6127
-2.35034
-1.50042
-4.1433
-3.56207
-232.949
10.3983
-1.7186
-2.65094
-1.0913
0.502949
-1.40753
-8.10411
-3.69663
-1.89456
2.76718
0.231933
-0.518207
-4.60827
-3.03822
-0.159006
-3.04274
2.83722
-2.92229
-2.64217
-2.16185
-2.62502
-2.21537
-2.93077
-2.36931
-24.8224
-2.53698
5.77059
-2.71222
-1.92445
-2.5077
3.16986
-0.849098
-2.26881
-2.17699
-270.296
7.55953
-0.923553
-2.18572
-1.08225
-4.22323
-0.524132
2.81541
-2.54951
-0.692411
-2.38582
3.13573
7.64028
2.4705
-1.35911
-4.08175
0.0500328
-2.85166
-2.26679
-5.0719
-0.121505
2.17128
-134.41
-0.321672
3.24291
3.28337
2.84152
6.95444
-1.80443
3.45809
3.82654
-0.888461
872.581
0.572947
-0.0743051
4.60759
11.6652
5.35637
-2.11248
23.0048
-1.6446
-1.27698
-0.928713
1.72727
-1.4891
-0.577279
120.623
-3.54563
2.89201
-1.11863
3.11988
1.95718
21.2188
38.8745
16.2581
29.7867
5.02686
0.251937
-3.21364
215.64
0.539642
17.3967
68.1714
-2.57591
30.8052
2.09874
-0.151729
-0.931628
-2.90817
5.44266
4.56603
8.66129
227.925
-2.60202
-2.96066
7.36907
-6.46066
3.12951
67.6764
55.3679
1.71464
-0.0512705
1.04127
4.43279
-2.66277
-1.99493
0.725151
-17.3638
-3.55979
10.9496
-1.12759
-0.864982
1.84725
-11.3474
4.01441
-3.31995
-1.89867
15.3486
24.7226
-1.79086
4.73082
2.92
-1.74586
1.0316
49.2898
-1.5426
6.9864
3.12303
1.56753
0.416339
-0.671584
-0.157834
2.18689
-0.375343
1.19492
2.54351
0.0440273
1.06673
1.22003
0.574494
0.352311
-0.514817
0.619133
-0.352224
-0.176416
15.6033
-0.63465
0.0367051
5.16664
-1.07384
-7.73609e-05
-388.406
17.043
16.6773
-0.112309
20.357
-0.976409
2.30042
-2.62573
-1.51725
2182
15.4509
0.455253
63.4986
22.072
-26.1379
301.254
1.92619
25.1724
1262.16
28.3433
0.681883
-1.47446
664.325
2.93236
-4.2596
22.0307
25.8866
-5.39106
-5.45841
19.4831
-0.0580275
0.557619
3.38239
-0.583803
-1.00268
-0.25017
0.324981
-2.90324
6.63239
-3.15473
-4.84314
1.95275
-3.25806
-39.8863
0.782301
-1.06972
8.859
0.611383
-2.26967
1.02989
143.012
367.944
0.0796956
64.9735
50.8961
55.1803
-2.53744
-1.84726
6.97363
-0.980452
-0.311172
7.86266
3.99281
-0.071267
-101.399
-3.0595
-0.0582625
-1.913
25.462
-3.07984
6.96014
-3.25416
3.90056
-0.641498
0.0563829
-3.02176
5.52734
167.665
-2.56423
-2.95878
-2.86681
-2.94704
103.39
190.676
3.16315
5.60829
6.06495
3.27902
7.45419
15.5674
4.81805
3.85778
-0.977789
25.3015
-23.9237
-3.04879
271.599
-1.48862
4.29608
258.839
29.6801
-2.95154
35.3526
276.175
5.52423
-1.27478
170.479
-3.17954
-1.38841
18.7002
-1.57603
-1.75335
-3.47956
107.101
-1.66753
0.554989
-2.81696
5.26678
-0.984647
301.449
0.935339
2.43157
8.67336
-37.9933
3.49785
0.563769
14.3079
-2.8639
0.673917
-1.23136
4.5551
0.573398
3.3155
10.2505
4.76134
0.174953
0.188899
2.20234
0.596884
-3.61703
-4.82562
22.4177
-1.01717
-0.883808
-0.744274
-0.0334208
3.09113
12.8062
-0.338601
-31.2579
-2.71906
0.202553
1.40343
-0.599098
2.57835
-68.276
11.5673
-0.848745
-7.98332
3.02376
-0.367132
16.8319
2.62648
7.12547
0.219781
-0.204778
14.5298
-1.84403
5.94151
27.2161
10.3164
6.31906
-5.01137
35.3815
25.055
20.951
-2.2824
-0.128684
-0.0789175
2.51019
17.2455
16.3278
7.0344
2.57807
2.92552
18.1578
0.241609
7.40645
2.75095
12.8053
0.203967
-135.815
15.3563
-131.843
-0.107138
3.23946
13.43
-1.52711
3.16352
-0.58426
-2.25552
16.5355
4.69517
-139.974
-2.71652
-38.3194
14.941
20.6124
25.092
17.9063
17.7767
-0.972104
4.64467
4.9625
-145.208
-0.686816
-120.763
-2.6609
-0.431445
15.792
10.6387
3.14333
-144.132
-0.784697
1.22585
1.66817
4.28194
4.6941
-4.18231
-18.7237
-0.630186
3.5081
3.22603
-2.8764
-2.19858
-1.44919
-397.247
6.26486
12.2215
0.872487
-5.10745
122.557
-0.348782
187.291
-4.17168
-0.0579413
-2.81983
141.401
-10.1717
30.8117
11.7455
1.96895
-107.646
22.0536
5.51363
2.2312
0.440798
0.721981
-1.45017
-1.22505
31.8624
267.464
683.815
1.07248
-1.55057
-7.41171
19.5546
4.62894
-2.73008
3.8793
0.143358
16.0991
4.33334
3.00007
-2.59655
22.5957
3.12158
5.61939
3.86363
11.9815
7.53424
0.0674953
2.35169
-4.31773
)
;

boundaryField
{
    FrontBackPlanes
    {
        type            symmetry;
    }
    wallz
    {
        type            calculated;
        value           nonuniform List<scalar> 
97
(
-372.13
-323.653
-405.694
-250.91
1383.57
839.916
273.083
214.702
803.334
10.476
-0.281384
-3.58991
123.573
-10.7698
154.074
243.557
-4.53487
106.505
18.8758
13.9696
3.50149
273.383
255.775
-80.4289
173.342
0.436042
27.5295
4.91491
53.477
-7.49173
163.653
259.903
228.224
64.9319
113.845
40.292
61.636
36.1961
26.71
45.5083
878.998
58.7301
60.9597
18.6101
32.4106
34.026
2469.12
648.458
4524.97
-79.3103
10.587
9.09881
13.6708
671.967
148.885
-23.3993
6.42912
145.447
-0.26309
0.83689
65.2575
134.891
16.4774
-224.95
-53.9977
951.962
1540.68
-2.5481
8.0761
-14.467
128.098
-19.4209
-67.3602
79.5961
-243.039
50.1237
-533.773
194.35
-11.1784
-145.004
767.458
1009.33
-59.09
-256.906
-499.003
-513.756
-109.501
1707.96
2069.48
-69.7383
286.554
-139.223
3.31394
455.224
254.553
-12.8554
-64.5325
)
;
    }
    outlet1
    {
        type            calculated;
        value           nonuniform List<scalar> 
31
(
-3.04833
-2.943
-2.943
-4.0472
-2.97526
-2.96526
-2.95245
-2.943
-2.943
-2.943
-2.943
-2.943
-2.943
-2.943
-2.943
-2.94333
-2.94303
-2.94301
-2.94302
-2.94438
-2.99778
-3.26252
-3.24113
-2.943
-2.943
-2.943
-2.943
-236.375
-2.943
-2.943
-185.214
)
;
    }
    inlet1
    {
        type            calculated;
        value           nonuniform List<scalar> 2(-539.969 -546.23);
    }
}


// ************************************************************************* //
