/*--------------------------------*- C++ -*----------------------------------*\
| =========                 |                                                 |
| \\      /  F ield         | OpenFOAM: The Open Source CFD Toolbox           |
|  \\    /   O peration     | Version:  v2012                                 |
|   \\  /    A nd           | Website:  www.openfoam.com                      |
|    \\/     M anipulation  |                                                 |
\*---------------------------------------------------------------------------*/
FoamFile
{
    version     2.0;
    format      ascii;
    class       volScalarField;
    location    "0.55";
    object      p;
}
// * * * * * * * * * * * * * * * * * * * * * * * * * * * * * * * * * * * * * //

dimensions      [1 -1 -2 0 0 0 0];


internalField   nonuniform List<scalar> 
6576
(
-399.322
-422.386
-390.146
-397.669
-406.642
-385.884
-385.803
-373.384
-393.068
-390.595
-389.982
-381.025
-368.544
-383.539
-295.376
-312.183
-348.541
-342.663
-316.324
-309.313
-350.156
-378.238
-386.881
-457.702
-287.971
-246.259
-173.845
-428.328
-428.419
-425.505
-417.564
-407.79
-369.572
-271.488
-253.245
-269.259
-296.607
-294.687
-286.162
-289.811
-325.652
-371.789
-320.121
573.945
150.531
1245.72
319.295
504.915
1389.22
1104.29
359.61
966.709
-3.02436
-2.99158
-2.95164
-3.4299
-4.20615
-4.8512
-3.52279
-2.93393
-3.05877
-2.95723
-2.89216
-2.95076
-2.98388
-2.96491
-2.49741
-2.63033
-2.60293
-2.69271
-2.62808
-2.66404
-2.65981
11.9616
12.1655
12.3844
11.8568
11.8931
12.8229
12.4733
11.8201
11.9466
12.6805
12.1401
12.1481
12.2208
12.3413
150.596
131.333
151.172
151.601
151.503
143.258
165.06
149.926
376.495
429.075
166.317
365.257
283.175
60.9592
321.973
153.395
204.177
182.209
370.621
193.331
165.671
1248.42
1442.64
1440.41
1221.7
1560.59
2079.27
-2.98379
-2.98791
-3.10317
-3.08576
-3.09111
-3.21995
-3.10109
-13.7536
-35.4075
-155.929
-87.7581
-46.2435
-26.5017
8.09551
-2.3997
-3.13975
-2.98769
-3.5672
-3.23784
-3.79115
-3.60516
-66.1006
-94.5588
-64.7064
-32.565
-30.529
-38.1145
-30.9334
-2.40493
2.81092
-7.65647
21.0971
12.998
-5.6448
-2.80947
-8.68092
-8.51171
-9.34883
-7.83115
-8.05785
-8.97766
-8.32664
-6.17235
-13.615
-18.4963
-8.39022
-10.3779
1.88354
-20.929
-4.66133
-5.02272
-7.09066
-8.14036
-7.61211
-11.1687
-7.3145
-8.03484
-8.6778
-7.00445
-6.84353
-6.53552
-6.67868
-6.68896
-4.46254
-6.18359
-5.67437
-4.25539
-4.33815
-3.75798
-4.31085
-4.4434
-3.77828
-4.07747
-4.68063
-4.53114
-4.09357
-2.94436
-3.12607
-3.13817
-3.09532
-3.4502
-2.90029
-2.962
-3.47062
-3.07779
-3.3933
-3.41325
-3.63519
-3.02183
-3.13012
-3.02673
-2.97433
-3.42116
-3.76817
-4.18377
-4.16103
-4.15745
-2.9639
-3.40151
-3.42667
-2.45917
-2.82873
-3.3014
-3.81793
-2.74269
-2.76845
-2.82562
-2.68261
-2.71398
-2.7327
-2.7103
-2.52872
-2.64356
-2.60961
-2.60201
-2.49873
-2.59656
-2.66111
-2.73575
-3.41984
-2.90473
-2.81843
-3.12467
-3.5496
-2.90189
-4.00396
-3.99685
-3.5803
-3.65498
-1.89562
-3.9382
-3.6449
-7.0495
-7.52539
-6.71159
-5.34049
-6.02522
-5.58778
-6.18748
-6.72166
-6.4935
-9.49164
-9.60419
-9.61325
-6.82729
-10.1648
-9.33717
-9.78855
-260.587
-262.053
-232.652
-246.191
-271.539
-253.157
-245.16
1319.82
1278.26
1296.21
1348.91
1270.04
1235.09
1332.76
1251.94
1397.89
1827.82
1832.67
1818.52
1669.22
1368.45
1613.07
1132.41
167.433
181.246
246.534
277.665
316.878
234.414
170.516
248.229
208.732
1723.74
1718.84
1702.07
903.549
1174.18
385.093
1262.39
1210.34
681.94
1070.09
10.4669
7.99091
6.14459
9.28907
10.7079
6.94467
6.52017
0.350266
-1.99875
-1.09718
2.6747
-0.668018
0.314556
-0.0988885
-0.331944
0.213751
12.7546
12.0041
11.23
11.8808
12.0758
12.006
11.1072
241.078
280.638
471.855
88.7195
204.693
296.5
110.877
312.492
154.841
202.845
48.7689
-82.0271
326.149
102.501
246.781
381.245
795.143
922.204
689.954
574.32
916.306
337.382
800.285
811.707
371.595
1140.54
1194.39
1166.03
1101.58
1071.25
1109.28
1071.92
1438.42
1328.89
1347.42
1274.85
1242.25
1224.53
1225.28
1332.68
1604.15
893.912
863.174
909.049
909.651
937.441
893.181
929.966
789.176
755.503
797.722
802.523
811.824
774.258
789.309
16.2642
16.017
16.8437
15.6777
16.3124
15.7007
15.9725
16.3804
16.2418
14.1853
14.2647
15.1809
15.5877
15.2341
14.511
14.3532
7.86377
7.44403
8.88429
4.57044
6.96483
4.36236
10.9264
10.7483
6.26443
9.37269
10.0031
11.7285
8.85238
6.84511
5.33264
10.4695
9.0678
4.0437
-3.75093
17.8799
-13.7408
9.54665
21.7766
-4.1615
-4.42497
-4.12123
-4.43084
-3.74434
-4.38228
-3.91174
-2.83268
-2.6637
-2.47097
-2.62932
-2.73065
-1.99175
-2.25173
-3.02783
-2.73475
-2.48978
-2.99557
-3.58293
-2.54417
-2.45623
-14.6251
-4.2904
-33.6871
-24.9254
-13.5939
-55.1851
-98.0442
-48.0085
-71.916
7.28232
8.18423
-4.87501
5.21705
2.67177
16.626
5.19989
79.5121
133.355
86.1521
72.8234
52.0936
105.584
64.2197
62.2223
20.3325
31.7173
82.3613
118.067
27.7493
34.33
-2.22369
-3.55988
-3.0092
-3.01768
-4.64613
-3.76188
-2.82214
14.6353
12.6213
9.15889
7.55516
1.20724
0.469401
4.84263
-5.42621
-1.52309
-6.61733
12.0227
10.2745
23.3574
-4.4671
-5.4667
-5.07325
-4.62577
-3.29273
-3.55701
-4.40853
-1.99208
-8.4716
-1.42296
-8.23039
-4.37039
-6.93801
-4.42685
-8.35814
-3.9782
-5.86412
-3.10988
-3.21252
-3.53873
-2.99589
-3.11394
-3.15541
-3.07396
-3.12699
-3.30183
-2.97238
-3.14283
-3.03174
-3.14252
-3.08017
-3.12219
-3.09825
-3.03387
-3.29946
-2.91194
-3.04654
-2.93592
-2.89847
-2.92739
-2.88394
-2.90304
-2.88915
-2.60675
-2.69885
-3.06121
-3.03186
-3.031
-2.97632
-2.73874
-2.83015
-2.80257
-2.78864
-2.65134
-2.87729
-2.68102
-2.79923
-2.76627
-2.7454
-2.76154
-2.91366
-2.70384
-2.63354
-2.69281
-2.70885
-3.36664
-3.24811
-3.1691
-3.00615
-3.01008
-3.11154
-3.20308
-5.58927
-6.45914
-5.96143
-5.22967
-6.24059
-6.10076
-5.94016
-6.84151
-6.79451
-5.61827
-6.34082
-5.88597
-5.60594
-5.07177
-5.53791
-6.015
-5.89402
-5.7748
-6.06732
-4.73092
-3.72979
-3.09284
-5.1141
-2.61811
-4.47976
-5.77489
-1.63193
-1.87151
-1.76505
-1.6748
-1.93901
-1.76022
-1.59064
-1.3534
-2.57291
-2.31652
1.85063
2.59772
-1.20545
-1.25994
-2.54162
-2.08715
0.68722
-0.893765
9.1245
5.96978
3.23851
17.5809
9.1235
-10.0447
-30.3273
-39.7296
-35.8549
-60.6018
-45.1732
-26.8544
-96.3781
-100.42
-11.3151
-86.2473
-66.6535
-41.0953
-26.079
-184.017
-178.912
-178.512
-178.707
-178.214
-178.624
-179.455
-127.648
-132.745
-129.114
-121.283
-130.063
-100.732
-115.268
-84.7292
-73.2171
-65.5126
-106.672
-109.442
-83.7896
-89.0573
-104.864
-104.346
-82.3633
-100.641
-69.1215
-124.946
-130.853
-141.686
-174.231
-61.9305
-71.8786
-83.7489
-57.7909
-94.8517
-67.1325
-96.4973
-87.6482
-48.7481
-91.9135
-69.2917
-96.3715
-43.7379
-5.4246
-22.7473
-56.5925
-61.3308
-105.628
-15.194
103.301
-44.8576
-142.29
-120.739
-105.012
482.83
391.822
343.647
285.457
300.402
338.867
447.429
184.254
321.026
266.308
274.365
127.665
358.192
383.117
255.662
236.704
334.338
1020.35
1046.1
1183.61
436.381
410.942
607.089
563.301
724.93
829.043
656.668
1007.58
1050.87
745.009
347.55
208.047
1238.1
1201.02
1233.15
1320.56
1201.07
1262.06
1375.15
1111.29
1104.98
1224.08
798.141
888.015
900.421
922.882
881.318
900.262
848.159
1023.88
1022.14
1016.76
999.007
1021.38
948.989
927.117
984.921
957.609
1044.59
1043.94
1017.61
578.923
735.809
661.034
695.786
684.688
697.708
693.236
706.299
697.575
916.218
931.227
956.846
915.57
916.158
898.214
862.809
970.808
917.718
895.559
432.636
613.912
408.611
617.631
494.388
400.823
586.255
863.575
652.973
753.849
760.001
683.898
606.639
705.211
644.885
670.343
613.132
641.497
768.295
746.298
710.335
453.08
226.343
265.898
209.038
358.847
221.598
429.328
-80.7868
-36.5555
-14.3497
-22.785
-21.628
6.89064
17.8891
0.463233
21.2898
6.04709
-1.2367
3.27611
8.88775
5.46998
-0.789402
6.10741
15.6057
12.8489
5.89771
9.29157
7.25709
18.541
21.8559
19.1943
23.5079
22.7028
22.6109
22.6171
21.038
20.4922
16.1069
16.6953
16.6208
17.699
16.6774
17.5167
16.4672
17.16
16.2532
14.3458
4.82012
23.6603
11.7648
15.3862
21.6471
11.9882
11.1746
7.57809
2.26613
8.55496
2.26818
32.2424
28.1044
-0.150874
2.52965
0.905048
-1.02319
1.52654
1.56098
-0.799499
-4.46552
-10.8302
1.07503
12.575
-7.1656
-78.3193
-20.1326
-17.2599
-108.541
-118.48
-47.9046
-62.1428
-180.547
-222.331
-160.717
-258.352
-248.592
-236.672
-236.693
-483.791
-442.564
-381.805
-387.559
-318.968
-328.693
-371.868
151.531
211.043
32.2839
-25.3174
215.228
-39.6248
-2.84996
69.0876
-59.8014
156.382
-10.4819
47.0388
-164.973
-21.0635
146.744
98.0246
83.9543
49.2851
169.698
179.402
128.364
137.78
243.105
67.9382
100.427
32.3558
188.381
102.937
170.272
160.738
23.7362
161.71
140.679
208.499
155.62
40.5702
74.0136
40.4858
-3.13388
-4.97979
-3.27458
-4.2152
-4.1016
-3.9828
-3.90083
-3.15955
-3.03876
-2.99066
-2.88607
-3.33097
-3.0056
-2.88138
-2.91132
-3.02315
-2.87702
-2.88587
-2.87534
-3.01457
-2.97539
-2.90844
-3.1174
-2.93619
-2.78958
-2.74579
-2.63149
-2.62396
-2.72852
-2.79604
-2.83828
-2.79745
-2.88592
-2.90041
-2.74686
-2.90381
-2.81222
-2.86328
-2.92711
-2.91264
-2.96744
-2.88747
-2.85839
-2.94915
-2.9732
-2.9485
-2.93664
-2.93866
-2.94457
-2.94995
-2.94405
-2.94191
-2.92607
-2.95106
-2.93918
-2.9351
-2.94898
-2.9128
-2.85401
-2.87295
-2.86042
-2.88439
-2.90818
-2.85883
-2.88269
-2.91879
-2.38278
-2.44312
-2.40772
-2.52126
-2.53958
-2.67714
-2.59872
-2.8347
-2.82821
-2.63849
-2.89571
-2.79185
-2.80602
-2.6263
-4.27978
-4.78452
-4.86476
-3.58925
-4.01481
-4.1853
-4.19463
-3.72778
-4.05606
-3.89766
-4.24081
-4.06714
-4.63195
-5.13054
-3.88754
-5.02681
-4.86594
-5.17185
-5.24308
-5.12747
-4.62012
-0.890484
-1.03662
-1.09417
-0.959094
-1.06956
-1.21852
-1.15426
-1.15234
-1.12797
15.7419
8.85391
8.56822
7.6358
21.1008
11.0254
13.6312
37.3938
6.34605
53.1347
57.613
58.5273
67.9244
48.8389
37.9087
-6.42283
92.2555
40.0736
6.61679
8.95043
20.8745
16.5613
36.7192
-177.828
-155.658
-178.436
-183.572
-161.926
-168.455
-173.489
-204.013
-187.321
-154.495
-180.262
-194.476
-45.3909
-129.555
-104.685
-111.778
-102.124
-111.431
-103.668
-174.047
-132.553
-123.718
-97.1896
-114.461
-145.078
-110.528
-102.764
-123.178
-104.71
-172.928
-178.498
-92.3174
-124.319
-115.605
1.9713
-116.383
-70.2428
-217.007
-45.7105
-131.544
-190.524
-89.7327
-176.023
1.76996
-51.6584
-34.4378
290.668
198.897
320.708
333.751
607.614
399.907
233.826
883.106
662.827
716.4
575.944
502.809
655.48
376.509
274.411
394.021
400.919
632.663
770.679
612.637
294.812
106.099
94.9553
121.861
129.833
86.1448
182.325
550.686
194.712
227.721
287.758
173.599
241.527
221.475
243.678
237.084
293.681
201.375
230.036
197.531
159.333
157.92
196.978
-216.052
-164.348
-164.446
-166.984
-29.1001
-148.15
-258.775
-76.9375
-22.3647
80.656
87.0172
96.8984
6.94488
-31.7721
111.11
126.225
150.57
169.77
181.752
124.621
92.2392
39.4906
26.4529
65.0253
64.4747
62.5626
48.9528
71.64
20.6803
2.2092
22.1039
-11.8032
4.85721
-19.3138
17.7973
33.5828
-63.694
8.91159
27.1516
-13.7365
49.4073
-10.4352
10.9434
12.8392
10.1307
10.1991
11.1124
9.60659
10.5894
12.6826
12.0011
12.8908
12.4497
12.1763
12.2814
11.9932
12.3887
12.2574
12.2461
12.229
12.2367
12.4206
12.3291
-46.8219
-29.8039
-7.69979
-59.0017
-107.512
-61.2731
-10.5736
-196.704
-174.22
-179.43
-219.363
-218.681
-200.342
-201.379
-253.792
-274.548
-260.28
-267.666
-254.044
-266.884
-257.05
-305.273
-283.215
-288.498
-293.323
-284.629
-298.186
-302.369
-313.351
-265.814
-282.339
-361.839
-276.081
-368.031
-307.585
-438.312
-479.136
-440.658
-410.216
-458.941
-341.558
-358.875
-394.69
-391.844
-502.502
-231.066
-443.676
-422.602
-515.347
-368.669
-424.477
-371.661
-358.23
-371.698
-418.262
-353.816
-287.353
-333.849
-413.02
-151.519
-92.7365
-418.542
-480.122
-332.854
-318.622
-376.124
-462.32
-661.079
-244.38
-502.676
-137.547
-372.154
-548.463
-338.352
-484.863
123.944
-76.9135
-152.711
274.408
-6.93295
-85.4944
25.7343
-28.8953
43.2386
-41.2869
-14.7938
-46.6869
41.3775
-17.6473
-38.6061
-5.03956
-0.809673
-69.3387
0.384308
-16.4112
-18.6483
-0.822584
-3.01452
6.68312
12.3893
14.4895
1.14112
16.0031
-5.64415
4.56599
-12.0039
-9.65621
-3.77391
-2.22025
-6.5877
-1.88869
-3.21442
-3.2833
-2.58256
-2.91835
-2.73552
-2.92101
-3.00908
-2.86695
-2.83459
-3.00612
-2.86671
-2.80817
-2.90561
-2.85521
-2.84945
-2.8365
-2.9615
-2.92447
-2.9119
-2.84633
-2.92383
-2.77455
-2.96598
-2.94526
-2.91336
-2.95162
-2.95473
-2.93009
-2.93134
-2.92293
-2.92198
-2.95925
-2.93372
-2.9561
-2.95284
-2.92993
-2.93233
-2.91212
-2.93481
-2.94422
-2.94455
-2.94014
-2.96436
-2.91745
-2.92982
-2.9323
-2.91032
-2.87164
-2.91316
-2.94827
-2.95083
-2.94374
-2.94068
-2.94386
-2.94289
-2.9203
-2.93909
-2.93403
-2.92038
-2.93331
-2.94142
-2.93582
-2.91951
-2.91645
-2.92409
-2.92282
-2.90837
-2.85702
-2.91091
-2.86494
-2.89411
-2.91292
-2.90522
-2.91197
-2.89443
-2.87035
-2.92327
-2.87713
-2.85858
-2.90476
-2.80013
-2.80927
-2.78638
-2.83759
-2.79008
-2.82073
-2.78243
-1.66962
-1.63523
-1.74288
-1.77912
-1.39319
-1.54355
-1.70136
-1.97244
-1.60984
-1.70456
-1.66748
-1.33327
-1.79295
-1.56229
-2.27702
-2.389
-2.44401
-3.04862
-3.60675
-2.53582
-2.87984
-2.22755
-2.71943
-2.22356
-2.83207
-3.16045
-2.49046
-2.82004
-2.41419
-2.26997
-1.60737
-1.44709
-1.57226
-1.86252
-1.59243
-1.49915
-1.67386
-1.27115
-1.3684
-1.51958
-1.20207
-1.36299
-1.14554
-1.3973
-0.485185
0.681493
0.430237
-0.0841937
0.133816
0.377152
0.263263
-1.32242
-1.31151
0.390247
-0.439469
-0.379811
-0.34992
-0.574275
-0.354132
-0.658266
-0.600629
-0.440802
-6.55841
-5.58018
-0.887379
9.39839
0.255915
-0.852814
0.932308
-167.016
-169.126
-168.32
-168.557
-159.324
-165.591
-168.172
-169.017
-167.307
-157.294
-175.475
-169.233
-166.629
-172.663
-175.513
-175.993
-176.116
-175.163
-173.966
-175.424
-175.773
-174.803
-174.969
-155.771
-175.724
-175.265
-171.88
-179.417
-185.213
-177.275
-175.803
-177.06
-178.195
-177.928
-177.656
-215.019
-174.666
-252.811
-166.055
-162.825
-172.153
-192.884
-183.75
-209.315
-210.812
-191.765
-166.899
-177.548
-212.087
-89.9058
-123.96
-78.3767
-209.098
-173.75
-125.098
-131.318
-205.233
-213.557
-196.892
-202.898
-243.941
-191.641
-180.088
-167.575
-154.164
-157.057
-85.4396
-51.0108
-122.292
46.7278
-35.4392
185.045
82.8288
-177.089
-45.5602
220.24
197.505
163.564
201.996
201.745
150.346
229.376
274.784
223.856
121.649
284.445
430.635
445.358
296.673
325.93
362.486
349.881
244.36
325.359
327.575
47.2242
51.1866
54.2486
29.9565
42.565
41.3458
34.4417
49.0472
68.0554
52.317
55.4147
42.0416
51.5024
43.5167
12.5637
14.1956
12.415
11.9845
12.27
10.462
8.32319
7.90309
19.9675
32.4836
22.5352
15.988
18.2191
9.38749
12.6078
15.4184
10.1596
8.84945
9.72508
13.5921
9.4476
-1.03329
7.46787
10.0933
10.2179
10.7485
13.1373
11.4804
11.6656
10.1679
11.4949
11.753
10.2419
10.2007
9.805
10.2006
9.99556
8.89383
9.79824
9.14942
9.85909
11.7526
12.6114
11.9604
11.9832
12.9013
11.9959
11.9767
-181.425
-210.547
-187.325
-233.942
-203.263
-173.85
-189.283
-174.475
-246.811
-169.983
-255.489
-208.532
-210.636
-175.588
-223.475
-175.799
-167.992
-160.347
-238.03
-188.142
-272.07
-240.061
-189.483
-240.188
-142.714
-233.524
-259.907
-235.235
-162.591
-83.4358
-212.999
-176.295
-284.305
-300.171
-246.42
-131.395
-226.325
-235.006
-129.808
-99.268
-274.989
-141.341
-128.033
-203.484
-305.012
-265.362
-279.274
-309.894
-353.264
-305.357
-310.893
-425.594
-387.528
-393.051
-391.848
-431.026
-276.122
-277.48
-288.791
-298.554
-279.74
-283.775
-279.805
-292.92
-295.405
-308.218
-325.667
-368.623
-319.16
-333.977
-259.379
-250.696
-264.917
-293.504
-291.36
-286.047
-262.875
-43.3288
-82.9625
-133.711
-222.827
-211.763
-154.516
-128.615
-2.5572
-2.87852
-3.08834
-2.71937
-2.71926
-3.508
-3.18303
-2.59443
-2.6054
-2.46161
-2.66243
-2.65374
-2.57376
-2.48124
-2.9315
-2.91331
-2.89799
-2.90368
-2.92439
-2.90094
-2.87582
-2.88504
-2.87235
-2.84063
-2.91671
-2.93579
-2.9009
-2.92074
-2.90732
-2.93235
-2.85999
-2.8655
-2.87871
-2.83657
-2.89119
-2.85748
-2.82531
-3.03105
-3.1012
-2.78642
-2.86414
-2.82065
-2.73329
-3.20243
-2.98719
-2.81397
-4.33424
-3.97723
-4.30495
-4.14242
-2.76912
-4.53737
-4.20822
-3.83423
-118.259
-9.47692
-35.7437
-31.4403
-42.6684
7.76377
-2.39649
-1.82269
6.34408
5.7139
2.27964
0.56649
4.91763
1.17194
-4.52612
-1.28925
-0.680317
-3.04104
-1.7531
0.231736
-4.24114
-4.36637
-3.2029
-3.17772
-2.95597
-3.12943
-3.50649
-4.08426
-2.74933
-2.04782
-4.88482
-4.10923
-3.67463
-1.90506
-4.3848
-3.91104
-4.16741
-4.21769
-3.84942
-3.8525
-4.01125
-3.24291
-3.08245
-3.15093
-3.39783
-3.01434
-3.04963
-3.26507
-3.04796
-2.86182
-2.98551
-3.04838
-3.32028
-3.63219
-3.77936
-3.50358
-3.42424
-2.87394
-2.42675
-2.67734
-2.7454
-2.28512
-2.64309
-2.29005
-1.30751
-1.25521
-1.53781
-1.48634
-1.63841
-1.51766
-1.41517
-0.921877
-0.852153
-0.980174
-0.890116
-0.892246
-0.980491
-1.20876
0.339243
45.5259
-38.6396
-83.0411
-42.2483
-35.8121
-15.9359
58.3632
-32.2507
106.468
36.4392
118.376
342.195
104.242
-111.414
-4.01369
-44.5524
-112.466
-4.65799
-148.582
-66.5504
-15.5054
-1.3646
87.6607
-29.954
-45.1557
-19.6533
-22.9652
36.3707
21.774
-164.513
-145.028
-167.599
-124.786
-107.681
-136.653
-146.133
-122.547
-151.106
-113.72
-120.516
-130.748
-156.192
-144.617
-162.271
-186.309
-177.335
-177.347
-177.425
-176.683
-177.543
-177.89
-177.314
-177.021
-108.07
-164.214
-149.753
-224.99
-216.56
-205.588
-178.79
-179.249
-179.511
-179
-178.512
-179.206
-179.27
-24.2772
-2.5736
16.4531
4.4838
3.92726
1.63482
15.013
40.981
47.9516
48.4684
92.5543
64.7009
89.4301
84.19
277.377
234.392
262.427
266.539
201.804
216.512
256.135
93.5778
52.2439
65.7152
-7.3943
51.6616
47.0175
53.6063
1160.56
651.855
1506.6
682.162
811.149
897.639
1194.34
85.157
-159.733
100.374
36.886
492.945
202.649
-47.9582
-73.9155
-142.555
-149.253
-138.97
-232.318
-188.165
-191.246
-160.092
-172.8
-187.841
-168.121
-173.908
-159.525
-153.07
-149.834
-163.996
-147.48
-142.938
-143.396
-132.47
-182.37
-146.826
-169.548
-254.83
-191.587
-145.324
-199.16
-110.041
43.7451
59.1639
-12.9879
-6.93705
-92.4662
-75.9433
-67.9076
-105.881
-66.7499
-159.46
-176.09
-209.955
-150.194
-130.691
-178.35
-172.607
-165.796
-152.448
-186.588
-150.291
-184.582
-160.64
-166.468
-163.761
31.499
13.9454
-36.9629
-132.733
-61.5209
-145.678
6.63006
6.81187
7.35259
-1.84186
5.32182
4.07497
9.82273
-2.99972
-2.35434
-2.549
-2.16412
-2.07021
-1.76929
-2.51541
-4.18747
-5.99774
-5.02657
-5.51722
-6.46401
-5.92524
-4.83365
-4.08378
-4.89933
-4.31712
-5.45418
-5.02903
-1.04013
-2.08537
-2.45857
-0.842313
-1.24308
0.137009
-0.890117
75.5687
22.1742
30.9012
8.93451
3.45312
-3.82813
-8.75439
-0.301111
0.20951
1.0897
-0.909553
-1.72771
-1.17996
-0.428852
-2.25233
-2.56059
-1.23776
-4.30938
-2.62881
-2.44745
-3.29869
-3.37914
-3.18955
-3.16408
-2.82992
-2.86366
-2.75622
-2.89627
-2.75172
-2.80745
-2.67409
-2.88766
-2.91872
-2.75317
-2.70355
-2.91597
-2.93823
-2.91973
-2.92063
-2.84533
-2.83425
-3.04151
-2.96749
-3.68807
-3.00068
-3.44316
-2.95849
-2.81285
-2.79037
-2.79036
-2.94666
-2.79806
-2.68168
-2.84262
-1.50145
-1.70397
-1.75342
-1.60818
-1.6326
-1.56655
-1.48442
-1.50844
-1.47933
-1.25507
-1.67112
-1.5583
-1.52921
-1.45225
-1.37933
-1.27419
-1.24694
-1.38979
-1.39343
-1.25787
-1.22461
-1.12276
-1.1949
-1.02498
-0.910552
-1.2008
-1.02045
-1.14277
-1.17518
-1.17225
-1.99367
-1.68974
-2.22423
-2.1846
-1.90481
-2.38997
-2.87279
313.447
251.862
394.075
238.085
262.36
230.672
279.226
376.167
174.131
169.343
272.192
268.756
244.991
314.622
275.303
298.929
266.676
257.508
249.801
138.215
314.269
387.983
292.525
-9.39873
-37.7534
102.416
-4.06914
224.701
63.5715
14.2221
-38.1162
-80.8965
66.5964
-51.634
32.0742
-108.207
-165.88
-140.921
-141.442
-153.41
-172.82
-156.063
-142.641
-179.788
-180.534
-179.525
-178.797
-178.353
-179.096
-178.327
16.0557
16.943
15.9689
17.5979
18.0383
9.47842
15.9577
16.5932
17.1026
17.9274
20.0819
17.7027
2.79575
17.193
21.8501
34.3857
26.908
19.0769
9.13146
22.3933
20.4213
21.9157
23.2074
20.254
31.373
40.3485
35.3946
35.7099
28.9227
35.4809
37.3511
66.6534
46.31
67.1721
25.1781
46.8238
36.3985
66.9512
37.8307
30.2968
51.7554
40.109
31.1774
26.6817
56.0919
621.155
196.693
506.602
2504.55
1078.28
2205
2128.27
2600.79
2853.94
1999.81
2650.38
961.042
3152.13
2238.53
2463.79
2762.49
514.694
744.456
664.238
-94.2897
403.961
-123.746
304.276
425.412
2627.43
1738.72
144.955
63.6012
114.208
94.2277
33.3508
-25.7773
62.3786
59.5544
76.8972
62.0182
-149.028
-150.33
-198.082
-200.5
-184.022
-194.732
-202.89
7.13344
6.68053
6.87807
5.28646
6.46242
5.36459
5.45108
8.37139
8.58742
8.19195
7.91688
8.35921
8.19915
7.69553
7.1204
7.77486
5.5046
6.1086
7.24443
7.09201
6.98808
2.80357
0.0603925
0.66001
3.33482
2.9587
1.04919
1.44744
0.667498
2.1798
0.494182
3.90376
1.55383
1.619
1.94442
-0.271872
-0.571539
-0.384965
-0.262325
-0.559013
-0.313407
-0.157661
-1.31705
-1.09332
-0.623384
-1.34907
-1.23477
-1.13446
-1.29606
-1.4989
-1.53651
-1.66978
-1.00957
-1.34255
-1.93736
-0.938084
-1.90784
-2.74799
-2.2364
-2.1601
-2.57328
-2.34028
-2.28555
-2.07464
-2.12721
-2.57287
-2.69979
-2.81031
-2.87147
-2.92268
-2.65049
-2.74919
-3.13312
-2.91851
-2.81974
-3.42366
-3.46446
-3.16393
-3.61147
-3.18436
-3.45796
-3.05496
-3.74525
-3.71651
-3.43137
-2.34804
-2.74629
-4.35705
-2.53054
-3.30381
-3.41445
-2.64421
-2.87345
-2.61204
-2.63703
-2.62108
-2.53483
-2.43483
-2.36598
-2.31746
-2.23634
-2.35396
-2.26002
-2.13784
-2.25881
-2.16836
-2.28138
-2.24398
-2.42011
-1.98747
-2.59246
-2.34777
-2.1498
-2.46074
-2.56301
-2.8149
-2.43974
-3.77646
-2.99319
-2.9644
-2.59745
0.575678
-0.146104
1.37887
-0.174465
-1.19965
-0.18206
0.327246
23.5916
45.7566
46.0436
66.1016
35.9291
40.9367
109.073
17.4591
46.2532
30.2496
228.857
287.836
205.451
253.509
171.295
176.004
290.497
324.646
349.25
-21.7198
-80.4533
-108.929
-24.5891
-69.738
-117.24
-108.295
-8.79714
-54.8595
-32.3156
-51.379
-35.6919
-18.4256
-12.2642
-40.1816
-12.3471
-62.5991
-57.63
-40.0301
-75.3723
-85.4756
11.0712
10.9093
10.7733
10.6871
12.981
12.3127
9.95528
9.76931
11.1202
9.17312
10.8645
10.5449
10.2375
9.22387
16.3762
16.3554
16.8873
15.3563
16.1813
16.6297
16.2172
14.6914
15.0685
15.9568
15.1528
13.4915
18.2516
16.2683
15.8668
16.0296
15.8707
15.6006
15.774
16.6405
16.9401
16.1434
15.8824
16.2834
15.9158
15.89
17.9318
19.3898
17.1706
17.676
15.6957
15.0504
12.5373
16.9992
15.9134
15.7073
14.2285
15.4718
14.5173
13.8209
94.5147
394.9
249.976
101.212
-11.3779
9.75009
100.305
71.4366
216.665
120.285
264.513
56.3353
75.976
126.423
81.419
6.65856
184.638
167.39
117.499
108.706
129.31
-2.64134
101.342
-20.9668
140.469
102.598
261.376
246.538
228.464
255.321
233.712
266.658
245.047
441.288
473.338
456.592
421.746
441.136
462.369
469.004
472.687
416.788
227.456
461.774
459.084
542.553
409.944
434.81
402.792
521.063
68.8953
352.381
482.563
19.3265
100.109
235.551
262.011
297.802
71.5363
13.5439
130.068
191.871
154.554
110.95
108.085
161.431
137.084
223.309
181.999
-0.998398
-0.955614
-0.880858
-0.952506
-0.807558
-0.965045
-0.911538
-1.02667
-1.35921
-1.29816
-1.26802
-1.53101
-1.32961
-1.54065
-2.55583
-2.24027
-2.77994
-2.91764
-2.83112
-2.95111
-2.79964
-2.40643
-2.20291
-2.46073
-2.33346
-2.24909
-2.20935
-2.39802
-2.30973
-2.25275
-2.26851
-2.66134
-2.84857
-2.69203
-2.71052
-2.58945
-2.74001
-2.91003
-2.80396
-2.66377
-2.6494
-2.90509
-2.73498
-2.92516
-2.90851
-2.88935
-2.86032
-2.84999
-2.82967
-2.84045
-2.82835
-2.82791
-2.78383
-2.86666
-2.92926
-2.84637
-2.81152
-2.85805
-2.8687
-2.9084
-2.87564
-2.85731
-2.90731
-2.86854
-2.82728
-2.90339
-2.1254
-2.26579
-2.1526
-2.16434
-2.13889
-2.20772
-2.2836
-1.4434
-4.12201
-0.438672
-1.86029
-1.84803
-2.07631
-2.5906
-2.20516
-2.97482
-2.61736
-3.40925
-2.93411
-2.36807
-1.15637
-3.37258
-0.589379
6.36574
-0.835901
-1.10522
-1.05809
-0.732254
-1.10652
-1.00616
-0.991039
-0.721636
-2.19
-2.07888
-8.48228
-5.79911
-6.52307
-3.38847
88.8337
68.956
115.682
26.3998
71.4303
0.128261
53.3591
89.0719
71.546
70.3143
36.2722
15.1653
27.1257
53.88
92.5154
94.8642
46.7763
23.6071
17.1479
69.7824
64.501
19.7051
64.4472
41.0964
-12.8903
9.29742
4.17821
5.67731
-141.763
-171.85
-132.434
-160.142
-153.425
-151.963
-126.148
54.8379
85.6611
63.6308
34.6032
27.9091
0.093842
31.4959
-170.394
-16.3507
-107.333
-105.93
5.49276
-59.7125
-121.568
11.677
-26.4672
17.8513
62.701
48.902
21.8557
39.6129
7.81112
-64.6891
-33.5865
7.3483
16.2824
-20.8676
-27.6388
38.6636
20.1258
47.0681
54.6458
49.3834
63.3848
45.2282
49.5819
55.5127
13.6789
15.1082
11.906
10.8831
10.57
9.68985
10.015
13.2893
13.6345
14.1337
13.8134
14.0453
13.0181
13.3179
9.73691
10.1551
10.4092
10.7327
10.0566
10.1481
10.3956
15.0903
15.0285
15.0328
14.3176
14.2786
14.8729
15.3457
16.0045
21.6508
19.1134
18.3948
17.0108
15.4425
13.7558
32.9343
39.3188
100.588
41.7899
45.64
54.0736
49.7661
193.902
127.293
90.7611
243.907
265.797
250.381
125.521
88.7484
206.901
142.862
6.61848
87.3536
75.6935
71.2571
-42.0437
61.5049
268.159
231.707
168.238
439.801
457.343
453.652
570.362
565.646
500.013
423.7
139.402
7.32317
225.382
341.152
170.586
165.653
366.15
176.718
65.4376
99.4545
298.564
-28.9828
-98.9892
39.2409
179.686
456.308
466.904
400.357
418.794
407.387
467.968
372.761
181.968
180.79
213.208
221.127
205.179
375.617
276.118
223.168
291.02
106.966
130.577
153.911
116.049
139.681
179.283
126.305
134.796
174.926
88.8992
90.1461
89.8649
86.9745
86.6464
93.5619
93.0792
154.894
148.78
154.282
158.524
160.155
156.332
158.161
224.516
223.158
227.77
209.377
208.564
225.532
227.183
276.302
239.861
247.577
257.332
273.277
246.412
249.681
233.816
255.81
255.607
225.369
256.49
248.304
269.467
350.732
294.606
296.728
310.694
305.221
330.952
297.762
374.251
416.135
312.464
367.023
298.706
383.44
317.573
308.688
347.629
367.673
340.814
437.588
407.553
309.417
347.321
415.153
494.443
245.657
219.181
257.206
239.98
248.25
256.494
279.862
269.228
237.376
186.007
276.178
279.831
248.839
226.147
163.337
163.144
159.387
178.389
175.29
194.552
162.597
-125.995
-444.119
-37.0898
61.9867
54.5959
-262.473
-479.43
992.881
1391.86
1509.52
186.593
566.288
1324.72
-94.4934
-176.798
352.579
321.987
-197.436
-237.571
-107.264
-456.781
-413.421
-284.341
280.988
-53.8826
-4.28771
217.885
132.24
94.9191
150.86
122.299
141.7
140.353
125.887
88.2728
80.5054
89.5531
84.2452
94.9315
84.5052
89.0093
75.0362
81.3158
72.8792
86.5059
76.4731
101.73
87.0441
14.7285
14.2483
15.0479
15.3453
15.0152
14.414
14.764
13.5098
13.9366
14.1947
13.9276
14.1015
13.968
13.9022
11.1985
11.5797
12.0311
12.7743
12.7106
11.4903
11.7547
12.6203
12.4759
11.6915
11.6677
11.6713
12.2111
12.017
11.9635
11.9562
0.619201
13.5448
-0.970403
4.60175
-30.0659
-4.64037
7.07668
-5.83757
-15.0685
0.866019
5.02303
-14.4525
2.04297
-0.410206
6.2691
-14.504
-1.5975
7.2978
-13.3921
11.9115
11.2694
2.86511
1.42657
1.27334
-0.191594
-1.17331
-1.53901
3.95931
-0.418985
-0.180189
-0.0940337
-0.609221
-0.802862
-0.839678
-0.967994
-0.8587
-0.894174
-0.781248
-0.860211
-0.841703
-1.11153
-0.897107
-1.13235
-1.12398
-1.14201
-1.7268
-1.66062
-1.3749
-1.88826
-2.06809
-1.997
-1.80703
-2.26761
-2.04711
-1.88669
-1.69317
-1.77963
-1.89084
-1.67532
-2.37706
-2.34726
-1.98809
-2.18605
-1.97262
-1.75971
-1.89724
-2.0297
-1.94103
-1.90848
-1.89551
-1.85005
-1.92442
-1.97248
-2.25754
-2.10772
-2.1863
-2.31865
-2.39904
-2.61502
-2.42419
-2.55821
-2.6399
-2.61198
-2.42513
-2.53996
-2.83396
-2.84241
-2.82315
-2.72363
-2.82983
-2.81065
-2.74564
-2.92778
-2.88379
-2.86214
-2.87301
-2.70636
-2.82748
-2.89838
-2.92604
-2.88664
-2.87325
-2.76963
-2.83342
-2.94585
-2.88799
-2.91728
-2.94445
-2.89569
-2.74031
-2.87474
-2.85502
-2.89947
-2.94533
-2.95357
-3.11814
-2.99356
-3.35456
-3.06559
-3.90761
-3.47406
-3.19021
-3.39015
1.57766
1.7862
2.98211
-5.30427
-18.5392
-4.61523
-12.7315
7.48155
-1.58234
-1.09633
9.03128
-2.08686
1.00244
-1.9091
-4.09967
-4.87404
-2.13758
-2.05387
-2.15768
-2.09061
-2.14927
-2.31993
-2.25516
-2.00235
-2.10843
-1.62623
-4.43477
-3.41945
-2.06872
-1.82715
-3.12211
-1.97411
-1.44585
-1.34284
-1.36808
-1.54953
-1.44678
-1.38298
-1.38731
-1.85329
-1.75407
-1.97267
-1.75292
-1.49116
-1.78125
-1.5642
-1.14327
-1.12204
-1.15158
-1.13291
-1.16675
-1.13487
-1.17455
-1.1736
-1.21666
-0.963385
-1.31306
-1.13175
-1.06849
-1.00622
-1.19328
-1.20937
-1.11357
-1.32283
-1.29937
-0.853746
-1.02811
-0.958877
-0.727399
-0.979596
-1.00696
-0.839744
1.90829
6.09173
-4.64489
3.33926
-2.50156
16.0769
0.0983697
-0.789679
-0.783967
-0.854358
-0.447033
-0.128172
-1.03672
-0.53769
-0.876382
-0.958396
-1.17941
-1.01671
-0.904567
-0.234138
-0.384292
-1.07572
-1.18423
1.51613
-1.39947
-1.76366
1.19079
-0.208638
-1.42643
0.476319
-0.903215
2.3204
0.847572
-1.26064
3.41278
-2.06721
-2.91906
-4.89442
-6.02613
-6.15545
0.940577
-3.05987
10.2288
9.48865
8.16511
5.73007
6.54006
7.91967
6.29363
-2.23349
-2.64534
-0.17041
-1.97344
-1.06006
25.778
19.3673
33.6975
7.35866
4.82007
8.28273
8.06914
-0.218562
-0.0395019
1.14297
-0.918788
-1.31112
1.34216
0.0368723
14.1841
13.2243
12.5366
12.8715
12.1631
14.4805
13.849
2.52854
0.641264
1.97589
-1.05794
1.31125
0.543359
4.94427
13.3956
12.2152
13.1468
11.8203
14.1076
12.865
14.0032
0.516568
1.44077
3.03814
0.544572
-0.343309
-0.202462
1.01564
8.91581
12.3214
13.804
3.76423
3.35534
15.4025
16.4965
17.4715
17.0601
16.6308
18.3686
17.9965
11.2401
1.39351
17.9268
16.6426
12.0508
12.8243
25.3145
533.957
410.764
467.638
670.705
544.877
634.429
447.879
481.525
446.254
491.515
474.821
544.991
447.285
683.717
543.871
635.228
627.243
603.387
579.232
581.45
524.811
511.275
618.324
565.572
544.519
592.725
279.474
341.775
296.91
303.389
306.754
347.459
298.397
341.598
372.764
361.035
371.345
354.744
387.575
343.585
325.007
396.405
343.885
318.593
300.573
347.549
325.278
339.473
342.465
248.196
327.722
389.857
339.301
243.505
290.473
-58.798
127.69
-46.4886
-21.3163
148.296
170.291
-43.6305
211.201
61.0734
-18.4775
118.316
142.037
71.0308
173.152
263.112
45.772
-679.961
-278.079
-456.016
-475.462
-584.133
-518.472
-442.343
-552.581
-386.12
-524.651
209.902
172.908
122.967
-81.445
156.74
-95.2957
132.797
365.914
155.711
183.149
191.332
472.003
413.972
557.73
254.429
404.541
308.288
400.922
406.594
482.265
405.453
103.868
234.594
646.064
585.084
597.886
518.814
461.051
492.874
568.33
587.959
563.831
567.79
573.266
187.94
5.498
555.495
346.392
184.799
198.893
230.3
207.926
239.228
245.782
351.972
141.679
104.601
123.715
142.125
182.063
71.4372
60.5575
77.4199
92.2285
100.035
87.2678
91.9887
10.5724
7.49418
8.03238
7.44438
10.447
8.20694
9.09329
10.2055
10.8009
9.78023
10.3288
10.3921
10.1992
10.4875
9.74675
8.21368
9.77298
10.4431
10.2347
10.2491
11.0018
11.222
11.3213
10.9427
11.1187
11.2067
10.7068
10.7374
11.7948
10.4856
10.3361
10.9987
11.1882
9.98008
11.2139
9.50406
10.0417
11.1827
9.48857
9.70124
58.885
50.8351
43.2317
37.3093
16.9652
54.1353
10.3141
-1.93029
-1.82024
-1.96378
-2.10284
-1.91227
-1.95906
-2.09337
-1.20768
-1.30378
-1.15147
-1.29008
-1.00108
-1.3057
-1.27375
-0.615881
0.314775
-0.750532
-0.842577
-0.702954
-0.843004
-0.69277
-0.494441
-0.641602
-0.531034
-0.741563
-0.511952
-0.518254
-0.445615
-0.884171
-1.04523
-1.05882
-1.07131
-0.995843
-1.00539
-0.963468
-1.06996
-1.12451
-1.12759
-1.0437
-1.16377
-0.872499
-1.00192
-1.71563
-1.63392
-1.53351
-1.74206
-1.61618
-1.58562
-1.76473
-2.01
-2.01091
-2.02001
-2.07568
-2.08925
-2.06784
-2.06934
-2.18316
-2.20983
-2.1745
-2.17634
-2.10487
-2.17636
-2.22405
-2.16642
-2.14288
-2.13892
-2.17441
-2.14345
-2.12134
-2.13204
-2.18656
-2.12313
-3.46931
-3.26792
-3.08684
-6.26353
-12.7185
-11.3628
-6.74552
-1.39359
-9.901
-26.4619
-42.4654
-3.55926
1300.21
1855.07
1615.26
1439.79
1492.19
1719.63
1628.33
1604.56
1548.67
1390.17
1528.44
1500.33
1406.87
1410.88
1492.23
1543.69
1620.33
1447.1
1294.86
1829.15
1639.29
1470.03
-7.10287
-1.01562
9.00092
-1.97878
-0.26237
-2.88288
-2.3555
-1.79289
-2.67412
-3.10883
-15.7208
-5.6164
-8.64939
-3.33732
-3.02369
-3.01622
-3.1717
-1.55751
-2.62577
-3.21867
-212.151
-219.286
-158.118
-213.304
-232.017
-105.476
-141.059
-60.8643
-40.5476
-36.04
-28.6546
-36.1298
-52.9516
-13.3835
-2.80415
-2.89079
-2.65897
-271.626
-204.55
-250.133
-534.682
-551.396
-524.232
-525.115
-499.643
-525.88
-534.786
-510.257
-515.742
-501.576
-517.624
-518.294
-509.355
-496.211
-518.102
-533.122
-515.991
-498.344
-477.2
-542.079
-556.878
-547.237
-505.707
-536.036
-531.746
-558.13
-537.996
-525.537
-522.22
-545.353
-534.556
-526.422
-528.963
-527.735
-502.035
-519.122
-520.038
-539.716
-563.357
-548.376
-548.219
-537.45
-531.332
-477.41
-55.7198
0.335902
-26.1468
-45.9604
-31.9191
-11.2343
-53.193
-184.248
-125.539
-127.524
-142.612
-160.381
-118.803
-146.497
-187.715
-158.345
-4.22608
-4.07229
-4.17933
-4.22577
-1.61267
-2.2276
-3.94645
-255.135
-209.348
-246.764
-160.142
-202.629
-177.036
-237.417
-147.255
-160.216
-222.574
-3.14795
-3.56365
-3.32834
2.32347
-8.02153
-8.08795
-34.2572
-2.98028
-0.855936
-6.53109
-6.60053
-4.23901
1728.77
2030.03
1968.8
1880.08
2011.24
1987.98
2064.9
2062.43
1964.64
1921.85
2113.19
1961.64
1587.34
2030.64
2097.81
-2.55508
-3.63722
-3.80831
-14.4947
-6.97947
-5.22143
-2.40653
-3.17739
-1.48528
-3.28766
-0.612865
-1.2571
-1.75928
-0.538033
-2.73726
-2.77177
-2.93064
-2.93781
33.7402
1.65519
5.71985
-2.78997
-1.23036
-0.766203
-3.60365
-4.1178
10.3966
11.6545
11.0305
11.4827
-0.493408
-0.343751
-0.470014
-0.380997
-3.39761
-3.95533
-1.85344
-2.69863
-0.0848754
0.0892952
0.966608
-0.104679
-0.408676
-0.359145
-0.829285
-0.707497
12.8742
12.5287
13.0794
11.9011
8.34417
4.91485
-8.94452
-9.42079
0.230276
0.468367
0.187662
0.318316
-6.02135
-6.10408
-7.33329
-6.96071
-8.74179
-8.77219
-7.83367
-7.45243
11.8783
12.6788
11.8628
-0.757224
-0.613444
-1.06498
-0.944211
1.40566
4.8117
9.53923
12.1934
0.752383
1.04884
0.925937
1.24464
-92.4606
-103.121
-136.625
-169.134
-204.94
-222.943
-194.78
-180.734
-1.14638
-1.1066
-1.32096
-1.34908
9.26313
9.62418
8.33422
8.34946
-1.66789
-1.82309
-1.71048
-2.1158
-2.6893
-2.67318
-2.78466
-2.78787
14.0812
12.3811
15.9238
13.5729
6.85765
7.28179
25.4507
15.8404
-1.05672
-1.12651
-0.582893
-0.780062
-90.2476
-119.587
-102.311
-159.564
-182.694
-180.561
-178.808
-179.449
18.4997
19.1838
23.0838
19.1461
-17.2204
-44.1236
-135.788
-109.574
-0.938212
-1.24355
-1.43486
-13.5804
14.0527
21.6241
-3.8727
-53.4633
-24.1542
-40.9525
28.612
36.4849
42.4604
40.5141
53.1308
-271.861
-322.251
-239.379
-249.909
230.839
311.612
489.673
516.259
0.0259118
-31.5632
-81.6213
-91.3713
-184.08
-183.695
-180.911
-177.825
-2.00523
-2.05273
-2.05598
-2.12557
-2.32409
-2.2158
-2.44294
-2.36938
-3.95919
-3.47834
-3.38713
-3.17314
-3.29985
-5.19691
-3.19146
-2.84544
-190.69
-148.468
-179.696
-177.101
-694.12
-627.402
-750.62
-652.582
-1.54464
-1.68415
-2.08893
-2.34862
-2.21039
-1.89207
-1.95853
-161.706
-308.85
15.9791
15.917
16.0071
15.7199
9.84102
15.765
-2.78916
-2.86369
-3.00509
-158.258
-200.571
-292.177
-271.621
16.1051
15.6982
17.2767
10.4273
8.13815
9.54079
1.79291
-0.684645
-4.01006
150.852
101.182
91.8219
95.4927
94.1621
-8.33005
-8.94514
-1.78155
0.456517
-3.08634
-2.70711
-3.57046
-3.15745
-4.29159
-2.57422
10.3074
-0.742574
-229.969
2.29705
-4.95615
-0.633019
135.495
-238.902
-6.45561
3.8168
-0.964991
25.4576
-0.355999
-174.59
1.10193
-50.1698
251.71
-3.37959
3.87772
661.573
439.141
-1.57048
-1.46562
43.3363
-3.45893
16.813
94.7284
-5.57209
-1.92697
85.9481
-394.39
-137.373
-1.28011
-0.278186
33.9443
13.8148
-0.454386
-0.567662
1417.94
-262.082
1561.47
-0.965073
1113.35
978.51
928.583
-1.71435
-3.34803
1083.58
1006.85
55.8194
964.734
743.974
826.225
42.044
862.564
884.996
853.033
-100.345
-89.1246
-118.662
760.991
-115.312
-135.031
10.6323
-97.1572
-86.6697
-108.231
-102
-1.55946
43.6769
-29.8656
-3.6454
-25.0355
25.4679
-105.253
500.614
-3.47304
-115.588
-105.054
-130.24
-81.1937
22.3657
-57.9688
-65.471
-84.7728
33.7659
15.3923
0.969632
-121.625
-33.6564
-80.3326
-10.9746
25.2362
-107.866
76.3558
11.0969
130.904
800.378
-105.009
11.5619
17.0883
20.1588
14.5018
20.2498
22.3347
42.9922
47.0257
19.7263
332.645
-89.3999
12.7313
-140.396
14.0131
18.0625
17.5595
18.9018
16.2834
16.5733
16.5427
-123.5
17.0236
16.2315
16.4173
16.3725
15.6169
9.2198
22.3488
-2.44349
-2.66026
13.1372
-2.00581
13.8674
1185.59
-11.0441
82.1981
564.504
761.789
598.744
5.89272
57.3128
422.909
381.047
224.968
-185.962
-126.557
157.827
211.95
175.868
11.271
125.721
-1.735
341.062
891.585
20.7498
-101.917
-8.97847
-2.93442
2.2364
31.4104
0.361737
-0.106007
-227.494
8.70169
260.118
91.5729
166.572
15.5694
-16.6277
-6.86027
15.2637
15.7481
-3.62423
159.5
-3.59201
90.7631
48.8815
-65.5295
253.793
35.3754
41.0995
531.141
126.166
30.4986
195.294
15.7916
15.6093
15.6755
208.909
15.6897
35.1824
21.0825
17.7914
-2.35641
-4.05902
16.1394
-177.64
-2.83961
15.1197
22.3562
5.74927
-140.123
-176.686
14.0726
177.137
21.8785
43.9729
35.6099
52.22
892.556
-22.883
53.9849
-45.0965
681.592
24.6125
31.3385
19.7345
8.23068
18.7916
18.0914
19.8544
136.149
16.6879
-2.34616
1.27131
-0.880911
10.2764
13.2524
27.45
37.1833
-1.19894
-2.49671
-2.03555
-0.501187
27.4306
5.47997
13.7075
0.275239
29.7163
19.4742
117.203
21.1854
-96.8155
-2.16454
17.5683
16.6294
18.9852
11.9803
24.0532
402.552
147.661
208.504
21.0736
80.405
3.41822
22.6242
25.7082
39.1993
45.5381
-290.532
173.154
16.4683
-218.18
320.92
-168.656
45.5997
20.0687
57.225
27.396
47.125
375.289
681.925
4.53933
87.3823
8.77554
-102.819
0.223017
-0.481187
-0.239329
-0.109703
-0.576152
0.352839
-29.7836
2.07222
0.953486
-0.0558594
-0.278684
-179.099
0.0623821
0.872398
-0.177635
0.938429
0.0232665
152.508
0.00555527
0.160031
0.584804
0.225627
-1.26013
608.011
-0.162102
0.912328
0.338412
0.329016
0.269056
1.12192
18.6927
26.639
228.485
6.52838
20.4747
-5.04658
20.21
-0.904553
44.8439
25.2928
-1.10002
19.5939
16.166
8.39951
273.739
6.30976
3.54552
-3.66595
20.5522
0.652812
17.2404
12.8098
-4.8417
7.2903
279.807
-152.776
76.3565
71.2894
6.47109
22.226
-0.887832
1.0269
21.455
15.3286
18.4745
8.19521
24.8645
14.6428
10.1016
-2.6979
-0.783866
-1.27119
496.295
-66.4183
1084.68
-2.50143
-177.016
724.047
20.5672
-17.9506
0.44177
-128.175
8.25394
8.96596
-5.42124
20.6729
13.3412
34.1897
55.7567
-144.051
18.4154
12.5511
16.4211
16.2369
15.931
6.34875
14.3305
11.1682
13.1481
11.4881
-153.935
10.314
9.97555
28.3659
43.2839
-0.377819
9.86598
16.3719
5.80271
11.572
10.6273
12.9094
0.625979
1.27094
4.7605
-12.6315
61.5504
44.7596
16.0255
13.5669
-2.61589
154.545
57.2997
-3.44663
375.2
-0.791248
57.1975
26.8768
53.8105
15.2574
49.6574
-1.21422
-4.86221
-6.98876
-2.40272
12.5109
0.0632581
3.57438
27.9632
-193.538
-156.707
15.3665
-48.9464
-43.6459
-164.576
-173.289
-177.158
67.5245
0.308418
-195.997
-0.570483
-181.106
-174.27
7.40874
-178.128
-165.151
-150.554
8.47911
9.75117
11.7266
11.3211
-2.62698
-2.57297
4.12427
-174.59
14.0614
10.0382
25.9376
9.01688
-22.0211
-12.6199
8.52147
8.17425
8.96713
12.6096
11.3481
11.9789
15.5607
14.6258
-41.1303
4.57932
10.8435
-179.715
13.0213
-164.994
-169.718
-106.839
-181.474
6.09166
-20.9839
-22.1513
-1.28698
-0.63859
-86.7567
25.1418
-17.9907
-170.02
-147.733
-133.294
-115.501
-159.45
-0.27944
-168.903
8.25538
15.2305
-161.711
16.6334
9.55797
-155.405
12.3023
-179.829
1.04855
11.3004
-2.40738
-179.579
-180.891
-180.574
-181.262
-180.72
-179.891
217.868
-173.306
15.992
-177.263
-156.515
-179.107
-178.832
-179.573
-1.63881
-151.108
-9.84374
-125.169
-172.755
-129.045
-123.175
12.9439
33.0975
-178.988
-172.198
-177.365
-176.982
-177.676
451.683
19.128
-177.95
-178.223
-173.708
-174.187
-174.693
-179.125
-84.3821
-163.934
-179.992
-173.735
13.3848
-1.33489
16.5012
-179.577
-165.687
-171.726
77.2842
-174.215
-164.563
-1.2323
-131.812
-166.591
-100.221
-109.378
-1.15817
-397.797
-167.847
9.23319
-112.117
-201.423
-2.06502
-175.561
254.768
240.442
-174.924
66.2241
-152.719
-177.475
-152.37
136.961
17.1048
-175.388
8.81342
-0.711779
-35.4955
1.62137
109.308
-51.4642
260.716
-2.92835
111.388
-89.6659
-5.95639
-180.227
7.28647
22.4822
166.231
-1.76796
-4.55912
-3.6811
-2.67198
-2.16401
-2.15063
-2.10295
-177.1
18.6823
-2.98796
-190.833
-2.56469
15.7439
4.15622
-2.31799
-1.93919
-1.98033
-1.86307
-1.85246
-0.903446
-133.287
-0.672751
-1.92543
-1.89083
-1.13042
-1.13976
-2.8563
-1.54037
-1.55785
-1.67232
-1.5801
-1.20999
-1.16042
-1.68675
53.7365
36.5194
-1.63143
-1.61405
-2.03533
-2.01556
-1.11312
-1.8409
-2.18343
-2.27351
-0.484139
-0.54712
-0.740725
-0.991648
-0.740814
-2.0949
-1.29094
-1.2171
10.3659
11.089
37.1389
2.05639
12.4242
8.56372
-180.269
-136.636
-71.1377
-176.282
3.4504
-145.754
0.491808
-130.227
13.4713
36.5435
12.9543
-0.45893
9.51643
0.258388
-0.364862
-1.06692
-1.10769
76.689
-0.82795
-173.389
77.7504
-208.122
-8.49263
7.58089
-3.43584
-2.60572
-2.44048
-2.68584
-7.38034
11.8939
14.33
-2.37624
-2.68778
-2.75035
-2.25057
-2.34574
-2.68615
-1.90783
-2.447
-0.542009
23.3151
-2.78961
-3.67625
4.60096
-1.87046
-1.93525
15.6374
56.2496
-2.88112
-226.732
-217.44
-272.519
-2.2282
-2.01159
-2.13842
-2.27816
-2.62413
-2.18266
-440.363
-2.16518
11.629
-1.87728
-2.11084
-3.8505
-2.31306
-1.75453
-1.83182
-1.81776
-1.93366
-2.02326
-2.05287
-2.07352
15.1726
229.667
-1.36622
-3.8256
0.163092
-3.33373
-2.3224
11.5257
-2.62922
-1.43644
130.951
-1.91686
-2.39212
-1.96412
-2.7635
-2.77247
-136.768
-2.81028
-1.16834
-2.9873
2.40858
-10.1044
-3.21425
-2.13146
-2.16471
-2.30577
-2.04966
-175.303
-2.59695
-2.03784
-2.68242
-1.80432
13.2783
-2.31346
-2.13334
-2.0113
-2.05973
-159.7
-3.4198
-3.255
-3.44224
-3.39349
-3.23581
-3.33052
-2.81526
-3.66682
-2.10404
-2.12688
11.839
-1.85781
-3.32458
-294.998
-0.768786
-3.19941
-3.35917
-1.393
-2.12624
100.546
-1.32204
-1.05767
-1.8608
-1.53746
280.186
8.31779
-11.0842
-1.74649
-6.92588
5.00253
14.6653
377.32
977.683
-3.61729
-1.20283
-2.77511
-3.12412
-2.64615
-165.449
-4.65607
-2.42899
205.778
-2.24209
-1.69775
-2.97588
-2.23277
49.6157
-2.3179
-132.859
-6.16299
-1.2267
500.682
-1.23505
-1.38142
-1.15074
6.26895
-3.04982
-2.31067
-1.87965
1.54584
-1.31344
-1.30379
5.89275
15.6145
-0.373324
-1.05884
-0.281819
-2.56641
-1.72299
-1.22649
10.3352
-0.808425
-1.05068
-2.56232
-3.04917
-3.03084
-0.994573
-0.736833
-2.06969
-2.68853
-3.50736
-2.46157
-3.81751
-1.8322
-1.80944
15.8357
-3.00553
-2.66399
-3.64574
-2.75824
-1.494
-2.9748
-2.29613
-1.16211
-3.17786
-2.4938
-3.22802
-1.55802
-1.25668
-1.00047
-1.32762
-1.18944
-1.02315
-91.0783
-2.67356
-1.72974
-1.20488
293.823
-0.833615
-2.48767
-3.13254
-0.737203
-0.947857
-1.28198
-3.62363
-1.48316
-2.90246
37.3674
-6.56461
-0.569701
-1.2219
-4.76827
-120.159
-0.338047
-1.47027
-1.0491
-3.4609
-0.872874
-0.590672
24.9949
-0.62954
-0.695145
-0.692817
-1.48377
-0.934059
4.38767
9.59189
-1.01685
-5.29897
-1.22153
14.6892
-0.981542
-180.319
10.8441
-0.869588
-1.23833
-1.22801
86.2456
-0.131383
-0.267506
-41.2328
-0.813428
-1.41657
-0.670903
0.335911
-0.989259
-2.01107
-155.624
-12.7912
-1.49021
-1.0921
-0.329022
12.5425
-1.72674
-0.846122
13.0701
21.5461
9.22063
43.6826
-2.92303
-2.25965
8.65907
-2.95213
9.10033
9.61034
13.1615
7.06865
5.48946
8.3058
8.90247
10.3606
9.94162
24.065
4.41382
2.56541
6.6016
10.0263
-0.817394
5.57897
4.42879
7.90324
15.9632
-1.43855
6.12336
9.29055
-1.7393
2.63056
-7.31106
1.75185
-1.84779
-2.5239
3.2842
-2.83897
-1.95973
0.273446
-4.37283
120.858
2.57993
-179.355
-8.68511
0.19756
-31.944
-0.286828
6.64253
-1.33934
-3.51862
-1.55261
-0.26797
1.26003
2.01632
-0.68567
9.19983
-2.17718
-1.57409
-0.232873
3.5474
-1.89803
-0.992282
2.99148
9.2125
1.3715
-6.06056
7.42188
4.61211
-0.495093
5.16595
-1.22248
-1.0979
-2.74294
-6.28416
-3.54706
-3.21684
-5.26475
-5.63257
-0.716361
-0.232617
-1.03147
-5.4435
-4.30851
8.27399
-4.46842
-6.61973
-1.35968
-6.10028
27.2366
-3.89448
-4.39017
35.6568
77.124
-1.46171
-308.153
1.08313
5.34698
2.37659
-3.1925
-2.46338
-2.24722
-4.90068
11.1061
8.56469
14.442
14.827
14.2055
11.1324
10.3595
11.8035
9.43921
8.0461
10.3774
30.5113
585.643
-3.18973
-1.33708
9.66474
7.83627
8.00477
120.43
-390.857
2.67846
-3.10907
35.383
-3.47437
-2.86098
10.5835
233.373
8.41681
-1.04534
-2.52511
-2.7286
-2.78591
5.51575
-3.99411
-2.42896
-2.44263
-2.60958
-1.55861
-1.84815
-1.23681
-0.789745
-2.09918
-0.411349
116.462
-121.943
-0.507203
449.342
11.1919
-1.84063
2.55451
-37.3338
-1.35237
106.061
22.4679
-4.65116
0.0727765
-2.77028
20.5056
33.6061
-5.54299
5.44231
-2.37266
1.58885
-5.76603
-1.89008
-3.03917
15.3477
7.61797
-2.25682
-13.5455
4.16376
-0.653799
-2.9034
0.697651
16.1109
1.68517
-181.805
6.09014
-5.71841
-1.91663
-2.04416
-2.08036
271.201
-2.07409
-2.38021
-1.54667
-2.62416
-2.35359
-2.77656
16.1595
-2.82922
-2.67322
-157.408
-158.159
-2.81374
-2.72539
-2.72435
-2.74049
16.7845
-2.70542
-2.87869
9.28147
-2.90464
-58.6643
-2.72916
-2.81878
-1.92679
-187.025
-2.85542
-2.84296
-300.115
106.5
-2.77827
-2.62632
4.35103
-160.9
-2.7253
-2.80845
12.3899
-2.83153
-0.87108
10.253
-3.0009
-2.93544
-2.90202
-2.83081
-2.79283
-8.61728
-2.96031
-2.79058
-2.90082
-3.52969
-3.54945
-2.79441
-2.71087
-2.68703
-2.59824
-15.4566
-2.74924
-1.4486
1.44032
-145.2
-2.54146
-2.52854
-1.74224
-2.76767
0.663678
-2.61862
-17.7803
-4.23001
-2.71079
10.9321
-139.001
-2.84476
20.6725
-3.3377
-2.90934
-13.6099
-207.73
-3.0601
-5.02898
-2.31237
-2.80753
18.7561
16.1731
-73.1906
10.209
4.47278
-1.6672
-2.17858
-3.01755
-4.44743
-2.84403
0.280512
-2.76633
27.7848
-123.485
-128.053
-4.12395
-51.2998
-62.2564
-3.20966
-25.5136
-39.1817
-19.0624
-24.4662
-68.8012
6.70367
6.2303
13.1557
1.78945
-10.8183
-5.70907
71.5613
10.4824
10.991
14.3455
-4.08718
-2.8374
-102.327
-6.06357
-8.47083
-9.5235
15.4667
-3.25327
9.78954
14.3969
16.5516
9.87333
7.81484
-1.5184
-6.69281
186.251
-5.31333
-4.68349
15.609
-60.0659
6.39418
-177.305
-92.8786
-6.96433
-130.204
-18.0463
112.594
-117.618
-162.545
-76.803
-50.5101
-1.71179
-8.79406
-3.04978
-8.98076
-16.7679
-9.30991
-46.4266
-118.189
-57.0781
83.8934
-3.93828
-1.72143
-144.832
313.771
-1.5717
-10.2178
-255.813
16.3655
-0.443168
15.1152
-193.789
-2.67457
-3.51968
14.0233
-2.45647
-1.506
48.0686
-15.0755
-220.519
-418.492
5.3958
336.094
-32.9018
-2.80828
-151.243
-246.01
-248.584
-270.464
157.901
6.04235
-17.6656
-18.9734
12.6651
7.10512
-9.12658
-165.416
-171.815
-75.4317
-158.067
-2.7379
-0.631048
17.3709
-233.979
-167.777
-282.937
-158.609
-17.64
13.344
-140.891
15.9823
209.867
-56.1241
-87.2682
-19.1503
-18.1824
-121.747
-28.259
95.0727
-1.27923
509.183
-64.7677
388.57
-115.443
-107.96
193.541
6.92302
-11.9263
-128.079
46.4727
8.33752
10.9315
10.224
-21.5785
8.92189
-2.79919
-37.4554
15.5299
-138.024
-269.563
-175.56
10.5785
9.69699
9.29951
9.17328
9.20126
6.49202
9.49035
9.89955
-3.56998
-2.68485
-194.718
9.49538
9.54528
8.074
8.1048
7.64087
8.58038
8.60585
8.81258
8.14094
9.4969
14.6558
11.7925
15.8541
11.3323
8.39022
9.68961
239.04
11.2048
-0.211606
11.3542
11.2177
536.773
10.7544
10.4967
10.3061
18.7462
15.5376
17.7133
27.0822
29.6236
16.7886
16.9801
9.55112
22.8231
12.6479
-2.82883
25.9933
9.79491
10.9625
15.5237
22.7786
9.92034
9.70873
10.6318
19.0539
10.1792
9.42187
14.2685
41.8207
145.403
18.266
9.65835
8.60289
283.722
272.685
-7.97753
-0.521686
236.601
238.751
196.113
275.586
191.612
213.899
183.09
-52.4613
31.0423
179.291
-2.85561
9.10029
232.541
5.46956
8.27837
79.1877
11.732
24.0275
182.921
75.9043
9.53568
100.056
27.7977
266.714
165.468
472.473
9.3422
230.537
12.1631
423.264
12.2729
9.37848
30.6747
366.085
-179.86
330.889
187.251
314.73
334.84
199.577
218.995
4.18204
12.4776
253.611
104.572
3.69454
-2.91524
149.36
-73.304
-102.468
-141.512
331.295
-289.916
-393.128
-80.5503
124.489
219.805
157.348
171.45
0.312319
-10.7034
83.4428
-126.117
106.648
90.744
236.644
-136.18
107.281
245.942
45.7772
52.6505
1998.35
850.716
1429.06
-21.2833
10.9755
311.626
-197.791
-460.003
-534.752
-291.275
-240.301
-256.998
254.51
-478.756
-255.122
-418.986
64.2858
-628.108
329.188
-538.783
-286.131
73.099
354.041
-212.348
466.691
371.786
435.228
-462.474
228.483
89.8746
146.843
486.831
-0.729241
428.241
181.713
-39.138
-413.322
43.5475
40.0507
57.6013
116.206
82.8714
-366.52
165.532
86.9732
96.7814
51.9587
76.9138
149.79
-2.63114
31.4925
147.377
132.303
141.874
31.7909
59.6823
54.9964
96.435
61.8352
73.138
-354.412
50.0339
-2.77136
42.2198
342.652
61.9593
29.9903
67.3791
88.5361
69.3514
485.844
96.6595
45.8878
43.248
49.3102
44.0207
50.0334
91.3581
479.579
93.3633
89.2957
82.38
89.921
62.0123
60.6113
48.2836
61.8093
83.2068
103.099
57.2474
64.9708
56.0827
32.4909
28.5861
29.3829
23.5082
24.4897
33.9338
38.6626
54.4087
84.6247
39.1018
34.7968
38.8882
62.6504
46.1287
62.5425
49.5371
-1.1198
-23.2429
593.642
169.679
40.9906
53.1049
54.0469
85.2311
13.5118
32.8648
-6.22425
38.1147
27.2081
55.901
613.261
24.2104
73.8584
64.3142
75.3283
24.6595
110.525
102.073
-1.92118
37.7491
39.4464
63.7345
64.7891
98.6549
66.2033
67.658
107.602
580.176
35.4947
63.2296
45.1833
11.0667
39.7934
47.7293
53.6794
56.8436
39.4809
108.009
77.513
32.7158
85.0785
58.984
27.7994
1793.21
-2.76693
-1.81463
317.804
706.757
22.0725
145.578
101.059
78.7537
20.0192
129.072
-1.01748
50.9106
79.2829
51.3021
34.1141
17.5263
36.0614
44.0843
172.024
53.3994
119.293
63.3248
76.4107
54.0569
27.8594
-1.26672
16.739
29.832
75.3658
218.325
170.076
21.3885
28.1748
35.5201
165.342
174.781
102.224
98.9606
84.9446
20.3138
84.0256
11.571
25.5758
118.188
21.9136
49.9984
220.581
10.8604
10.5207
46.9159
35.9898
115.431
23.8919
-545.859
42.7565
2.00189
129.72
18.096
124.62
20.989
-20.2365
69.3502
-2.18511
21.7772
61.635
15.8254
12.0396
-2.00558
-13.3707
12.2243
56.0318
1.96305
12.7233
13.8913
14.6974
7.96589
12.8983
12.3299
14.0204
7.24177
27.7301
71.1743
28.4475
1.53638
0.271831
-1.34847
13.0735
10.8908
15.082
10.4878
13.4693
15.8249
4.17185
216.935
10.3611
0.0268848
-0.0632195
13.4228
8.48209
21.1435
13.3839
13.2403
9.78447
10.0882
10.408
9.83328
23.7271
12.6341
16.5749
11.5975
10.1745
18.3279
11.2559
12.2291
-2.41012
10.2384
11.7928
11.9547
-2.83541
15.3837
15.7542
14.5992
13.6942
19.7183
13.276
10.8064
10.0665
14.9008
10.425
14.1166
12.3322
13.7749
14.8256
14.4314
13.7605
-6.41698
13.6508
-0.576913
9.51275
14.1642
-18.1511
13.5232
-2.74804
-334.016
12.6384
15.0636
-2.93508
9.67811
9.96277
15.9788
16.5295
8.92776
15.5894
191.759
75.1999
17.9698
15.3157
23.1258
16.3453
-9.88459
18.4031
7.05467
16.6054
258.943
260.984
22.5222
16.3351
16.6569
16.1292
8.3875
71.9033
74.0091
14.3507
10.3125
305.999
-233.238
16.2379
32.9732
37.567
0.116349
-2.78812
55.9372
-6.19844
9.74203
11.2267
12.8275
20.5172
15.4284
25.0365
14.547
17.0109
472.259
14.7888
-3.00984
27.9951
19.1092
16.4697
16.8131
-1.95863
16.584
13.0953
285.296
11.0819
14.9616
15.844
-14.9211
12.4074
15.8527
12.8246
21.549
29.2664
21.9098
12.1581
13.6049
13.4441
15.7683
9.44941
12.1136
10.9067
10.0613
13.0256
16.1167
11.6145
29.9036
9.56575
16.0842
14.5206
12.4055
12.1871
10.3584
10.3751
9.99722
9.41175
20.581
12.8467
11.7587
9.9189
8.79339
11.0863
13.4217
38.4314
11.2295
-125.113
44.3002
-273.576
8.51206
12.0193
34.6611
35.839
-2.09895
46.9773
-6.92607
25.4766
-0.749702
176.408
8.44728
25.313
1327.47
10.6061
26.6395
118.324
74.6012
52.1857
28.3912
51.353
109.934
75.9007
75.0697
15.2941
151.365
-328.399
47.5737
88.1383
1.82316
78.3357
34.2948
46.8753
56.7832
60.1182
44.778
99.7984
26.7738
50.0431
207.731
35.8715
-1.93211
60.3281
75.5195
215.104
43.1804
15.0663
33.7015
10.7526
13.3915
-1.82119
84.0817
48.9617
55.9464
16.4188
36.9527
40.0119
55.1798
8.86776
35.0075
220.592
54.4375
176.462
36.228
5.92214
50.6751
44.1494
569.693
200.338
65.1658
22.0994
56.9653
73.3086
-0.920122
45.6212
69.3249
413.675
44.7589
81.2702
91.8934
255.48
-167.278
-0.513861
323.06
228.509
-459.384
-229.766
402.035
-616.662
10.4003
54.3739
15.8312
429.184
470.323
-303.021
153.012
155.582
105.389
-234.143
-112.817
-41.0026
194.678
6.52233
-295.396
-590.345
15.8192
-6.65702
332.245
-42.7998
10.3107
279.689
-193.665
249.826
-557.306
9.27889
143.175
-311.88
12.9635
270.712
129.658
8.98963
29.6641
9.53191
95.4994
13.443
11.0384
14.8746
49.3551
14.6544
13.1621
39.8344
10.641
13.031
60.8735
13.7903
13.7219
22.4391
30.9286
10.8475
11.9878
8.74967
10.9662
23.4146
-136.995
13.1563
11.8488
3.73667
9.51738
9.22267
155.361
349.921
343.741
-1.67223
9.84085
8.49923
-215.589
204.938
6.18368
86.3902
-110.306
15.7632
-268.512
-25.623
-249.208
-270.348
-229.016
-1.37007
-308.335
-414.186
-355.676
347.665
-173.476
27.1818
0.479835
26.171
-0.810393
15.3574
-2.67664
41.4083
23.131
-8.69346
13.6462
-1.66559
-3.08314
19.0115
-3.30767
-1.49535
8.49598
-2.75538
10.0337
44.665
-2.68915
26.766
10.2003
15.7045
112.264
1534.48
-3.10263
-5.84955
-1.21263
23.494
-1.96401
16.1203
-1.56939
-98.1575
-13.8325
-2.88591
-3.06117
12.3901
-3.5857
-217.012
-90.4402
-2.6547
-4.55517
-3.59676
-148.39
10.2793
-0.994916
-2.15028
-65.5846
-2.93479
-4.09638
-3.50445
-2.07245
-2.57653
-1.69804
7.52087
-2.82012
10.2632
-0.487345
122.142
-0.767194
6.61839
-42.5357
-0.969969
-3.32255
-98.3034
0.08811
-1.47108
-4.23075
-1.95848
-1.18672
28.0076
-2.17994
3.98795
2.27542
-2.93518
-2.59514
14.969
-235.747
-3.70184
4.2925
-0.716461
-81.4923
-3.24655
-2.85502
8.2632
-2.24068
-2.10801
6.14492
10.9907
-4.16032
5.69227
-1.29184
53.2306
37.1323
-3.18336
-57.4014
9.87851
9.69485
-2.7488
7.57429
-2.77361
-2.64965
-2.52386
-2.26785
-1.03344
-2.19391
-258.854
2.93763
-1.39913
-3.27571
-0.815941
11.0489
-1.10173
518.019
1.35138
-2.40268
-2.89488
-3.12884
31.013
-1.68876
-2.77014
-2.32994
-2.71566
-5.65099
-2.81257
-2.839
-2.16396
-4.00032
-1.81756
-2.59802
-2.01504
25.4216
-2.64508
-211.535
-2.96726
-2.53729
-3.39748
9.92624
14.6254
-2.74027
-2.40692
-290.677
-230.855
46.1191
-0.922591
-66.4955
-0.908166
-177.591
-6.10134
229.517
-79.9952
-3.9636
10.4746
-26.0453
13.5465
-2.68822
-1.94336
-3.76549
-0.99276
-2.8471
169.712
-1.3635
-3.94398
72.4892
0.188623
9.97793
8.97122
17.4939
-201.75
-2.13802
9.25809
3.48828
-2.75634
799.972
-161.615
12.3732
-8.50677
-47.8219
-2.82117
-1.48786
-176.078
-4.82342
-2.45463
28.144
-178.262
-2.76485
-117.966
-131.685
-1.81899
13.3887
1.13701
10.6248
9.48285
-83.4981
-176.806
12.4541
-154.962
-177.899
31.1381
0.674923
-150.4
-3.55713
12.0148
-178.91
-2.98479
-66.4554
-41.3123
12.6336
-2.77631
-112.324
-7.22729
10.4158
-1.68715
-156.192
-1.63478
-2.01416
-141.963
-148.874
6.15881
-180.877
-167.096
8.67456
-25.4372
-2.3681
9.80626
14.7725
310.61
-39.4709
-179.337
63.1954
-6.88018
-85.2713
-7.47062
-5.49225
-175.222
-8.03854
118.554
-2.43793
-9.29653
-178.244
-3.15031
-9.45393
20.0403
12.9808
11.0201
-5.69618
-0.0460371
2.39361
1.69143
-178.416
13.2507
45.7068
-0.987208
0.016243
51.1807
0.563189
-0.770559
-2.78646
6.93388
-2.58615
8.97586
-3.61037
-2.87702
16.6471
1.82126
-1.92171
11.4299
15.3834
-1.60339
-8.71559
14.6786
17.3219
-411.482
14.0293
12.3272
-166.625
36.687
-3.26466
-2.00676
-3.20919
-2.76273
2237.49
45.3625
80.1321
46.351
53.7168
10.9806
171.648
-2.24032
73.2491
954.271
122.925
15.5194
-11.5353
615.349
-13.4642
-1.09571
15.1145
57.08
-2.72927
-1.56947
279.201
-0.475192
18.3916
139.071
103.869
14.3625
15.6282
32.6831
26.4603
3.31038
-14.6525
-2.90775
73.1698
13.0914
87.4466
21.0783
779.596
27.0531
57.8876
12.8532
35.3368
92.2056
224.349
18.3843
48.4823
116.418
91.538
-203.426
15.6234
-301.926
18.6096
15.4123
-93.3313
6.44492
-104.848
61.9512
18.2535
13.7535
391.832
909.198
156.999
-66.0242
16.3783
-2.11721
-243.873
-3.04965
16.8161
11.1486
-165.969
-3.10736
22.9628
17.2813
-1.98787
-131.793
-173.011
9.29441
255.712
13.8312
17.5404
808.79
12.9325
-271.27
-3.22774
-0.79127
27.8081
-179.863
21.3713
1039.88
330.278
10.0421
-108.345
7.78987
38.7725
40.1757
-160.443
7.00168
-2.74099
125.707
139.19
571.834
10.8829
-83.4325
-2.27811
45.1791
1178.76
-1.58907
-40.6735
2.79126
-6.16414
-199.67
-104.404
94.1632
-1.59901
8.30805
52.5458
9.50982
19.1501
11.8831
36.4253
20.1412
4.1849
98.9251
-176.568
-90.166
-176.578
-120.011
96.4131
-2.30334
-2.99192
-2.48627
-1.49178
-1.68872
15.4457
-152.048
-166.693
-176.589
15.2424
12.1233
18.7119
-2.13093
-42.8163
-2.07019
34.2705
0.973453
24.0607
14.4285
282.809
16.5661
-2.7996
0.772891
11.1467
-2.6282
15.9328
16.3412
-173.556
-2.87144
15.2484
11.58
-2.83203
-117.533
431.031
-143.498
-274.063
-1.59198
-13.6973
19.7055
60.3227
-1.08063
-2.97847
-3.02231
-5.53927
51.154
15.6432
-201.371
-2.8062
12.3933
17.7951
14.554
10.4864
0.297792
13.3055
6.56599
87.9286
16.0045
137.279
-4.1813
-3.23474
15.6479
-0.551507
-4.38418
38.7665
-2.81834
23.7387
7.65647
283.542
-2.3681
-43.221
15.8337
12.8482
52.8678
-29.5244
15.2552
-2.8006
-7.01074
-254.63
50.7841
4.55358
226.039
-4.09444
42.4608
12.6244
10.213
10.4443
147.523
-2.52654
9.01038
-1.89546
15.4205
9.01261
-1.65505
21.6613
7.9032
-4.87124
6.4457
-2.95443
-2.51994
-2.29259
-419.134
5.65618
-95.9814
1.88206
-7.70388
-180.586
-1.02593
-112.372
-1.52464
-0.352812
-2.4843
906.46
10.8215
-180.774
25.5046
-3.31223
250.003
-299.241
9.74378
10.0542
0.299356
-106.394
-50.4501
-2.37091
-104.529
-122.329
431.867
0.683693
-1.13687
-3.85503
10.5089
0.764362
-2.95259
1.47399
10.5463
-148.965
3.48941
10.0728
-1.90123
20.1566
3.80943
-8.62617
9.21586
11.3827
-127.348
-0.455553
0.0648254
-0.996836
)
;

boundaryField
{
    FrontBackPlanes
    {
        type            symmetry;
    }
    wallz
    {
        type            calculated;
        value           nonuniform List<scalar> 
97
(
-394.706
-346.905
-426.383
-270.899
1445.62
1716.62
1175.6
1171.71
1352.87
79.2008
-1.32267
9.98819
-42.967
-44.8576
341.365
1048.38
666.526
960.848
150.955
97.9268
102.643
-144.179
-44.2943
-191.941
635.187
97.2615
233.5
-503.601
-91.4921
-662.153
-209.704
-124.425
-214.886
277.587
449.797
-214.771
-129.77
-28.8376
-120.811
-155.055
1511.36
-153.028
58.1042
246.1
314.269
-39.2987
3157.99
668.753
2631.17
57.3614
1.49566
46.9185
228.857
82.3512
121.64
144.252
432.751
484.693
-0.438678
-2.52135
81.6839
235.157
178.712
310.514
307.747
990.956
1323.62
7.78579
1.00244
414.266
638.49
516.328
342.651
341.31
-18.4775
261.622
-681.479
369.558
417.545
650.221
1504.28
1831.04
8.56246
-269.19
-520.086
-535.428
-143.198
1964.83
2099.82
-2.82993
-39.562
6.16435
-0.918637
459.155
458.854
-6.17979
-344.624
)
;
    }
    outlet1
    {
        type            calculated;
        value           nonuniform List<scalar> 
31
(
-2.94318
-2.943
-2.943
-4.12382
-2.97551
-2.94634
-2.94315
-2.94311
-2.943
-2.94303
-2.94302
-2.943
-2.943
-2.943
-2.943
-2.943
-2.943
-2.943
-3.61198
-4.57547
-2.943
-2.943
-2.943
-2.943
-2.943
-2.94302
-2.94313
-21.5433
-2.943
-2.943
-25.5325
)
;
    }
    inlet1
    {
        type            calculated;
        value           nonuniform List<scalar> 2(-561.792 -568.272);
    }
}


// ************************************************************************* //
