/*--------------------------------*- C++ -*----------------------------------*\
| =========                 |                                                 |
| \\      /  F ield         | OpenFOAM: The Open Source CFD Toolbox           |
|  \\    /   O peration     | Version:  v2012                                 |
|   \\  /    A nd           | Website:  www.openfoam.com                      |
|    \\/     M anipulation  |                                                 |
\*---------------------------------------------------------------------------*/
FoamFile
{
    version     2.0;
    format      ascii;
    class       volScalarField;
    location    "0.55";
    object      p_rgh;
}
// * * * * * * * * * * * * * * * * * * * * * * * * * * * * * * * * * * * * * //

dimensions      [1 -1 -2 0 0 0 0];


internalField   nonuniform List<scalar> 
6576
(
2786.44
2762.49
2770.16
2775.8
2791.41
2799
2774.5
2776.08
2793.26
2783.44
2823.37
2807.76
2795.66
2805.24
2768.96
2776.7
2742.81
2770.77
2772.56
2818.86
2753.47
2812.18
2815.82
2769.57
2799.26
2828.68
2876.55
2795.61
2758.66
2761.57
2781.8
2742.42
2780.64
2804.24
2797.92
2818.77
2793.87
2820.36
2779.74
2800.66
2766.46
2757.18
2784.27
626.316
261.077
1365.72
472.228
637.791
1486.09
1220.39
494.89
1087.31
-0.0979175
-0.0651407
-0.0145898
-0.529729
-1.30598
-1.94052
-0.612025
-0.00565153
-0.156775
-0.0631124
-0.0112138
-0.0436539
-0.0557487
-0.0630119
0.248499
0.141857
0.182401
0.105757
0.144105
0.160706
0.138662
14.1716
16.2417
14.2604
14.8821
13.699
14.638
15.1506
14.525
16.5331
16.9507
15.8567
14.885
15.0551
14.4213
156.622
143.479
158.002
219.575
163.072
149.77
171.094
201.646
505.295
457.225
327.545
504.516
314.61
137.216
332.33
181.981
238.521
207.352
380.947
236.672
190.79
1269.27
1471.3
1445.62
1257.48
1579.49
2098.15
-0.073115
-0.0510442
-0.192611
-0.159427
-0.164774
-0.319911
-0.198479
1259.92
2465.72
2610.81
2692.93
2752.47
2744.25
2804.59
0.526634
-0.213422
-0.0508296
-0.667191
-0.337833
-0.880615
-0.694627
1592.84
1605.63
1656.16
1667.22
1645.05
1637.89
1668.61
335.035
326.805
286.896
841.624
991.136
154.432
141.793
-6.20248
5.98463
-6.83881
-4.38834
-5.61008
-6.49922
-5.87974
131.038
43.9623
6.71222
128.371
6.59846
26.3203
83.3144
9.76657
71.9735
-0.182311
0.639873
-0.641405
13.2907
3.74012
3.62342
-1.79626
-4.83759
-4.65037
-4.3818
-4.53782
-4.52189
-2.34824
-4.04275
-3.53369
-2.14109
-1.96015
-1.35372
-1.94601
-2.07856
-1.38716
-1.72577
-2.3552
-2.19258
-1.72873
-0.461279
-0.656126
-0.628811
-0.63851
-1.01967
-0.417195
-0.505185
-1.00069
-0.594722
-0.883965
-0.956462
-1.20468
-0.565044
-0.647054
-0.456084
-0.390557
-0.863662
-1.23693
-1.62626
-1.60352
-1.62623
-0.139315
-0.603222
-0.641466
0.286585
-0.0566777
-0.50309
-1.04591
-0.066886
-0.0795152
-0.162972
-0.0462163
-0.0513016
-0.0700281
-0.0739198
0.0595042
-0.029067
-0.034535
-0.0138033
0.0632006
-0.0609055
-0.0991809
-0.270158
-0.993662
-0.452251
-0.339709
-0.672216
-1.12338
-0.449444
-1.65221
-1.63197
-1.25483
-1.27696
0.50868
-1.58645
-1.26688
-4.60154
-2.92315
-4.24154
-2.81066
-3.57672
-2.85873
-3.36141
-1.91799
-3.65702
42.0582
18.7375
-2.09674
31.3253
39.8204
62.4725
24.2754
92.6853
93.5874
117.783
-170.951
-56.9222
-176.987
-170.063
1338.87
1321.56
1345.57
1379.74
1325.45
1286.98
1391.28
1272.65
1445.04
1960.25
1942.7
1952.97
1801.64
1523.02
1690.08
1264.52
404.292
287.259
365.16
480.104
442.338
350.099
426.073
513.962
384.474
1821.19
1849.79
1811.63
1097
1389.35
632.313
1454.05
1423.36
916.345
1283.11
38.7637
34.8127
22.8564
24.0899
51.581
23.1373
21.7115
360.499
17.3821
0.788423
242.77
14.7507
2.23965
1.89692
1.54053
2.12815
14.8672
15.2465
13.4377
13.9587
14.11
14.0725
13.0975
473.802
380.653
758.554
196.47
555.938
623.459
379.447
454.242
310.329
444.773
251.071
114.981
568.794
363.597
489.657
537.543
977.5
1016.29
750.058
765.358
1066
432.692
859.625
871.819
557.438
1155.48
1209.78
1171.71
1141.28
1110.95
1138.89
1101.91
1454.68
1342.03
1352.87
1305.16
1271.23
1240.21
1244.63
1375.13
1639.12
914.705
887.166
932.952
931.311
958.183
913.975
947.579
951.365
1017.06
923.897
836.165
888.786
811.216
821.886
22.5829
17.3479
18.4194
19.0392
17.394
17.6213
17.0707
17.5119
18.9244
16.1845
16.3153
18.534
17.6435
17.1402
16.97
16.302
65.5535
26.4036
42.4351
22.4802
89.5771
22.467
75.4735
27.778
42.6955
56.8965
252.468
853.117
128.769
53.5349
9.00593
24.0356
1496.43
1504.19
1522.08
1366.93
1433.57
1428.11
1521.93
-1.65264
-1.71238
-1.58353
-1.37189
-1.10441
-1.73586
-1.34809
-0.373011
-0.175017
-0.000393052
-0.163244
-0.290541
0.465488
0.231705
-0.414007
0.0715451
0.154113
0.263269
-0.97301
0.0874815
0.181104
812.585
1127.28
698.901
2008.66
1955.86
1705.38
1862.24
1785.69
1940.17
84.4984
85.8377
71.5608
446.366
144.339
96.9675
82.3297
536.896
316.04
499.096
259.609
359.762
289.194
249.788
450.222
199.387
263.871
636.702
661.249
545.663
246.568
46.825
45.2573
102.494
46.1038
44.9119
51.4606
207.605
214.898
241.635
137.956
299.397
295.79
130.287
259.299
71.9647
211.106
156.271
302.24
301.948
310.737
-1.52107
-2.54714
-2.15953
-1.68663
-0.34876
-0.632373
-1.4019
28.4054
16.8211
17.5855
20.9277
-1.44082
-2.4017
-1.48895
0.867464
0.133354
-2.67405
-0.0791375
-0.226283
-0.522356
0.0650824
-0.214308
-0.169296
-0.187529
-0.260253
-0.351377
-0.00351553
-0.16124
-0.104904
-0.22777
-0.17965
-0.228252
-0.243687
-0.153104
-0.378993
0.0200826
-0.11156
0.00427485
0.00322064
-0.016599
0.037385
0.00782128
-0.205641
0.0632726
-0.0496915
-0.359328
-0.305572
-0.342262
-0.261223
-0.0541388
-0.167768
-0.2403
-0.252652
-0.0759368
-0.288142
-0.0662191
-0.236658
-0.177738
-0.165566
-0.141841
-0.319886
-0.136949
-0.0408456
-0.0729381
-0.115035
-0.90496
-0.773356
-0.681118
-0.518284
-0.495782
-0.596897
-0.715187
-3.10502
-2.55415
-3.63256
-2.60675
-3.69477
-3.8536
-3.7189
-4.58034
-4.52021
-3.31807
-4.09292
-3.61305
-3.43378
-2.92589
-3.37888
-3.81657
-3.72187
-3.60265
-3.86889
-2.55878
-1.58392
-0.933833
-2.91569
-0.445971
-2.30762
-3.57647
0.150635
-0.117383
0.127531
0.0336198
-0.199322
0.00116893
0.144231
4.59435
1.8274
-0.634664
95.155
81.3526
35.4549
67.5908
-0.815256
-0.418396
28.2606
62.7182
37.0382
40.5942
38.8006
88.6792
90.5649
33.5366
97.6858
241.953
112.246
400.461
45.3678
1.1646
585.465
470.791
662.451
394.715
-0.199037
325.195
3.24484
-151.138
-175.849
-175.175
-171.838
-170.603
230.398
-153.816
-54.0742
-52.6585
-54.8181
10.8962
-35.3533
27.092
17.1499
19.1545
-48.2307
122.019
104.629
-0.745276
-27.0405
-30.7438
-46.3679
-43.7424
191.987
158.102
254.228
229.597
189.885
227.016
208.46
315.271
319.463
163.896
67.7735
189.539
191.793
202.476
34.7905
80.8547
40.3965
144.23
236.891
220.867
250.886
244.649
236.362
245.898
192.152
285.279
386.604
264.201
166.768
124.148
44.5163
745.44
666.428
628.897
560.634
563.219
419.403
686.8
283.917
405.486
330.708
322.479
167.568
620.764
677.241
403.116
316.901
582.365
1231.95
1225.57
1379.17
560.516
514.522
705.737
782.176
909.111
912.893
750.617
1066.68
1151.43
870.947
473.502
335.085
1306.56
1225.95
1324.68
1419.72
1300.55
1291.56
1416.25
1156.18
1146.52
1257.92
861.127
931.388
947.818
939.237
916.721
926.738
888.029
1057.88
1035.6
1056.8
1039.09
1036.37
1008.53
974.756
1020.27
1005.42
1073.59
1048.38
1046.64
592.604
749.494
666.526
717.561
712.534
711.944
701.346
724.358
715.617
929.392
943.302
960.848
938.658
939.224
918.076
894.683
1004.76
961.202
945.554
439.747
633.268
427.074
623.252
509.884
424.232
599.773
907.218
714.656
774.245
775.342
709.209
660.715
755.992
737.872
786.147
742.168
720.256
893.352
879.795
790.975
549.932
309.239
337.374
296.225
405.395
271.783
519.019
9.01425
60.4293
86.2271
74.2002
82.5413
130.461
129.37
213.428
353.602
250.719
303.383
326.357
244.862
263.946
312.625
335.976
239.961
297.419
319.418
306.016
312.547
27.8514
25.0948
39.2505
27.0548
33.1923
24.6513
24.566
23.0809
26.7692
17.2709
17.6697
18.678
22.5561
17.5857
19.4156
17.3899
18.0885
17.2149
61.9209
204.295
78.0156
19.7038
430.794
84.8942
501.249
700.159
400.541
1082.08
822.718
490.357
1112.84
1118.67
3.03879
11.0551
4.30957
1.79728
5.28686
3.53297
1.95618
-2.34336
12.308
61.5107
526.725
148.113
703.357
1056.5
671.072
1686.21
1401.11
1680.48
1754.63
1716.74
1232.91
1298.52
288.732
403.906
1292.02
1136.95
1086.88
1043.79
407.186
194.246
1231.29
236.212
174.207
893.232
1767.98
1586.77
713.376
966.423
690.482
1174.23
790.236
665.482
890.793
1605.59
1484.27
548.483
1423.81
1882.5
837.209
1662.44
787.1
899.298
911.378
894.733
1875.89
969.165
805.93
1364.26
1549.4
916.286
875.068
513.755
641.339
1785.82
1961.37
715.005
2009.25
1974.75
227.144
259.642
233.253
23.4229
0.577835
47.7315
3.88874
1.27047
17.2203
26.7276
-0.170116
-0.233348
0.0549813
-0.0209976
-0.574408
-0.22276
-0.0499875
-0.124511
-0.223188
-0.0507681
-0.112184
-0.127956
-0.240902
-0.175434
-0.00928042
-0.205017
-0.0526196
-0.0152067
0.0456973
0.116484
0.206059
0.0782957
-0.0158816
-0.0360478
0.0978606
0.0222934
0.0339764
0.135555
0.00426432
0.0958523
0.0447903
0.00723256
-0.00457705
-0.0593803
0.00745955
0.0235138
-0.0227976
-0.0468413
-0.0116319
-0.0365636
-0.0385813
-0.0339819
-0.0393613
-0.019991
-0.0441556
-0.0326673
-0.027002
-0.0414277
-0.0548399
-0.0424343
-0.139652
-0.107146
-0.0866569
-0.0609983
-0.0586728
-0.10812
-0.0856911
-0.0832691
-0.0929908
0.179222
0.132109
0.128043
0.0933472
0.0487172
-0.115146
-0.0104555
-0.373502
-0.353872
-0.151011
-0.408229
-0.278091
-0.318544
-0.112548
-1.91494
-2.43281
-2.53933
-1.185
-1.63683
-1.80296
-1.83856
-1.35857
-1.67373
-1.48904
-1.85847
-1.65852
-2.37222
-2.91023
-1.64095
-2.72767
-2.59307
-2.88585
-2.98335
-2.89401
-2.3604
1.14591
0.973501
0.955366
1.09044
0.953698
0.87042
0.908418
0.897191
0.947833
42.8827
32.0863
54.3656
95.4095
54.8309
78.1952
111.363
169.317
148.055
108.397
114.249
143.045
290.873
114.381
727.374
923.117
1323.94
483.307
1182.23
1272.49
1263.22
1248.28
1289.67
-130.998
345.363
78.2054
215.308
232.734
-4.37897
-50.2632
286.59
316.153
350.067
336.469
232.915
458.868
280.526
343.795
98.7443
326.182
309.275
330.312
311.228
291.133
0.64972
349.021
382.959
331.362
333.677
372.277
348.159
383.881
324.406
259.663
333.028
258.567
306.146
413.156
244.943
332.444
190.395
380.571
263.484
176.367
255.91
183.801
317.882
237.078
125.91
641.025
568.01
621.526
660.182
909.002
727.052
585.255
911.418
701.273
764.965
592.432
531.83
682.055
402.975
316.907
430.29
427.295
635.187
783.503
624.51
301.115
112.405
97.2615
138.004
146.089
98.3338
194.515
564.563
213.628
251.448
296.304
202.733
276.697
247.355
282.91
263.115
302.187
225.542
233.5
216.549
172.703
192.314
212.316
-162.199
-70.0594
-120.746
-67.5656
72.7198
-22.9125
-139.742
33.6333
42.7137
217.328
212.3
199.404
155.007
93.511
364.283
407.927
395.527
372.75
388.627
338.907
309.261
271.554
228.083
370.91
231.262
335.718
227.845
238.968
308.558
7.28839
542.503
34.2974
572.596
33.1053
68.9321
622.588
692.864
812.502
468.568
802.008
841.122
675.844
19.9736
18.7344
13.8872
12.8659
13.5017
15.1981
13.4683
15.964
13.8266
20.9764
14.182
16.7915
20.2844
16.0694
14.9407
13.9978
14.0444
14.0474
14.0936
14.2389
14.1083
1443.76
1464.16
1416.56
1594.64
1545.23
1596.35
896.6
1126.92
1045.66
1171.28
252.134
830.956
1015.12
286.192
361.991
238.059
381.017
371.945
-175.74
7.55375
-132.675
194.689
225.017
222.695
-212.676
-204.345
-218.02
-220.122
1097.73
396.885
-31.7771
731.862
993.241
1134.72
192.655
1140.15
1085.12
619.846
1163.85
1095.38
1010.61
1163.04
1139.53
807.755
716.191
967.436
957.623
802.583
726.987
835.188
951.807
748.872
749.812
939.882
992.321
945.467
869.782
1095.93
1042.4
1285.23
1364.55
1108.55
994
1237.98
1246.72
961.778
857.352
659.119
1356.11
1120.21
1283.95
1258.77
905.751
1111.42
1050.72
1762.79
1243.83
1493.22
1256.9
1418.75
653.771
1524.45
1316.22
1374.44
1847.2
1900.45
1824.26
1927.73
1112.08
1097.4
1695.19
1957.09
1931.54
121.122
105.153
127.525
90.6307
1704.2
382.853
101.892
363.158
2003.09
1049.19
159.223
646.586
1990.64
305.28
24.9273
6.67697
109.201
1.46199
1.42328
23.3803
19.1714
-0.232735
-0.0369356
-0.192793
-0.333522
-0.21775
-0.00193802
-0.200588
-0.0733101
0.026418
-0.0939767
-0.043982
-0.064171
-0.197457
-0.291732
-0.246232
-0.221951
-0.183352
-0.258946
-0.137851
-0.161898
-0.114946
-0.122481
-0.144928
-0.123811
-0.12485
-0.151121
-0.029865
-0.0420485
-0.0530289
-0.0403471
-0.0364431
-0.0638281
-0.0628387
-0.0389555
-0.0362533
-0.0852274
-0.036236
-0.0102824
-0.0583925
-0.0397541
-0.0191326
-0.0401312
-0.0339647
-0.0382793
-0.0213806
-0.0366152
-0.0202468
-0.0228141
-0.00522183
-0.0389488
-0.0421445
-0.030683
-0.0343655
-0.032841
-0.0409476
-0.0404098
-0.0069519
-0.0150648
0.00104813
-0.019437
-0.0163766
-0.0135053
-0.0122406
-0.0354567
-0.010391
-0.0248539
-0.0183132
-0.0212031
-0.0137214
-0.0323143
0.0120506
0.00330129
0.0230054
0.000743719
0.0205989
0.021631
0.00173106
0.00267975
0.0198264
0.00329591
-0.0347749
-0.0135467
0.00836905
0.0203866
0.800309
0.821554
0.687635
0.703945
1.11614
0.939503
0.755426
0.410251
0.759384
0.65152
0.741152
1.04908
0.61569
0.820059
0.210586
0.0854015
0.0697984
-0.587146
-1.11922
-0.0482781
-0.36603
-0.00815751
-0.460621
0.0221126
-0.560108
-0.862029
-0.244789
-0.548027
-0.168499
-0.0505722
0.547263
0.668135
0.56924
0.331535
0.575345
0.642345
0.493919
0.839696
0.781857
0.617544
0.935057
0.800414
0.965307
0.73982
5.73741
67.4882
2.6007
1.97453
2.2244
2.45466
2.4459
10.7438
1.45374
3.74044
2.04703
1.67657
9.48991
4.74665
1.77561
3.53194
1.65549
1.60178
90.7877
35.1903
78.4657
49.6745
41.9078
38.8053
37.1994
3.27401
-120.271
-147.519
-100.245
-65.3784
-114.448
-104.661
-107.308
-119.112
-41.1909
-127.168
-121.427
167.277
29.4244
-167.002
-169.905
-173.505
-172.454
-170.273
-172.448
-173.114
15.7537
-172.252
653.476
-172.997
-51.4636
-168.973
678.924
323.398
-39.9797
-138.051
-141.527
-49.6881
-159.36
-171.42
184.959
370.095
143.303
310.484
376.566
253.61
339.367
563.633
554.688
554.854
326.897
187.582
205.824
567.725
308.331
422.012
467.589
291.848
241.296
359.644
351.601
217.139
290.325
285.087
306.416
164.559
302.617
232.358
244.82
251.797
255.297
339.688
422.617
-53.8867
191.057
26.0617
367.69
282.588
-13.3666
93.5984
243.707
228.199
209.216
252.315
260.233
233.868
273.19
277.587
240.669
143.687
296.171
441.178
449.797
325.467
356.991
385.951
373.345
270.938
356.986
373.173
51.4481
56.3986
58.3192
32.1809
44.4996
43.2801
36.6662
53.297
72.6504
57.5358
59.6051
46.4419
55.9998
48.6884
14.368
15.8891
14.6164
17.2185
14.1103
12.2263
11.8327
149.973
152.386
192.814
575.487
31.2839
22.9482
73.2677
17.3856
148.753
11.8276
10.4641
11.3134
101.83
51.8744
447.219
142.315
14.8042
12.4674
16.4179
16.6052
14.9765
17.0677
11.6693
16.3572
15.1862
12.4491
12.169
12.9984
11.8437
11.265
10.114
10.9806
10.3826
11.0571
18.7802
19.3872
18.0607
13.3888
14.3477
13.7881
13.5577
-3.29502
20.3431
95.1945
125.79
696.806
439.121
1182.16
309.363
243.737
421.043
681.817
1191.44
1023.47
1203.37
764.598
790.771
805.893
837.483
712.638
777.205
707.567
1016.01
834.761
853.337
866.908
1021.79
835.926
765.471
922.535
1179.16
837.702
787.751
665.581
827.57
1042.98
893.797
1063.08
1067.11
1128.32
1045.53
800.959
1230.09
930.158
938.157
801.968
983.108
813.944
989.308
873.037
956.596
1120.81
489.136
719.945
441.46
1131.79
1113.15
-198.686
-111.81
1.30224
-158.862
-66.933
-206.772
-203.889
250.211
240.801
231.284
451.216
168.357
222.933
202.558
1008.25
1161.51
1145.71
710.622
399.731
248.209
0.434125
1938.55
1752.81
1445.08
1688.48
1611.95
1785.16
1833.4
-0.0441314
-0.354317
-0.596338
-0.213659
-0.231977
-0.965076
-0.667176
0.06824
0.070409
0.17478
0.000251291
0.0352117
0.0889257
0.155172
-0.0252956
-0.0202421
-0.0180714
-0.0103285
-0.00475905
-0.0119721
-0.00875128
0.008308
0.00347548
0.00890945
-0.00875121
-0.00155376
-0.0192258
0.00561091
0.0190332
0.00451413
0.0400657
0.0345579
0.0318648
0.0740006
0.0150072
0.0355781
0.0545974
-0.12312
-0.166969
0.108375
0.0438048
0.0609887
0.174636
-0.309396
-0.081021
0.0658684
-1.56662
-1.23589
-1.52417
-1.37481
-0.0278029
-1.76982
-1.41438
351.696
1856.53
2770.11
2757.1
2735.11
2674.01
2685.95
35.8611
47.0998
36.2218
20.0841
6.81645
10.9725
16.2491
8.23325
31.9271
1.78036
6.40551
10.5148
332.349
14.994
-1.36678
-1.51818
-0.287404
-0.278564
-0.060305
-0.176233
-0.632211
-0.422551
3.43207
3.51687
1.46347
20.7458
1.11626
4.24784
-1.95422
-1.45413
-1.69743
-1.76083
-1.3663
-1.3431
-1.52813
-0.627362
-0.493191
-0.574822
-0.861146
-0.451374
-0.433462
-0.675806
-0.484992
-0.27257
-0.660023
-0.696645
-0.95535
-1.25394
-1.37462
-1.12538
-1.07237
-0.526595
-0.105685
-0.316865
-0.398019
0.0359564
-0.269474
0.057294
0.96586
1.04545
0.722411
0.792904
0.676508
0.729896
0.814991
1.16173
1.26571
1.34581
1.17894
1.2032
1.1141
0.909691
379.381
571.701
780.023
656.635
313.265
327.682
356.741
1110.14
985.718
1057.33
994.498
1091.38
1428.21
1184.27
444.429
977.214
962.479
850.201
994.47
658.5
932.088
1007.7
1002.34
1122.08
978.411
944.125
983.431
983.699
1056.64
1054.61
791.105
793.224
768.878
799.18
813.236
774.407
467.186
816.887
814.423
834.396
714.469
721.289
697.55
724.322
689.187
674.858
593.763
-171.022
-174.932
-173.425
-175.084
-175.33
-174.677
-174.513
742.802
657.827
692.136
537.111
305.056
21.6272
-176.426
-176.853
-176.507
-176.633
-172.792
-160.515
-176.929
140.611
190.957
196.418
311.983
243.458
292.761
132.676
309.819
351.915
304.35
365.962
304.942
389.188
378.488
297.485
322.18
328.678
325.198
312.826
239.605
278.626
138.599
56.5985
105.668
4.49529
58.1256
52.9859
122.911
1172.52
664.727
1511.36
711.458
843.788
919.731
1219.68
98.8681
-153.028
125.874
63.703
529.818
249.578
1173.27
1168.33
1006.34
1071.21
1104.55
967.412
881.309
15.2442
5.88512
309.595
-31.7595
-6.58952
-16.1738
7.52325
735.617
427.965
-26.9185
144.184
-24.0432
-21.955
80.7608
527.835
92.418
551.715
964.896
1006.42
82.3314
1040.98
933.339
1332.66
1043.56
1217.77
955.049
1175.85
936.676
1222.58
1089.26
900.894
1106.47
1140.77
1067.88
1124.92
1161.14
1158.1
1141.6
1044.29
1169.84
1126.34
505.194
1129.88
1176.32
1146.56
1165.54
1315.25
1125.29
1249.02
1177.07
1248.6
1185.35
8.49734
8.65991
9.17052
62.8701
7.20574
445.467
51.4717
-0.941426
-0.309188
-0.516987
-0.132103
-0.064467
0.236452
-0.483397
-2.07663
-3.86062
-2.87632
-3.40638
-4.3269
-3.76184
-2.69654
-1.81092
-2.6396
-2.01798
-3.23386
-2.78244
1.259
0.174353
-0.185714
1.40427
0.977235
2.40987
1.35647
1905.91
1844.2
2482.85
2194.91
2150.34
585.188
2337.68
2.5191
3.04354
5.3159
1.89685
1.2769
1.80393
8.61636
8.04292
2.75182
8.95611
-1.17899
0.470554
4.13046
7.06349
-0.496876
-0.278772
-0.264736
0.0718677
0.064437
0.137695
0.031829
0.150076
0.10504
0.208155
0.0237767
0.0190143
0.158262
0.208698
-0.0188938
-0.00399371
-0.0364663
-0.0126906
0.068035
0.0921017
-0.104644
-0.0411384
-0.771745
-0.0900992
-0.533589
-0.0582162
0.545091
0.0753368
0.0469263
0.178016
0.044129
0.140322
0.0408148
0.924731
0.761624
0.699035
0.844277
0.846134
0.885906
0.941761
0.852085
0.86823
1.06604
0.67627
0.815414
0.818359
0.868874
0.984687
1.05198
1.01125
0.988872
0.980162
1.02766
1.11058
1.04793
0.955374
1.15895
1.28672
1.02313
1.16348
1.0701
0.982122
1.01192
0.669963
1.27625
0.403488
0.488983
3.569
0.369575
0.0877246
1818.08
1745.67
1866.47
1774.88
1626.88
1743.23
1771.15
1734.92
1082.94
1507.98
1509
1432.65
1410.06
1743.79
1773.23
1760.12
1440.74
1373.42
1158.57
1088.23
1223.04
1279.16
1221.99
939.892
918.766
1149.94
1077.89
1323.97
1136.99
1057.06
1009.57
983.814
1148.56
945.19
1033.93
871.227
-96.9884
106.892
584.076
-45.4967
583.621
-26.3477
32.6948
-176.981
-177.002
-168.715
-171.463
-172.91
-176.631
-175.819
16.997
18.5943
16.9899
19.0223
21.1906
213.368
64.0048
24.9969
25.7537
27.423
65.3352
133.475
422.304
144.761
362.81
413.986
424.884
416.91
425.782
24.4334
31.7472
23.8178
25.3117
23.8571
274.168
249.13
321.978
292.865
293.23
232.312
246.814
304.706
303.406
333.791
212.047
237.61
272.632
234.707
48.1289
40.7393
132.658
42.9844
34.2255
67.7562
105.204
656.995
222.766
546.609
2515.13
1107.53
2239.86
2180.94
2630.45
2864.51
2034.22
2682.59
984.84
3157.99
2290.27
2488.88
2792.11
526.79
756.657
668.753
-61.8963
436.292
-99.9618
317.485
449.043
2631.17
1764.63
1240.7
1137.43
1212.13
610.088
1075.39
1091.91
1158.15
1153.84
1160.21
1123.38
-34.8171
20.0926
45.7863
-56.1023
-69.6837
-15.2728
271.921
8.38754
10.9512
8.93148
6.54716
9.89744
7.23585
6.68926
9.71855
9.94843
9.66612
9.2235
9.69297
9.53282
9.00367
10.2916
10.1404
7.79221
9.03426
10.263
10.5249
11.5963
4.81005
2.09244
2.75407
5.40425
4.9919
6.72386
3.5093
7.01299
5.83839
9.15216
7.54234
5.14192
16.2628
32.6507
2.31235
2.05421
2.24467
2.31897
2.82972
2.33282
2.45723
5.26258
1.48168
9.46899
1.18652
1.32709
1.76501
1.48333
7.33505
3.31488
6.91205
7.76743
6.65275
4.39448
1.98439
1.10943
4.24513
8.61166
7.64007
4.08399
1.05352
2.90436
6.02173
4.43679
2.82394
1.23672
1.14477
1.36795
4.40118
11.5531
5.21281
-0.228007
-0.0383347
0.0867877
-0.515528
-0.529581
-0.235951
-0.422944
1.33329
0.132946
2.56693
-0.827857
-0.110988
1.9795
0.559919
0.343805
0.204792
1.79721
1.66655
2.28827
0.282147
0.0634191
0.314319
0.273563
0.289702
0.36525
0.465241
0.353648
0.375891
0.443868
0.352533
0.420187
0.502949
0.408261
0.485572
0.398829
0.568011
0.439589
1.84255
2.17433
1.48159
2.16635
5.40038
4.27678
3.99197
14.7353
3.10336
9.45187
13.6372
0.392046
142.411
59.2515
145.141
23.4259
84.2089
23.4914
105.276
340.381
566.002
565.623
578.641
171.402
256.428
404.223
126.579
565.821
139.136
1136.39
1767.8
1328.24
1265.12
900.209
472.246
1779.46
1821.82
1590.19
1625.24
1361.87
1496.89
1611.31
1296.4
1380.97
1505
1176.12
1102.73
645.481
1089.12
1127.74
930.382
658.145
887.306
850.989
627.249
894.656
981.608
965.935
946.561
29.9705
45.4913
29.5761
28.9678
31.6165
76.798
46.131
30.0238
31.0849
31.1672
31.2005
39.2114
18.2106
45.6809
17.8257
20.9247
19.259
21.8783
22.8481
18.7522
19.0219
23.778
24.2967
48.5795
24.4414
46.0856
175.949
38.302
17.3129
17.1144
18.829
18.5154
18.4749
28.031
19.4408
18.1289
17.4216
17.8771
19.5919
17.8336
120.662
61.7303
423.474
19.1367
43.2904
55.5023
48.3242
29.8886
33.7468
130.213
16.7358
18.0647
17.1232
16.2503
132.222
442.531
277.759
111.926
18.2772
45.1347
126.279
116.299
227.389
149.961
299.576
82.0032
82.3512
171.049
101.355
32.1307
195.877
178.968
121.64
137.72
159.419
19.5832
123.583
1.69164
144.252
113.606
614.311
284.125
774.106
277.943
247.194
285.661
360.522
1305.73
1294.95
1323.09
1306.45
1136.46
1289.14
1175.2
1453.24
1422.74
1231.51
1434.83
1454.33
1502.33
1418.33
1297.51
1085.17
1189.8
1099.04
1373.16
1464.53
512.058
520.185
648.262
1250.75
1003.49
919.157
878.614
1152.69
832.592
570.436
521.539
515.761
900.215
699.074
1119.52
1204.04
1.30074
1.31725
1.37887
1.26781
1.43903
1.28154
1.36132
1.25057
0.944307
0.965947
1.00922
0.772512
0.921366
0.736595
0.0631637
0.352424
-0.200373
-0.35123
-0.238427
-0.332138
-0.206945
0.486642
0.677021
0.445478
0.447478
0.492436
0.558452
0.396065
0.458068
0.488771
0.499293
0.238112
0.0771563
0.199537
0.167905
0.262698
0.15944
0.0156995
0.100743
0.214655
0.262066
0.0326543
0.176483
0.0117064
0.0178501
0.0370038
0.0502667
0.0605948
0.0704073
0.0596231
0.0778551
0.0651601
0.0961033
0.0413028
0.00497924
0.048456
0.0701575
0.0499079
0.0392644
0.0197058
0.0261897
0.0366399
0.0208017
0.0332947
0.0535308
0.00369975
0.468451
0.353201
0.427078
0.42909
0.428609
0.393595
0.336264
240.461
232.97
241.624
16.7196
74.121
204.613
164.227
21.1768
6.10337
6.80981
5.82723
21.4795
32.7071
207.621
383.471
51.0147
110.429
1.57533
1.33993
2.22224
2.23458
1.5071
1.34166
1.32967
15.9073
25.9609
21.0651
126.585
111.722
68.2135
68.353
1878.46
426.44
466.471
1115.51
1840.28
737.316
1843.71
215.539
198.952
1582.74
1399.57
755.502
770.179
1872.44
1834.04
1806.37
1702.42
1691.35
1661.33
1788.11
1757.99
1657.56
1784.65
972.577
1415.66
1729.54
1699.98
1320.2
854.516
313.558
253.963
928.279
8.43657
9.15814
241.871
807.734
882.729
911.237
1493.2
1463.45
994.945
621.163
1028.26
1204.33
1050.21
1113.62
1247.78
1128.89
1108.67
1232.77
774.409
382.927
423.331
795.586
59.9429
96.2074
25.3421
-44.7033
-16.2508
91.8039
99.1183
-3.1738
40.9012
1267.16
598.732
75.8641
96.4075
78.8934
681.457
163.874
83.7378
85.8646
23.0013
18.7269
14.2472
13.1553
13.26
11.8051
12.2217
15.3434
15.7081
16.247
16.2919
21.7819
19.7218
15.6028
13.2556
13.1647
15.668
13.8551
13.1072
12.4306
13.0927
19.1029
19.0802
20.1958
23.2287
18.5655
24.1962
20.4024
78.3275
363.7
74.1358
63.0133
46.3717
256.266
65.1391
69.8582
154.924
499.376
204.237
324.878
506.228
115.554
227.634
171.393
116.996
253.744
293.141
283.122
161.536
112.753
216.447
170.075
39.5655
111.34
81.6839
108.227
-18.2388
80.8165
282.451
235.157
179.499
449.723
484.774
486.336
609.89
589.54
526.438
433.622
177.906
60.7873
259.734
366.771
178.712
208.854
384.737
202.388
107.394
156.186
398.768
10.4475
-31.001
78.103
213.261
556.079
527.125
541.804
586.761
542.548
603.086
540.745
400.39
244.781
432.25
389.252
242.397
561.859
479.897
442.276
488.217
176.848
326.779
343.347
262.373
324.886
277.971
250.401
271.878
241.307
110.897
108.022
176.425
92.0158
98.633
98.846
107.063
300.167
167.435
161.274
166.072
167.307
163.484
165.63
275.254
245.265
349.78
228.695
219.365
239.048
240.496
782.529
866.225
941.255
972.764
1006.88
962.182
941.97
471.959
687.659
1048.58
1023.26
1070.62
1046.18
1043.52
996.178
960.161
830.924
974.299
949.324
1014.05
959.808
905.831
1063.7
973.558
998.772
836.831
1102.24
1017.94
951.435
1037.97
1048.73
970.26
1106.28
1195.23
1113.54
1014.23
1059.43
1152.78
1063.33
948.165
1048.05
866.575
1006.11
1038.95
814.478
867.516
829.303
633.678
863.133
819.169
881.398
835.764
516.485
341.339
407.509
360.372
412.455
777.499
569.85
75.6015
-232.327
176.22
302.147
351.683
-5.5594
-252.281
1106.44
1500.26
1597.9
405.165
767.416
1488.56
83.187
4.3037
521.674
474.305
5.70755
-2.77678
100.484
-378.923
-383.568
-179.183
382.564
-3.68424
22.3608
263.072
259.511
234.998
263.796
168.93
161.084
449.303
287.344
117.596
218.822
102.546
111.438
103.965
211.469
132.201
99.5222
173.255
96.375
111.022
197.486
247.107
225.772
17.4377
17.3766
19.1071
18.3957
18.9627
16.8521
17.3513
14.9907
15.454
15.7304
15.5079
15.6585
15.5585
15.4562
12.7216
13.514
14.2214
14.8164
14.8006
13.1868
13.4115
14.8086
14.1051
13.8673
13.2357
13.4661
14.3651
14.1237
14.116
13.7948
1569.81
1552.63
1296.4
192.076
953.541
1572
636.523
1509.75
1547.14
1116.7
1087.26
1327.05
1601
1576.23
1534.81
1438.18
1533.91
1677.27
1413.56
1708.25
1071.5
23.6948
901.133
3.32078
1.61964
13.5828
62.9439
578.548
1.416
1.64168
1.70154
1.23889
1.01899
1.2099
1.12097
1.20397
1.11595
1.25517
1.20246
1.19469
0.938
1.16556
0.956598
0.912412
0.868107
0.519816
0.599138
0.845446
0.384636
0.23108
0.275889
0.43963
0.114766
0.322131
0.469416
0.689217
0.629035
0.517818
0.707062
0.110468
0.166551
0.4863
0.301452
0.541193
0.727835
0.564006
0.589195
0.651589
0.670996
0.670826
0.742561
0.694474
0.620129
0.422667
0.533074
0.48077
0.374701
0.320588
0.165929
0.317341
0.209599
0.154189
0.155829
0.316395
0.227847
0.0389654
0.0567943
0.0629173
0.123018
0.0430974
0.062276
0.101007
0.00995934
0.0276731
0.0493285
0.0164963
0.143732
0.0488883
0.0239799
-0.0299607
0.0225722
0.00968634
0.0935956
0.0560888
-0.022556
0.0353492
0.0191684
-0.034291
0.00134379
0.110732
0.0025972
0.0354712
0.00411057
-0.00745082
-0.0420284
-0.206591
-0.245868
-0.567539
-0.285892
-1.1338
-0.674259
-0.377274
-0.526385
303.088
305.375
294.978
34.4896
300.998
10.4161
84.8774
330.264
272.901
26.0193
380.851
242.288
372.821
81.5998
176.361
179.029
0.614497
1.20345
0.420743
0.448743
0.415598
1.11807
2.78267
0.561995
0.48213
609.979
226.083
213.102
3.82965
4.12498
17.2823
192.724
0.832289
1.00833
0.996785
0.856639
0.893538
0.912048
0.991357
0.963102
0.894619
0.788043
0.631938
0.817661
0.733867
0.748106
1.14438
1.1227
1.12735
1.06839
1.1287
1.07288
1.06028
0.970421
0.967316
1.20724
0.911029
1.09825
1.10506
1.18266
1.10666
0.96697
1.20973
0.950959
0.941443
1.29799
1.15862
1.1887
1.43772
1.23119
1.26899
1.60235
60.8192
234.127
55.475
1399.81
171.228
1336.33
158.593
1.69512
1.74942
2.37569
3.30077
2.77127
1.08522
1.57751
1.39346
1.17952
0.988364
1.12544
1.20306
2.68585
4.71403
1.19636
1.11437
323.287
72.3469
0.44542
21.0061
55.4255
65.6565
80.4401
15.8558
84.6762
82.1582
22.5531
26.4367
12.1473
31.5256
8.56244
29.6157
-2.04333
51.6519
24.8676
62.9628
56.424
36.8997
49.1639
29.5199
30.8678
39.825
0.260379
5.18973
22.4983
0.412864
32.8307
121.216
51.1979
94.5215
38.9334
66.9266
102.629
105.055
1.74292
19.5364
74.5812
0.683691
25.9038
73.3252
16.6353
16.7785
81.9946
26.5537
19.1695
17.5866
41.4829
15.984
55.5888
54.6349
29.2086
0.767035
47.8571
37.9271
63.5492
24.2436
39.6368
51.4891
29.5402
31.8877
30.021
16.1051
2.27309
29.8091
72.3624
14.6478
1.38312
67.4586
2.71975
53.2835
28.4919
23.7565
23.9345
49.2857
24.6647
21.4749
22.3913
23.7788
82.1318
23.1127
23.4838
189.725
407.896
284.346
263.807
20.983
268.043
560.435
554.778
414.266
487.88
681.727
555.899
638.49
476.304
506.797
467.719
507.876
507.888
568.985
480.212
694.512
567.687
670.289
650.798
644.008
604.342
591.504
545.048
516.328
647.572
593.935
564.887
630.419
731.646
768.796
750.794
767.451
665.671
753.087
665.389
893.194
793.983
798.137
771.455
828.744
843.96
826.696
682.344
739.845
701.933
662.199
657.91
808.249
777.361
892.359
778.883
796.508
686.085
727.417
677.269
595.243
655.523
194.071
395.467
222.775
357.553
535.32
452.967
238.811
539.44
367.925
288.374
554.837
429.666
426.771
417.586
529.891
392.118
-468.941
-26.3724
-183.352
-436.832
-525.512
-484.429
-410.066
-523.023
-323.013
-496.037
258.254
239.384
162.249
-37.3194
205.337
-47.2748
159.547
369.558
176.723
202.405
204.727
483.102
417.545
578.355
288.248
448.729
342.262
434.753
429.99
532.972
420.057
131.888
277.719
650.221
610.487
616.118
573.618
501.642
519.764
603.868
644.858
642.016
624.031
701.405
326.746
112.106
672.956
442.496
302.259
337.7
245.972
233.967
433.651
450.441
538.214
192.447
256.987
265.747
210.835
212.159
109.974
102.363
111.978
124.535
194.845
122.329
126.02
13.0875
11.1064
16.2074
125.327
37.1267
10.8999
13.4257
12.0076
12.2099
11.0699
11.6262
12.1459
11.6421
11.7584
12.1039
9.83357
11.0603
11.8491
11.5591
11.5733
12.4455
12.6051
19.0705
15.993
19.0613
16.8409
12.501
12.1578
13.3785
13.9759
12.1152
13.0133
18.2572
12.9486
18.5154
13.1752
17.4071
15.6377
18.7221
18.7716
875.136
934.181
698.215
1073.95
634.96
1066.29
961.976
-0.181689
-0.0590224
-0.146681
0.619136
-0.0778945
-0.172485
-0.269342
0.811508
0.706062
0.899135
0.695441
0.95755
0.679807
0.748536
4.41584
3.7367
10.9952
2.8925
2.81743
2.32117
6.32694
1.58782
1.40917
1.55911
1.34639
1.60489
1.59907
1.74907
1.42446
1.25293
1.24471
1.26402
1.37796
1.33492
1.31857
1.21473
1.19776
1.10175
1.26449
1.15482
1.47764
1.32013
0.696316
0.738086
0.851529
0.6458
0.775154
0.829014
0.651074
0.540631
0.530822
0.601166
0.57033
0.598632
0.860916
0.613571
0.409449
0.406856
0.402819
0.393274
0.490499
0.416799
0.393843
0.427549
0.442909
0.399821
0.391365
0.434824
0.734052
0.45086
0.41748
0.482839
-0.576156
-0.3879
-0.180546
3.73124
-3.45653
1.27918
427.257
161.048
0.326145
243.141
394.889
79.2263
1371.52
1902.66
1660.49
1452.38
1531.49
1767.18
1649.2
1616.85
1587.95
1402.01
1540.28
1504.28
1446.84
1452.36
1523.8
1578.74
1663.4
1529.71
1354
1868.86
1684.17
1542.91
277.78
395.077
442.615
17.5733
2.62061
258.866
84.7234
1.05639
49.6243
-0.235553
5.7841
-2.70483
29.3538
-0.409247
-0.118073
-0.119993
-0.291056
1.34945
0.302307
-0.316929
2804.75
2773.24
2831.75
2779.21
2736.13
2847.77
2836.56
2868.31
2862.23
2853.73
2848
2866.92
2797.61
2863.57
0.107256
0.0469411
0.914244
2722.58
2826.21
2756.25
2761.17
2769.03
2764.24
2759.26
2760.16
2769.97
2785.64
2798.7
2768.64
2753.28
2761.8
2765.23
2770.07
2758.64
2753.13
2762.69
2766.16
2746.95
2768.09
2763.83
2773.61
2758.67
2754.1
2748.35
2756.73
2762.29
2757.85
2758.84
2786.73
2775.07
2761.29
2753
2725.89
2755.79
2752.82
2760.3
2751.2
2756.09
2767.13
2757.53
2757.69
2707.85
2750.83
2767.89
2260.42
971.566
2859.23
2852.74
2840.34
2861.37
2792.99
2793.28
2827.61
2862.56
2851.75
2858.35
2834.62
2831.3
2782.24
2835.98
-1.298
-1.17054
-1.28535
-1.34513
1.2943
0.700471
-1.0447
2767.75
2789.16
2747.48
2821.81
2803.7
2821.45
2785.44
2848.6
2872.22
2809.83
-0.210214
-0.652245
-0.416932
334.011
320.227
296.195
301.219
5.84268
168.587
-2.72928
-2.98287
251.864
1789.11
2070.26
2006.02
1891.82
2035
2020.45
2085.01
2071.72
1988.44
1940.93
2130.19
1964.83
1659.75
2081.3
2140.06
299.484
187.954
-0.38099
10.9923
6.76796
9.67147
0.0502427
-0.733752
0.905805
-0.9097
1.8439
1.18653
0.6318
1.83992
-0.13597
-0.183605
-0.263653
-0.283953
2407.03
2329.64
2181.16
2324.42
39.8902
26.7083
1819.71
1453.7
12.6249
13.6943
12.7211
13.2091
1.52947
1.61063
1.48757
1.53718
-0.993543
-1.57707
0.605348
-0.25477
2.21764
2.37425
20.2809
13.9132
1.89139
1.88746
1.44357
1.52595
43.1722
42.3442
41.9828
33.8216
911.034
1637.72
28.6239
235.786
1.85547
2.05418
1.85489
2.023
-3.55529
-3.65393
-2.17362
210.87
-5.78534
-6.23198
-1.05871
-4.90102
13.2233
14.4232
14.0519
1.09139
1.30329
0.86205
0.939425
27.2365
295.964
59.1541
354.535
2.23082
2.48684
2.43626
2.71535
1475.78
1238.71
1259.73
401.955
137.47
-11.3366
248.589
-3.04946
0.824322
0.853605
0.644795
0.656552
10.6054
46.995
9.75237
9.62297
0.262884
0.0476978
0.219619
-0.256338
0.0171684
0.0201599
-0.0124876
-0.0288403
24.0638
22.7256
19.3363
20.2808
434.63
335.459
416.606
135.678
1.02208
0.947587
1.50563
1.28743
804.887
917.021
700.863
469.272
-137.025
-166.406
-125.239
-166.283
27.3025
24.1576
26.2754
22.194
1591.63
1625.13
1264.13
1271.71
1.23004
0.951395
0.799154
1728.64
1756.53
1800.15
1687.74
52.1218
246.042
82.6575
294.726
46.1815
49.628
52.722
59.1693
275.437
474.176
1500.61
1063.19
412.009
483.233
606.244
654.127
463.578
517.222
285.938
371.615
-153.313
-161.912
70.4475
-104.04
0.556818
0.548674
0.495683
0.463309
0.382394
0.477544
0.32924
0.389663
-1.13864
-0.760093
-0.572769
-0.464516
23.2524
9.81956
-0.325876
0.0319408
17.6504
202.515
-42.2445
20.1929
-651.387
-577.916
-710.127
-605.35
0.63628
0.483625
0.144539
-0.102014
0.559141
0.829725
0.840979
818.956
1040.87
16.9949
17.2894
17.0387
16.7459
260.815
17.2318
2.91971
0.20457
2.09345
1203.98
1206.08
1077.63
902.103
19.1383
23.1717
24.8781
842.595
198.9
101.378
6.15537
390.833
-0.573453
234.641
150.79
228.804
136.039
99.3092
79.8208
1266.99
0.921733
169.557
0.158145
-0.171041
-1.10792
-0.706198
-1.68667
1.55742
13.3711
1.18877
223.75
140.531
-2.3234
1.51786
155.603
-165.238
78.2215
64.2834
1.1765
238.476
1.41274
-163.322
1440.88
1106.07
1932.32
-0.935362
41.4895
751.264
531.133
0.403692
0.811606
68.6084
-1.0673
242.961
1823.62
-3.2992
0.345916
1514.38
148.274
1834.12
1.30844
22.6584
71.9884
21.7863
1.29803
1.63833
1499.19
-95.9361
1623.15
0.956746
1213.64
1052.19
997.17
0.768778
6.16435
1124.99
1031.34
318.705
985.973
964.523
942.071
183.726
1024.83
1009.86
1003.75
-71.3539
-58.0741
-43.8735
932.285
-48.9815
226.184
19.6625
-72.1401
-52.8369
-87.5748
-41.3875
0.93684
406.792
89.2908
1.1296
331.915
38.707
-86.9966
827.803
-1.13415
125.6
-37.9222
-98.2044
-55.4825
80.8359
809.814
610.508
591.712
605.662
25.876
2.9272
-40.8703
629.926
683.414
606.879
63.7234
-85.0804
105.821
336.697
254.501
832.001
-82.9099
19.99
18.1037
54.2848
15.712
268.628
24.4503
187.017
214.773
21.4954
420.743
31.6797
15.4437
946.341
65.7303
30.0175
28.9652
22.3651
17.3546
18.4472
18.7226
-52.6015
20.5182
19.1768
18.2606
17.7653
16.7275
116.985
34.5251
609.501
156.052
74.1376
0.453151
19.6338
1231.58
637.072
161.856
727.037
802.176
675.535
578.17
104.787
503.469
472.451
516.253
-106.977
12.3889
626.831
241.608
211.833
13.0972
171.254
0.702914
532.358
965.898
22.6751
-33.7035
-6.40483
-0.157063
595.801
277.345
1.96281
59.3591
-162.815
64.3493
329.588
239.617
214.258
17.6248
24.4756
-4.61364
19.0096
17.26
-1.05744
188.082
-0.758415
128.813
259.527
59.7536
277.334
253.507
138.188
751.031
339.444
188.71
376.436
16.8939
16.9792
18.09
389.411
17.8805
84.8079
36.6499
28.4651
0.297902
589.447
198.091
-175.207
-0.251413
18.3213
402.212
277.082
-70.255
-174.154
26.0912
976.138
118.086
356.529
433.618
350.526
963.726
1101.54
374.349
160.837
797.925
307.878
282.811
108.079
417.779
21.8254
21.2297
23.8968
626.62
434.609
0.321558
9.4181
1.3468
18.5251
56.4119
419.401
419.86
1.06503
0.172397
545.216
59.9618
576.261
189.333
230.448
136.124
175.189
159.465
317.75
46.9534
284.648
2.74896
21.4394
20.1861
22.1038
56.0882
152.898
533.194
172.695
434.777
62.4578
92.8193
8.33916
136.036
28.4658
313.29
56.8115
-215.47
196.053
32.3572
85.2971
362.726
635.149
163.524
22.6799
70.4335
30.1524
49.1628
531.169
804.816
2482.91
91.5506
65.8395
-11.9124
1.74786
1.3623
1.49912
1.55525
1.02344
10.4886
486.404
3.89462
6.15699
1.692
1.55026
-170.283
1.88875
2.37456
1.37979
2.39645
2.31839
843.706
1.68482
1.6395
39.0325
2.20065
942.701
660.654
2.52623
144.147
2.11459
13.2382
1.9436
155.785
42.4066
120.965
1137.89
43.4996
1073.45
919.984
26.2099
1.37741
963.055
75.3406
1.11179
322.495
21.686
10.395
288.569
11.2766
1153.77
-1.31368
318.737
3.0513
57.1197
122.674
-2.43834
51.7448
724.003
-35.2557
81.6996
851.528
305.606
69.1776
32.4208
66.7987
26.8096
94.228
42.6961
77.2695
1065.59
19.6157
354.376
6.15536
1.54503
37.4336
583.018
290.733
1195.09
0.29703
-174.559
830.803
33.4551
101.942
2.09993
-15.8165
605.488
10.2988
-2.91467
1134.86
18.7879
299.042
280.756
831.108
590.383
58.1098
17.4726
21.258
19.9411
13.3327
20.9471
13.1736
15.2242
163.599
-78.5412
12.3722
11.8451
629.693
91.0967
19.9154
11.6792
18.6445
73.1499
14.7986
17.7165
15.1548
2.29827
1224.24
73.0662
4.65161
214.253
81.5041
90.2583
16.3467
0.248047
177.696
87.5051
-1.00298
465.589
43.3205
94.9682
118.083
102.193
110.469
144.891
68.2207
-0.513198
22.091
0.291109
87.4007
1.70235
319.596
38.5406
676.773
772.424
1616.45
912.943
1355.14
-10.7891
-17.0011
-162.573
232.448
70.3804
665.003
1.29514
-149.391
43.3451
72.581
-146.247
31.9001
10.9636
28.8223
20.2223
13.0434
14.1549
0.164448
0.120269
6.05577
-20.5314
20.9559
12.2501
57.8624
21.9252
1420.97
14.2101
21.6704
44.6312
29.6827
17.2773
58.8327
18.9589
16.7313
16.7496
132.545
25.6889
14.2766
-175.99
15.0429
327.53
479.348
387.587
94.5179
210.51
300.983
3.97598
1.09103
1.27958
-2.40381
26.9074
750.479
-154.12
-104.448
194.797
458.802
-126.143
12.4874
-8.92702
16.2842
16.3811
4.81338
17.6847
11.1929
-80.6758
13.9186
-176.456
49.2505
98.3415
0.421843
-175.239
-178.629
-177.541
-178.929
-178.41
-176.892
666.384
360.425
19.6533
-80.1999
155.954
-170.992
-22.0877
-177.263
0.594654
3.67481
10.3643
67.3074
379.58
-52.4292
-47.7022
39.5757
39.7874
-164.613
-118.609
-170.64
-157.852
-161.243
459.155
305.072
-171.605
-175.716
291.233
-145.454
-116.192
-173.5
-67.0383
543.381
-177.559
-153.887
2406.15
222.457
300.325
-176.379
-62.0881
-160.171
118.776
-52.6199
-117.102
0.784182
209.956
32.0021
393.441
-41.9098
1.52786
-199.845
-155.862
11.3282
104.211
306.682
0.610537
-10.8059
1862
1557.23
-115.554
1366.12
407.514
-174.819
356.87
1915.55
1073.91
-172.729
10.539
14.2828
623.503
187.974
1883.41
-28.9795
1277.81
-0.145401
184.991
-22.753
-3.10362
-177.465
394.942
407.57
1038.11
0.769657
48.9123
5.62061
6.80855
1.65593
0.893506
1.47967
-148.949
1691.55
14.1924
580.234
0.895995
90.6588
441.78
10.2986
0.61369
0.675639
0.544838
0.612003
1.40186
1022.96
116.622
0.509902
0.693662
1.04521
1.72861
-0.0840564
0.850782
0.820263
0.810807
0.863605
1.14118
1.12474
0.722768
1772.06
478.154
0.85169
0.882203
0.448835
0.471257
1.05675
0.602811
0.273416
0.276657
1.64582
1.70304
1.46213
1.14987
1.38756
0.90339
0.98266
1.14804
58.556
17.9763
979.857
21.1899
82.0931
173.423
-159.505
266.906
1239.98
-128.846
1259.3
482.531
1620.03
602.418
144.068
1728.39
18.6436
1.67876
54.3869
717.401
16.9914
1.28481
1.21032
1867.64
1.28537
-163.223
140.38
-145.454
23.2708
10.1792
-0.558206
0.166545
0.266097
0.125802
1672.25
278.704
1118.23
0.317161
0.0713275
0.0613195
0.417481
0.360756
0.125456
0.654125
0.246432
11.9979
450.201
0.00893459
-1.19116
194.92
0.939375
0.510827
19.7115
62.5641
-0.0168118
-136.313
725.266
-198.527
0.425814
1.5154
0.497617
0.376187
2.74197
0.484408
-379.635
0.444005
22.1204
0.619104
0.48212
44.5703
0.380289
0.807419
0.716995
0.783611
0.615218
0.47394
0.562948
0.619824
17.2887
240.833
1.02492
75.8834
2.51477
-0.850516
0.476066
12.8739
-0.067189
0.955978
1854.96
0.789025
0.486337
0.624111
0.113806
2.87797
172.461
2.79965
1.01256
-0.173813
7.85758
7.70823
2.40228
0.799383
0.562484
0.379777
0.819803
-168.687
0.280355
0.797014
0.0334827
0.744585
49.8986
0.511331
0.467733
0.929641
0.718756
1128.64
-0.870964
-0.662326
-0.820591
-0.537186
-0.201621
-0.768412
-0.358267
-1.17057
0.602452
0.671892
13.9841
0.598979
11.1844
-226.784
1.42365
0.352645
-0.724573
1.09005
0.644854
1863.89
1.38103
1.96976
0.622355
0.958827
310.239
2003.48
1769.24
69.309
2175.1
2279.4
127.926
889.535
1035.96
-0.370504
0.807089
13.7374
13.4742
0.234315
181.175
-1.48112
0.370871
243.825
2.5133
0.759099
-0.163007
2.69232
260.357
2715.53
2833.97
30.4023
0.835996
604.225
1.1509
0.603858
0.886355
72.8975
1.0733
-0.299514
6.61112
1568.18
5.35354
0.48503
24.6842
17.9302
1.35044
2.08004
1.93617
0.265304
0.444788
1.32224
1028.96
1.22776
1.00525
-0.289432
-0.67106
34.588
1.17321
1.39154
0.203195
-0.297386
-1.15546
0.29748
-1.42602
0.506385
0.437158
16.8507
-0.626978
-0.391034
-1.18844
0.118998
0.837864
-0.517926
-0.0100636
1.08448
-0.694801
-0.141923
12.7701
0.570338
0.884812
1.1673
0.90583
0.991483
1.11834
-67.33
1.46577
0.802929
0.85779
783.393
1.22905
1672.04
1386.51
1.38816
1.23304
1.20106
5.59511
0.868532
0.584895
74.6327
1778.93
1.40114
0.919585
1564.21
-82.9288
1.47502
0.697502
0.832464
868.043
1.52642
1.43261
29.7136
1.18446
1.26243
1.15966
2.18129
1.19429
273.465
10.8898
0.940713
-3.02605
0.771879
1025.31
1.30737
-177.447
12.8347
0.864006
1.15277
0.577121
146.521
1.58891
1.74237
3.1153
16.95
1.04047
1.36563
5.42921
1.1785
0.656612
1184.17
1826.18
16.977
1.32215
1.46606
1319.39
0.611839
1.12458
1233.28
1679.62
19.1284
254.814
-0.215848
1586.41
11.2138
-0.45592
11.4855
12.9905
14.8644
9.33864
10.9866
10.4672
19.4124
12.2809
11.8504
1811.17
1590.37
403.451
11.9419
12.8016
1.05008
1829.36
6.43146
1896.17
1787.23
1.0051
96.0261
18.7958
0.494179
4.67989
891.195
876.154
0.33172
0.248284
684.341
1935.85
0.644218
2.52003
1069.16
1893.09
561.137
-99.0549
2254.15
8.63458
2013.36
1.94789
2053.98
0.789016
-1.16693
2.51052
35.5042
3.47609
4.08195
1.48209
225.415
-0.101376
0.77763
1.89548
2176.09
0.453655
1.02158
1207.55
11.6164
18.1004
-3.89276
9.89737
2007.77
1.5413
1711.11
0.95842
0.925353
-0.680267
-4.05066
-1.47124
-1.15416
-3.12325
-3.28078
1.62251
2.10592
1.40574
-3.19689
-1.93023
18.0416
-2.07721
-4.33342
1.09717
-3.93176
106.692
-1.54171
-1.94256
181.693
967.441
1.01791
537.625
3.05392
7.26515
4.33417
-1.12983
-0.426977
0.196573
-2.61467
20.6723
10.4303
16.092
16.4299
15.8216
12.8798
12.1201
13.5117
11.563
9.96861
12.1836
106.533
686.45
-0.378411
10.6636
11.4912
9.6892
9.87051
892.901
2784.82
4.61634
0.123909
124.294
12.7701
-0.404175
12.0552
270.759
2831.75
1.30634
0.33895
0.148656
-0.079524
8.47492
-1.1958
0.329961
0.355727
0.201937
1.13459
0.805646
1.43012
1.91656
0.567781
1.87453
767.591
210.907
1.86794
458.854
12.742
2154.12
2546.25
600.74
1936.82
247.337
25.767
-1.77384
2.04348
-0.116452
2657.18
2618.19
1504.43
2656
11.5012
2222.87
2106.67
132.644
609.348
2454.21
9.80945
0.239347
2515.59
2404.82
1.90805
-0.341491
10.5181
17.2274
889.369
-171.842
14.228
-3.48491
0.119774
0.504697
0.481595
279.941
0.422094
0.221162
1.00205
0.0429066
0.234656
-0.00439892
18.0146
-0.135941
0.0201191
1120.78
584.806
-0.0152885
0.0335806
0.0477851
0.0710595
20.3946
0.00104943
-0.211678
10.722
-0.0405267
2857.4
0.0692382
0.0585007
0.779558
2816.7
0.0232349
0.0226527
2801.85
1819.85
0.00260046
0.0822122
163.71
76.3934
0.153563
-0.258936
312.798
-0.0593427
1.25149
11.9907
-0.303951
-0.171746
-0.0378234
-0.0192229
-0.138583
5.8129
-0.17943
-0.0315641
-0.0366501
-1.41865
-1.05964
-0.126835
0.15576
-0.0955411
0.200224
161.104
-0.186099
1.11335
250.866
449.727
0.0550157
0.12739
0.824361
-0.0743484
74.2409
0.700542
386.452
14.8954
3.12254
313.859
145.284
0.426561
25.4789
37.9666
-0.0760873
1.42364
1483.9
-0.355708
-1.60555
3.92749
0.385882
1167.93
26.2545
735.573
12.1056
192.614
65.3704
0.6888
-0.530598
28.3015
0.0438952
2692.23
-0.215434
148.87
1202.99
1478.96
-1.12238
798.323
1564.64
-0.674028
1605.63
1555.07
1284.57
1618.94
1258.64
241.847
1637.37
1373.77
1541.32
1681.64
1198.89
108.914
12.2955
12.7161
51.8169
950.552
1.75561
1148.29
164.314
5.94105
133.24
31.1981
625.03
176.074
26.1874
22.8176
11.4255
10.088
0.504872
0.612566
256.4
-1.13351
-2.31509
18.4823
-27.4973
8.95188
1488.03
1498.8
-3.82713
1533.3
234.925
239.218
1146.47
1612.85
1751.28
1632.1
0.880073
-6.29979
-0.474738
-6.47801
226.555
-6.77386
1927.28
1821.49
1384.79
478.804
-0.525525
1.92874
921.09
834.757
121.429
-2.9327
306.594
17.636
1.1468
21.6454
1528.66
0.0208054
30.4241
51.8734
0.131797
1.10729
1932.39
62.2007
1042.7
1145.94
49.0194
1171.01
1603.92
-0.047745
525.098
-165.705
796.959
-196.58
288.614
8.25774
1070.52
523.374
656.04
8.79059
294.413
1199.55
1192.86
1609.12
1217.39
1.94671
1.23457
1711.33
1017.57
-23.2117
-79.5603
793.207
1607.82
17.2673
-23.3901
17.793
673.363
94.733
22.4062
225.531
178.084
-11.3848
48.6201
1084.24
488.523
1494.85
40.6196
1407.34
1075.69
726.177
260.118
27.1376
737.354
1115.26
1764.09
10.1033
640.104
18.1564
751.894
10.2951
-0.105816
647.473
1665.9
4.46399
-163.015
-61.0498
1692.04
11.1403
10.7294
10.9211
10.7495
8.31766
10.9713
11.3839
4.12197
-0.0966488
66.2568
11.7202
11.148
9.42125
9.82309
8.92783
10.483
9.97704
10.1859
9.9203
12.9784
19.7907
21.1897
35.4433
25.5188
9.74041
11.0752
281.462
17.616
92.2776
23.4806
14.8861
588.126
13.2673
12.4984
11.7316
21.8642
19.4792
20.8075
35.4359
43.49
19.7263
28.1279
11.0958
30.9707
15.7954
-0.0303763
48.2037
11.0238
39.3458
59.2541
59.1565
16.0024
11.313
16.1602
22.386
75.4984
10.9725
188.36
753.943
917.294
21.6905
11.1754
10.1445
370.835
317.005
0.524177
1.30624
255.558
249.062
206.133
281.863
823.575
632.418
1077.53
760.958
180.189
266.546
-0.145136
10.4867
565.612
21.8533
13.0618
778.549
40.2347
585.769
192.241
755.454
11.0121
1031.28
52.9296
719.456
1179.76
1155.64
10.7827
1234.32
15.0744
1049.71
14.1217
13.2191
37.1611
820.853
-37.4336
846.299
603.272
787.259
841.027
605.574
574.937
153.745
58.1636
784.56
438.032
749.537
599.494
482.06
254.685
183.143
215.182
892.618
14.9596
-133.483
303.773
497.166
802.981
181.161
648.96
80.6074
313.866
503.015
276.2
431.821
95.6627
785.748
201.579
318.701
738.58
370.468
70.5031
2048.47
896.766
1476.94
6.21262
12.51
874.896
176.531
-387.174
-409.084
-6.64525
-167.108
16.5439
305.867
-298.04
-199.324
-151.267
299.613
-491.921
794.571
-381.425
17.2039
129.2
377.042
467.326
494.739
402.872
506.066
-268.615
267.624
261.055
241.42
514.532
1.41227
460.265
186.973
252.579
-300.937
53.9355
50.2285
70.2623
130.493
97.2568
-146.379
317.585
138.554
101.985
61.7523
106.866
158.234
80.662
47.1876
211.831
141.388
161.799
53.119
66.9727
64.3722
402.237
96.8448
379.268
-126.059
71.6428
75.3133
57.3925
453.822
86.4599
48.5479
89.9698
122.583
102.443
549.16
139.708
53.3636
51.2778
56.2875
59.6829
85.015
204.349
514.535
146.29
112.421
99.3019
139.456
94.7261
74.9559
112.496
106.186
133.959
140.244
112.263
75.3831
74.0848
70.9202
38.4193
95.0081
32.5254
36.1333
58.5381
64.6975
65.3362
116.596
72.2818
109.677
169.15
82.3627
99.3976
81.2505
220.505
1.11203
0.672181
647.442
213.547
67.4436
75.0705
200.717
141.41
103.706
72.7367
-3.95129
66.9108
154.655
122.834
666.652
33.7428
80.6574
69.6563
95.5898
198.854
199.006
126.613
55.4239
47.4688
174.018
477.012
97.9774
115.166
71.6819
91.4159
256.427
624.046
169.798
201.292
112.678
13.6685
192.48
207.704
63.9307
218.134
203.866
128.42
273.824
160.577
93.1229
416.794
36.1911
1860.14
1.70445
32.7085
359.1
758.742
24.9246
219.164
121.013
109.679
25.1546
285.425
1.11087
1796
90.2556
91.7076
63.2712
74.8903
175.54
175.309
317.455
70.1855
279.747
222.743
187.623
57.4575
32.07
0.809123
23.0424
132.094
153.314
412.898
255.943
139.519
49.9538
58.0465
348.225
240.431
165.225
165.397
289.244
119.641
92.0918
36.6652
61.3034
380.441
558.745
154.823
334.465
15.9179
467.638
1265.53
132.447
437.381
169.352
-498.627
891.148
81.8295
299.407
39.7987
179.825
369.195
789.074
158.244
0.62795
23.3382
136.727
19.8006
467.898
3.79012
1382.93
20.4777
73.442
598.656
15.4494
360.84
366.181
9.23656
15.3887
20.2365
510.921
1148.06
90.2153
77.3656
1089.8
3.23767
1.85513
49.1786
14.6363
19.8006
16.9309
232.323
17.0716
523.334
9.98563
311.397
12.3317
9.36962
189.348
16.221
12.1251
144.811
1293.29
15.0585
11.686
11.752
12.2055
11.5899
1720.33
14.5179
24.4202
13.1102
11.7952
923.947
15.6359
14.0976
3.2815
37.9775
14.3353
18.7245
0.341657
19.343
28.8849
21.4388
19.7761
73.0799
14.8139
12.6216
11.9764
21.3069
11.945
30.8522
14.1262
17.2024
29.8066
15.9817
35.7886
171.262
40.5761
1.17399
11.4039
32.7884
694.105
15.0381
-0.199249
885.874
14.258
789.834
-0.0704352
11.6156
11.4437
52.5603
23.5729
16.5205
21.4438
508.041
721.467
44.8219
18.949
373.184
35.2651
59.5504
59.686
8.6547
20.3227
1285.71
1006.75
597.2
22.8649
19.9642
61.0753
21.4787
460.595
422.144
56.2974
16.0522
341.78
-4.95973
46.8305
188.292
103.051
5.55473
0.0118411
133.765
351.049
11.4611
13.6248
14.4841
1574.03
23.4853
65.9576
18.3725
40.9318
524.752
57.7177
0.375304
69.7613
243.671
23.2973
31.9322
1.40406
22.3406
20.3155
357.981
12.7323
17.8141
18.7585
1562.16
15.694
42.094
15.4036
51.4652
542.304
32.9941
16.4803
31.5419
14.9983
32.7718
10.9842
13.6347
12.5591
11.9227
14.7468
19.6691
13.2719
55.3192
54.6416
21.3555
22.4417
14.0481
14.0939
12.1368
11.9568
11.5611
11.8989
149.584
741.851
13.1219
11.6309
10.4942
12.9315
20.3966
67.7024
21.0391
-82.9483
1205.65
-69.4686
587.597
13.8387
48.7884
507.931
156.29
88.7641
3.61425
32.9479
4.728
193.501
18.4562
33.1962
1368.48
12.8578
45.1576
188.045
81.0962
58.9864
40.212
203.135
124.49
104.736
81.8688
18.399
159.312
2785.83
82.0056
124.616
12.6319
84.649
175.911
107.601
114.13
128.062
64.6704
108.819
36.5658
91.1986
235.285
46.6943
0.721814
103.739
119.479
1957.24
73.1565
45.2034
40.0615
23.8818
16.1163
0.767368
154.462
56.1082
62.0957
21.9492
50.7769
65.9885
62.2293
11.3005
55.2122
312.683
247.909
702.257
64.2827
320.657
58.5142
70.7857
631.232
205.71
143.778
31.9704
73.5355
106.74
2449.78
124.881
366.303
455.313
90.6753
159.755
243.144
501.751
179.668
1.33862
519.765
265.095
-382.846
1.14248
515.89
-587.274
14.0029
78.4322
591.455
960.289
522.13
-27.562
192.289
594.365
125.408
-183.72
185.048
297.874
204.33
8.42701
-43.7799
-558.851
59.0099
546.664
963.067
344.964
14.9603
527.214
11.4237
501.416
-511.176
10.5836
156.841
-160.338
163.511
1201.45
410.995
10.9498
36.4637
19.3812
472.391
20.8968
21.6942
346.526
81.886
20.267
14.612
64.7116
12.3303
14.8983
78.5646
18.2365
41.7753
1592.16
50.3224
12.449
28.8497
10.1094
14.3923
25.3755
-23.599
14.7592
25.3472
788.099
10.9848
10.6497
1174.44
1152.95
1072.1
0.574357
45.5496
9.82194
540.8
1148.04
208.044
998.191
-1.03289
17.5066
1355.71
1452.84
1266.93
-114.372
-136.016
0.65446
12.8167
1120.04
193.491
370.082
1480.64
207.876
2.36796
145.762
1.01855
16.297
0.0760489
133.417
854.121
61.8908
18.1947
8.42201
1742.92
70.6305
1883.35
8.85393
20.8206
0.043039
55.301
231.762
-0.14042
40.6854
64.0119
21.9364
237.512
1601.17
13.0155
-1.9801
0.81063
53.5064
0.833421
18.188
0.4469
-79.2565
917.961
0.132191
-0.243246
52.973
-1.10228
13.5334
-18.0091
292.003
-1.15754
-1.10026
0.239432
12.0147
1.38344
0.611173
1433.81
-0.0568431
-1.71782
-1.3761
0.493372
0.077528
0.745789
390.853
-0.107933
14.8978
1.44408
622.227
1.075
1416.92
36.4484
1.31602
4.10918
1587.02
2.44005
0.191758
-1.77367
0.629638
0.889078
1094.5
0.368923
5.90728
475.316
-0.0675787
0.27045
20.895
329.987
-1.25768
700.067
1.30682
2726.94
-0.802687
-0.515908
10.4086
0.255816
1812.65
1742.93
102.221
-1.82176
1348.63
0.725109
281.977
1420.28
-0.70007
2713.27
12.3108
11.8587
0.0102016
10.9943
-0.487545
0.148818
-0.132172
0.438238
1.30542
2563.8
2806.24
194.386
0.781776
6.91298
1.25986
15.8651
1.53502
1267.58
5.70449
0.264454
-0.753391
-0.553798
620.674
1984.67
0.0940225
0.278447
0.148497
-3.47006
0.0647354
-0.342651
5.79129
12.1562
2.35038
0.213587
0.965408
38.7204
0.16653
474.626
1.18186
0.169261
-0.585523
11.749
137.701
0.0732238
0.603775
2786.68
-141.238
1764.38
19.9511
1545.34
1.38608
-156.236
-3.86781
380.492
552.142
-1.5719
12.2009
865.325
15.2019
0.0838891
0.50892
12.904
1.22014
0.0170406
1909.86
0.54775
0.005207
87.4077
189.871
12.0385
10.7869
22.8482
197.537
0.498621
11.1106
5.41959
0.244955
822.891
669.213
24.5871
41.7574
254.04
220.585
11.4197
-173.446
1.99227
136.661
1611.13
-153.201
-0.0583113
294.032
-61.9297
0.601926
15.3763
80.5299
12.4444
11.3192
862.305
-174.298
47.9577
-51.5833
-175.267
1078.36
44.5827
369.577
-1.0215
13.667
-176.561
-0.435896
84.1146
153
54.8865
-0.0698539
490.01
82.8408
13.0044
13.4167
-31.949
1.39585
0.539373
-96.0974
-119.255
10.043
-177.436
-146.954
11.7211
47.6935
0.198296
11.3689
17.93
673.999
1129.2
-175.654
152.474
8.35301
420.369
323.015
1225.66
191.057
13.6965
282.416
2.24982
15.6202
-169.365
7.48364
8.37404
74.3026
38.0787
47.4389
817.01
11.2705
1569.58
3.65053
-161.218
21.1708
88.3214
0.680867
2.2891
165.107
2.05036
17.1096
-0.198316
78.0276
-0.0309589
13.2072
-1.04847
-0.223142
28.2661
84.9335
-0.227046
72.4191
16.4658
118.59
-6.23668
95.7534
19.6302
2801.05
15.7036
16.4309
-100.174
1070.68
981.927
0.493833
1.13886
0.00942854
2293.18
498.744
133.227
72.398
471.233
15.407
221.319
0.242961
76.5936
1057.26
384.199
21.2272
727.168
660.079
594.944
1.18828
79.376
216.965
0.0908954
53.8606
336.208
1.288
22.1976
252.866
110.511
110.499
16.5933
114.106
28.1476
61.0997
594.327
-0.140045
102.636
225.91
115.984
118.26
902.818
906.987
245.813
15.1405
143.808
98.3881
244.002
111.753
55.4433
128.722
127.498
-127.059
18.3841
405.468
28.0989
29.0258
-17.0733
294.366
55.8879
70.1196
28.807
20.7706
518.079
979.241
312.971
1338.93
62.6249
0.583466
-179.25
-0.461479
17.8311
15.0295
-106.926
1.93712
24.8595
18.3525
0.666056
-60.0019
-137.055
11.1553
379.267
16.3261
50.4193
837.581
14.7448
548.989
-1.15192
1.27149
50.2804
-174.949
50.9438
1095.12
676.179
440.654
-10.7245
587.695
352.519
71.4894
341.136
255.313
0.018036
132.514
375.015
851.328
13.8601
80.5919
30.6285
159.758
1201.08
192.397
735.527
374.648
-3.68203
-142.926
368.825
334.599
0.916271
13.9696
75.434
11.3314
51.2338
595.145
108.827
25.7255
268.497
396.07
-127.734
735.32
-171.971
370.413
1568.04
0.258532
-0.653373
94.3603
0.810613
0.745305
20.0727
971.636
286.841
-143.517
24.576
13.8839
25.236
0.470332
2649.18
0.764731
422.931
19.1776
1498.62
16.1364
298.844
1240.19
-0.1063
2319.54
12.7805
0.0257362
18.9622
24.1552
1783.8
-0.388388
19.02
13.1483
-0.0204428
1686.94
1412.91
1215.43
260.272
0.846299
770.888
28.4651
145.165
1.64758
-0.364009
-0.40786
-3.20012
66.8426
34.1766
293.753
722.583
14.008
50.4656
21.2916
12.1101
2.43933
40.7895
435.301
95.0412
19.0808
164.914
1339.76
-1.15893
42.8151
263.472
-1.85939
133.173
0.0457963
59.567
407.452
770.226
11.1549
2767.18
18.8838
21.2112
176.539
1242.89
18.6702
-0.0941773
-0.516426
5.93721
69.6015
26.8085
236.282
12.2205
430.447
14.5654
11.6433
12.1722
160.053
0.0747084
10.276
0.600871
21.8008
12.2957
1308.52
698.028
35.1597
-2.74288
8.3119
-0.0886284
14.6191
1.32367
2793.4
45.6568
1019.47
108.236
328.058
-155.172
0.925183
429.246
0.792635
10.9247
0.327305
1033.27
15.663
-113.321
241.649
-1.02623
273.657
619.83
12.2608
13.1385
1.84513
-86.2162
675.717
25.9203
-81.4801
341.903
488.719
133.738
0.900546
1362.4
199.688
7.12199
0.867354
3.44471
13.508
319.078
632.29
11.751
0.620594
27.9363
5.74383
86.4985
11.3556
12.9852
1291.11
1.32941
2.29827
1.29502
)
;

boundaryField
{
    FrontBackPlanes
    {
        type            symmetry;
    }
    wallz
    {
        type            fixedFluxPressure;
        gradient        uniform 0;
        value           nonuniform List<scalar> 
97
(
2793.26
2742.81
2761.57
2818.77
1445.62
1849.79
1389.35
1171.71
1352.87
536.896
211.106
301.948
220.867
264.201
628.897
1048.38
666.526
960.848
893.232
837.209
875.068
331.362
380.571
176.367
635.187
97.2615
233.5
716.191
1364.55
659.119
554.854
422.012
290.325
277.587
449.797
837.702
893.797
978.411
816.887
697.55
1511.36
-153.028
1043.56
1410.06
1223.04
918.766
3157.99
668.753
2631.17
1153.84
145.141
565.821
1136.39
82.3512
121.64
144.252
1297.51
1464.53
241.624
164.227
81.6839
235.157
178.712
973.558
951.435
1106.44
1488.56
330.264
372.821
414.266
638.49
516.328
701.933
892.359
288.374
529.891
-468.941
369.558
417.545
650.221
1504.28
1868.86
442.615
2722.58
2766.16
2750.83
2848.6
1964.83
2140.06
299.484
1106.07
6.16435
589.447
459.155
458.854
609.348
885.874
)
;
    }
    outlet1
    {
        type            fixedValue;
        value           uniform 0;
    }
    inlet1
    {
        type            fixedFluxPressure;
        gradient        nonuniform List<scalar> 2(-5.92364e-05 0);
        value           nonuniform List<scalar> 2(2773.61 2767.13);
    }
}


// ************************************************************************* //
