/*--------------------------------*- C++ -*----------------------------------*\
| =========                 |                                                 |
| \\      /  F ield         | OpenFOAM: The Open Source CFD Toolbox           |
|  \\    /   O peration     | Version:  v2012                                 |
|   \\  /    A nd           | Website:  www.openfoam.com                      |
|    \\/     M anipulation  |                                                 |
\*---------------------------------------------------------------------------*/
FoamFile
{
    version     2.0;
    format      ascii;
    class       volScalarField;
    location    "0.35";
    object      p;
}
// * * * * * * * * * * * * * * * * * * * * * * * * * * * * * * * * * * * * * //

dimensions      [1 -1 -2 0 0 0 0];


internalField   nonuniform List<scalar> 
6576
(
-382.954
-409.456
-373.967
-383.582
-390.204
-369.471
-369.618
-354.477
-378.224
-375.713
-370.288
-364.911
-350.82
-367.189
-273.339
-292.625
-327.207
-323.629
-294.789
-284.283
-332.869
-359.807
-367.407
-440.081
-267.572
-222.325
-148.735
-409.022
-417.351
-409.939
-403.852
-392.591
-354.067
-254.519
-235.545
-252.363
-282.547
-277.345
-271.415
-273.918
-313.036
-356.329
-304.567
1293.83
616.496
1490.13
892.979
1140.95
1500.12
1548.06
1162.29
1392.75
-6.07792
-6.40426
-6.37223
-6.74483
-8.54115
-10.0456
-7.47211
-5.5481
-5.77215
-5.25998
-4.99664
-4.77098
-5.35753
-5.44171
-4.93461
-4.48416
-4.59146
-4.36131
-4.77811
-4.19174
-4.57142
17.1883
16.9597
16.2776
16.6752
16.8285
15.6379
15.8409
19.6366
19.9692
19.9606
18.61
18.7909
19.1024
18.9581
24.5051
-8.59575
10.4698
10.5554
18.4913
14.7645
21.6434
-258.217
-248.786
-217.929
-267.935
-252.159
-243.297
-270.124
-7.41592
191.266
-48.695
70.4822
89.5622
-24.8898
1.87643
1146.16
1110.01
1111.95
1010.4
1165.44
1507.17
-2.97927
-2.91844
-3.12322
-3.0938
-3.14467
-3.18755
-3.12219
-25.7685
-76.9795
-176.639
-97.4497
-68.3876
-20.4032
8.79537
-0.96864
-3.08555
-1.77867
-3.26274
-4.01993
-2.72387
-4.93951
-4.35845
-2.17039
-4.59087
-5.79015
-3.15834
-1.65601
-5.01046
-17.1227
-18.0503
-14.0465
-21.5632
-17.9279
-14.2385
-18.2872
-19.4684
-18.071
-17.9157
-17.4342
-16.4184
-16.4623
-17.9769
-25.3675
-27.6502
-30.4837
-26.5017
-29.5592
-34.8063
-31.6371
-33.4342
-29.5203
-24.1509
-21.5666
-24.8866
-26.3157
-23.0623
-21.8889
-24.7639
-29.8285
-29.1398
-33.7471
-32.0376
-31.6108
-38.4682
-37.9806
-36.7875
-36.7494
-11.6938
-9.46696
-11.7228
-13.2456
-9.96272
-11.3424
-17.4833
-15.9271
-10.7072
-4.80347
-5.78572
-4.96532
-7.16391
-8.18023
-6.29394
-6.44141
-5.81107
-3.50713
-5.46825
-4.30236
-6.88695
-4.56503
-3.70529
-0.567206
-0.898006
-1.90592
-4.17372
-2.07794
-2.46742
-2.37843
-1.33407
-1.56403
-2.83716
-0.731933
-2.43146
-2.65662
-3.39018
-3.93673
-3.72259
-3.47809
-4.40594
-4.35074
-4.31047
-4.28433
-5.37014
-4.712
-5.5366
-5.15533
-5.84418
-6.19806
-5.39839
-9.01976
-10.6758
-9.49247
-7.75803
-8.34942
-10.3131
-9.09044
-14.8583
-14.8204
-17.3576
-13.9334
-12.0717
-15.5332
-13.738
-19.0426
-20.2217
-17.7183
-16.5564
-19.9447
-16.9796
-20.0987
-20.1308
-17.4454
-18.4937
-17.7938
-16.238
-21.6487
-18.7054
-19.7301
-17.6871
0.841638
-0.130071
1.1138
3.20068
3.97148
1.80855
2.03291
1340.2
1327.68
1134
1579.69
1197.97
1305.79
1849.91
1155.3
1742.8
1462.89
1499.55
1425.62
1369.82
1224.86
1283.21
1129.12
670.458
558.252
608.316
698.405
652.546
669.364
719.806
682.945
674.165
1484.34
1422.83
1459.81
955.707
968.752
823.278
1058.63
987.726
882.152
1004.18
0.934814
0.97292
1.00334
0.9763
0.945556
1.00552
1.03578
5.69269
-1.2336
-0.805116
4.05698
0.218612
0.360578
0.434102
0.046485
0.182417
0.881646
0.873505
0.895185
0.839193
0.854447
0.86067
0.874936
18.3747
31.1872
20.3953
32.8541
35.6414
27.4265
36.2317
35.0796
89.4907
5.40537
111.129
196.146
77.3852
63.8252
39.8294
63.1803
139.904
392.975
588.165
324.154
661.129
682.773
853.9
736.812
573.824
529.223
1106.52
595.778
686.801
699.41
521.391
781.988
1741.13
1488.23
1609.02
1663.98
1401.91
857.676
1425.31
1499.7
1908.86
71.2413
20.1803
76.0669
77.7295
123.739
57.8529
130.727
26.001
22.2871
24.4474
23.2116
22.8486
21.8663
21.7053
0.890942
0.709021
1.08165
0.662859
0.538044
0.742387
0.715867
0.902324
0.92973
0.881341
1.0007
0.867334
0.758083
0.736606
0.885974
0.805941
0.89662
0.846441
0.837566
0.83042
0.85694
0.848247
0.911506
0.921313
0.856528
-3.24408
-3.06973
-3.02223
-2.61902
-0.525864
-3.20602
-1.4888
11.1864
2.09351
-46.7217
16.9275
-16.5241
-2.39143
-0.44431
-8.31634
-9.06377
-7.77009
-8.28749
-7.62111
-8.24531
-7.37079
-6.35929
-6.65517
-6.31092
-6.20012
-6.11966
-5.83962
-5.86836
-5.60181
-6.15745
-5.56941
-5.40495
-5.49176
-5.69041
-5.37478
-5.0371
-4.57586
-4.28672
-4.84018
-4.52133
-4.19963
-4.24743
-4.19321
-4.51725
-3.60748
-4.65187
-3.38634
-6.13312
-4.55584
-4.91003
-3.73134
-6.64582
-1.44221
-3.4451
-1.17296
-14.7764
-0.803338
-5.51543
-0.44357
-2.40028
-3.66573
-3.39083
-7.86509
-2.62709
-3.8632
-7.01429
-6.48217
-5.27068
-7.87223
-7.83876
-6.94183
-0.518348
-14.0813
-7.22131
-10.0851
-9.73531
-7.59077
-4.44205
-7.93133
-10.8505
-6.24139
-7.16843
-9.31639
-6.32997
-8.46989
-10.8181
-11.1169
-9.54711
-10.1681
-9.83238
-7.44396
-8.58006
-11.6183
-10.8292
-11.0052
-8.03213
-9.74937
-9.86943
-10.3481
-12.3192
-12.869
-11.1679
-5.40287
-6.00367
-7.23307
-4.53329
-4.60631
-4.83679
-5.26707
-5.91092
-6.85401
-4.27653
-4.90554
-4.17995
-3.09223
-4.29738
-5.22806
-5.32927
-4.60069
-6.60304
-3.35134
-2.65725
-2.9767
-3.47559
-3.47095
-3.40982
-3.19469
-4.68549
-4.74578
-4.84301
-4.7375
-4.597
-4.73409
-4.66483
-4.70114
-4.79769
-5.43139
-5.71461
-5.45842
-5.27987
-4.99721
-5.61654
-5.31388
-5.66782
-5.1948
-5.35114
-5.7991
-5.71641
-5.22957
-5.46305
-7.46548
-7.39847
-6.84695
-7.813
-6.70968
-6.53447
-7.30389
-18.8323
-21.6994
-21.8995
-15.5394
-16.432
-24.2175
-27.4228
-23.8146
-22.7001
-19.4604
-24.905
-21.9056
-36.28
-39.3335
-38.4866
-35.2566
-39.2759
-39.7083
-36.5052
-20.4863
-18.3107
-11.547
-22.5638
-6.26435
-18.1054
-31.8653
-0.253573
-0.216734
-0.49268
0.0242911
-0.112311
-0.239052
-0.0172221
0.182897
0.0355771
0.206954
0.285498
0.134816
0.266022
0.106191
0.0523226
0.257777
0.556071
0.591772
0.482915
0.543411
0.521183
0.444631
0.434123
1.08657
1.10783
1.04061
1.02042
0.967941
1.06
1.0767
0.964701
0.982398
0.944433
1.02729
1.04552
1.01864
1.10543
1.15622
0.965413
0.990023
0.931125
0.958705
0.908125
0.98598
267.425
243.73
254.806
283.514
260.375
284.687
260.533
347.923
404.458
390.353
393.973
371.855
418.39
381.406
401.511
376.149
375.724
398.747
420.959
466.478
429.111
423.688
384.451
407.187
375.934
479.052
555.986
490.628
473.62
495.078
458.204
490.315
467.482
502.5
490.799
486.346
559.764
473.005
491.568
454.761
466.822
575.138
701.654
532.626
581.267
589.097
563.691
810.59
732.662
722.323
696.508
739.696
383.296
87.4414
413.499
611.499
373.842
521.083
511.038
789.176
731.345
674.795
640.949
775.286
971.444
1077.88
1041.64
60.9734
114.498
80.4875
76.1624
113.275
121.923
72.3442
764.617
765.316
593.547
165.924
407.247
1235.04
1141.17
1117.03
1195.29
816.649
1107.59
1310.44
883.958
933.81
1648.78
54.1009
135.589
86.5416
153.566
77.4073
123.705
37.154
547.759
322.301
364.912
343.627
403.757
235.361
141.721
293.828
234.223
726.722
426.971
438.213
3.27522
22.6718
-47.8127
35.7702
36.5081
40.3297
101.156
39.0341
39.8989
102.872
186.053
173.774
137.021
135.042
166.883
32.1704
245.901
172.358
138.304
116.403
-37.728
14.516
244.752
79.8699
65.443
131.76
55.1239
41.0966
104.727
32.6531
27.3124
27.7463
58.3909
27.9557
28.5575
24.8589
31.7097
27.7088
24.0498
27.6271
27.3639
26.5503
26.7538
26.5007
24.8787
26.9646
27.3158
22.7892
18.5008
16.3667
18.1022
14.3277
15.1617
17.4477
-4.54901
18.5925
-10.005
-4.51812
48.8228
21.5519
2.23227
-25.3741
-13.027
8.04412
-8.27118
22.4855
8.50674
-16.7083
4.91222
0.683369
-0.293347
-1.99112
-0.556377
0.676612
-1.87275
-0.884552
2.22912
0.755695
-1.83592
2.66231
1.40547
2.75439
-1.28202
1.23317
0.000781143
1.60982
1.24485
1.83292
1.23964
0.71852
1.10827
0.970979
0.992591
-25.2244
-24.83
-23.4848
-27.0122
-23.221
-23.0316
-25.7144
-28.2432
-30.1122
-33.0502
-30.1631
-28.6587
-34.9266
-38.1311
-34.762
-30.4196
-29.3259
-27.9401
-24.8467
-5.77222
-6.67939
-5.78959
-5.50897
-5.10439
-6.07712
-5.79622
-4.16541
-4.03686
-4.96794
-3.48783
-3.5228
-3.99325
-3.64481
-2.89731
-3.74386
-3.06186
-3.3025
-2.76019
-3.03584
-3.07593
0.926676
4.19396
-1.35937
-1.53427
-4.89703
-10.3329
-3.28441
-0.214806
-3.33547
-7.47067
0.956678
0.194077
-1.08857
-4.74582
-1.65639
-4.50105
-3.63741
-6.44398
0.160848
-6.34498
-6.01085
-3.67241
0.707354
-4.22978
-6.32916
-3.39358
-7.11393
-2.92515
-11.5813
-3.45327
-0.774543
1.88523
-7.01429
6.24072
5.63485
-3.61538
0.361991
-7.07614
-5.26662
-4.98244
-5.05612
-5.3356
-5.15554
-5.17992
-5.07181
-5.85648
-5.61493
-5.60705
-6.14797
-5.80869
-5.65111
-5.73088
-4.82687
-5.03339
-4.79637
-4.76952
-5.25145
-5.34028
-5.00669
-3.66776
-2.98924
-3.84316
-4.57901
-4.35948
-4.7483
-4.15114
-4.27265
-4.46423
-4.42702
-3.35032
-3.17676
-3.08531
-3.54869
-3.40325
-3.36815
-3.31277
-3.01949
-3.38307
-3.32763
-3.41325
-3.44953
-3.15208
-3.20674
-3.02892
-3.28642
-3.33079
-3.26112
-3.1941
-3.1547
-3.38509
-3.30961
-3.28091
-3.33
-3.40106
-3.26626
-4.35955
-4.46725
-4.17191
-4.07869
-3.90722
-4.1888
-4.30766
-4.0957
-3.94314
-6.56657
-6.14538
-6.75621
-5.51173
-5.73908
-6.14865
-5.92968
-8.52791
-7.8032
-8.23112
-6.88297
-6.3665
-7.31545
-6.84908
-12.1593
-14.9663
-18.3837
-9.2346
-8.18692
-6.32521
-8.07384
-6.09935
-7.15296
-9.56637
-8.67587
-8.51557
-25.0388
-23.8033
-15.6977
-21.1038
-20.9293
-19.5158
-22.5771
-24.0625
-19.0164
-2.15537
-1.94035
-2.09145
-2.1964
-1.9996
-2.24424
-2.17837
-2.1303
-2.23622
-0.302904
-0.371898
-0.261164
-0.227035
-0.301411
-0.323756
-0.235877
-0.0657157
-0.177874
-0.056768
-0.00429382
0.0547055
0.00882191
-0.0637123
0.267392
0.317188
0.231961
0.223605
0.287216
0.105775
0.213982
0.227701
0.14495
0.484202
0.442859
0.524922
0.362486
0.424375
0.470493
0.42969
232.128
232.202
216.168
190.172
217.48
174.803
199.903
252.248
245.803
260.717
231.383
238.46
219.024
242.753
231.726
253.505
230.159
241.858
264.693
233.799
228.4
225.791
233.57
322.302
323.584
324.771
331.478
357.082
332.506
360.385
325.266
332.667
325.417
440.657
497.542
445.452
495.992
593.461
504.783
30.7997
28.8213
29.0869
28.9797
27.2188
29.5965
33.8743
178.032
41.7669
56.8663
78.0158
51.5617
38.7642
24.6222
30.6733
18.8791
55.6512
177.466
-39.9875
72.2114
-3.70632
50.0747
21.9037
21.6713
1.35953
25.2161
118.793
137.211
17.9749
86.9979
45.3679
11.1057
2.94478
101.249
76.0848
89.5734
143.898
120.439
60.9329
91.593
51.3487
29.4642
49.4154
30.0965
29.3016
28.8246
29.6051
28.8852
28.6083
29.8683
24.6367
17.6054
18.0137
17.3478
22.2731
19.933
23.7198
19.0446
18.8681
20.1864
21.0866
24.3441
19.3783
19.7987
15.1363
13.0979
11.8077
15.1318
9.1263
14.4801
13.4896
23.7875
3.1551
32.2438
-13.3699
-11.0259
-5.9632
-15.2979
15.4331
-236.247
64.3123
20.21
1.48822
-23.8222
-143.345
17.8481
17.9248
18.2042
18.4787
18.0418
18.1311
17.9864
18.2134
17.3852
18.2968
18.4949
18.1215
18.5593
18.8455
18.1884
18.5171
17.2209
16.6675
15.9736
17.4818
17.9309
-5.91504
-5.7405
-7.81452
-6.22029
-4.13979
-5.08178
-7.37973
-1.71385
-3.50837
-3.89743
-0.979119
0.713139
-1.37484
-2.03994
-0.144268
-1.4555
1.65013
1.14972
1.50258
-1.6147
-0.618414
-0.0403943
0.00509294
1.6589
2.9747
1.2839
0.497184
-1.35572
-0.167116
8.7424
4.80823
-5.61226
1.61927
-8.38805
-16.0686
-4.39637
-4.34196
-7.10848
-4.5388
-4.53422
-5.91967
-6.00463
-5.67223
-5.31956
-5.98015
11.4137
-3.12841
-4.05934
-2.33821
8.74213
0.0783007
-8.15078
-3.70422
-2.09266
-1.48
-7.64632
-0.377322
1.75837
1.08149
14.7976
7.26495
2.06984
-2.05771
-5.11797
-1.17553
-13.1697
-4.8237
-15.8509
-0.184136
-8.429
-2.95065
-6.00957
0.414976
8.29732
0.419259
4.0868
1.22897
2.62566
2.75407
-3.89398
-8.36777
-3.77955
-4.00419
-3.21099
-4.18652
-3.72668
-3.8557
-3.12387
-4.49892
-4.33545
-4.42031
-4.91946
-4.23342
-4.67089
-4.46592
-4.24629
-4.16928
-4.28287
-4.19228
-3.96024
-5.06884
-4.45514
-4.96065
-4.83761
-5.31916
-4.62871
-4.63149
-5.03418
-5.111
-4.94867
-5.04868
-5.04221
-4.93235
-4.87948
-4.73554
-4.70332
-4.61274
-4.78454
-4.83436
-3.93434
-4.11952
-4.12466
-3.95922
-4.10274
-4.167
-4.22165
-4.93349
-4.84548
-4.71279
-4.65247
-4.86616
-4.79668
-4.85313
-4.11088
-3.89648
-4.18873
-4.04678
-3.93425
-4.21391
-4.26962
-3.31518
-3.37925
-3.33198
-3.29077
-3.14513
-3.37965
-3.54087
-3.36205
-3.48889
-3.69599
-3.18088
-2.99586
-3.46756
-3.05731
-3.21022
-3.28516
-3.23903
-3.37091
-3.53954
-3.36751
-3.12773
-3.07045
-2.98906
-3.247
-3.29144
-3.15999
-3.33136
-3.29076
-3.26395
-3.30158
-3.06717
-3.0732
-2.9906
-3.19238
-3.19656
-3.16607
-3.15484
-3.34666
-3.45881
-3.29671
-3.43629
-3.32397
-3.19346
-3.22373
-3.03778
-3.13342
-3.072
-3.01474
-3.07506
-3.11567
-3.03174
-3.25045
-3.3085
-3.47028
-3.58336
-3.55758
-3.3639
-3.353
-2.70517
-2.5916
-2.62705
-2.81934
-2.92612
-2.77064
-2.71281
-2.62824
-2.54703
-2.53966
-2.66356
-2.52148
-2.65455
-2.53972
-2.82883
-2.80204
-2.91005
-2.83683
-2.85047
-2.86467
-2.93238
-2.49108
-2.51124
-2.56201
-2.49633
-2.56098
-2.45893
-2.53478
-2.51806
-2.47182
-2.4088
-2.32968
-2.35815
-2.4816
-2.49816
-2.39868
-2.44683
-2.09222
-2.14037
-2.23405
-2.02998
-2.15
-2.01136
-2.15423
-1.12897
-0.986986
-1.13536
-1.11046
-1.24997
-1.1732
-1.29819
-1.10015
-1.2216
-1.01994
-1.14039
-1.07822
-0.867626
-0.916796
-0.917673
-0.975851
-1.07855
-1.02021
-0.534505
-0.623797
-0.627404
-0.555004
-0.664088
-0.535193
-0.617094
0.0837136
0.101644
0.158231
0.0804325
-0.0101577
0.0674086
0.137722
0.10634
0.144695
0.0620896
0.220132
0.212088
0.154929
0.176752
0.412336
0.434559
0.460554
0.304689
0.398039
0.404409
0.436608
0.0552628
0.212722
0.188642
0.135423
0.203064
0.0380043
1.15257
0.738326
0.327342
0.535429
0.408911
0.504229
0.376808
0.11895
158.574
165.543
155.571
148.458
110.513
137.167
182.515
154.597
130.726
128.392
-118.129
41.2003
71.4163
-35.3156
169.802
142.482
138.351
76.8832
154.202
128.334
234.273
231.391
234.25
225.815
231.192
208.492
191.514
173.771
219.756
199.576
314.648
268.388
254.087
27.8569
27.0795
26.6364
25.7781
25.538
26.6225
26.4972
85.8599
91.0912
36.1483
47.1507
25.3531
20.2928
86.7351
87.4777
83.9494
40.123
114.534
278.537
272.809
183.922
81.3455
132.216
158.354
116.138
203.461
83.8297
46.099
41.6192
33.2514
44.0266
52.7288
47.6478
38.088
17.3492
3.37797
11.0615
26.2152
20.4013
16.102
22.089
25.72
28.8305
26.2784
21.4539
24.5338
26.9983
22.448
18.7847
20.2752
26.2773
28.4497
16.676
24.6126
28.7606
31.4999
33.487
19.8842
18.3917
22.6086
22.6526
21.1947
22.8922
23.787
17.9681
16.2656
21.5638
21.5834
20.3985
23.9628
23.0272
23.5957
23.297
20.9075
20.9
21.3627
21.3034
21.0795
21.8508
21.764
21.5796
21.7195
20.7251
21.121
21.398
21.1232
21.3909
21.5188
21.7739
11.3907
9.89449
12.8048
10.832
11.2215
15.099
13.6749
16.4455
13.6476
16.7954
15.0961
15.3221
17.1826
16.6655
1.7987
7.32027
19.6471
23.9637
-25.6139
10.6524
20.3725
37.011
53.4887
54.3159
56.7588
12.5198
8.61598
-19.4059
32.7647
22.6202
28.7279
9.40681
-39.7898
13.7435
-30.6834
75.4978
-16.6798
11.3181
-22.3225
51.8128
-25.901
29.4912
46.1989
14.575
-56.7979
-43.2094
-34.5102
-11.1061
7.38812
8.32652
4.88826
-3.72325
-4.6522
-3.26908
-6.3509
-3.35945
1.26461
-2.45156
1.86394
0.960202
3.87185
0.918571
3.14369
-2.37108
-3.30328
-1.90211
-1.86885
-2.4473
-2.74119
-2.58365
-2.99771
-3.33308
-3.06252
-2.80343
-2.86321
-2.99843
-2.71915
-4.3737
-4.7937
-4.54425
-3.83492
-4.55271
-4.56569
-4.71942
-6.22602
-5.91147
-6.70474
-6.6898
-6.31671
-7.11615
-6.91071
-4.77775
-4.64228
-5.00559
-4.58493
-4.41918
-4.69875
-4.90164
-3.18336
-3.18851
-3.27125
-3.15067
-3.0416
-3.13221
-3.18366
-3.08671
-3.17186
-3.28368
-3.14745
-2.96404
-3.16156
-2.96782
-2.93262
-2.9465
-2.93753
-2.93008
-2.9466
-2.95476
-3.01572
-2.93339
-2.92519
-2.85156
-3.76194
-2.56783
-2.83836
-2.70429
-2.49237
-3.15986
-2.52218
-2.31593
-4.28729
-2.09891
-3.11439
-4.44446
-1.12048
-4.70268
-2.51388
-4.45156
-20.4892
9.80429
-35.9786
2.02586
-13.7183
-22.7842
-2.75763
-3.5959
-2.76222
-3.05605
-3.43918
-3.58353
1.01132
-3.29578
-3.3398
-3.46196
-2.66578
-3.78663
-0.820472
-3.60472
-3.2609
-2.97433
-3.18682
-3.07242
-2.98895
-3.04632
-3.05526
-2.97068
-2.90513
-3.26381
-2.72815
-2.63959
-2.89107
-3.17582
-2.74465
-2.7409
-2.79324
-2.76308
-2.74599
-2.79012
-2.82634
-2.71357
-2.74887
-2.69085
-2.64812
-2.65255
-2.69507
-2.70776
-2.67628
-2.67142
-2.4349
-2.4381
-2.50207
-2.54964
-2.5415
-2.4769
-2.47346
-2.39274
-2.29488
-2.34888
-2.33456
-2.25296
-2.34389
-2.28251
-2.01129
-2.07986
-1.99902
-2.02896
-1.95123
-1.99039
-1.89164
-1.20064
-1.20561
-1.08806
-1.13606
-1.2304
-1.18633
-1.08728
-0.0475272
-0.077536
-0.0146167
0.0385212
0.127194
0.122937
0.031496
8.39136
42.2402
28.6718
8.15843
5.22352
16.5966
13.1396
6.17578
-14.3367
9.02522
17.4337
5.15156
1.3751
7.9092
-19.6026
-4.49248
-19.8685
19.5535
26.9075
32.1486
-0.389724
-19.1511
-47.8753
-73.6579
33.9292
12.2643
14.6335
24.9698
-58.3692
14.8915
1.38061
-141.879
-13.4878
20.2583
57.6875
11.1045
-15.6105
34.7007
-96.0367
-2.7528
0.161827
0.279912
0.330134
0.582946
0.402993
0.574568
0.455573
55.9362
-65.9286
25.6725
71.2224
58.9964
79.2579
1.82319
2.45966
0.744281
0.573017
-0.0577048
1.11506
1.6122
16.0448
-3.68528
6.80173
-10.5979
6.34817
5.3897
19.0694
15.093
15.0256
17.9344
15.5726
14.5055
18.1937
16.3154
15.0275
16.7532
18.8328
23.6973
18.1275
8.88714
17.508
32.3718
14.8201
-15.1008
-9.15468
22.143
18.7658
13.4438
1104.99
514.534
1462.48
422.262
703.69
596.633
1044.35
43.2145
-175.491
67.8641
21.4836
604.706
193.429
19.0385
18.178
19.1833
18.9812
18.6013
19.2672
19.2574
19.3594
18.9282
19.3471
19.1088
19.3863
19.5087
20.3267
15.6069
23.2243
20.0145
10.3614
17.4573
20.9582
22.1314
-10.769
3.83209
-41.1102
-48.0321
-2.27571
21.0869
-40.6602
23.3297
148.241
154.271
71.7051
115.087
60.2113
81.9949
81.3742
-14.0251
52.3133
22.5385
21.3394
20.9476
17.5469
23.742
19.7213
19.3988
19.6759
17.1419
18.851
19.9141
20.7342
17.7715
18.2777
14.821
15.4487
16.3182
16.9916
17.8415
15.7245
15.636
14.4306
14.8402
15.9212
12.0623
14.1651
13.9278
15.1452
-38.2528
-34.8688
-38.3903
-22.6775
-27.5231
-31.7618
-29.0382
-41.2121
-38.8498
-33.6001
-44.9006
-47.9467
-36.238
-30.0554
-15.1754
-20.613
-17.9042
-29.163
-22.5741
0.192828
-7.17629
-6.58892
-6.77883
-1.8836
0.520336
-1.94145
83.7064
-11.7294
31.4724
38.5143
-8.44056
-8.28012
20.6344
-2.96047
-3.55825
-3.81155
-2.99715
-3.04561
-3.38889
-3.41278
-3.08271
-3.16132
-3.00108
-3.09312
-2.93924
-3.03401
-3.07738
-3.20685
-3.31484
-3.21813
-2.91821
-2.93129
-2.87395
-2.84692
-2.88547
-2.88907
-2.86881
-2.95964
-2.95719
-2.88162
-2.90958
-2.86443
-2.95676
-2.84926
-2.88612
-2.9009
-2.96524
-3.05637
-3.0083
-2.97138
-2.95707
-2.90105
-2.88779
-2.81456
-2.79302
-2.81991
-2.83597
-2.81468
-2.83566
-2.8518
-2.35473
-2.4373
-2.40708
-2.43402
-2.46097
-2.38946
-2.34052
-2.15647
-2.13408
-2.05869
-2.17734
-2.2131
-2.13213
-2.05303
-1.8236
-1.78745
-1.662
-1.86921
-1.95208
-1.8753
-1.7839
-1.30885
-1.15658
-1.32132
-1.3324
-1.50016
-1.31144
-1.44061
-1.21924
-1.32809
-1.18317
-1.15899
-0.732697
-1.19324
-1.0924
-0.707788
-0.726097
-5.43463
-1.35295
-18.93
-12.1357
-6.64058
0.580126
6.10337
-48.4503
-29.2218
2.32773
36.2841
20.7404
18.862
-33.3644
7.91116
-63.2003
-8.04757
-11.9591
-18.8607
1.83108
-27.0028
9.14908
-63.0317
8.22007
28.8203
6.67173
2.59356
-10.9161
1.28437
-0.0917865
-39.8268
-2.35619
7.75396
17.706
33.9708
-79.0554
0.424079
0.407428
0.480559
0.584623
0.991893
0.336416
0.657833
0.580585
0.627072
0.574438
0.573033
0.525557
0.607046
0.567237
1.0058
1.43688
1.79003
-0.945429
2.44844
-6.91561
-3.8352
-2.04515
-1.16922
0.173859
-1.64063
-3.73902
1.65423
1.50121
2.6841
6.09074
3.39986
3.22722
3.3784
0.423526
-5.88221
-4.11661
1.75836
2.08698
14.7075
15.4306
15.1301
16.6367
15.2897
15.8088
14.0604
13.3361
16.3367
15.9532
16.4742
16.8046
17.8232
16.2054
22.0769
29.6968
22.1527
26.0885
29.4056
22.2267
21.5196
482.969
127.244
471.553
2638.1
1045.84
2264.03
2197.97
2800.53
3060.65
2074.97
2851.67
483.258
3320.23
2276.03
2475.74
2912.77
411.077
689.004
641.415
-263.982
273.178
-280.756
178.546
319.206
2767.74
1709.63
49.7319
21.199
50.3639
39.5212
45.5072
1.62063
23.7694
18.2842
27.126
16.0272
24.2439
26.0975
22.7898
25.3316
25.9651
19.0642
22.5861
22.0639
21.6797
22.4749
21.7341
21.0486
20.686
20.9812
22.0727
21.9814
22.3497
22.1971
23.1031
22.2746
21.927
10.5795
9.58576
7.50549
7.02095
8.01788
8.16875
8.86615
6.37422
7.02246
8.03891
7.56065
11.246
5.44323
10.6097
9.29729
10.6865
9.1552
7.88551
9.10903
8.77852
8.91988
9.32522
5.45786
8.88448
2.14365
3.78747
5.49538
4.395
-2.92612
-2.86482
-2.94883
-2.8169
-2.75906
-2.95602
-2.94941
-2.92768
-2.87407
-2.92482
-2.95345
-2.92944
-2.91736
-2.95074
-2.9096
-2.83526
-2.84768
-2.88525
-2.78387
-2.90197
-2.91504
-2.94027
-2.86393
-2.82762
-2.81279
-2.80722
-2.80885
-2.79889
-2.79515
-2.82126
-2.87293
-2.84923
-2.89141
-2.93191
-2.9226
-2.89146
-2.94465
-2.91648
-2.92825
-2.89477
-2.96429
-2.94737
-2.92513
-2.92531
-2.92034
-2.93379
-2.89999
-2.93592
-2.91862
-2.93795
-2.94068
-2.93391
-2.9234
-2.92744
-2.90982
-2.92148
-3.31171
-3.20626
-3.37155
-3.36705
-3.25182
-3.38855
-3.56106
-3.33762
-3.52757
-1.82857
-2.1113
-2.06496
-1.52739
-2.51748
-2.18492
-1.90375
-1.35591
-0.711918
-1.12774
-0.722132
-1.04463
-1.00715
-1.29488
15.4502
48.7511
1.75222
-16.3087
16.4162
-62.746
-8.75695
-50.9511
38.2444
20.2585
44.9462
18.0571
15.1799
-18.7435
-109.925
24.24
-6.64838
-6.40215
-20.7988
-12.2939
-4.96425
-12.9479
-56.8344
8.56243
1.66955
-26.9343
-0.139745
-0.0535404
-0.0924409
-0.172512
-0.103899
-0.0773069
-0.15193
0.573185
0.645878
0.663193
0.693817
0.641295
0.727478
0.688565
0.927351
0.888354
0.855991
0.893428
0.848877
0.762447
0.841019
0.84452
0.83078
0.861253
0.894238
0.861375
0.860443
0.89063
1.03581
0.969452
0.997018
0.958657
0.922295
0.991943
0.963147
1.02692
1.14127
1.01699
1.17622
1.0844
1.08717
1.10141
1.08018
1.06384
0.841581
0.497258
0.724023
0.930159
0.863313
0.982044
0.805226
0.784648
1.07582
0.911712
1.54437
1.25702
1.14299
0.89648
1.27516
0.743475
-0.0134781
0.0575907
0.114334
0.0948867
-0.503264
0.116743
-0.196382
-0.269785
-0.0249385
-0.0178346
-0.44786
-0.0475937
-0.0517214
-0.111239
-0.281928
-98.8981
192.326
78.587
184.109
-64.9042
61.4197
27.437
82.4485
273.74
115.718
178.398
-50.8564
-50.755
66.3214
22.8736
-126.694
152.682
137.365
86.6999
56.1416
101.598
-54.8131
62.2606
-161.764
213.185
77.3483
21.4412
63.4198
31.1551
70.1749
68.4404
39.403
55.385
86.2677
72.7102
75.9887
39.5262
67.5089
42.5457
75.573
61.5323
41.9299
5.1416
32.8154
47.1888
90.1028
41.7776
76.2123
69.1741
100.799
-13.8631
35.5004
72.209
31.1703
28.7519
35.638
27.7418
25.2538
30.3712
26.235
30.0332
29.8809
30.2851
29.3417
30.5997
30.8894
30.0218
31.3172
30.9719
-2.14123
-2.21303
-2.28868
-2.13759
-2.18754
-2.27793
-2.18611
-2.34534
-2.48818
-2.40888
-2.39426
-2.55996
-2.42897
-2.57539
-2.6654
-2.64135
-2.6386
-2.62572
-2.66806
-2.6667
-2.63762
-2.90114
-2.90337
-2.92544
-2.92199
-2.87571
-2.884
-2.94533
-2.96616
-2.89456
-2.89994
-2.94575
-2.95569
-2.94876
-2.96359
-2.96192
-2.9548
-2.9528
-2.96815
-2.95609
-2.93421
-2.94559
-2.94172
-2.95115
-2.96059
-2.96564
-2.97499
-2.98161
-2.97657
-2.98343
-2.97179
-2.96863
-2.98114
-3.03907
-2.97578
-3.00946
-3.06118
-2.97913
-3.04883
-3.08417
-3.15203
-3.22584
-3.13223
-3.22127
-3.35236
-3.31334
-7.90828
-7.09656
-6.73948
-5.95024
-6.70853
-7.01811
-6.67744
-6.46499
-0.882996
-8.24158
-1.02634
-5.73471
-29.4767
14.8499
-7.47293
-5.037
-0.959657
-9.65619
12.116
-7.52411
-19.5365
17.6199
40.4508
-62.8561
-0.827845
-0.871309
-0.615629
-0.776109
-0.911258
-0.947541
-0.775837
-0.495047
-0.444102
-0.298534
-0.246106
-0.305899
-0.384364
-0.412971
-0.264741
-0.375687
-0.239094
-0.274985
-0.133649
-0.352925
-0.251051
-0.492063
-0.437962
-0.436115
-0.633515
-0.609729
-0.541526
-0.542123
-0.324458
-0.241191
-0.249418
-0.17865
-0.248666
-0.273133
-0.196282
-0.610761
-0.493048
-0.526478
-0.635978
-0.540526
-0.489548
-0.56592
0.0132067
0.111337
0.0370021
-0.0945687
-0.000192684
0.0595752
-0.01196
0.0613568
0.0113746
-0.0219642
-0.0597521
-0.000463983
0.0458034
-0.00268952
0.315457
0.26385
0.238525
0.265129
0.218267
0.138139
0.212577
0.261083
0.31085
0.216621
0.201163
0.110621
0.463449
0.49007
0.546788
0.635989
0.603289
0.467495
0.493745
0.562603
0.586018
0.505501
0.546692
0.479955
0.484206
0.417368
0.447433
0.500459
0.462191
0.402863
0.767241
0.76591
0.773891
0.824061
0.796654
0.815373
0.805664
0.86377
0.862375
0.904445
0.904971
0.837811
0.836944
0.858422
0.912556
0.98229
0.950558
0.919467
0.9386
0.930572
0.92452
0.812886
0.834137
0.788617
0.966964
0.93768
0.957529
0.863531
0.774745
0.723874
0.631192
0.424913
0.60967
0.379858
0.578072
32.3801
-3.81364
16.8398
-16.2394
10.9416
23.7608
4.5455
135.49
85.8108
-26.5652
276.489
159.81
283.512
119.159
62.1674
273.232
138.952
-33.4114
82.8203
2.12422
36.1483
-152.3
23.0695
31.2779
240.962
116.781
81.1861
165.299
175.442
141.226
177.275
67.6028
-40.0485
27.1486
-65.611
57.7364
63.3179
-6.99964
-130.408
103.462
29.4415
42.422
43.7667
45.2962
42.9079
40.925
40.8708
43.0686
67.2623
63.2599
60.2592
69.1032
72.5446
71.3587
65.0197
36.6277
48.0591
59.3291
67.0964
57.6394
69.4611
60.7296
65.0578
67.2029
10.3691
10.6774
9.95318
10.9562
13.0255
10.038
7.25758
11.2473
15.7226
5.9739
38.2422
22.7633
-27.8279
3.81083
18.3353
15.7735
107.973
-45.516
53.4295
86.9961
150.393
103.255
125.237
211.44
192.892
224.256
216.307
161.061
178.084
212.25
241.562
300.949
242.706
245.649
220.526
221.404
266.149
163.881
147.177
174.56
184.272
163.413
181.416
193.877
152.124
188.298
180.326
197.306
189.975
162.601
186.102
183.981
156.545
194.531
205.163
191.62
99.3128
127.441
125.074
119.862
124.239
124.185
144.504
88.0407
106.256
124.431
121.908
109.24
164.861
180.383
149.159
184.408
178.553
181.45
174.832
327.284
323.105
275.404
328.472
265.92
330.151
348.967
290.085
315.568
291.578
307.237
288.062
344.937
323.013
288.335
5.6652
357.357
554.941
326.274
128.789
143.765
1481.33
1500.47
1404.85
686.195
1044.67
1291.48
700.974
669.575
838.741
876.442
661.416
467.752
663.842
148.207
271.401
480.516
1096.98
584.568
876.729
1089.59
-4.16188
18.0647
-71.0188
-22.2001
-39.1011
16.2563
-111.095
-5.96127
7.32124
4.61092
-9.86163
26.8041
8.53519
15.0857
26.8675
26.5559
-32.6554
11.0674
96.2534
25.8567
12.6943
21.0353
20.7482
21.7166
22.1567
21.9752
21.101
21.3656
21.3544
21.5287
21.0889
21.3362
21.5294
20.8119
20.8207
12.21
13.3244
15.1598
17.1814
17.029
13.7208
14.4014
16.0676
16.3894
12.4041
12.324
10.4821
13.0633
14.2804
13.3791
11.9824
-21.3279
17.8568
-5.527
20.4019
-75.7892
-24.91
9.79044
-21.4449
-16.5836
-0.736783
5.76945
-23.253
5.2309
-13.5096
-0.894361
-9.46876
-13.6775
13.1766
-10.9006
12.4602
25.3023
3.62994
-2.77059
1.4147
0.132151
-0.797611
0.044194
3.58408
-0.96727
-0.195278
-0.527655
-0.910549
-1.15579
-2.26976
-2.23141
-2.28917
-2.04241
-2.16119
-2.27288
-2.21267
-2.17237
-2.32118
-2.2746
-2.07022
-1.90974
-2.14818
-2.14748
-2.05
-2.13055
-2.21267
-2.17058
-2.08587
-2.3261
-2.28021
-2.2544
-2.27076
-2.31714
-2.32683
-2.26568
-2.49647
-2.51318
-2.4647
-2.48045
-2.50854
-2.47166
-2.43259
-2.95498
-3.00961
-2.84497
-2.77747
-2.78013
-2.86909
-2.88635
-3.37271
-3.24501
-3.1923
-3.60615
-3.41328
-3.96092
-3.94482
-3.65525
-3.96665
-4.27369
-4.10488
-3.83287
-3.24379
-3.22524
-3.35417
-3.62316
-3.53934
-3.42818
-3.49349
-3.00192
-3.07219
-3.12513
-3.79552
-4.03335
-3.63947
-3.29941
-4.06717
-3.43037
-3.97524
-4.00401
-3.57253
-3.21761
-3.29771
-3.04442
-4.20451
-3.98333
-4.10246
-4.26798
-3.70633
-3.38903
-5.7601
-5.60717
-6.61239
-6.59047
-6.83274
-6.51414
-7.20831
-6.99422
-6.38687
-6.28669
8.13927
-10.2226
13.372
-4.47202
-5.54399
-0.599193
-20.328
-9.62872
-35.9415
-12.9279
0.987342
4.65407
17.8245
2.11206
0.82723
-36.5669
-7.14136
-6.84458
-6.45373
-6.15845
-6.57178
-7.22871
-6.73983
-6.82537
-7.77908
-36.2721
-12.5974
-13.8073
-7.21712
-7.39545
-9.72259
-24.7151
-1.61055
-1.79076
-1.83421
-1.97236
-1.87705
-1.7604
-1.87525
-1.60899
-1.76766
-1.60962
-1.91814
-1.82378
-1.92789
-1.80038
-1.58433
-1.44372
-1.44938
-1.42067
-1.53027
-1.48509
-1.5913
-1.164
-1.32357
-1.19742
-1.49729
-1.4048
-0.985407
-0.974863
-1.08929
-1.09941
-0.948621
-1.02334
-1.11646
-1.12399
-1.12547
-1.05436
-1.20397
-1.23147
-1.21159
-1.16828
-0.899446
-0.774313
-0.772904
-0.662206
-0.760226
-0.702105
-0.804476
-0.986147
-1.10107
-0.998907
-0.99463
-0.879146
-0.899793
-0.808211
-0.742701
-0.945207
-1.01875
-0.8926
-0.834614
-0.587332
-0.568289
-0.652985
-0.681185
-0.585787
-0.620029
-0.702257
-0.793024
-0.901315
-0.748858
-0.738652
-0.818628
-0.909987
-0.789751
-0.54411
-0.403109
-0.356836
-0.206639
-0.273098
-0.299501
-0.399321
-0.443913
-0.542579
-0.411057
-0.350304
-0.398913
-0.526644
-0.398264
-0.407784
-0.506128
0.16432
-0.0186133
0.0328449
0.284873
0.322704
0.0416659
-0.00775578
-0.0297017
0.0115759
-0.134822
-0.13756
-0.0366988
0.581791
0.532975
0.644206
0.579903
0.5741
0.704908
0.680366
0.895992
0.821844
0.886323
0.861819
0.804705
0.874789
0.881336
0.715182
0.79667
0.776123
0.754109
0.889945
0.833034
0.843471
0.984903
0.857038
0.829701
0.854448
0.821013
0.914742
0.983657
0.853318
0.840388
0.80623
0.828561
0.851259
0.810669
0.828058
0.896889
0.899608
0.938501
0.830119
0.927204
0.870749
0.816592
0.761287
0.759362
0.798519
0.661014
0.706553
19.5977
17.269
22.8824
21.2551
19.4552
19.0201
18.9779
195.939
-37.8413
59.6315
339.985
121.952
250.613
-40.6611
102.198
-13.4484
120.833
-9.60995
189.777
59.1273
234.119
155.125
156.904
260.25
239.226
211.392
143.915
178.511
133.941
273.403
134.561
123.574
143.66
281.657
297.719
270.607
265.484
278.971
269.903
256.736
230.524
245.518
216.077
261.709
250.816
254.337
231.719
281.491
363.969
324.015
300.184
274.527
200.941
213.354
220.941
272.486
247.609
265.657
357.802
328.695
247.688
256.448
279.789
272.001
175.157
269.665
487.049
447.738
279.018
307.378
315.004
192.131
291.002
435.758
272.54
571.949
437.455
335.946
-80.5492
285.006
5.78444
-286.887
-296.427
-252.906
-277.012
-278.237
-257.255
-214.947
-48.0484
-125.003
106.394
-158.032
-13.1574
62.6314
148.499
155.883
418.463
195.4
-131.823
68.9725
108.455
205.311
-47.2283
26.5424
-9.27581
-45.1625
-160.954
-33.6537
-3.55166
-42.9621
-110.292
194.19
221.638
284.989
189.591
278.847
252.021
236.883
205.938
251.162
238.186
80.8852
88.1605
72.9028
66.4139
73.4131
121.558
59.6222
53.1513
45.2583
77.1241
43.7013
66.8033
18.4485
10.1702
5.21285
15.9802
19.5619
19.6608
19.7055
21.6542
24.9063
21.7486
25.0584
24.1322
21.5325
21.5364
21.8339
22.0287
21.9722
21.8306
21.6677
22.1374
22.6273
22.3986
21.654
22.5549
22.2109
22.2264
21.7578
21.4383
20.8959
21.6867
21.8418
20.7517
20.6203
20.4523
20.4655
20.4391
20.6863
20.3487
19.4001
21.1394
19.8099
20.6561
19.8726
19.38
19.2546
19.1058
18.9603
18.1734
18.7467
18.5938
17.8372
18.0478
50.2051
34.5018
52.9134
22.3339
26.1866
57.3588
-4.79154
-0.258024
-0.261475
-0.482407
-0.131233
-0.0633511
-0.122084
-0.256629
-1.40362
-1.39529
-1.59444
-1.37234
-1.24375
-1.29742
-1.46163
-0.761891
-0.801908
-0.634801
-0.838855
-1.00291
-0.908905
-0.771374
-1.5971
-1.61684
-1.73141
-1.60274
-1.4761
-1.65955
-1.53344
-1.99106
-1.94349
-1.88826
-1.88178
-1.78997
-1.87006
-1.93733
-1.52613
-1.61714
-1.5661
-1.64098
-1.559
-1.65188
-1.56252
-2.39375
-2.23456
-2.27473
-2.3703
-2.18512
-2.28863
-2.42128
-4.11862
-3.85198
-4.26199
-5.08615
-4.49281
-4.43048
-4.73363
-5.46046
-5.98226
-5.54263
-6.0401
-5.23526
-5.8122
-6.2259
-5.84353
-5.34625
-5.35324
-6.05622
-6.67914
-5.5943
-6.50493
-6.92481
-6.81914
-6.96111
-6.35477
-6.66309
-16.788
-68.2731
-23.9548
-20.3623
-29.8109
-24.1676
-72.6339
-68.4937
-26.864
1671.11
2040.6
1899.03
1881.15
1943.17
1886.71
1893.53
1900.61
1880.8
1850.69
1818.94
1892.11
1879.88
1944.46
1864.72
1833.36
1863.52
1620.5
1946.25
1961.73
1849.91
1517.59
-27.378
-9.11051
-32.3393
-23.9072
-34.753
-29.1288
-10.4695
-25.9671
-9.0546
-7.55088
-88.9132
-11.9927
-21.3939
-4.20019
-3.92944
-3.91034
-3.70821
-1.06168
-2.15426
-3.37352
-196.561
-210.409
-140.265
-201.28
-224.806
-93.2369
-125.46
-59.1326
-33.1411
-33.2096
-32.0851
-35.5014
-56.3126
-13.145
-2.89598
-2.98139
-3.01544
-265.6
-185.902
-241.292
-519.336
-535.873
-508.946
-511.147
-484.159
-510.506
-518.449
-493.664
-500.74
-484.985
-503.201
-502.771
-493.873
-480.311
-502.768
-517.505
-501.314
-481.393
-461.174
-526.504
-541.046
-531.98
-490.381
-522.042
-516.729
-542.901
-522.647
-510.808
-506.214
-529.517
-519.527
-511.601
-514.297
-512.454
-486.221
-503.877
-504.674
-524.412
-547.842
-533.163
-532.973
-523.12
-517.237
-461.006
5.0698
-2.16769
-30.2495
-46.2199
-37.773
-54.0166
-53.8718
-173.717
-100.349
-103.779
-119.978
-138.052
-86.7352
-124.484
-163.656
-134.743
-3.18118
-2.70348
-2.65366
-3.02074
-1.66384
-1.86613
-2.71049
-236.337
-185.691
-228.211
-137.744
-184.989
-154.837
-218.769
-117.659
-137.252
-202.548
-3.07028
-2.8415
-2.31601
-24.3805
-18.8286
-21.5181
-48.5409
-17.5609
-54.1875
-26.6304
-22.7172
-44.8106
1417.34
1560.42
1575.02
1488.88
1530.41
1555.8
1530.68
1546.15
1517.32
1493.37
1573.92
1526.09
1389.31
1602.74
1622.42
-24.9062
-13.7835
-18.2462
-60.9351
-18.9254
-31.0341
3.19432
0.35993
2.70153
-4.32411
5.28504
4.81528
1.4727
3.62966
-0.105741
-0.977161
-1.84684
-1.97807
24.9531
-3.523
12.4083
19.1626
-2.41722
-1.01933
-5.55009
-8.67747
5.98464
8.13068
5.72245
7.7558
-1.20872
-1.32888
-1.2303
-0.932231
-12.2456
-11.8867
-9.05029
-9.24095
0.590512
0.654238
2.24829
0.249983
-2.34949
-2.08177
-2.20262
-2.08228
24.4801
24.4321
25.3258
25.3682
-12.6523
-9.56357
-12.6503
-10.4056
0.804313
0.792784
0.752919
0.768858
-8.12532
-7.44153
-9.27321
-8.11407
-13.4704
-11.9064
-11.3468
-10.4267
21.7193
22.1434
22.29
0.0249603
0.37568
-0.0616692
0.299548
0.793719
-0.582244
1.55122
-0.754495
0.911816
0.902888
0.895989
0.861659
3.17046
5.54175
-0.436645
2.16417
4.46046
5.77179
6.84456
9.09379
-1.73715
-1.56761
-1.69412
-1.49871
21.6622
21.7366
23.5105
23.2189
-1.13455
-0.865612
-0.986903
-0.757564
-4.42139
-4.61729
-4.06795
-4.28686
1.10354
0.99475
0.985391
1.03538
1.23283
1.58084
0.619323
2.41878
-1.87426
-1.77585
-1.70981
-1.60751
0.888856
0.813713
0.911894
0.831753
0.506775
0.484579
0.621217
0.592558
27.7888
33.2917
30.8394
34.9764
-0.320031
-0.293244
-0.206293
-0.202444
-1.81869
-1.79253
-1.99053
-0.540511
-0.492176
-0.647268
-0.629573
27.263
22.0016
28.5857
28.1329
32.4442
34.2591
32.0202
32.1168
-2.93111
-2.39506
-4.68352
-3.80307
41.7477
46.6769
48.9897
56.936
46.7478
128.064
113.978
178.204
30.1261
11.5387
69.9717
36.8075
-3.1788
-3.41754
-3.43322
-3.95693
-3.11994
-2.99244
-3.09297
-3.0086
-5.55386
-5.66885
-5.3063
-5.22149
-6.64588
-8.01725
-6.16043
-5.23149
46.6854
9.6653
8.88281
3.94704
-258.844
-310.796
-303.1
-313.331
-2.17071
-2.22775
-2.26195
-2.3661
-1.43194
-1.30888
-1.43977
30.3276
-16.3336
0.937507
1.21572
0.708536
0.831187
1.39797
0.430768
-2.83641
-2.82883
-2.87736
15.1851
15.6807
7.36002
24.0833
0.749704
0.675993
0.626922
0.647933
-1.97901
-2.6066
-5.71456
-2.17435
-3.90334
-27.5087
-26.234
-43.846
0.56433
36.5477
-5.98505
-5.50566
-5.73969
-5.2505
-6.68951
-6.35289
-7.27632
-6.79903
-5.42595
-5.90392
0.922697
-1.44953
-1.04265
-4.9372
-9.6922
-1.43115
96.0188
5.15062
-252.073
0.774661
-2.08134
17.1882
0.00730496
33.2666
6.76283
63.0857
-0.19304
-2.82407
0.710012
28.6659
79.5269
-0.733709
-1.73581
32.9767
-13.2611
0.736544
-0.0798249
-23.896
-2.65806
-0.0403333
-4.36789
-4.52712
-2.88026
-0.718887
32.2574
21.0819
0.479033
-1.49841
1201.04
-7.46878
1317.98
-1.45739
1025.62
213.11
181.78
-8.87261
-265.625
917.734
395.329
55.7663
309.339
26.555
30.7914
5.56498
23.5068
29.7297
23.6465
299.187
294.232
262.146
26.0938
336.123
446.567
19.1495
458.244
490.004
338.229
362.332
-8.36407
30.8699
11.1673
-2.76778
33.2317
37.4618
448.315
27.3553
-2.60629
183.815
140.259
202.312
376.667
46.0722
19.785
169.543
110.264
139.005
168.946
-28.4371
177.778
143.547
68.4493
99.5678
31.7932
313.008
33.321
121.047
29.2434
26.2516
363.994
18.7681
177.065
133.115
113.388
161.424
40.6159
35.1564
30.2948
61.8037
23.8286
309.193
2.18905
0.645052
21.2198
6.81965
-1.14324
60.482
86.3619
115.298
41.5537
276.589
9.48707
5.80853
7.94078
7.1616
6.49303
41.816
41.588
-27.6478
-6.54533
50.1179
-2.71037
22.2296
808.744
125.458
25.954
25.2073
24.3436
24.6818
-4.76173
26.2548
25.2345
23.9809
30.9395
29.8333
29.847
193.273
37.166
49.5454
-16.868
39.0467
-2.2682
25.1035
40.4153
46.7754
30.1321
-13.495
-4.20882
6.76774
28.1542
0.83771
0.681831
29.3893
0.791729
27.2149
15.3408
-1.56094
4.30076
0.670977
-26.7333
2.55959
1.87938
-7.84075
58.8009
-5.80979
-49.1603
13.9321
26.2558
5.571
14.1383
18.4508
45.1587
19.2042
15.6517
19.4083
6.82816
2.12048
1.4139
27.0528
2.07708
40.7674
41.2437
92.2972
-6.95438
13.8186
-1.34885
0.502871
-3.98897
0.127401
0.838099
-19.5766
31.5318
0.509708
0.539676
-0.486506
1.51429
12.2318
1.43513
14.5878
129.935
51.6512
14.7686
20.1273
42.8979
9.70465
8.98574
-5.27135
22.0525
27.1799
27.6262
32.0372
-61.2546
2.17087
-6.45546
2.40992
-1.09877
5.16241
6.19561
1.65442
0.900431
-1.60922
-4.82493
81.355
2.14614
62.6004
9.27946
11.522
4.32662
33.862
22.8114
-1.06734
9.29342
233.541
-2.92873
14.8777
22.2795
31.9442
29.5845
47.2335
629.484
284.432
74.4695
29.0473
154.007
1.60929
27.1502
39.7401
29.1585
37.1986
32.5052
2.23657
0.745795
3.56855
12.084
22.2522
53.588
41.0664
51.2903
36.6975
55.0505
211.521
467.985
11.2766
111.498
0.88744
30.2912
0.843087
0.668196
0.789738
0.844329
0.768229
0.884428
-5.4823
0.775383
0.825753
0.747493
0.710341
0.668247
0.823626
0.882198
0.845954
0.828712
0.596495
0.00101974
0.720566
0.770546
1.16129
0.69524
8.74253
85.5533
0.683005
0.878616
0.800036
0.851286
0.797662
2.02331
0.822666
-0.0705575
36.0879
0.607261
7.48587
-2.84682
0.635946
-1.95503
0.228939
0.715027
-1.48061
1.6964
1.04742
2.11213
58.6823
2.43751
16.025
-2.67123
0.823627
0.888942
0.706582
4.513
-7.7281
2.10231
233.193
7.79546
32.6742
41.2603
0.625134
-0.146312
1.25047
0.885874
0.485123
0.809094
0.665633
0.847924
5.14938
19.4204
0.494699
-2.80663
-1.24549
-4.59837
792.553
341.405
1389.99
-3.04212
0.541666
102.023
0.564306
31.7737
0.842295
27.7806
0.935685
24.0445
-8.39387
27.5363
0.944668
13.03
18.9516
10.1396
1.4698
2.78009
37.1235
1.23569
0.671235
5.45136
1.19272
0.880988
0.868194
3.2685
29.9709
0.90895
0.935658
-0.724099
0.514737
0.760664
0.975629
1.31235
0.874761
0.878133
1.1478
0.881184
0.881089
-5.79263
0.779329
0.66373
31.6521
0.380825
0.695037
2.00802
-1.92261
102.575
0.334968
-3.36599
29.1143
-0.120291
0.22819
0.290606
0.052014
0.0589435
-0.0769228
0.816169
-8.98549
0.592994
-2.74211
0.722451
0.8609
0.706535
32.1566
0.187543
0.470318
4.75371
42.8121
0.00123155
0.888062
0.608926
0.700973
0.171002
0.736401
0.258391
-0.667023
0.301065
0.223767
19.8096
0.280365
0.0682828
-0.021002
1.18976
1.38779
3.12805
2.18601
-2.81547
-1.28467
-26.3332
0.119082
1.96267
0.940264
21.7053
1.82708
-0.0975513
1.05353
1.03683
0.970072
1.14049
1.56588
0.862929
0.827002
18.2831
8.48953
1.06283
1.14573
1.45808
0.78641
0.872553
0.67696
1.02464
45.2138
4.25784
0.493064
2.20988
1.14378
-2.22452
-1.21016
250.416
30.7551
33.7179
51.0227
177.194
63.7129
-4.69476
133.367
0.400332
0.0387944
1.11667
119.121
22.3307
205.051
-5.05025
107.498
0.823362
2.66261
-1.51536
25.2756
-2.80206
0.837039
0.735635
0.664433
0.526033
0.694394
1.72891
326.126
87.8196
25.0579
98.2909
138.525
0.719737
20.6228
0.576869
-2.63991
186.569
0.703701
215.222
64.417
236.777
229.722
0.926244
22.0878
0.595689
0.36839
0.421422
0.302536
0.403518
445.714
2.3749
0.46823
0.560276
0.204402
0.294012
0.34517
0.568587
549.045
4.3093
0.574895
0.240436
10.8404
14.2469
48.4896
0.625547
0.494007
0.423387
-75.0535
1.05558
0.268045
-1.15158
0.219213
0.310355
0.137085
316.253
-0.989538
-304.418
0.384979
-13.6358
0.937887
-40.1173
-2.73206
0.152134
-0.0885623
-0.0639255
0.296972
-0.161273
-0.0610853
0.449088
-0.113958
-0.229067
-17.8008
0.507364
22.2719
-0.657714
0.00195299
-0.935764
-0.274334
192.264
-1.6354
-5.48076
-94.2548
465.917
-7.87854
0.810358
-4.21762
0.718353
-0.172988
-5.34652
-0.239837
-0.383524
-1.0362
-4.26258
-4.02112
-4.8958
17.8793
-0.236693
-0.00272965
3.17115
-3.28364
29.9217
-40.5757
-1.05775
-3.18075
-3.4685
-2.38422
-2.54702
-1.07624
22.1341
-0.384617
-2.25436
-2.53948
-1.38295
-1.07731
-6.18895
-2.29238
-2.24391
-2.54493
-2.42032
-1.78458
-1.88301
-2.1618
-0.299906
-4.07279
-2.45833
-2.51526
-2.7591
-3.23526
-1.36181
-2.39189
-2.43206
-2.56777
-1.33018
-1.3095
-1.20738
-1.69678
-1.71862
-2.74868
-2.05497
-1.8747
0.823834
19.3726
29.9619
-0.707523
0.825426
-0.432152
0.405311
-0.190492
-0.275108
0.253372
-0.319405
-0.0523439
-0.346115
0.0541761
-0.3126
-0.449743
0.788459
-1.52237
176.045
-0.244707
-0.836854
-2.16952
-1.64504
-0.475795
-1.2758
0.388491
251.719
-60.403
-20.3206
-3.65889
-7.2552
-4.88234
-5.80437
-4.5161
-0.443447
0.621997
-0.543675
-5.16561
-5.83827
-6.01621
-4.22099
-4.3074
-3.9575
-2.81224
-6.96778
-5.04701
1.81982
-5.44054
-7.84464
22.4295
-4.99353
-2.56609
0.479164
32.1972
-4.73926
4.2123
3.55416
10.6982
-3.87515
-4.02946
-4.71047
-5.61662
-2.49009
-3.02284
-266.882
-4.64753
16.1428
-2.65723
-3.99342
-5.75503
-3.97082
-2.64128
-2.70779
-2.73136
-2.94593
-2.96547
-2.65601
-2.8574
22.2782
154.627
-2.26865
-0.145455
2.1088
-8.0478
-2.92133
24.7505
-2.61259
-1.89777
-0.198365
-2.77555
-2.9098
-3.11154
-3.0179
-2.89418
0.33566
-2.88465
-2.45497
-2.76845
2.74457
-26.9383
-2.89237
-2.81884
-2.7338
-2.71372
-2.83816
0.411671
-2.93903
-2.86367
-2.76967
-2.58178
19.9201
-2.83617
-2.62394
-2.89445
-6.55401
22.254
-2.77956
-2.7591
-2.80336
-2.78537
-2.73711
-2.69801
-2.79228
-2.85358
-2.83276
-2.87088
14.1356
-2.73422
-2.78429
30.3796
-1.772
-2.75473
-7.03261
-2.68871
-2.84325
-0.377017
-2.98208
-2.62332
-2.6993
-2.8311
370.164
19.4193
-17.5105
-3.69205
17.2378
-6.74083
0.0665256
207.852
310.564
-2.77432
-1.53627
-2.77547
-2.77467
-2.9497
21.9231
-2.93313
-2.83352
88.4529
-2.8883
-2.494
-6.3653
-0.110371
15.2657
11.1643
-123.787
-15.5086
-2.12185
72.9896
-1.01293
-1.37314
-1.99019
-0.298633
-0.457539
-0.365808
-2.74867
-0.22882
-0.244296
0.0806964
1.28312
0.779187
0.333318
-0.893214
-1.43072
-2.84596
-2.39524
-2.55874
-0.255866
-1.22714
-1.2823
-2.35131
-2.39122
-4.96121
-1.92669
-1.80563
-2.21634
-2.36058
-2.53506
-3.25171
-2.60365
-2.21923
-2.58721
0.793487
-2.74592
-2.55352
-2.58399
-1.51033
-1.73612
-2.46672
-2.60099
-2.39197
-2.71587
-2.63764
-2.77294
-2.29294
-2.36825
-2.41589
-2.46742
-2.05782
-2.38693
339.796
-2.81794
-2.86912
-1.93388
116.167
-2.18996
-5.39499
-5.82441
-1.28262
-2.0852
4.27768
-2.78942
-2.50001
-2.875
30.2415
-7.19972
-1.47696
-1.70024
-5.93885
214.446
-0.275737
-2.53259
-1.01148
-1.95337
-2.48226
-1.52612
21.85
-0.277707
-1.67989
-0.636854
0.378369
-2.32253
-10.1493
20.817
-1.69241
-21.3564
-0.832336
9.30868
-1.74032
0.715617
0.855454
0.704339
-2.4981
0.495573
106.327
0.740651
-1.79448
585.671
-0.381232
-2.70922
-1.72687
-1.4646
-1.86194
-2.79361
-4.52014
-7.89729
-3.98328
-2.16483
0.345464
-0.506517
-2.56234
-1.77815
0.422952
29.776
18.5208
-124.613
-4.52668
-26.9388
1.96339
-3.82386
-7.29245
-1.95751
14.5837
6.18202
7.37731
4.69678
3.19646
-12.9683
-2.3876
12.5826
0.535667
9.18589
8.5715
-4.6383
-0.911672
8.49875
7.93194
7.16346
14.1277
-2.50351
8.25031
3.52797
-2.16193
9.31201
-2.64559
0.263325
-2.29321
-3.40028
5.63933
-32.8848
-4.98136
0.392547
-2.11035
-4.35654
16.1683
0.427163
0.73343
8.69241
48.3896
-1.40102
-6.19864
-2.39709
-6.6518
-2.99982
2.5544
14.9824
12.326
5.91382
24.0471
-1.68002
-2.20243
8.34696
-31.1334
0.0775911
-1.39206
3.05989
-0.303387
6.93627
-41.6132
6.85218
-10.8251
0.89411
-11.2926
8.1031
-7.72728
-27.5373
-30.2942
-45.3182
-44.1158
-41.0877
-15.5875
-2.2644
2.59185
7.31904
-27.2422
-13.5809
4.46437
-12.1301
-22.8874
-9.77419
-33.3415
21.0429
-16.03
-13.5436
4.74538
25.497
-37.3788
-2.60315
-33.0873
-28.1419
-32.9424
-11.0231
-46.2431
-10.1838
-21.6355
-20.9807
-23.053
8.23941
12.2135
10.4233
-7.52062
-13.4709
-3.14611
-1.10775
-21.5622
-16.6745
31.6689
28.9292
-1.58861
-0.687505
-17.4812
-22.1538
-21.6916
-9.96063
-373.519
-18.2446
-2.78115
0.377992
-2.77845
-5.76623
20.1391
259.958
4.54824
-2.43121
-2.21828
-3.78966
-2.06888
10.0056
-3.87656
-2.18268
-3.01885
-2.77028
-0.612808
1.37702
1.00971
1.18366
0.210718
-2.46246
31.0374
27.6839
-1.9183
474.559
6.50606
3.41163
6.73994
180.69
6.46137
-31.495
19.8819
-2.88416
-19.6363
-1.39682
28.2935
15.0744
12.5402
14.9797
-1.66204
-3.82919
6.09513
-1.27946
-57.8691
7.57166
4.9761
2.45389
-19.7648
-10.7387
4.57546
-4.29857
1.06611
0.893413
-0.114578
6.73796
7.10531
-24.8238
-40.8141
-6.74925
-6.20456
88.6019
4.0979
-5.30256
3.37651
-4.89019
-5.67134
-3.83653
1.31723
-2.19899
-4.36537
-2.73636
-0.421813
-3.73181
-2.44569
-2.79964
-2.91939
1.55547
-4.14408
-2.67614
21.5692
-2.81221
-38.4425
-2.88103
-2.95785
1.33564
-172.02
-3.61744
-3.68971
-276.193
-0.17167
-4.4345
-4.67503
0.102644
20.2347
-3.69839
-6.06101
605.643
-4.26288
-0.845569
19.2388
-4.70812
-4.38419
-3.51592
-3.73695
-4.83384
0.57813
-4.32056
-3.674
-3.41924
-39.1776
-7.16405
-4.65772
-3.75682
-5.13975
-3.26411
-4.78535
-5.88033
-5.20436
-0.735556
3.1205
-5.1583
-4.96169
-5.10993
-3.98577
-4.129
-5.9928
0.146338
-5.07264
-4.96295
-3.88164
25.1921
-6.14348
20.8778
-6.12385
-5.87418
1.18905
-3.60437
-5.11604
-13.6946
-4.87103
-5.21551
-4.43427
-6.22199
49.6202
-15.7231
-21.6238
-6.39211
-4.94833
-6.28987
-5.35798
-3.90118
-3.54894
-5.42011
-0.0584558
-2.78488
-4.83627
-8.04381
-6.05263
-6.78217
-4.06323
1.69521
5.15991
2.83232
-0.714568
6.38121
-0.075149
-1.84637
-4.35917
-10.433
-6.90376
2.16778
34.9165
-15.2239
-8.48008
-15.4956
-7.98055
-2.80104
9.58983
-16.7713
-16.9523
-19.6873
10.2574
9.56761
7.43889
11.0133
7.2806
17.0377
-11.0924
-41.2648
-25.6518
32.9234
-11.1265
-13.2799
23.4297
522.508
2.0038
-3.47092
-5.7102
-10.1235
-4.84218
-7.67266
39.6042
-4.57007
-5.06827
-5.44027
-7.30426
-5.027
-13.7861
-3.37904
-9.00828
-7.38382
-11.4735
-4.98157
-4.56638
-6.40018
-245.278
-5.77107
-0.804333
-2.89738
34.5529
-4.81819
-8.98285
-2.54646
1.59782
0.648454
0.893196
-3.78343
-4.84733
-4.86418
2.04109
-5.91426
-5.06719
-3.12146
0.647295
2.0295
-4.61995
-0.0789928
106.498
-3.39302
-4.69711
11.6563
10.3131
12.9243
8.09963
202.432
13.1748
16.7445
15.2969
-11.8493
10.9044
13.917
17.2584
19.8066
-5.6397
19.0442
-5.189
-0.742373
-0.313187
-72.1355
23.6473
13.6206
18.9421
-0.404156
23.0934
15.2165
0.585242
30.4974
29.9799
31.519
30.1429
34.1743
27.5418
19.7177
26.7395
21.7593
41.1927
33.7896
18.8344
26.9974
21.782
42.917
24.3551
23.9288
15.5768
-0.469041
17.7011
18.546
19.2813
23.551
23.7675
-4.48895
24.5779
-0.397748
21.2189
11.5488
-271.09
-0.411949
20.8582
21.3508
17.3967
18.1407
14.6253
20.3007
19.6394
-2.75923
-4.57079
19.721
16.0926
14.9084
23.6179
23.6949
22.2345
16.2589
22.3523
22.7747
21.9037
22.3639
23.9257
24.1279
23.1788
22.3217
23.479
22.1185
166.753
18.5049
-0.946446
22.939
21.54
45.9236
16.8978
15.2609
22.4715
20.574
19.879
20.1047
21.1255
21.8613
19.6594
20.302
18.0508
20.2333
19.424
-3.9743
20.3103
24.0736
21.314
22.2482
20.2165
19.9427
21.1935
20.1324
21.3573
22.219
22.002
24.2142
22.5269
28.1552
20.9306
20.8684
20.4293
44.5394
88.5973
-13.4687
-0.348677
119.361
145.092
123.136
45.9702
25.8681
59.146
28.0219
22.6352
31.0514
123.248
-4.86594
21.9994
45.4346
0.770543
21.7399
22.513
23.3508
16.7081
179.769
-0.0634934
20.1599
24.505
22.1414
30.61
31.9177
75.9245
22.6702
25.3422
19.8206
144.009
11.6968
20.361
21.6458
263.52
19.9345
217.537
228.999
259.772
215.688
136.302
168.193
23.1645
21.1916
227.003
-45.5678
23.3687
12.3227
176.885
142.671
-287.249
-126.795
48.7182
-292.14
-301.734
-283.74
-110.9
421.117
303.922
-51.5735
-0.671589
-236.466
-205.369
327.645
216.641
105.67
295.222
-280.968
-173.476
241.98
-273.996
22.1076
1568.8
892.131
1194.93
-26.9327
13.9011
245.686
-289.886
-182.519
-315.319
-153.799
8.50044
-288.934
157.937
-302.146
-239.652
-310.594
-276.777
-313.741
219.427
-315.593
-291.129
40.0172
408.391
-1.05037
203.863
-114.673
-227.719
-317.126
19.6955
24.5804
5.57799
54.9298
-1.9301
97.326
88.1291
-292.752
-278.816
23.9654
24.2712
21.1264
56.136
26.3846
-303.118
33.3015
33.3045
27.9621
25.2873
36.2838
183.25
-6.34723
22.784
70.1338
-5.34989
141.116
22.5356
22.496
10.1536
28.3996
35.2045
326.473
-300.615
23.9324
-5.16289
23.4682
-20.5753
33.03
22.6489
8.82953
19.2958
10.189
193.675
57.528
21.8837
25.4781
20.824
24.045
23.1445
11.9712
77.3133
32.3576
26.1654
30.2969
30.0216
20.4426
18.3196
28.8234
27.6799
31.8392
32.9538
31.4417
8.23792
28.2289
22.4537
31.8575
31.9385
31.6248
31.3146
22.4852
32.7317
14.4367
32.7358
27.1671
32.8097
32.2303
23.3006
32.174
28.1639
27.3264
-1.46243
31.9557
101.887
64.4509
26.5459
24.5875
37.8873
33.5187
31.9711
22.3896
-24.1217
33.8671
34.0236
33.073
94.6927
31.3579
32.8639
33.6409
41.7526
23.5463
9.67994
72.6314
32.3018
34.285
33.3145
41.1569
31.4627
63.9243
32.3067
16.9109
34.4141
117.487
33.6372
31.7162
30.6348
23.5252
30.9306
31.0171
32.2785
31.1833
30.5051
77.4911
30.4569
29.9852
34.801
46.7901
43.9369
1711.78
-2.80249
0.728102
162.056
709.066
36.1741
242.659
32.2403
47.3165
32.336
25.0889
-1.76387
-0.105152
12.7586
33.1348
31.0785
30.7843
31.0197
30.8452
105.904
27.4756
31.1947
30.4206
31.3257
31.2938
29.5514
-2.12075
26.0526
32.6657
21.0154
31.2715
31.4807
32.9835
30.2446
32.2413
31.1359
31.3657
31.8959
31.9781
30.6211
31.942
32.6314
22.3962
31.2896
55.854
25.202
30.8549
251.046
22.2937
45.9226
0.515987
31.7193
35.3422
0.513072
-184.775
37.2148
0.834697
26.8938
5.99322
31.5291
0.777424
-0.935894
141.954
-2.85508
25.8331
32.2328
16.2787
17.8775
-2.83354
32.4844
20.3641
34.041
-19.0502
15.239
18.9666
20.8403
22.7866
0.892307
19.1044
15.0864
8.89673
30.8459
33.9889
32.6523
0.822125
0.842303
1.24133
18.725
17.7034
17.5213
19.0089
19.3499
17.0305
6.57028
43.2777
-12.0203
0.950719
-0.0759843
19.5579
2.57409
8.26335
19.9914
-14.2638
-2.18627
-1.06965
2.2624
-21.4675
20.8601
13.6065
1.45743
18.5381
0.453291
7.91348
4.96335
16.0402
-2.89929
2.24319
14.548
18.151
-5.6658
22.2671
24.2266
23.1616
20.2122
0.607949
21.3815
-2.23541
-8.97437
21.9935
10.9031
22.571
16.1196
19.8214
17.799
15.738
20.3179
-28.2209
23.5766
0.24635
-9.11035
22.7867
-5.0029
17.4277
-5.26707
-95.8586
17.7808
17.6208
-3.58134
22.483
21.3377
21.6532
23.6097
20.8075
21.907
59.4756
22.4386
20.9403
23.4724
18.5786
19.586
0.671114
20.0417
21.4272
23.9047
25.7986
27.797
30.8567
22.9956
23.9356
23.2261
18.9713
40.8974
32.2749
22.1256
21.8743
453.367
-0.208475
22.4948
22.4098
22.6896
-0.578796
-4.80888
23.0491
0.997036
-7.8359
23.3899
12.5561
-10.6223
24.91
23.0955
22.0775
21.8891
61.0563
20.559
-2.1293
23.2025
-4.38941
23.4609
24.5715
-2.53513
24.4917
22.6602
31.446
12.7132
23.175
24.0759
-55.2617
17.2475
24.8186
8.09385
22.7736
44.6077
21.1931
9.45751
15.8474
12.876
25.1713
19.1548
17.742
-16.1832
-1.30296
-0.790546
22.7708
-5.37029
21.2121
20.5163
22.7066
22.857
1.80179
15.9864
-4.42174
8.42414
3.78846
3.61193
5.18462
15.4477
21.1987
0.677977
2.65228
5.87613
1.08423
23.4466
24.1717
248.876
41.0865
-293.727
32.5706
19.1141
22.8229
38.1267
-25.5891
31.0718
-14.2684
30.4067
-1.34158
36.6985
20.1683
30.2389
1148.62
19.5459
26.4884
31.9219
33.4135
32.6799
37.8348
31.9693
31.7324
31.7224
32.1193
3.54455
200.818
-311.7
27.9602
76.4462
32.9588
32.7098
33.1553
32.3501
31.8073
33.6976
29.9904
32.4585
31.5881
22.7714
47.0744
31.9885
-2.81868
7.68423
11.2083
-0.0942002
22.81
22.8655
22.3877
19.9618
22.5352
-2.66565
-1.18692
17.5408
19.8246
23.8763
22.9313
21.5128
13.7727
20.4977
23.0431
65.2056
-281.517
247.23
22.6341
22.4941
18.0991
25.0986
60.3475
60.7299
28.9307
30.9026
32.5747
53.4235
9.06067
31.3533
-241.988
53.9017
22.6591
33.3898
41.0001
-242.746
-6.28703
-0.541576
-266.432
47.8822
-11.4422
-294.002
157.13
-256.366
20.4395
29.7666
38.4775
53.0604
-46.7802
73.0884
-11.7739
301.088
187.933
531.216
339.631
-101.634
218.55
-5.01886
-3.42127
-183.945
18.1258
9.53943
211.285
275.774
19.5478
82.5817
545.074
188.914
-70.7767
20.2697
263
490.774
22.0975
53.3927
-157.957
19.9773
21.2579
19.8143
30.467
20.597
19.5931
22.2932
27.4998
23.0583
21.466
22.4312
21.1696
12.0832
29.8972
22.8546
25.5508
-15.2669
22.246
20.0779
18.4367
23.3894
22.481
19.1072
27.516
7.27775
21.8451
25.6333
21.1078
22.3054
19.7606
126.032
206.285
-2.40963
20.9692
23.7652
19.6844
3.42075
20.0244
17.2412
31.4533
1.08613
-2.32944
-5.5068
-3.71933
15.8288
7.50875
-1.54003
-1.57537
-1.73138
-3.22659
571.522
-2.63763
15.0133
0.909684
0.187041
0.675185
2.06761
-6.96044
0.207669
0.367485
-20.8924
20.4651
-4.05108
-1.09269
15.7756
-17.0405
-3.03403
1.01389
-2.92132
24.4334
22.6403
-0.599813
21.9797
22.4278
23.6452
31.6816
1437.02
-2.78959
-10.7783
-1.98789
342.834
-2.77241
-2.39264
-1.06466
516.732
-10.1754
-2.87987
-5.51397
19.5627
-2.64114
-1.14376
330.031
-27.3073
-8.52445
-2.60341
212.908
-5.33462
-2.15275
-2.76321
-5.8568
-3.56413
-2.67346
-21.4448
-2.58684
-2.70514
-2.34389
0.870081
-2.73799
0.920669
-1.05484
-1.09371
-0.500272
3.59706
26.7279
1.07343
-2.90295
-4.67033
-2.06745
0.317909
-2.80986
2.93079
-1.30334
4.44547
-6.81046
-23.3415
-38.1681
-4.23286
-2.85557
20.2161
-2.75396
-2.64936
6.28653
-2.03896
-104.955
-2.49226
-2.67525
3.35307
-5.90253
8.07323
-5.7717
0.37528
-11.053
40.5248
-1.71812
0.21343
-0.711153
-2.53007
-53.3186
-11.079
1.68421
-2.8705
5.25195
-2.44384
-3.68909
-2.72675
-1.23681
-2.10093
5.24861
-237.665
0.740413
-2.52312
-2.77068
-2.0313
1.09624
-1.12726
68.2333
-3.66085
-7.22631
-9.79338
-3.43249
-0.0623869
-5.02285
-3.10131
-4.98604
-2.99277
-30.5273
-3.13175
-2.51712
-6.11471
-2.76772
-5.01278
-3.11131
-3.97279
21.7664
-3.35806
-2.06076
-10.6923
-7.34649
-7.34578
-22.6811
-1.40896
-6.56905
-6.851
-272.513
5.74875
-0.37457
-1.0051
-0.264417
-1.81406
0.317381
-30.7047
26.775
-0.0477314
-2.73691
-20.0484
0.633064
5.48425
-1.88159
-2.82639
-2.10933
-1.51833
-3.16069
-0.0882491
-0.277311
-5.28858
-3.94623
-0.382762
-17.5225
-21.2669
-0.934688
2.40814
-5.10739
-20.4593
-30.5222
-1.36358
851.167
0.397258
2.15794
-18.727
0.190273
-4.41408
-0.735355
0.466444
-0.344709
-3.34876
-0.257563
0.427502
-4.46298
0.0467807
306.218
-2.17591
-3.91323
-0.676815
-16.5855
0.964786
6.24877
0.559315
0.876932
1.33853
0.472937
0.430298
0.0146521
117.132
-3.4072
14.2598
0.485529
-2.61163
571.165
28.6909
107.043
-3.43337
3.42484
-4.83879
2.59536
1.17683
127.751
-2.82679
-3.68166
126.136
150.356
2.23171
0.674408
38.3905
1.17594
1.08836
-5.08454
6.00394
3.30408
32.8025
0.39362
0.887879
33.1288
1.11447
218.176
-0.377382
0.481731
0.951802
18.9649
27.2387
-7.05644
41.1912
0.664456
-1.32203
-14.3661
0.665364
0.737671
0.835019
0.809708
-1.07219
8.05475
2.80361
0.495181
0.833105
0.291092
0.534629
-1.56422
0.285591
0.86657
8.536
-0.0832053
0.804457
-5.33077
1.15003
-2.67765
-2.83124
6.02454
0.445463
0.21311
0.806826
0.58467
2.72724
-11.5963
0.554273
1.32603
-393.479
20.4247
17.4812
0.0662386
8.64669
2.33452
-5.565
-2.76577
-3.41763
2239.33
54.1075
6.90251
69.752
57.291
0.822708
295.977
-7.91768
33.0377
1117.82
31.8703
28.9199
93.9814
725.346
55.049
-1.75965
28.398
31.0461
-4.19047
0.719635
5.09516
0.0861248
21.7083
10.6818
2.27862
-15.4224
0.498137
10.1433
33.4488
10.3773
136.985
-4.39749
18.7018
30.0693
-227.74
19.6193
23.8452
-14.819
9.99824
0.853919
16.5286
32.0965
313.567
24.6864
64.6469
32.4424
32.0818
29.6123
5.05223
-2.76982
2.25136
0.471417
252.606
5.88245
237.249
11.875
70.0173
1.1761
26.1235
75.7389
26.6274
8.54736
55.1375
-5.26661
31.4998
-2.1603
138.221
14.493
115.052
-2.82687
30.8144
262.699
-2.90402
196.877
89.7113
-21.6729
26.1776
23.6623
0.63321
23.2275
13.1505
-3.52163
-41.4243
-1.67784
30.778
0.910911
78.0143
767.672
30.7376
2.74537
225.879
25.2741
32.7841
566.198
158.695
7.62841
-4.00574
39.3192
25.7867
22.439
20.1889
65.8805
-0.39936
34.6257
941.685
-0.739291
69.8513
84.3761
-8.78943
30.3935
159.267
9.67078
-5.37898
1.97923
27.8351
-3.8795
0.685856
17.9504
31.7784
0.521796
-0.520672
0.227527
0.343604
28.9979
0.410414
105.237
-0.135645
1.62532
-2.1049
2.79385
-1.65315
-2.17005
26.3144
-0.185963
-0.123099
0.206199
1.06021
-6.73624
7.44642
1.89272
-28.4557
-2.84906
1.85161
1.17452
-0.108359
1.12747
38.2113
28.6017
-2.89756
14.8085
-8.96609
-5.0405
22.7738
6.30162
-4.11881
2.89668
0.732277
12.4017
-3.61245
-5.33205
56.8276
15.1655
-3.4649
-2.11085
28.1601
30.9697
25.3221
-1.26906
-3.05255
-2.67679
-16.8076
23.9817
22.3547
1.39271
1.01755
6.50314
22.8736
7.43541
17.612
15.3492
25.1576
2.77201
67.2293
24.846
83.8244
-0.716767
-37.0715
25.0719
-7.65229
-10.2075
0.105669
-2.91224
21.1579
25.7438
313.137
-2.85717
-44.1126
24.1376
22.2208
32.3656
18.0847
22.6166
-2.59437
-10.9574
-2.54184
20.7525
1.08386
175.943
-2.78294
-0.236136
17.8188
21.285
-18.2387
107.049
1.12649
24.8248
-8.12335
5.95033
1.06537
-5.38098
28.0175
1.73979
-40.4598
-18.1975
-2.82234
0.732711
-2.85309
-401.973
12.5812
0.704093
2.27964
-13.709
8.69613
-0.617114
38.5664
-1.91999
0.741629
-2.95996
1057.18
0.875521
0.780989
25.8437
-8.75685
151.762
-7.67325
10.9285
1.07086
0.883674
250.175
77.9084
-7.26396
424.293
161.91
178.189
1.28697
-1.8241
-7.74933
22.329
5.8349
-2.822
-36.6948
1.04489
59.6153
8.86087
7.58479
-2.81184
26.6854
-2.84296
-6.0287
2.10046
9.34103
-3.44726
0.798356
-6.30823
-1.94828
)
;

boundaryField
{
    FrontBackPlanes
    {
        type            symmetry;
    }
    wallz
    {
        type            calculated;
        value           nonuniform List<scalar> 
97
(
-379.863
-325.571
-410.816
-254.003
1116.97
1420.2
970.502
599.585
1613.32
-6.72396
-6.17271
-6.44358
487.868
532.626
719.409
429.789
-43.7448
176.082
0.805888
-4.51866
-2.97752
242.998
334.796
438.277
180.715
25.6922
65.6907
-6.01598
7.3505
-16.056
129.994
141.698
231.895
90.6292
276.564
27.686
76.4703
20.3297
3.50775
12.637
1467.61
-168.261
153.394
19.3696
-27.0028
28.1708
3327.71
647.229
2772.65
15.8889
2.26131
25.0223
-6.40216
-42.585
92.5251
218.175
73.761
74.6214
-8.24159
14.997
10.4442
245.942
4.53698
192.096
123.716
1478.73
1290.1
-9.5332
17.8245
-33.5736
255.482
139.228
321.748
223.405
192.131
434.873
-83.0605
158.254
111.583
197.639
1898.63
1964.32
-32.4881
-263.164
-505.41
-521.333
-113.602
1531.22
1624.91
-24.9286
74.1516
-254.711
14.9362
451.591
485.474
-58.5514
-106.922
)
;
    }
    outlet1
    {
        type            calculated;
        value           nonuniform List<scalar> 
31
(
-6.69053
-2.943
-2.943
-14.5672
-4.52118
-2.94376
-2.9431
-2.94348
-2.94301
-2.943
-2.943
-2.943
-2.943
-2.943
-2.943
-2.943
-2.943
-3.05432
-2.94856
-2.94322
-2.943
-2.943
-2.943
-2.943
-2.943
-2.94305
-5.43269
-101.765
-2.943
-2.943
-63.8468
)
;
    }
    inlet1
    {
        type            calculated;
        value           nonuniform List<scalar> 2(-545.961 -552.757);
    }
}


// ************************************************************************* //
