/*--------------------------------*- C++ -*----------------------------------*\
| =========                 |                                                 |
| \\      /  F ield         | OpenFOAM: The Open Source CFD Toolbox           |
|  \\    /   O peration     | Version:  v2012                                 |
|   \\  /    A nd           | Website:  www.openfoam.com                      |
|    \\/     M anipulation  |                                                 |
\*---------------------------------------------------------------------------*/
FoamFile
{
    version     2.0;
    format      ascii;
    class       volScalarField;
    location    "0.35";
    object      p_rgh;
}
// * * * * * * * * * * * * * * * * * * * * * * * * * * * * * * * * * * * * * //

dimensions      [1 -1 -2 0 0 0 0];


internalField   nonuniform List<scalar> 
6576
(
2802.8
2775.42
2786.34
2789.89
2807.84
2815.41
2790.69
2794.99
2808.1
2798.32
2843.06
2823.87
2813.39
2821.59
2790.99
2796.26
2764.14
2789.81
2794.09
2843.89
2770.75
2830.61
2835.29
2787.2
2819.66
2852.62
2901.66
2814.92
2769.72
2777.14
2795.51
2757.62
2796.15
2821.21
2815.62
2835.66
2807.93
2837.7
2794.49
2816.55
2779.07
2772.64
2799.83
1413.29
794.305
1649.06
1052.28
1260.23
1629.74
1704.39
1344.56
1523.63
-0.833725
-1.14123
0.304363
-0.345791
-3.34405
-4.81079
-0.850609
-2.5078
-2.22164
-2.25999
-0.884803
-1.77346
-2.32703
0.545197
-2.07642
-1.71191
-1.79827
-1.47452
-0.531916
-1.34896
-1.39402
18.543
18.5896
17.5658
18.2369
18.0746
16.9122
17.4187
21.6882
21.5991
21.3355
20.2875
20.4566
21.1971
20.3653
244.318
339.505
57.0663
101.886
60.6489
362.856
204.933
-239.83
-245.589
-181.284
-262.776
-248.697
-182.179
-249.05
-0.697056
206.838
-30.1468
86.1106
96.281
6.52649
16.8597
1166.55
1138.04
1116.97
1046.08
1185.52
1527.25
-0.0687086
0.0184253
-0.212668
-0.167462
-0.218334
-0.287521
-0.222161
576.145
2193.29
2494.15
2588.31
2438
2751.32
2805.51
1.95769
-0.159215
1.15819
-0.362738
-1.11992
0.186659
-2.02898
-2.52345
-0.348534
-2.74273
-3.96828
-1.36276
0.139555
-3.18863
-15.1695
-16.1102
-12.1195
-19.6363
-16.0272
-12.3379
-16.3602
-17.4058
-16.0214
-15.8268
-15.424
-14.382
-14.3996
-15.9405
-23.3048
-25.5612
-28.4342
-24.4522
-27.4834
-32.7699
-29.6269
-31.3847
-27.4971
-21.9963
-19.3725
-22.7188
-24.2005
-20.9208
-19.7211
-22.6224
-27.6617
-26.9466
-31.5933
-29.897
-29.444
-36.3539
-35.84
-34.647
-34.6351
-9.31587
-7.06271
-9.35798
-10.8808
-7.57161
-8.99072
-15.1579
-13.5885
-8.34234
-2.3204
-3.31578
-2.45597
-4.70711
-5.74971
-3.81086
-3.98461
-3.34114
-1.02406
-2.95891
-1.84557
-4.45644
-2.10824
-1.22222
2.00344
1.68577
0.65158
-1.64249
0.479566
0.0900919
0.152793
1.49052
1.23426
-0.0519554
2.01383
0.340598
0.141688
-0.618167
-1.26094
-1.03366
-0.815446
-1.76956
-1.68809
-1.64782
-1.64796
-2.78194
-2.09752
-2.96154
-2.56713
-3.28226
-3.66242
-2.83647
-6.55419
-8.24968
-7.04004
-5.27932
-5.897
-7.88694
-6.63801
-12.5066
-12.4556
-15.0322
-11.5554
-9.66747
-13.1815
-11.36
-16.7829
-18.0014
-15.4717
-14.2572
-17.6718
-14.6936
-17.8389
-17.8973
-15.1857
-16.3435
-15.683
-14.1009
-19.5116
-16.542
-17.6192
-15.5499
2.78176
1.82315
3.0411
5.10139
5.89845
3.73549
3.93361
1353.58
1354.07
1168.95
1598.69
1231.74
1363.92
1888.72
1211.6
1777.19
1619.63
1630.02
1584.99
1526.56
1407.87
1454.08
1327.85
1079.07
940.679
977.158
1038.65
1018.47
1051.79
1128.49
1049.37
1066.32
1598
1577.82
1595.28
1233.01
1233.1
1127.15
1294.22
1249.46
1170.27
1266.05
2.08276
2.10064
2.11153
2.09752
2.09305
2.12673
2.13072
428.217
67.1472
1.17509
316.302
23.4438
2.57495
2.42992
1.91768
2.09791
2.0913
2.07274
2.0658
2.08841
2.07726
2.08533
2.07131
41.7391
48.9065
38.6146
52.0842
54.0223
40.3675
54.1406
38.4566
112.411
24.6561
443.622
427.109
185.431
198.033
43.9402
66.5978
173.529
548.532
638.389
451.942
825.409
839.834
1111.07
886.016
739.023
539.559
1116.85
599.585
710.583
726.064
539.295
800.913
1752.93
1499.92
1613.32
1682.45
1427.77
922.694
1471.63
1536.85
1932.46
110.749
20.7734
152.255
79.2171
181.518
58.8262
152.634
26.6252
22.9704
25.0697
23.7761
26.588
22.4902
23.204
2.531
1.92329
2.31703
2.68973
1.69872
2.82332
1.90306
2.01098
3.07173
2.0113
2.15725
1.984
1.86149
1.81377
2.01594
1.90932
2.61485
2.27848
2.51962
2.13358
2.29893
2.21906
2.1788
2.58528
2.55667
2.85571
59.8455
255.998
0.1913
1.08784
-1.62063
0.124997
1507.39
1511.18
1488.18
1399.24
1437.44
1436.51
1508.63
-5.94709
-6.68138
-5.36142
-5.93137
-5.23872
-5.86291
-4.96212
-3.9331
-4.20271
-3.84532
-3.74766
-3.69347
-3.38716
-3.38962
-3.23255
-3.77505
-3.16074
-3.02255
-3.1356
-3.30795
-2.9661
-2.65847
-2.17119
-1.92171
-2.47476
-2.12991
-1.84778
-1.92174
-1.82823
-2.1783
-1.11927
-2.13395
-0.905313
-3.64529
-2.0943
-2.3948
-1.24064
108.12
145.452
145.006
114.287
101.323
146.912
143.851
7.47719
2.01746
60.5638
145.153
83.4083
54.1493
146.215
2.84636
2.68003
31.9943
64.9459
36.514
4.8835
70.9007
84.8025
102.813
94.5143
26.6933
92.2447
60.9841
11.0146
14.3104
66.6225
-3.44612
49.3389
109.426
143.191
-1.39587
1.60956
-2.75764
-5.45071
-4.77202
-0.794849
-1.40785
6.79355
-2.62024
5.73259
-5.12189
-5.61217
-6.93922
-7.38364
4.82923
1.65483
-7.48177
-2.43967
-2.88108
-2.50895
-1.60237
-1.70276
-0.428284
-2.37568
-3.03562
-0.964713
0.234555
2.39862
-1.21883
-0.180013
-1.36515
-2.32247
-2.46281
-1.67787
0.651875
-0.423772
0.270504
-0.0390775
-0.574763
-0.56751
-0.497026
-0.283346
-2.00528
-2.07871
-2.20222
-2.04415
-1.87738
-2.05388
-1.95834
-2.02093
-2.14376
-2.86944
-3.17894
-2.88333
-2.69165
-2.3827
-3.05459
-2.72565
-3.08836
-2.57592
-2.75853
-3.23277
-3.12381
-2.61069
-2.87045
-5.00426
-4.92412
-4.35945
-5.32551
-4.19591
-4.0207
-4.8164
-16.5725
-19.479
-19.6529
-13.2402
-14.1592
-21.9709
-25.2025
-21.5549
-20.4272
-17.1612
-22.6584
-19.6327
-34.1079
-37.1877
-36.3276
-33.0581
-37.1038
-37.5361
-34.3068
-18.3142
-16.1648
-9.38796
-20.3654
-4.0922
-15.9333
-29.6669
1.50206
1.99359
1.29857
2.13636
1.80233
1.54048
1.78296
1.90797
2.08532
2.72159
1.8752
1.76854
1.86931
1.73586
1.73497
1.97101
2.06258
2.07205
2.00255
2.02366
2.02769
1.95114
1.9669
2.15076
2.19829
2.14421
2.13717
2.11096
2.17674
2.16716
2.08172
2.12571
2.04831
2.11803
2.16275
2.08309
2.19678
2.25287
2.08913
2.12724
2.09296
2.17064
3.3923
2.35045
1054.09
1062.2
1031.98
1053.43
1052.87
1028.5
1028.77
1009.75
1043.78
1063.06
1011.88
1062.77
1055.95
1044.86
1054.01
1061.64
1020.72
1020.4
1030.98
1108.25
1048.4
1091.09
1048.31
1052.73
1054.47
1036.01
1094.27
1060.21
1048.27
1096.85
1044.05
1054.85
1073.07
1081.84
1095.13
1008.67
1109.36
992.965
1068.13
998.493
1062.48
1034.37
1134.62
1001.43
1050.07
1098.56
1049.35
1144.82
1092.55
1086.58
1056.94
1073.92
502.352
311.529
728.493
754.653
615.694
843.7
854.987
1113.19
1094.15
1050.89
991.221
1099.3
1231.56
1298.58
1288.61
83.9722
161.836
116.803
79.342
116.32
124.777
85.5106
906.307
892.111
767.927
269.656
517.863
1302.2
1223.38
1222.76
1292.28
928.544
1204.79
1392.53
914.964
969.892
1669.53
59.345
160.641
113.397
162.93
94.3133
141.044
71.8676
571.089
331.56
392.472
363.384
412.788
245.26
178.87
305.833
255.375
740.855
429.789
452.22
7.21041
32.5781
-43.7448
45.7158
50.6334
52.278
113.103
49.7062
63.0505
110.584
193.766
176.082
158.231
154.674
178.441
61.3291
264.797
198.003
147.521
125.606
-12.2825
44.834
253.956
98.5886
103.882
153.957
69.0427
45.0462
134.674
54.772
47.3766
31.9848
90.8678
31.2007
29.4606
25.9529
36.8451
29.7937
24.9152
28.0583
27.8832
27.0031
27.3985
26.806
27.2303
27.36
27.6496
25.5557
19.7968
18.6929
22.1523
37.9125
18.1937
34.6042
256.003
113.705
376.588
96.1231
140.621
346.235
239.66
230.467
126.877
119.768
-3.66553
261.085
141.847
71.1872
10.125
11.9155
4.08093
1.69001
2.36495
3.46976
1.07655
3.57869
5.14855
43.8278
29.5656
80.8964
70.4632
79.4835
46.3822
79.4668
10.5102
67.432
2.28495
3.01713
2.29527
1.78967
2.52198
2.07327
2.06375
-23.2931
-22.8856
-21.5797
-25.0284
-21.2634
-21.1003
-23.7568
-26.3119
-28.2071
-31.1058
-28.2055
-26.7274
-32.969
-36.1472
-32.6993
-28.3306
-27.2764
-25.93
-22.8103
-3.61754
-4.51157
-3.59543
-3.36737
-2.98911
-3.93558
-3.62829
-1.9669
-1.87781
-2.79566
-1.31564
-1.37689
-1.82105
-1.44634
-0.724123
-0.671793
-0.833633
-0.888211
-0.560918
-0.812377
-0.832972
156.613
263.232
166.236
209.432
153.761
249.376
259.277
94.9768
24.807
75.5391
260.667
226.498
179.75
140.449
101.466
128.606
27.7962
131.853
75.8332
24.8955
31.1399
43.199
169.498
135.748
28.3803
2.1729
64.2555
134.823
133.705
39.5896
39.425
133.973
133.28
141.959
82.1054
146.615
116.405
144.373
-2.70437
-2.3941
-2.52015
-2.70925
-2.56709
-2.61776
-2.44909
-2.63809
-2.8097
-2.34318
-3.29843
-2.94572
-2.71919
-2.45219
-2.03776
-2.22736
-1.96935
-1.99273
-2.49849
-2.5606
-2.20716
-0.773843
-0.0812287
-0.949987
-1.80682
-1.57416
-2.00239
-1.32639
-1.47418
-1.69204
-1.62855
-0.455492
-0.268765
-0.150967
-0.667006
-0.494515
-0.460185
-0.404037
-0.0847681
-0.47434
-0.41965
-0.518396
-0.567554
-0.225718
-0.28037
-0.0920363
-0.386334
-0.430685
-0.350464
-0.283493
-0.230684
-0.487346
-0.416249
-0.356888
-0.432256
-0.520842
-0.359765
-1.58643
-1.72041
-1.38564
-1.27929
-1.08154
-1.38939
-1.53454
-1.2963
-1.11746
-4.00463
-3.5703
-4.22055
-2.89723
-3.15086
-3.58671
-3.34147
-6.06672
-5.32887
-5.74366
-4.39551
-3.85276
-4.82799
-4.33534
-9.79447
-12.6146
-16.0583
-6.83036
-5.80895
-3.94286
-5.71777
-3.73014
-4.77062
-7.15776
-6.29353
-6.10695
-22.7791
-21.5829
-13.4509
-18.8046
-18.6565
-17.2298
-20.3174
-21.8291
-16.7567
-0.11755
0.0721747
-0.0374882
-0.141964
0.0243729
-0.155153
-0.11463
-0.0806312
-0.16027
1.42694
1.37109
1.45555
1.4634
1.4153
1.39295
1.45456
1.57655
1.49066
1.57235
1.61169
1.64441
1.62481
1.57855
1.77827
1.80179
1.75598
1.74762
1.78496
1.66921
1.75114
1.75172
1.69524
1.88998
1.86177
1.90442
1.82081
1.85643
1.87627
1.86174
1029.31
1126.69
1113.01
1108.2
902.673
1042.06
896.229
880.974
946.337
1075.59
874.29
906.373
1106.97
1105.91
1100.7
1102.37
860.699
845.815
920.654
835.998
1036.77
845.885
997.987
983.14
963.037
962.22
1064.35
1021.86
1055.37
1058.66
1024.1
973.539
1072.02
1057.02
1123.25
1096.76
1014.52
1126.02
1063.08
34.5155
38.5181
30.3532
32.7029
28.1189
39.7374
52.1899
191.755
61.5739
77.228
105.01
72.6697
68.3617
66.4788
68.3376
27.5406
98.9623
180.715
-25.1367
83.9713
6.57522
60.3578
25.6922
48.1799
27.8789
45.2365
137.212
159.948
48.8281
125.289
54.2825
29.9103
25.3221
117.632
109.575
108.486
151.742
137.812
65.6907
117.754
66.3115
55.4192
68.0775
30.564
29.9698
29.188
29.9111
29.7225
30.4144
30.5879
25.519
18.6216
18.8267
18.0957
23.9422
21.8619
24.4664
19.7507
19.6421
21.0939
25.8001
27.1133
20.2804
21.2679
21.2994
16.0446
14.5944
22.4289
15.8827
22.2411
20.7865
128.688
6.82306
627.522
317.115
601.173
-1.5977
186.411
84.5902
290.302
903.149
846.611
852.722
742.673
633.724
18.9174
18.9821
19.4863
20.9803
19.1641
19.225
19.0542
19.4309
18.6874
19.982
19.6785
20.0728
20.5786
20.0112
20.8604
20.4287
20.0286
19.0886
17.4844
18.9045
19.6039
-4.07132
-3.90992
-5.95767
-4.33715
-2.28294
-3.22489
-5.49658
0.230749
-1.55055
-1.91341
0.952323
2.61835
0.557566
-0.0822181
1.81775
0.532747
3.59897
3.11169
3.43827
0.37355
1.34355
2.15815
2.09215
3.75089
5.08031
3.36184
2.75352
0.837708
85.7465
70.8166
76.7525
60.6796
198.922
137.647
184.469
0.503685
1.34476
-1.07588
-0.927128
-0.908597
2.68743
33.9812
-1.00885
0.942626
33.7558
50.5264
36.3388
97.3139
59.8656
75.7454
39.9756
32.76
41.2687
44.9374
38.2232
90.4987
85.0407
101.312
101.439
115.041
107.44
180.899
61.2763
108.916
213.713
211.382
198.082
236.144
246.321
242.312
197.692
246.749
62.8935
69.5727
177.055
261.623
204.299
257.249
170.559
159.984
155.468
-1.37426
-1.62606
-0.844045
-1.83465
-1.34847
-1.52971
-0.771608
-2.13382
-1.95732
-2.01591
-2.56753
-1.90711
-2.16137
-1.9827
-1.77609
-1.71234
-1.8522
-1.73534
-1.47658
-2.70793
-2.13395
-2.61316
-2.46354
-2.97137
-2.30738
-2.28356
-2.51984
-2.63661
-2.46052
-2.56118
-2.58049
-2.44419
-2.36524
-2.05532
-2.00997
-1.8931
-2.11746
-2.19357
-1.10519
-1.31664
-1.33485
-1.13006
-1.29987
-1.36411
-1.44507
-2.29708
-2.18278
-2.03695
-1.9635
-2.20347
-2.13399
-2.21673
-1.30798
-1.06732
-1.39902
-1.24388
-1.10509
-1.41106
-1.49303
-0.4221
-0.499297
-0.425754
-0.397407
-0.225494
-0.490673
-0.673788
-0.468693
-0.613049
-0.846428
-0.272912
-0.0616189
-0.585863
-0.132707
-0.311898
-0.39547
-0.34071
-0.498872
-0.689279
-0.490962
-0.199749
-0.142466
-0.0505676
-0.345299
-0.389744
-0.247779
-0.44543
-0.384557
-0.370883
-0.421656
-0.140819
-0.146843
-0.0537359
-0.292306
-0.296492
-0.255483
-0.244253
-0.473747
-0.612183
-0.410652
-0.589659
-0.451056
-0.294265
-0.350823
-0.113762
-0.235683
-0.178651
-0.0907201
-0.177328
-0.235463
-0.125251
-0.447642
-0.479404
-0.680608
-0.78054
-0.78105
-0.534797
-0.550184
-0.234357
-0.132947
-0.195664
-0.335384
-0.415885
-0.286688
-0.25388
-0.133655
-0.17696
-0.163437
-0.254067
-0.138269
-0.245051
-0.156485
-0.314376
-0.297744
-0.230615
-0.259724
-0.145164
-0.313213
-0.372339
-0.250992
-0.231371
-0.284422
-0.113883
-0.198262
-0.0520663
-0.0997734
-0.122598
-0.165761
-0.177174
-0.214199
-0.197236
-0.240422
-0.330043
-0.256923
-0.267052
0.409411
0.257685
0.078578
0.463472
0.351491
0.490266
0.309873
0.804848
0.918979
0.810016
0.848055
0.734818
0.785318
0.686604
0.832089
0.737226
0.924495
0.843468
0.879353
1.0374
1.01451
1.00049
0.968589
0.892165
0.924229
1.26103
1.21116
1.19441
1.26681
1.18401
1.26035
1.20472
1.71284
1.71763
1.74794
1.7227
1.65839
1.70967
1.75371
1.74861
1.80523
1.7463
1.80985
1.83085
1.80339
1.79274
1.83148
1.84056
1.84028
1.7376
1.85877
1.84169
1.84525
1.52204
1.65085
1.61776
1.57359
1.66803
1.45129
2.59128
2.08167
1.69692
1.86543
1.73769
1.80064
1.69371
1.50931
1060.53
1086.35
1188.67
1126.41
1093.16
1169.5
1257.26
1252.2
1235.55
1235.64
1057.4
1192.79
1236.75
1093.88
1056.92
1063.23
1060.22
1084.35
1092.04
1209.32
879.634
894.475
1127.03
903.747
1062.47
942.814
1190.72
1092.84
1192.19
895.194
1102.76
1114.6
855.458
28.5274
27.8916
27.3268
26.3995
26.1754
27.3688
27.1102
112.186
108.508
72.1318
70.0414
54.4462
27.0531
128.857
90.6292
102.896
56.1689
124.637
287.789
276.564
207.851
106.774
147.154
177.946
137.024
231.869
98.3147
46.958
42.4105
34.7138
46.1322
53.6597
48.5776
41.1509
18.0056
4.45375
13.4804
26.9258
21.0047
16.8116
23.8865
30.9493
37.4736
31.5757
30.8914
38.2372
35.513
27.644
20.2331
24.7005
27.6647
40.0197
30.6482
29.1168
29.9744
42.4791
34.2612
20.8703
22.3006
41.9742
23.6392
24.9207
66.561
35.9453
20.978
21.8562
27.1239
24.4945
23.4085
35.0182
33.8505
32.2906
30.2529
25.9194
23.4543
22.2562
22.6732
22.0892
22.7311
22.6181
22.473
22.5867
21.784
22.2862
22.4989
22.2994
22.618
22.5572
22.8869
13.3141
11.6919
14.5597
12.6708
13.2768
16.8646
15.4724
18.2014
15.4264
18.5367
16.8752
17.0857
18.9355
18.3921
585.882
338.2
625.983
265.985
211.1
258.753
264.693
914.875
672.62
679.095
910.931
879.065
867.599
826.649
857.72
980.611
646.575
304.173
336.62
556.462
365.66
689.186
852.727
893.097
931.308
829.209
452.771
99.4711
150.973
249.011
184.539
818.638
431.792
614.827
108.864
69.3221
105.153
-0.325766
-0.965376
0.0750304
41.964
17.2904
4.16732
0.39392
4.11052
3.21617
5.79884
2.99725
5.22385
-0.202311
-1.14366
0.253842
0.261224
-0.304467
-0.50381
-0.434126
-0.904339
-1.26598
-1.00858
-0.736333
-0.769859
-0.931354
-0.678352
-2.07442
-2.52059
-2.28446
-1.61456
-2.30605
-2.319
-2.44632
-3.7429
-3.40207
-4.23476
-4.23296
-3.83359
-4.68559
-4.45387
-2.11508
-1.96648
-2.36921
-1.92227
-1.73024
-2.03609
-2.26526
-0.277151
-0.295447
-0.391329
-0.257319
-0.121961
-0.243241
-0.31659
-0.193354
-0.296037
-0.434139
-0.239496
-0.0297991
-0.279887
-0.0414695
-0.0062734
-0.00963513
-0.0374775
-0.0300223
-0.0360295
-0.0441876
-0.10952
-0.0403353
-0.0452876
0.0563655
-0.827711
0.326967
0.0695817
0.177346
0.415557
-0.266828
0.383988
0.563911
-0.386828
2.00122
1.02255
-1.22398
2.90855
-1.11893
0.826395
592.683
2137.64
2790.16
2757.59
2769.35
2727.38
2744.36
0.0450076
-0.491534
0.0310721
0.047657
0.168287
-0.799262
211.782
16.5099
56.87
-0.268101
0.309548
-0.782419
409.189
3.09055
-0.3881
-0.127839
-0.300816
-0.173273
-0.116104
-0.199806
-0.182442
-0.198632
-0.119941
-0.518051
0.0964231
0.158697
-0.0927616
-0.403809
-0.0637971
-0.0310483
-0.136476
-0.0861038
-0.00724103
-0.127147
-0.190968
-0.0971014
-0.159304
-0.11302
-0.0803939
-0.0830406
-0.0795836
-0.118112
-0.104709
-0.0822078
-0.0785798
-0.0781008
-0.128773
0.0732339
-0.0541536
-0.0977524
-0.00976706
-0.0412787
0.0261952
0.0117139
0.0138949
0.0681104
0.0299271
0.0648427
0.261601
0.219312
0.260733
0.243933
0.295384
0.256223
0.328704
0.844524
0.826422
0.917692
0.895975
0.827903
0.845699
0.918476
2.73618
2.37255
2.93509
2.63254
2.33629
2.13687
1.83795
439.787
444.375
431.455
756.979
414.12
620.917
793.061
108.589
247.03
113.832
1028.57
352.239
2.91494
10.7339
244.095
1067.08
463.054
720.65
1259.78
1204.35
1254.03
1256.88
700.632
1118.99
1184.06
1161.24
1263.85
1251.3
1154.57
1186.98
1152.16
1062.45
1147.37
1229.03
1206.72
1162.03
1163.93
1267.94
1097.34
1147.56
1.67056
1.77537
1.79
1.98353
3.40897
2.01046
1.78302
1204.1
1129.21
1184.87
1174.48
1176.42
1230.64
7.90427
26.0032
153.78
2.14993
4.99164
11.3798
16.9934
17.4499
32.7144
125.988
122.62
171.703
106.413
47.375
16.7295
16.2216
20.3643
20.4457
19.6418
19.7093
22.0366
15.4351
17.2021
24.794
24.6879
20.7328
9.36862
17.9156
36.1766
15.5065
-13.865
-7.34086
25.2676
19.3337
14.0008
1118.93
528.472
1467.61
458.208
737.192
623.686
1058.79
60.9947
-168.261
95.8408
50.4034
644.471
244.039
20.751
19.866
20.7764
20.6433
20.2839
20.8465
20.8648
20.9635
20.5573
20.967
20.6832
20.9669
21.0865
21.9011
120.379
95.4844
122.481
83.2426
148.35
368.517
268.312
1272.1
76.7193
667.167
1221.84
1247.87
212.399
1077.24
853.76
963.516
969.021
1212.89
1275.59
1025.2
1250.95
897.613
931.24
982.518
103.389
66.0192
23.9116
94.2812
61.1775
58.7228
56.1261
21.3159
18.8224
20.5236
21.546
22.3873
19.4553
20.0227
16.6779
17.3934
18.0327
18.8938
19.5665
17.6697
17.6122
16.2158
16.4635
17.5173
13.8328
15.8925
15.5872
16.7676
-36.1945
-32.8237
-36.3583
-20.6455
-25.5173
-29.756
-27.0062
-39.1012
-36.7127
-31.4499
-42.7898
-45.8096
-34.0746
-27.9183
-12.9025
-18.3533
-15.6051
-26.9427
-20.3276
2.49872
-4.91388
-4.31404
-4.51956
0.341103
2.79409
0.305686
1712.22
1597.49
2482.9
2187.28
1936.56
395.841
2309.89
-0.0133888
-0.163118
-0.279531
-0.330219
-0.178449
-0.193791
-0.452488
-0.415712
-0.481233
-0.360381
-0.373619
-0.246006
-0.367039
-0.384152
-0.327013
-0.408698
-0.32511
-0.016419
-0.003193
0.0199674
0.0811745
0.0163243
0.0179921
0.0119443
-0.0482028
-0.0194527
0.0298186
0.0707084
0.0303747
-0.0225258
0.0464059
0.021823
0.00706637
0.18129
-0.00840777
0.123115
-0.0434884
0.172407
0.0163837
0.230473
-0.0385585
-0.0468179
-0.0198417
-0.0367038
-0.0417048
-0.0346668
-0.0262299
0.0714538
0.028294
0.0453805
0.018437
0.0177645
0.0629943
0.0856667
0.204023
0.213276
0.262381
0.170019
0.160534
0.215227
0.268046
0.436164
0.459172
0.558353
0.40369
0.347103
0.397604
0.46273
0.832666
0.958667
0.833339
0.8354
0.693917
0.843227
0.740324
0.909147
0.826574
1.91726
1.01477
3.15548
2.35609
2.43524
2.77338
3.18562
255.903
256.428
493.781
269.536
573.473
3.16333
577.921
227.35
302.293
258.959
571.234
553.464
552.347
507.05
583.636
498.047
572.615
596.334
600.936
615.171
308.006
619.974
462.149
775.165
430.863
758.335
173.891
547.245
186.141
769.352
719.261
765.59
788.448
735.669
1287.2
1142.05
2.00371
2.01261
2.04673
2.10234
2.53596
1.88692
2.23078
1.8813
1.90159
1.88835
1.89998
1.87882
1.90772
1.89419
68.9708
37.9018
32.7369
8.92067
9.97194
-2.19194
0.32095
2.20765
3.18024
4.75333
2.72176
19.4613
21.0462
28.9175
20.8718
39.2833
38.2116
38.0405
39.7937
17.7959
0.87413
0.877122
6.18855
5.06987
31.8855
25.6064
18.5374
19.7582
19.2084
18.9282
20.6101
16.023
18.9822
19.0862
25.0089
23.881
20.5925
20.555
25.4666
33.4922
24.7505
29.872
33.5929
26.7937
23.5413
524.784
152.526
484.691
2652.03
1084.33
2309.9
2256.11
2834.11
3074.57
2113.47
2892.94
513.275
3327.71
2318.77
2504.34
2936.61
426.857
704.784
647.229
-223.285
313.874
-251.102
198.885
347.958
2772.65
1734.26
1246.24
1216.71
1272.76
723.113
1206.99
1245.85
1243.72
1213.51
1233.38
1197.95
362.853
371.181
371.104
370.411
364.574
293.595
81.0053
23.4157
22.9802
23.7607
23.0663
22.3154
21.9891
22.3136
23.4371
23.3114
23.6484
23.5981
24.476
23.6113
23.2434
12.8671
11.5876
9.53257
9.00925
9.97942
10.1366
10.9041
9.09413
9.05477
11.7925
10.751
13.2859
12.8612
12.6792
26.8626
13.7869
16.9505
88.1806
11.1826
10.8514
41.2527
11.6785
7.596
11.0707
4.29253
6.00401
7.79075
6.56861
-0.337891
-0.289807
-0.334407
-0.272359
-0.163815
-0.367865
-0.387521
-0.336959
-0.258498
-0.348651
-0.362258
-0.30621
-0.260428
-0.393177
-0.345846
-0.239076
-0.162977
-0.161328
-0.0717398
-0.204347
-0.243556
-0.216361
-0.16453
0.0066663
-0.0147178
-0.003257
-0.0358105
-0.047039
-0.0175458
-0.0181149
0.237766
0.247363
0.23348
-0.0286779
0.0112142
0.00388601
-0.014796
-0.0132291
-0.0208948
-0.0119328
-0.0356751
-0.00408433
0.0706391
-0.0173277
-0.0255258
0.000669021
-0.018314
-0.0276845
-0.00939568
-0.0115966
-0.00380978
-0.00755833
-0.0128159
-0.0168553
-0.00974142
-0.0214011
-0.592086
-0.512913
-0.691336
-0.660561
-0.571605
-0.747761
-0.893988
-0.683687
-0.847362
0.498378
0.250728
0.28387
2.14005
0.550315
1.12494
2.21188
2.61526
2.3473
2.85999
1.55934
1.64648
1.30923
1.92635
615.175
675.349
628.436
617.934
480.012
507.006
169.469
567.266
648.659
630.092
647.538
549.709
310.174
579.687
429.602
635.176
65.7247
573.964
547.803
568.072
571.48
452.714
535.075
579.557
533.979
535.669
1.63829
1.69821
1.64618
1.60552
1.64785
1.64817
1.59982
1.92641
1.97283
1.977
1.99449
1.96824
2.00193
1.98924
2.09665
2.08392
2.0647
2.08901
2.07084
2.01059
2.06287
2.04897
2.04836
2.05533
2.06408
2.05333
2.05295
2.0673
2.11667
2.09034
2.10461
2.13467
2.09518
2.18061
2.14725
1.93221
2.08281
1.89527
2.10852
2.04458
2.05434
2.00669
2.4029
2.36372
2.26052
2.55305
2.00372
2.2491
2.23741
1.96363
1.78204
2.03813
3.18723
3.08214
2.72179
2.45417
2.26177
1.97817
2.41724
1.86254
1.06696
1.95207
3.49016
15.5671
2.81235
3.56364
17.3791
6.16027
1.05847
1.08409
0.572873
1.48442
0.952595
0.870562
2.02648
-51.5567
250.449
113.468
198.249
-25.812
107.998
61.5287
137.166
287.879
154.808
223.333
-18.1762
-42.585
123.512
44.8094
-97.4301
168.493
153.176
92.5251
96.918
142.373
-24.0289
86.0329
-133.349
218.175
96.2941
476.465
498.786
602.995
715.696
978.415
533.642
891.037
1115.01
1076.93
1107.18
1092.78
1108.88
1148.08
1166.86
1172.03
1150.1
1139.99
1159.93
1143.64
1196.25
1166.69
1103.32
1117.07
1119.73
1148.63
1174
1184.31
61.2923
57.4986
71.2421
655.797
90.4381
179.918
79.267
50.5569
49.9532
51.0345
50.3168
52.0261
51.413
50.9968
51.3924
51.4955
0.169131
0.0665793
-0.0266355
0.0849689
0.060637
-0.0290365
0.0924384
-0.0569332
-0.157463
-0.137782
-0.10741
-0.210384
-0.174921
-0.284886
-0.0464059
-0.0487532
-0.0589095
-0.0594071
-0.0753997
-0.0478263
-0.0450234
-0.00807788
-0.0234469
-0.0192292
-0.141047
-0.134185
-0.116195
-0.15125
-0.198357
-0.153036
-0.132138
-0.0463004
-0.0299569
-0.0571939
-0.0851626
-0.109772
-0.0553489
-0.0270694
-0.0634464
-0.0776597
-0.0227482
-0.00784679
-0.0302526
-0.0142783
-0.0342299
-0.0392843
-0.0644034
-0.0710237
-0.0764961
-0.0833532
-0.0655779
-0.0755599
-0.101209
-0.131108
-0.0415352
-0.114637
-0.179499
-0.0711656
-0.140864
-0.156059
-0.250197
-0.331895
-0.204118
-0.319445
-0.471551
-0.406169
-0.113497
0.777225
0.271966
1.53832
0.701941
0.54795
1.19415
222.458
224.088
220.681
226.487
157.311
203.441
369.244
340.178
354.991
2.02542
100.635
309.912
38.3136
91.3758
409.38
666.539
551.765
1.22609
1.23
1.4527
1.26469
1.15581
1.14639
1.29409
1.57828
1.65584
1.87416
1.8823
1.74949
1.7395
1.70101
1.67095
1.59191
1.70974
1.72158
1.84089
1.67375
1.80093
1.46919
1.52911
1.49978
1.32846
1.38571
1.44861
1.42008
1.55431
1.61129
1.58993
1.62128
1.57754
1.57946
1.62994
1.27237
1.36381
1.31724
1.24715
1.31633
1.34103
1.29093
1.64233
1.70105
1.65299
1.57397
1.64207
1.67556
1.6303
1.64669
1.62298
1.60278
1.57813
1.61114
1.63113
1.60892
1.80006
1.77473
1.76254
1.77601
1.75542
1.70157
1.74973
1.77196
1.79545
1.74064
1.73832
1.67405
1.92271
1.92306
1.96664
2.01643
2.01
1.92676
1.92673
1.99559
1.99273
1.91221
1.92713
1.89981
1.9172
1.87663
1.88042
1.90717
1.89518
1.86213
2.08982
2.06236
2.08334
2.09409
2.09404
2.0859
2.10204
2.0952
2.08053
2.16743
2.08835
2.04272
2.08615
2.06248
2.02828
2.09488
2.02345
2.08001
2.06442
2.03293
2.08407
2.07371
2.35301
2.24724
2.42838
2.4431
2.22691
2.15748
2.02975
2.12729
1.90441
2.07365
1.98165
2.06375
2.24848
245.996
203.935
195.268
466.635
175.396
600.812
278.486
182.924
143.799
8.38441
290.6
198.822
329.994
178.022
96.199
287.343
177.964
12.3486
116.104
10.4442
94.3883
-119.121
49.4113
61.1595
245.942
145.104
93.278
198.729
215.274
178.542
206.438
101.031
-27.9567
66.3977
-56.375
63.7333
94.4814
4.53698
-88.305
139.892
54.467
42.794
44.2644
45.6984
43.2498
42.7068
41.5534
43.473
67.5963
63.5669
60.619
69.517
72.9065
71.7187
65.4344
73.1922
190.773
60.0104
81.0638
234.15
70.0081
74.3211
65.6185
67.7028
13.8681
13.9498
13.1135
14.3414
16.187
85.2632
23.7471
14.9961
18.8266
476.168
518.545
532.213
396.711
454.856
469.447
493.569
637.911
458.221
594.026
622.181
704.411
666.092
704.493
947.962
987.743
1020.56
981.919
922.382
989.366
1008.56
1016.08
1049.32
1030.07
1039.4
1044.71
1022.29
1040.77
1069.35
1071.89
1058
1063.5
1054.82
1058.93
1047.28
1061.41
1067.8
1072.77
1074.07
1017.64
1015.55
1014.71
1075.36
1030.09
1019.98
1004.65
1004.87
1055.39
1059.04
1052.63
1107.05
1044.65
1094.5
1073.19
1089.02
1106.62
1057.39
1122.23
1126.74
1056.27
1071.9
1076.93
1062.82
1030.73
1052.28
1079.05
1012.11
1049.37
975.423
1002.1
964.568
1056.33
1048.99
930.744
991.409
958.386
1002.88
1004.84
1009.81
1006.74
613.972
356.416
710.619
938.504
680.615
462.875
519.628
1634.33
1607.23
1512.4
926.198
1288.32
1497.94
941.394
888.979
1043.45
1060.22
906.727
740.122
864.825
301.99
404.68
603.548
1209.75
676.842
985.332
1222.87
505.071
506.696
402.992
448.072
444.272
485.262
349.856
464.346
490.717
514.183
415.945
478.788
460.519
493.246
598.377
611.119
448.452
543.326
653.883
581.798
543.871
22.3929
21.9991
22.9411
23.3575
23.1471
22.3023
22.6242
22.5582
22.6434
22.1976
22.4304
22.647
21.9591
21.9406
13.6229
14.7035
16.5252
18.5428
18.4427
15.1613
15.762
17.4797
17.724
13.936
13.8759
12.0691
14.9993
17.02
14.7413
13.4053
1425.49
1446.52
1028.92
97.406
875.372
1560.78
1243.98
1447.47
1326.65
941.919
930.606
1170.97
1569.84
1572.18
1397.57
1182.23
1505.79
1683.19
1154.17
1708.38
596.245
31.8789
834.61
32.9733
1.96827
18.3524
219.63
849.453
0.884578
7.00299
1.28442
1.97764
0.670322
-0.219661
-0.142361
-0.226403
-0.0321349
-0.124693
-0.210113
-0.176176
-0.100225
-0.250693
-0.185512
-0.0224422
0.119755
0.0998703
0.112595
0.175067
0.142472
0.0865882
0.102906
0.161605
0.0562778
0.0890369
0.101709
0.111621
0.0915176
0.0818269
0.116707
-0.00898292
0.000589686
0.00965168
0.00703691
0.00522907
0.0158294
0.0286239
-0.336084
-0.416997
-0.265497
-0.21114
-0.187523
-0.250202
-0.293735
-0.6925
-0.604219
-0.525232
-0.912801
-0.69365
-1.17997
-1.20329
-0.887443
-1.17256
-1.50583
-1.36335
-1.06503
-0.370866
-0.32604
-0.468106
-0.776519
-0.6664
-0.55526
-0.646848
-0.0641794
-0.160721
-0.213663
-0.905959
-1.18292
-0.763056
-0.377007
-1.17104
-0.521098
-1.09225
-1.1407
-0.682972
-0.294244
-0.373893
-0.107933
-1.28707
-1.08611
-1.07759
-0.967047
-0.814588
-0.485155
-0.337109
4.82745
-0.396506
-3.56709
2.26285
-2.32676
2.09995
-2.98321
-3.3345
-3.26331
154.299
87.2139
107.391
141.734
139.315
89.8344
123.726
91.7139
64.9335
133.259
141.523
138.549
158.282
140.409
142.214
106.2
-4.25667
-3.88258
-3.61149
-3.36127
-3.74335
-4.21784
-3.887
-4.0015
-2.7416
211.821
232.989
235.601
-4.20746
126.102
21.9563
224.154
0.609805
0.455873
0.425559
0.32682
0.395857
0.486228
0.397651
0.642777
0.507753
0.668438
0.388868
0.453506
0.377063
0.477655
0.614119
0.728459
0.709653
0.725227
0.641907
0.687081
0.607157
0.95125
0.831087
0.944102
0.696786
0.762996
1.06852
1.06593
0.977783
0.993942
1.11845
1.04373
0.976887
0.92994
0.941598
0.986428
0.8631
0.861879
0.881758
0.898786
1.08441
1.18327
1.17154
1.24282
1.17108
1.2292
1.15311
0.958292
0.882787
0.958671
0.93667
1.02588
1.04465
1.12309
1.16233
1.01237
0.96511
1.06498
1.09669
1.25638
1.26229
1.20387
1.20194
1.27107
1.23682
1.18087
1.05069
0.981813
1.108
1.09192
1.03837
0.973141
1.06713
1.23081
1.34536
1.37849
1.48945
1.46236
1.42938
1.64916
1.30456
1.25171
1.34069
1.37516
1.33969
1.25138
1.3535
1.34396
1.27189
1.79372
1.65008
1.67525
1.92202
1.91283
1.66212
1.62575
1.61695
1.65822
1.5381
1.53548
1.61063
2.14522
2.07013
2.16823
2.11707
2.08501
2.18968
2.19125
2.17743
2.15512
2.19895
2.18739
2.10454
2.17865
2.15725
2.16047
2.30611
2.155
2.53392
2.63832
2.30627
2.58244
2.19055
2.37567
2.13749
2.11684
2.04368
2.20034
2.16236
2.25593
2.17225
2.12398
2.13176
2.18306
2.20386
2.90105
2.4795
2.47374
2.1898
2.29363
2.64543
2.09387
2.02068
1.94223
1.97133
2.12722
1.79978
1.88955
27.0035
95.2401
48.5785
24.3874
21.116
32.8595
22.1949
221.544
-33.5736
81.3928
351.585
135.28
255.482
-6.22909
125.407
6.48948
138.341
30.5638
219.528
100.233
243.895
182.152
189.106
273.926
260.609
228.934
153.69
194.406
139.228
302.483
141.963
144.579
180.224
961.732
952.582
939.521
950.521
951.335
977.333
944.469
970.641
983.222
980.89
997.128
1013.71
990.406
1010.08
938.491
1001.65
981.922
952.374
946.167
1014.55
1006.36
962.701
985.377
942.439
924.946
992.523
970.14
916.087
941.469
720.11
736.595
642.828
754.566
998.029
939.68
745.242
915.532
880.68
757.807
880.41
966.955
831.552
988.807
899.605
787.516
268.526
596.407
310.849
-266.519
-291.571
-248.816
-261.125
-259.297
-196.335
-178.178
-9.25304
-83.5997
138.246
-133.199
25.8368
99.0212
165.219
158.254
432.277
207.392
-121.678
73.1794
111.583
225.824
-17.8246
64.7028
5.48647
-15.7602
-139.27
-18.1651
8.83924
-20.7488
-86.9618
197.639
228.104
302.529
199.841
308.23
255.931
244.686
210.417
257.304
262.585
82.3109
128.256
255.526
71.8577
76.2989
128.942
130.049
253.67
267.981
270.847
109.908
67.2659
91.3025
13.7242
33.025
21.9343
63.4003
43.5411
36.2345
28.6709
30.7471
27.1361
34.9129
29.9729
22.4657
22.443
22.7273
22.8828
22.8526
22.7109
22.5743
23.1409
25.6596
23.3809
22.9887
27.0806
26.8897
23.2378
22.6937
22.3449
21.9197
23.9658
22.7025
21.7593
21.6472
21.4929
21.5199
21.4661
21.7681
21.4165
26.5206
25.264
28.7738
24.7686
23.1136
20.6068
26.3711
20.3057
20.2312
19.5127
21.52
19.9226
19.0497
19.2349
800.593
328.78
1095.85
1077.73
1056.65
1087.82
1000.75
2.31963
1.51859
1.72655
2.56367
2.55808
1.77454
2.4426
0.735255
0.694749
0.649282
0.752338
1.13685
0.936539
0.855667
1.08234
1.03833
1.16593
1.01454
0.891378
1.04982
1.0649
0.465656
0.432836
0.358751
0.433805
0.538394
0.418704
0.503697
0.308111
0.329411
0.3715
0.364842
0.430375
0.376557
0.335567
0.619768
0.555031
0.592931
0.557471
0.613176
0.546567
0.609649
0.014923
0.134698
0.107662
0.0120978
0.170999
0.0937622
-0.012608
-1.64372
-1.39022
-1.77398
-1.31785
-1.58128
-0.572466
-1.93392
-2.3124
-1.92124
-2.41126
-1.53259
0.696872
-2.82951
-3.0732
-0.602676
-1.05327
1.19768
-1.42725
0.918696
-2.70226
-1.03857
-2.68694
-3.98943
-1.77656
-0.0453958
-1.455
54.6237
-22.5289
21.2556
24.8112
17.8075
118.433
72.2972
78.7259
63.9123
1734.86
2092.09
1938.39
1897.31
1968.46
1917.33
1917.15
1917.76
1906.08
1870.24
1836.69
1898.63
1906.63
1971.17
1916.84
1857.09
1913.07
1692.68
1984.47
2016.16
1905.27
1602.89
119.538
136.472
114.806
123.009
104.7
113.736
56.8173
120.693
108.629
12.8238
12.6702
37.0199
119.243
-1.27211
-1.0277
-1.0164
-0.827575
1.84529
0.773815
-0.471778
2820.34
2782.12
2849.6
2791.24
2743.34
2860.01
2852.16
2870.04
2869.64
2856.56
2844.57
2867.55
2794.2
2863.81
0.0154264
-0.0436515
-0.0363159
2728.6
2844.86
2765.09
2776.51
2784.55
2779.53
2773.23
2775.65
2785.34
2801.97
2815.29
2783.64
2769.87
2776.22
2780.75
2785.55
2774.54
2768.47
2778.3
2780.84
2763.9
2784.12
2779.41
2789.44
2773.93
2769.43
2762.34
2771.75
2777.52
2773.2
2773.57
2802.74
2790.9
2776.32
2767.83
2740.56
2771.07
2768.63
2775.55
2766.56
2771.4
2782.64
2772.75
2772.94
2722.18
2764.92
2784.29
2273.12
910.97
2855.13
2852.48
2834.54
2788.39
2785.76
2803.81
2852.8
2886.31
2874.38
2880.68
2866.69
2853.31
2806.3
2859.58
-0.253108
0.198267
0.240334
-0.140094
1.24313
1.06195
0.191258
2786.55
2812.82
2766.03
2844.21
2821.34
2843.65
2804.09
2878.2
2895.18
2829.85
-0.132547
0.0699049
0.595395
0.293414
5.59881
3.13478
-16.493
47.125
-22.1107
38.211
26.0397
-19.9393
1493.83
1610.7
1624.07
1504.27
1569.14
1591.07
1554.4
1561.61
1546.41
1514.91
1592.03
1531.22
1470.92
1648.61
1674.68
-0.281363
10.5148
30.8975
2.79766
22.1786
33.8134
5.6621
2.80453
5.09638
-1.94576
7.74194
7.2648
3.86391
6.00774
2.49555
1.61101
0.820146
0.675785
2397.73
2323.39
2209.3
2359.25
1.3539
135.806
1684.7
1614.92
7.54268
9.67341
7.3956
9.40446
2.43913
0.64359
0.773872
1.02687
-9.85446
-9.50872
-6.59346
-6.79726
2.41529
2.34823
21.7995
8.45167
-0.0624428
0.165843
0.0748912
0.152434
25.9422
25.8692
26.7691
26.7973
-10.6815
-7.60599
-10.6139
-8.38228
2.42304
2.93715
2.36492
2.33982
-5.89723
-5.21343
-7.09227
-5.94625
-11.2895
-9.73857
-9.1002
-8.1932
22.7238
23.1922
23.2827
1.78991
2.11987
1.69604
2.0185
3.60782
417.238
91.3003
542.214
2.43695
2.30727
3.12058
2.42297
4.96865
7.5079
1.41735
4.07281
6.47428
7.80139
8.9179
11.148
0.247588
0.369643
0.286505
0.424219
22.8887
23.196
24.801
24.5556
0.735706
1.12913
1.25376
1.82384
-1.71492
-1.92396
-1.29578
-1.52782
2.62103
2.26885
2.91812
2.25151
2.54043
2.82099
3.63612
5.20344
0.585851
0.472036
0.516936
0.47208
2.08443
2.0487
2.09432
2.0536
1.89941
1.89036
1.94816
1.93264
33.6036
36.3741
33.8342
37.0325
1.47989
1.50668
1.54108
1.55807
0.349152
0.388397
0.243047
1.33826
1.3866
1.27091
1.30175
28.552
40.8683
29.3005
31.4831
32.7181
35.1285
32.3722
32.3929
-0.748824
-0.225639
-2.43616
-1.56919
49.088
76.6772
50.1513
57.4979
270.055
655.343
252.536
684.03
894.651
222.323
1133.96
685.912
-0.616843
-0.816165
-0.884402
-1.36869
-0.413452
-0.299094
-0.320781
-0.249559
-2.88665
-2.96106
-2.65224
-2.52202
95.0261
34.2365
2.25974
5.08115
1188.27
926.06
709.501
99.4618
-247.447
-276.875
-298.572
-308.048
0.208682
0.064335
0.0410053
-0.00698272
1.10863
1.54648
0.794419
546.581
837.048
6.06827
12.3451
4.20071
21.9658
2.42771
1.46037
-0.000545378
0.224919
0.216071
119.404
44.1186
150.618
121.229
1.8451
1.98994
1.77537
867.944
435.006
438.333
-2.80688
34.5256
-0.757946
306.617
334.051
328.918
387.015
475.322
-3.71735
-3.22486
-3.39318
-2.91693
-4.33003
-3.96172
-4.94312
-4.42101
-3.09261
-3.54433
2.05546
0.482342
0.901883
-2.38805
-7.31419
0.644675
115.068
7.01881
-237.187
2.12387
0.0607644
19.9574
1.92408
939.404
1441.35
1269.26
2.40135
-0.265003
2.03697
29.0803
79.8867
1.08386
0.510821
34.8371
-10.87
35.0374
2.43842
-21.6232
-0.257799
2.48109
-1.63948
-2.24023
-0.235828
1.14672
75.8887
22.3271
2.22002
0.577418
1339.03
190.355
1417.38
0.463609
1236.43
236.321
200.434
-6.38951
-254.711
972.144
435.494
69.9423
333.809
27.2542
33.8018
8.1905
30.5105
40.6583
26.0782
949.398
982.295
1012.6
26.7482
1021.79
1064.62
25.2034
1021.58
1039.1
901.639
1045.18
-5.86783
39.3344
64.4564
-0.0550002
65.3921
104.259
945.982
31.4111
-0.0760339
930.75
421.497
982.553
802.739
402.785
21.3832
874.509
847.788
620.103
782.923
-26.4795
937.633
835.458
845.771
813.114
32.5152
891.912
33.8706
786.848
31.9485
27.2587
966.58
26.0436
464.912
785.543
846.458
650.162
565.402
48.6051
34.3383
336.932
32.7241
1013.86
7.49096
1.972
447.904
166.97
26.409
118.852
697.048
692.175
603.795
1027.32
145.113
64.7215
79.712
16.1633
96.5972
42.9814
59.6253
220.586
-2.89402
466.86
-0.253526
27.4249
928.275
830.424
26.2316
26.0919
24.9675
25.4111
235.746
26.6156
25.9292
34.077
42.1561
30.441
31.0696
757.006
85.0405
84.4634
-15.0418
72.2736
0.0835395
26.2547
44.1711
98.2179
31.5773
-11.3535
-1.43658
247.363
28.8964
3.17855
2.00878
29.8886
2.19823
27.6415
17.8668
-0.694359
11.5705
2.02421
-24.4867
17.9399
52.6415
-5.50755
92.7365
-3.10454
-31.4238
16.9908
28.4285
6.2308
15.2536
19.1533
47.9465
24.562
16.3918
24.2704
135.003
21.6984
7.88533
33.7998
12.5751
43.9343
57.9497
598.139
-0.307157
225.033
67.0788
1.79051
-1.40078
1.13792
23.2017
224.061
31.8372
1.85001
12.3466
1.60604
38.1633
16.0047
21.8308
33.7829
139.599
1224.62
21.0137
60.768
53.3051
22.3563
37.9212
25.6173
23.5947
30.4761
31.0361
35.1074
202.473
3.29654
2.36395
4.90892
0.937639
8.99464
10.1346
2.67038
3.90011
0.532297
-2.15786
760.957
3.61582
577.39
178.628
262.107
402.428
357.591
228.08
4.06624
17.2781
924.936
-0.274682
20.7676
27.837
45.7663
155.334
323.741
760.945
344.572
256.495
176.13
228.263
5.20108
279.71
42.786
29.9832
44.2011
32.8695
2.71805
2.04652
5.44126
42.5641
66.3388
268.388
44.2399
52.0597
40.4936
58.2136
319.268
579.593
2490.01
120.694
2.33895
30.5688
3.35018
2.34588
2.5883
3.18469
2.81435
2.33148
-3.25409
2.16599
2.42914
2.39244
2.3765
1.95578
2.58109
3.08597
2.44626
2.96237
2.36629
2.74261
2.37981
2.92046
164.719
2.69607
1050.82
132.656
2.85918
166.952
2.55383
9.27829
2.63499
460.651
6.42504
97.9116
164.234
5.38243
1079.5
968.968
1.9646
0.317862
959.836
6.42811
0.647772
7.28091
2.13982
9.57967
1078.64
4.44914
1152.97
-0.175475
482.801
4.28623
2.015
163.406
-5.46061
3.1969
902.589
539.184
32.912
709.158
2.11706
10.7676
2.23964
2.29814
1.83661
2.25872
1.98097
2.2402
983.902
20.9313
2.09388
0.010989
0.922307
-1.97621
889.478
794.349
1488.88
-0.243655
1.84244
102.524
2.06487
55.1136
2.66046
102.304
2.41611
25.5531
-6.11321
1161.72
5.06854
43.7965
22.1069
215.664
3.02315
547.057
413.454
3.57231
3.96108
16.6094
2.13867
2.05327
2.1066
207.889
30.5527
2.01053
2.05274
1.23348
1.92051
2.03506
2.05465
2.47622
2.27147
2.07258
2.26754
2.08513
2.61842
1271
2.18627
2.0695
32.3723
1.87857
1.99572
18.0181
0.941321
699.075
1.83271
-0.922338
260.705
2.0121
1.76535
1.8409
1.65486
1.67702
1.56534
2.24883
-6.63374
2.03819
-0.0482263
2.00998
3.17234
1.99407
32.9197
1.73784
1.87609
1469.76
379.651
1.61722
2.08367
1.94901
1.98851
1.7213
2.18221
1.76927
1.2016
1.79881
1.76093
450.494
1.79125
1.68427
1.6344
3.78442
5.23749
207.117
10.2369
-0.0418915
1.40857
-24.4019
1.72193
4.16563
2.09863
22.8996
6.00805
1.55785
2.14691
2.1531
2.12081
2.78538
3.80144
2.19537
2.04908
386.764
210.613
2.17957
2.97219
9.4133
2.00826
2.03852
1.97763
4.60612
890.741
89.4219
1.77141
7.86013
2.22233
0.153488
0.709946
907.904
77.7533
886.092
1024.27
1072.58
933.11
282.035
1041.72
8.73474
1.68106
2.28606
816.145
664.902
798.834
-3.5348
1002.87
2.44018
107.836
81.997
37.1353
-0.0424543
2.033
2.3263
40.123
1.76106
1.91673
15.1245
928.632
1164.89
29.0378
1110.47
1137.73
18.2202
194.337
1.79881
-0.373413
1094.03
2.01751
1106.98
1180.41
1072.38
1041.7
40.2236
23.0595
1.92264
1.99401
1.85348
1.81342
1.84871
451.591
3.69523
1.87401
1.88755
2.16017
1.83117
1.858
1.90867
987.342
744.084
1.86247
1.79073
2537.61
15.5087
52.8395
1.92622
2.01395
1.94543
301.422
2.45134
1.991
0.715148
2.07177
2.07978
1.78666
1065.21
0.981179
-299.143
1.97199
-11.7741
2.55917
494.319
-0.078136
1.76835
1.81719
1.76985
1.84727
1.59195
1.66115
1.85535
1.60714
1.98491
-15.9483
1.95139
23.5616
1.38326
1.76351
1.10065
1.64384
424.735
466.255
-2.70234
223.076
1051.6
-5.61101
1.99319
160.281
67.7063
2.21257
-2.88967
1.94762
2.13798
2.99401
-1.50355
-1.13109
-1.86718
382.94
1.57637
183.874
338.863
-0.644603
58.7517
95.3281
2.64826
-0.723905
-0.86297
-0.00620618
-0.155866
1.05229
1228.31
1.69842
0.098814
-0.110556
0.758567
1.06438
1.7424
0.0987711
0.134099
-0.0618128
0.0233805
0.462052
0.389887
0.189936
1.55273
-1.5104
0.0247814
-0.0190028
-0.275975
-0.752137
0.766574
0.0518096
0.0247727
-0.018969
0.732501
0.726909
0.815889
0.444734
0.409927
0.0159218
0.217937
0.358786
2.04588
26.4613
340.151
1.14495
2.04746
1.32835
1.8505
1.5306
1.4854
1.79053
1.42796
1.65565
1.41439
1.86845
1.40849
1.37646
5.63396
0.540331
210.125
1.79247
1.12073
0.182204
0.522752
1.45587
0.800029
1.89369
299.218
-12.8505
-18.2842
-1.69938
-3.61363
3.52274
3.22945
0.890149
1.36961
1.96208
1.28252
-0.460828
3.93873
4.05182
-0.785251
-1.50463
-1.13852
-0.250283
2.57943
132.339
3.16228
4.48937
-5.40094
24.8815
-1.87062
-0.122387
6.53239
32.4815
2.43423
6.08986
5.42418
13.6374
-1.2202
-0.224895
-0.252543
1.82216
1.51098
-0.355771
-241.878
-1.71779
17.6804
-0.160973
-1.41144
-3.48752
-1.27636
-0.0793259
-0.158972
-0.129987
-0.397108
-0.469208
-0.0546501
-0.164056
23.3728
1012.89
0.122495
1.92429
4.4606
-5.59097
-0.12287
39.1491
-0.0506479
0.388275
2.11811
-0.0822113
-0.0324986
-0.523305
-0.140603
-0.0145396
1.96732
-0.018514
-0.273958
-0.0748154
9.39042
-24.7968
0.0682353
-0.0466696
-0.0667458
-0.0464562
-0.0659847
1.85045
-0.0617333
-0.0520752
-0.0628701
-0.0329744
21.0034
-0.0354016
-0.0357163
-0.0302969
-3.62723
87.8666
-0.169002
-0.165562
-0.194447
-0.178653
-0.0828846
-0.0654957
-0.130678
-0.114555
-0.126283
-0.0724202
15.4974
-0.267913
-0.0393562
30.9059
0.516081
-0.0996009
-4.68627
-0.20216
-0.0842109
1.54136
-0.419277
-0.0543819
-0.209349
-0.243739
397.337
2017.96
1795.24
45.4755
2029.38
2106.09
2.91784
1086.26
342.58
0.0240241
0.782069
0.0107655
0.0596565
-0.0724505
23.4085
-0.174208
-0.0351317
132.111
-0.0241469
-0.037152
-3.2774
2.56396
27.9889
2914.14
2843.04
-13.262
-0.058929
85.9112
1.72453
0.831676
0.17662
1.42298
2.26355
2.37025
0.023427
1.47913
1.86849
1.90298
2.6524
2.10618
2.16133
1.4028
0.592635
-0.0324212
-0.165353
0.0338793
1.45209
0.897098
0.69138
-0.0486009
-0.0120721
-2.50372
0.248035
0.333675
0.0641169
0.0308412
0.058872
-0.492661
0.0337262
0.119366
-0.326785
3.44022
-0.153779
-0.117482
-0.0708392
1.36691
0.444809
-0.00984635
-0.25134
-0.143075
-0.232807
-0.0751331
-0.00368344
-0.145285
-0.226494
-0.247968
-0.233164
0.218876
-0.245335
784.909
0.0118732
-0.363946
0.510655
1080.96
-0.127168
1600.85
1652.48
0.780064
0.0983999
6.86685
-0.0613764
-0.138116
-0.266009
30.688
1676.39
0.498067
0.44194
1609.36
979.407
1.54146
-0.362162
0.841669
1545.39
38.1095
0.524405
22.7309
1.53695
0.27989
1.2164
2.21452
-0.19407
25.3685
21.9361
0.268522
-19.0835
0.99897
1470.48
2.16224
1.9506
2.05139
3.06737
-0.0888517
2.75791
135.514
2.46358
1.8238
973.681
97.2514
-0.156741
0.30962
2.83527
0.309381
-0.126542
-2.45745
1649.98
15.2878
0.232851
2.16705
949.949
-0.151056
0.193147
1323.96
1687.45
38.098
194.864
-1.82019
1531.09
3.89679
-1.32765
-5.41273
0.281737
15.8925
8.16336
10.136
6.59147
19.4463
-11.3443
0.967439
1618.19
1433.55
268.336
11.1588
-2.83146
0.954511
1826.6
9.96923
1889.76
1773.83
-0.0505784
20.5795
13.0852
0.105598
11.4123
1551.27
912.958
-0.0196327
-0.628093
553.219
1779.93
-2.37999
2.75069
1052.34
29.8982
461.171
1.85922
2262.39
16.7148
2054.04
0.635389
2040.57
-0.268478
-4.30011
-0.346013
46.4732
17.4733
14.3995
8.08166
25.4299
0.395788
0.149295
10.4753
2137.89
2.43968
0.659546
1192.5
4.17219
16.4509
-39.4454
8.79871
1990.48
2.93053
1573.32
10.2869
-5.70403
-25.4746
-28.0607
-43.2424
-42.0531
-38.9462
-13.2358
0.112183
4.9808
9.66828
-24.9956
-11.2029
17.0147
-9.73901
-20.6014
-7.31737
-31.1737
23.1342
-13.6782
-11.1919
606.942
26.7788
-35.3555
-0.514795
-31.1165
-26.2237
-30.9848
-8.96045
-44.2067
-7.74008
-19.3495
-19.1283
-21.1874
9.88167
13.8164
12.0393
-5.77325
-11.7103
-1.43815
0.709793
-19.7032
-14.9593
32.1636
32.539
42.1711
1.3751
-15.6547
-20.3009
-19.8259
107.068
2802.15
-16.306
-0.074377
1.88887
0.0319369
-3.30943
21.5774
297.322
2735.14
-0.0626923
0.645786
-0.912398
0.637506
12.5974
-1.07826
0.576241
-0.220491
0.0412319
2.86836
5.48899
7.67426
4.68735
2.88593
8.12141
289.205
546.33
0.434444
485.474
7.99659
2155.92
2551.09
844.238
1942.77
417.036
20.81
-0.00684643
-17.6656
1.257
2692.82
2600.89
1967
2666.53
55.7802
2213.82
2118.07
23.2439
75.1681
2445.89
6.88891
4.95024
2537.67
2563.18
7.1416
-1.73666
10.5185
4.17703
1.92274
78.1028
9.12902
-22.5903
-38.7777
-4.20046
-3.64263
1027.67
6.60523
-2.70122
6.28822
-2.22313
-3.08313
-1.06437
2.44232
0.494283
-1.67204
-0.817727
1.4494
-0.933359
0.313274
-0.0275108
-0.107838
2.71871
-1.43762
-0.00912677
23.0224
0.0519025
2877.62
-0.0826344
-0.0805706
4.04271
2831.7
-0.739373
-0.825101
2825.77
1.68081
-1.66231
-1.96854
2.31162
21.8492
-0.821027
-3.5122
1065.05
-1.4907
1.08573
20.2662
-2.01477
-1.62512
-0.651757
-0.925357
-2.17992
1.55413
-1.54832
-0.914983
-0.555089
-37.1149
-4.72035
-1.99066
-0.892659
-2.55151
-0.465641
-2.28891
-3.31839
-2.72123
1.29057
383.878
-2.57006
-2.30776
-2.54797
-1.29246
-1.52712
-3.16177
2.68759
-2.52336
-2.37449
-1.42164
1010.56
-3.27564
21.776
-3.28154
-2.67492
2.20463
-1.55481
-2.44884
19.7293
-2.30869
-2.44208
-1.99032
-4.46149
944.969
-14.086
-19.7582
2.39947
-2.34674
-3.80675
-2.79582
-1.02382
2362.84
-2.8713
578.148
-0.909195
-2.87864
-1.6047
-4.02936
-4.81145
-1.5276
3.44269
6.88865
4.56099
1.04662
8.16115
1.64605
-0.0988491
-2.59861
-8.60678
-5.09063
3.87576
193.682
-13.4108
-6.75803
-13.6694
-5.94414
-0.0330352
11.6204
-14.8006
-14.7845
-17.7298
11.8734
11.2627
9.08115
12.6162
8.92286
18.5548
-9.16023
-39.2415
-23.4709
58.3568
-8.77475
-10.9414
24.5501
984.109
4.0056
-1.44763
-3.56861
-7.85054
-2.81887
-5.54426
41.8332
-2.50734
-2.93987
-3.25919
-5.38609
-2.43877
-11.7103
-0.803998
-6.93246
-5.32113
-9.34516
-2.69538
-2.31968
-4.27179
-98.2552
-3.09372
1.93583
-0.624235
745.272
137.544
-6.84133
-0.312696
2.74198
2.285
2.04399
-1.7076
-2.15398
-2.47279
47.0485
-3.32604
-2.51837
-0.782625
2.00052
198.953
94.2547
2.3241
1097.36
-1.01478
-1.93801
13.6714
12.1376
14.9549
9.96576
788.012
14.8109
18.6535
17.1901
-10.0362
12.572
15.8504
18.968
60.3212
-3.59014
64.6209
-2.74465
7.91317
1.51303
1044.67
330.387
201.847
20.71
1.4352
24.3168
368.786
3.2986
51.4887
356.724
268.599
61.1192
66.7
373.668
21.4921
1063.93
473.927
1177.51
104.161
1107.59
100.565
23.2806
73.7051
25.7119
25.2543
17.3175
1.38344
19.2576
20.3315
20.8094
24.9167
25.2839
-1.79561
217.809
1.42845
372.43
13.3755
-261.8
1.42741
22.306
22.7994
18.94
19.6576
16.2345
21.7592
21.1046
-0.0967464
-1.9826
49.0799
17.655
16.4754
24.9757
25.1716
23.5864
17.8192
23.7377
24.2358
23.1418
23.6004
25.1623
25.4415
24.3762
23.5083
24.8731
23.4502
1038.19
20.0044
1.07683
24.4338
22.9958
54.3564
18.413
16.8117
23.8135
21.4589
20.804
21.0036
22.1876
22.8951
20.6011
21.2402
19.5546
21.121
20.4415
-1.17585
21.2384
25.426
22.4526
23.4022
21.1581
20.9698
22.257
28.7608
22.2422
23.7325
23.0061
25.474
23.533
75.5892
21.8689
22.068
21.6721
1072.24
1069.35
-11.1958
1.48163
977.956
1005.82
896.259
605.413
206.404
512.46
112.461
24.0679
36.6693
893.882
-2.15942
23.3444
726.882
2.04502
22.9416
40.5585
82.4937
62.485
936.6
2.40583
21.6098
147.254
23.1223
82.2504
204.775
1126.27
24.2604
598.924
21.8669
1115.82
13.2136
21.5338
22.6732
1015.18
126.176
978.873
819.811
968.751
990.314
718.704
771.646
24.6522
22.3452
883.461
438.135
24.7995
14.0086
731.868
626.921
-108.437
35.0594
1116.82
-283.969
-293.641
-274.148
220.074
1083.03
978.63
228.869
1.15465
-203.496
-137.741
1058.21
768.065
112.192
1061.73
-265.559
230.55
1046.38
14.8186
25.8463
1613.71
922.018
1242.45
26.4817
15.3139
941.444
-280.025
-5.12622
-308.777
129.333
10.3537
-272.781
1063.02
-297.312
-223.739
-302.574
-267.81
-308.962
1008.45
-310.06
-284.346
65.2836
438.451
0.871859
293.815
-28.8919
-170.823
-306.065
306.823
33.3175
16.5914
64.3381
0.344347
133.367
338.449
-203.865
-256.814
25.8401
26.0525
93.2232
709.16
459.771
-228.562
619.81
209.755
410.305
32.2605
312.691
873.197
29.0934
24.7169
629.042
370.412
807.208
23.6289
121.161
16.9576
83.4943
166.153
694.961
-292.204
25.1097
210.615
24.7142
250.365
39.7572
23.4883
48.1433
25.1177
30.8539
202.833
701.735
46.5839
76.5177
27.3445
31.7973
87.0826
546.638
234.393
40.8254
47.312
52.2045
42.5554
142.635
38.7253
33.323
46.7654
42.8842
35.6043
33.7797
12.3504
109.636
33.1651
32.512
33.9785
32.1752
31.8738
23.4118
33.3358
21.4268
33.3643
104.518
33.5178
32.923
48.8594
34.1256
88.5921
59.4485
0.679084
45.7953
142.62
107.401
100.749
109.201
38.4277
34.0463
34.1917
36.092
-21.8488
34.3715
34.6328
33.8177
108.545
31.9275
33.2074
33.9109
66.5625
53.8427
116.453
89.7145
33.6996
36.0618
33.9576
45.1553
61.8459
79.4884
33.6885
144.216
35.0292
156.368
34.1397
32.127
37.3665
24.876
31.6512
31.772
32.5733
59.5326
66.3625
94.7523
31.1712
30.4021
35.2975
343.143
143.93
1777.93
0.0504246
2.04192
206.266
733.487
58.2723
408.442
32.664
82.0693
35.8388
82.1606
0.365099
2.01952
212.792
51.2987
31.6481
31.3077
31.5585
31.8321
605.748
36.9283
32.1876
32.3026
32.3137
33.9667
37.022
-0.0231207
60.8995
37.1318
49.758
31.7192
32.0124
55.1096
30.7972
32.9032
31.6467
32.1435
32.3667
32.5241
31.0831
32.3972
33.4223
23.2446
32.3461
266.618
277.892
31.5827
1018.78
31.2808
516.382
1.90862
35.8856
302.122
1.7409
-2.15629
850.258
2.19028
62.5852
11.3088
32.1037
2.3307
741.122
343.127
-0.0435716
49.0946
33.537
22.376
134.224
-0.156504
1434.94
21.8296
34.7195
695.04
17.3414
173.818
138.203
24.1495
2.14652
21.1296
275.592
1127
32.9827
34.5865
1067.09
3.59516
2.77102
58.1211
22.1042
20.4325
21.9466
130.453
21.2218
535.317
19.8007
165.658
-10.3563
33.4864
269.551
20.8157
4.15621
24.3406
1299.34
-12.4508
1.40425
0.471948
3.87554
-19.7165
1716.92
15.5655
2.4844
19.703
1.95552
876.32
6.47996
18.7974
-0.182288
9.18407
15.9895
20.2503
-2.86557
23.5357
25.6403
24.5496
21.5845
4.8932
22.7951
-0.692914
-7.39168
23.3939
12.2998
23.6782
17.5013
21.2363
19.3362
17.2883
21.8156
-26.2633
25.0086
2.00416
-7.54092
24.2319
760.285
18.9256
-2.71829
1176.48
19.226
709.767
-0.717069
23.7853
22.8696
22.6891
24.7447
22.0199
23.0276
709.56
67.7721
22.0135
24.5861
21.1336
20.5899
2.10332
21.0507
22.6785
25.0304
236.297
49.531
53.5033
23.9999
25.1344
25.3161
32.9624
146.33
167.836
22.9929
22.7833
473.178
1.71108
23.3755
23.3229
23.6437
127.359
-2.01034
29.6842
2.12692
-6.27793
24.6804
14.068
-8.76978
26.1349
25.7873
23.2083
23.0573
66.2619
21.6177
0.473424
29.3573
-2.64204
24.6033
25.8204
0.0987917
25.6763
23.8007
119.45
14.1489
24.3405
25.2171
1530.89
18.646
26.228
9.61922
23.6644
525.905
22.0272
11.0735
17.3977
14.4133
26.4215
20.6585
19.1383
-14.5377
0.23866
0.930544
23.8486
-3.71435
22.2095
21.6552
23.8239
24.0129
3.4441
18.773
-2.62448
9.91091
5.24575
5.17751
12.0825
693.564
22.2303
2.23275
4.19499
7.38239
2.1015
24.2947
25.6065
1031.88
1164.52
-288.954
489.78
20.1776
23.6766
309.901
-23.6709
33.9185
-11.9824
30.8884
36.7184
56.8619
21.3311
30.7499
1188.96
20.6327
39.5422
32.7475
36.1256
32.9115
63.3787
32.68
32.0777
62.8888
32.422
19.6704
840.409
2802.52
34.4139
95.9545
34.0548
32.9908
33.6898
33.1316
32.2095
34.0166
57.8562
34.8572
32.173
31.4417
65.9192
32.635
-0.16475
18.0357
39.5297
1.96811
24.5118
23.9252
23.2986
20.967
23.5849
-0.0774253
438.581
24.2112
25.5628
25.1667
23.7636
52.3752
55.9616
21.755
23.9336
803.685
-276.993
781.755
23.5039
29.2346
50.3937
72.8961
81.7023
271.646
59.4804
31.4414
37.0189
88.714
2460.48
31.9325
61.9381
100.609
55.1812
33.9085
42.1047
-53.8623
405.148
1.31888
-188.939
76.4312
30.5231
-288.476
290.424
-245.251
22.0705
163.464
396.518
1159.67
170.673
372.822
-6.09486
864.905
221.949
593.79
1009.87
322.521
967.738
-3.11956
-1.37244
-133.469
20.9905
246.316
1011.61
772.077
20.5568
1090.07
739.977
1051.76
55.0567
21.3711
910.663
665.405
23.1169
214.44
190.927
21.176
22.3719
20.8644
331.728
21.5841
20.6905
23.1928
107.311
24.1422
22.8981
65.0071
22.5986
13.5379
83.5107
23.927
26.9223
-13.4012
23.2197
21.5421
19.9476
24.8908
23.9351
452.346
338.024
8.8806
23.3004
274.949
22.546
23.755
319.681
1086.79
1020.3
-0.162488
22.2709
25.1613
21.2419
543.872
21.6129
36.2403
103.058
9.76653
195.053
-3.25241
-1.57779
17.6424
9.34054
0.531899
0.672312
98.3802
-0.970375
587.271
253.217
16.2746
2.93778
2.36595
2.45453
91.1984
-3.97569
126.405
2.08112
-18.8165
21.6437
-1.3428
2000.14
23.1758
1806.61
-0.340815
2.18089
-0.122898
25.7213
32.4146
1.94892
24.8767
24.2962
24.7711
32.321
1491.18
-0.00891869
-8.43972
0.0356168
676.499
-0.0659332
50.6843
0.792406
1005.91
-8.24403
-0.00259658
-2.69594
22.4775
0.0918227
0.788312
996.511
234.278
-6.18582
-0.052774
1072.5
-3.67241
0.317805
-0.056677
-3.78097
-0.68675
-0.0505488
-19.3165
-0.0248983
-0.0511983
0.106549
2.06591
-0.0708925
2.12226
0.881921
472.024
1.32773
1205.56
27.4598
6.80289
-0.177288
-2.73791
24.601
2.88072
-0.11285
5.90915
2.53297
1099.19
-4.26167
-21.4233
206.49
-1.34682
0.00854115
40.0145
-0.484938
-0.000693111
510.242
-0.0156013
2706.22
-0.0476128
-0.174511
5.22519
-3.41941
1802.69
1942.1
1.92557
-8.71444
1383.12
0.331957
209.488
1.25958
-0.0469658
2718.31
-9.2876
3.79657
-0.111503
7.23073
-0.0313402
-0.890518
-0.120793
2.72353
0.237661
2700.33
2827.43
9.283
-0.338467
-0.0728064
0.0446243
2.12466
0.828852
1174.62
-0.0597284
-1.5482
-7.65188
-0.857442
1.57987
1980.02
-0.237144
-2.38467
-0.128609
-28.3464
-0.254451
-0.0208557
-3.29186
-0.0764529
-2.26232
-0.299704
-0.16199
22.9859
-0.546457
-0.0899179
134.941
-2.83228
-4.2407
-20.9207
334.121
-3.5988
-3.90958
2804.85
7.62449
1.47792
1.01818
1.48295
0.432563
1.81513
-28.4713
27.6101
1.59453
-0.112067
-18.3562
1.96001
7.13965
0.890511
-0.382679
57.4203
0.61005
-0.296549
2.59748
1.4885
-2.68698
367.1
1.81949
-15.7176
-19.451
0.786401
4.29548
-2.15775
-18.6068
-28.5909
1.6261
866.564
1.84245
5.59422
-16.5461
1.85115
-1.95703
2.74434
1.8593
1.89928
83.2829
1.46353
1.85956
-1.75651
1.64963
1026.75
0.1678
-2.16586
1.13764
-14.9333
2.15365
408.271
1.88676
2.0607
2.83865
1.86562
1.86235
2.32209
1211.93
-0.871578
15.5248
1.72061
-0.0628361
1069.95
834.93
852.138
-0.726931
47.9968
-2.46015
5.68857
2.50606
1101
-0.0488787
-1.18493
968.133
995.145
11.8996
1.85693
982.428
5.57812
2.11375
-2.52258
7.44016
8.31084
36.2366
1.83881
2.07033
38.8745
2.1788
868.822
1.36998
1.88751
2.08172
388.76
28.3662
-4.36223
54.4449
1.96513
2.61191
-12.1326
1.99231
2.07776
2.15205
2.0449
0.859108
1797.69
4.76191
1.88782
2.17401
1.82825
2.83454
0.83239
1.79647
2.55572
10.8374
2.50494
2.18018
-2.78195
3.17207
-0.11576
-0.177364
9.68646
1.98262
2.79586
2.04193
33.2701
3.89496
-9.53358
1.96005
2.50859
2819.05
21.627
20.179
1.72187
1079.5
1151.38
-3.06874
-0.0852777
-0.64548
2284
452.647
9.42273
196.035
424.569
2.05815
308.534
-5.43458
34.5111
1218.92
120.112
51.1561
664.538
750.128
640.665
0.473834
63.5694
31.7864
-1.37886
2.02031
19.4405
1.90453
27.236
15.7873
2.84559
15.5905
13.7856
25.7189
56.7427
12.0713
789.731
-1.63844
20.8029
224.117
-196.617
25.0188
24.4697
894.265
13.3222
2.07856
19.0113
32.307
341.756
25.9728
83.6597
32.7407
32.7886
30.4487
14.893
-0.496115
29.5634
25.329
956.908
142.013
733.677
38.906
397.463
2.60678
26.8665
89.2716
29.0573
10.3978
128.628
-2.8229
32.0157
0.427873
425.607
16.0433
1075.33
-0.169732
268.195
567.559
-0.250089
1050.87
1088.92
-19.8705
26.7445
25.0549
2.34116
23.834
14.5966
-1.48518
-39.3485
0.467764
31.6034
6.80427
669.844
812.171
40.0637
426.385
1117.28
424.983
60.66
911.474
1170.88
9.31599
-1.24672
39.6203
26.5015
29.5058
21.3488
286.513
1.95175
35.6796
1034.24
1.17888
723.54
657.277
-6.53504
30.7821
1132.52
15.6165
-2.88271
3.70566
158.487
-2.36848
1.83465
638.011
39.4565
1.62394
1.29239
2.34873
1.84135
881.835
1.85561
877.591
1.67753
4.19906
0.23401
180.428
0.594183
0.168554
30.8038
1.52199
1.58486
1.7565
2.82968
-4.97574
8.9582
4.49983
2664.49
-0.0373917
9.3377
23.8583
1.54704
2.83542
587.375
1215.67
-0.204262
2413.12
-7.35146
-2.38658
23.9592
7.95702
-1.84558
5.37973
25.8114
13.8205
-0.800864
-3.17729
1167.24
17.0852
-1.33651
0.22775
176.808
31.4932
59.8929
0.913449
-0.438093
-0.0623408
-14.469
33.6236
23.4366
3.27703
690.374
8.0543
24.0716
28.806
19.1168
17.4911
26.4996
3.89537
473.754
26.0436
303.114
1355.04
-34.9957
26.4706
11.1796
-7.8164
1.70851
-0.0481045
22.1942
773.358
969.404
-0.0976994
2760.58
25.3221
23.1906
32.8129
19.977
23.6819
0.112049
-8.67133
-0.518559
158.459
2.20926
1016.07
-0.0328705
2.35945
19.1941
22.6827
-16.5211
812.37
42.9197
26.3174
-5.62711
7.60573
2.94491
1629.9
226.663
116.788
-38.3314
-16.3227
0.071478
2.12537
-0.131026
2810.56
14.2356
1.99163
171.217
222.9
621.757
1.19661
481.348
0.366058
2.24659
-0.14836
1326.82
2.06161
2.01597
28.7094
-6.46995
1067.11
184.252
12.5331
2.14811
2.89473
800.482
831.598
-4.60947
1026.92
1122.19
211.136
112.992
0.573189
1302.33
23.145
53.4488
-0.0358826
-34.7241
2.23825
967.941
331.186
9.03499
-0.230852
36.8256
-0.884095
-3.80059
3.94075
10.9727
-1.15794
3.00957
-4.06007
0.33776
)
;

boundaryField
{
    FrontBackPlanes
    {
        type            symmetry;
    }
    wallz
    {
        type            fixedFluxPressure;
        gradient        uniform 0;
        value           nonuniform List<scalar> 
97
(
2808.1
2764.14
2777.14
2835.66
1116.97
1577.82
1233.1
599.585
1613.32
108.12
66.6225
109.426
1008.67
1001.43
1086.58
429.789
-43.7448
176.082
156.613
128.606
134.823
845.815
973.539
1057.02
180.715
25.6922
65.6907
33.7558
107.44
236.144
1235.64
1063.23
1127.03
90.6292
276.564
646.575
689.186
720.65
1152.16
1162.03
1467.61
-168.261
969.021
552.347
308.006
430.863
3327.71
647.229
2772.65
1213.51
628.436
635.176
573.964
-42.585
92.5251
218.175
1103.32
1184.31
220.681
369.244
10.4442
245.942
4.53698
1019.98
1052.63
1634.33
1497.94
91.7139
158.282
-33.5736
255.482
139.228
981.922
962.701
757.807
899.605
268.526
158.254
111.583
197.639
1898.63
2016.16
114.806
2728.6
2780.84
2764.92
2878.2
1531.22
1674.68
-0.281363
1269.26
-254.711
225.033
451.591
485.474
75.1681
1176.48
)
;
    }
    outlet1
    {
        type            fixedValue;
        value           uniform 0;
    }
    inlet1
    {
        type            fixedFluxPressure;
        gradient        nonuniform List<scalar> 2(-0.00265677 -0.00134975);
        value           nonuniform List<scalar> 2(2789.44 2782.64);
    }
}


// ************************************************************************* //
