/*--------------------------------*- C++ -*----------------------------------*\
| =========                 |                                                 |
| \\      /  F ield         | OpenFOAM: The Open Source CFD Toolbox           |
|  \\    /   O peration     | Version:  v2012                                 |
|   \\  /    A nd           | Website:  www.openfoam.com                      |
|    \\/     M anipulation  |                                                 |
\*---------------------------------------------------------------------------*/
FoamFile
{
    version     2.0;
    format      ascii;
    class       volScalarField;
    location    "0.2";
    object      p;
}
// * * * * * * * * * * * * * * * * * * * * * * * * * * * * * * * * * * * * * //

dimensions      [1 -1 -2 0 0 0 0];


internalField   nonuniform List<scalar> 
6576
(
-390.344
-411.279
-381.284
-387.036
-397.384
-376.561
-376.54
-365.165
-383.543
-380.853
-382.695
-372.668
-359.888
-374.667
-285.846
-302.696
-338.091
-333.291
-308.573
-303.065
-337.787
-370.308
-379.944
-449.266
-279.707
-241.23
-165.936
-420.87
-416.812
-415.716
-406.867
-398.612
-360.19
-264.222
-245.805
-261.694
-288.091
-287.196
-277.067
-281.44
-315.546
-363.08
-311.246
11.9565
9.23229
11.8278
9.61342
12.1873
11.4137
10.4537
8.43581
11.3352
-2.91805
-2.92027
-2.93448
-2.88442
-2.88975
-2.90604
-2.89891
-2.92042
-2.88824
-2.87757
-2.85852
-2.89263
-2.92084
-2.88563
-2.67942
-2.71819
-2.73507
-2.75174
-2.71576
-2.78655
-2.74951
-1.40008
-1.3415
-0.96306
-1.51822
-1.66482
-1.82176
-1.38502
-1.50245
-1.6759
-1.70671
-1.53205
-1.3203
-1.4976
-1.59791
7.42981
6.28694
5.51134
5.2352
10.3382
5.8473
6.27515
3.71257
5.11023
3.5526
4.78349
5.1553
5.52463
4.49062
89.5864
63.0789
55.4582
63.4488
90.2421
42.3391
69.7107
69.0929
55.9918
93.3971
43.1787
67.4998
68.1179
-2.88591
-2.91054
-2.95779
-3.03802
-3.36895
-3.06312
-3.04746
-15.011
-53.1369
-136.945
-84.5894
-26.2589
-42.7814
9.29158
-2.8737
-2.96722
-2.98024
-3.45024
-2.84744
-3.79405
-2.82197
-1.58232
-1.55058
-1.58824
-1.58597
-1.54582
-1.53478
-1.57131
-1.72511
-1.71825
-1.69106
-1.71758
-1.68562
-1.67748
-1.70814
-1.82588
-1.81045
-1.84929
-1.7736
-1.7961
-1.822
-1.79943
-1.83424
-1.85699
-1.82878
-1.82474
-1.84758
-1.82296
-1.79912
-1.82997
-1.80715
-1.91106
-1.9473
-1.92285
-1.87912
-1.90184
-1.92456
-1.90118
-1.91733
-1.93493
-1.90381
-1.89646
-1.91475
-1.87243
-1.88891
-1.89358
-1.87634
-2.02014
-2.02981
-1.98891
-2.00208
-2.0094
-1.95731
-1.95262
-1.96908
-1.97315
-2.10199
-2.09441
-2.15067
-2.09714
-2.05596
-2.1284
-2.07947
-2.04232
-2.06997
-2.07059
-2.01052
-1.99582
-2.03083
-2.04704
-2.20081
-2.23305
-2.18795
-2.0982
-2.20008
-2.17474
-2.09383
-2.94727
-3.08221
-3.25029
-2.72722
-3.00313
-3.09367
-3.13978
-2.52105
-2.54316
-2.45905
-2.43327
-2.46342
-2.46745
-2.41982
-2.35242
-2.3947
-2.31742
-2.34267
-2.30575
-2.25006
-2.2865
-2.14423
-2.10783
-2.14882
-2.1537
-2.10418
-2.09384
-2.1354
-2.08236
-2.08683
-2.0494
-2.09393
-2.12999
-2.07517
-2.109
-2.00738
-1.97227
-2.00081
-2.04334
-2.0118
-2.03268
-2.00257
-1.9827
-2.01151
-1.91009
-1.87105
-1.89465
-1.89744
-1.92178
-1.87269
-1.89625
-1.60145
-1.61978
-1.59675
-1.54582
-1.57633
-1.58191
-1.55367
88.6848
58.6128
53.4025
73.7154
46.1897
14.8745
40.1929
26.8921
53.492
5.40119
3.50193
7.00573
3.76569
0.714617
6.54823
4.78312
4.69533
4.72416
4.90159
5.05115
4.8628
4.88878
4.92158
4.81719
4.62406
5.48578
4.75583
2.43073
5.23647
5.96069
5.24668
6.16265
5.37686
4.90239
5.07739
-7.14268
-11.404
-9.26548
-9.71348
-5.69448
-4.01463
-7.79847
-0.673345
-1.89519
-0.673081
0.582332
-1.53154
-1.40355
-1.17734
-1.37369
0.205103
-6.18792
-6.0984
-6.95289
-5.28258
-5.66397
-5.62233
-6.01278
4.94359
4.92089
5.01762
4.79004
4.90299
4.96292
4.88369
4.9322
4.8911
4.92617
4.84336
4.78389
4.91983
4.8611
4.89215
4.93744
5.18997
6.01396
6.18459
5.08203
5.35067
5.03041
5.24859
5.07302
5.005
92.1794
91.8458
102.822
66.679
66.8066
76.8915
78.066
88.5751
88.0973
103.09
75.1285
61.1092
16.0219
41.6572
54.92
68.6761
6.089
5.59648
6.60422
6.00443
7.74149
5.94646
6.59932
5.31699
5.18538
5.48058
5.51305
5.52197
5.45226
5.43728
-10.0702
-9.32112
-11.1773
-7.86095
-8.1027
-8.29603
-8.98268
-10.7964
-9.52702
-5.59863
-5.31273
-5.52886
-5.48796
-5.76194
-5.4853
-5.73928
-4.45786
-4.58338
-4.55147
-4.5593
-4.79795
-4.53725
-4.74544
-4.6022
-4.48071
2.29015
-2.58447
1.06239
6.6988
-1.56069
-2.45446
2.06605
-2.99306
-1.93691
-11.6979
10.4977
-8.83929
9.61691
18
-2.15262
-2.16272
-2.19785
-2.13806
-2.17024
-2.16615
-2.20054
-2.23001
-2.26139
-2.28294
-2.26352
-2.23219
-2.2672
-2.29956
-2.16169
-2.1766
-2.21091
-2.17874
-2.14568
-2.1771
-2.21117
-2.17045
-2.20602
-2.15401
-2.15385
-2.18766
-2.13687
-2.1008
-2.15297
-2.11911
-2.31696
-2.35167
-2.3006
-2.31573
-2.28298
-2.35086
-2.31611
-2.43523
-2.37313
-2.4162
-2.43596
-2.47343
-2.4001
-2.4363
-2.43559
-2.45239
-2.48933
-2.41753
-2.38089
-2.41755
-2.4512
-2.7236
-2.70525
-2.66624
-2.72796
-2.76424
-2.72628
-2.68461
-2.54548
-2.57898
-2.58572
-2.58122
-2.61691
-2.63615
-2.60003
-2.7864
-2.72822
-2.74745
-2.55993
-2.57733
-2.51474
-2.9147
-2.87909
-2.87713
-2.87997
-2.91502
-2.89136
-2.85871
-2.86987
-2.87786
-2.91175
-2.8141
-2.85089
-2.8421
-2.8749
-2.89664
-2.93151
-2.86197
-2.86883
-2.81435
-2.85121
-2.91357
-2.87831
-2.89581
-2.86005
-2.8326
-2.86966
-2.93386
-2.91468
-2.9127
-2.89708
-2.87873
-2.8687
-2.81454
-2.85168
-2.88966
-2.91705
-2.91871
-2.93444
-2.88274
-2.88136
-2.89636
-2.89684
-2.57181
-2.55565
-2.51745
-2.58195
-2.62622
-2.56684
-2.60748
-2.57253
-2.53405
-2.3977
-2.36013
-2.41495
-2.42754
-2.47166
-2.39106
-2.43036
-2.40789
-2.46399
-2.4286
-2.38904
-2.41665
-2.46068
-2.42712
-2.25229
-2.26619
-2.28867
-2.27212
-2.31371
-2.31966
-2.27989
-2.00683
-1.96816
-1.98795
-2.04912
-2.02632
-1.975
-1.9512
-1.98443
-1.98571
-2.01612
-1.96444
-1.99293
-1.90583
-1.87939
-1.88665
-1.90961
-1.88955
-1.89405
-1.91634
-1.85544
-1.83499
-1.84239
-1.86136
-1.85387
-1.84683
-1.86063
-2.576
-2.59492
-2.55098
-2.65551
-2.58519
-2.56795
-2.60807
-2.61035
-2.54897
-2.62853
-2.69008
-2.53952
-2.67179
-2.55205
-2.54821
-2.64612
-3.04094
-3.17186
-2.97374
-3.08466
-3.03473
-2.84242
-2.88589
-0.598192
0.0456177
-1.33097
-1.53174
-0.996427
0.0998241
-0.576112
1.35622
0.988106
1.35718
1.52353
1.22501
1.57351
1.42145
1.74085
1.6225
1.48993
1.2816
1.42152
1.61352
1.51686
2.88308
2.77521
2.96559
2.98517
2.89647
3.13719
3.03074
3.54911
3.50411
3.37711
3.33057
3.1833
3.41046
3.43401
3.41683
3.32636
3.14871
3.34542
3.39103
3.46451
3.38356
3.34004
3.19142
3.19577
3.08082
3.53007
3.94538
3.84652
3.88128
3.45724
3.58491
3.74992
3.43198
3.68558
3.59621
3.84427
3.91321
3.7427
3.6299
3.50786
3.51699
4.8796
5.07056
4.68071
4.77705
4.44705
4.60213
5.44113
5.0566
5.13907
4.80592
5.17913
4.9432
4.93861
4.78209
4.96942
4.86989
4.91039
4.80199
5.65745
5.09069
4.88919
4.91296
5.29946
4.96252
5.69217
5.26702
5.00267
5.05861
5.19483
5.08519
5.1743
5.49878
5.22092
5.07624
4.74868
5.37912
5.03226
4.95881
4.71347
7.01532
8.9148
4.63957
4.43687
4.71879
3.95386
59.4688
45.7588
71.2678
13.5004
41.9249
55.069
89.7761
62.217
62.8243
35.9093
67.2099
91.7786
61.0944
66.8527
91.0638
46.2927
25.6105
71.7035
47.1815
79.5947
104.576
78.9073
90.2397
90.254
101.753
64.359
63.8915
86.6678
86.6955
61.0269
59.9398
92.9823
92.6972
103.392
66.4742
66.2811
75.664
50.4236
71.9453
57.7964
44.6113
95.2039
67.8093
61.0661
97.8498
69.0491
47.4816
78.5858
40.8245
18.971
56.5764
66.9468
40.8933
13.2589
39.6109
7.01135
7.96085
6.31905
4.46648
5.62183
7.36018
6.0809
6.21983
6.70598
5.80799
5.7107
4.50065
5.12064
4.15502
-26.5003
-33.4278
-22.925
-53.0555
-12.9181
-16.6214
6.86133
-2.76583
-0.00857147
-8.30246
-4.90026
3.60552
-0.0290223
1.52694
-5.45547
-5.60229
-6.81704
-5.58945
-5.51849
-7.22899
-7.99248
-3.93824
-3.11614
-4.99902
-3.25694
-1.95839
-3.56315
-2.81341
-4.39461
-4.05058
-5.7866
-5.31623
-5.27426
-4.53005
-5.98199
-4.66402
-5.94981
-5.05348
-5.82581
-4.89075
-4.82421
-5.00875
-4.967
-4.94195
-5.05009
-5.07122
-1.74151
-1.7494
-1.71463
-1.77278
-1.74737
-1.72798
-1.75453
-1.757
-1.75137
-1.77275
-1.77481
-1.76545
-1.78425
-1.79329
-1.84068
-1.85835
-1.82653
-1.79433
-1.81258
-1.89258
-1.91104
-1.94199
-1.8763
-1.84386
-1.87969
-1.90781
-1.93857
-1.88935
-1.90783
-1.90142
-1.8711
-1.90469
-1.93537
-1.84662
-1.80596
-1.86553
-1.84654
-1.88145
-1.91932
-1.88408
-2.00382
-1.93965
-1.98666
-2.00763
-2.04412
-1.97371
-2.00855
-2.00506
-2.02357
-2.05906
-1.94923
-1.9879
-1.99081
-2.02331
-2.20322
-2.14706
-2.14727
-2.14765
-2.09833
-2.1045
-2.14222
-2.16512
-2.08467
-2.14395
-2.15909
-2.12748
-2.08933
-2.29128
-2.34327
-2.28875
-2.27457
-2.23655
-2.30966
-2.23484
-2.27328
-2.45302
-2.43682
-2.48662
-2.41687
-2.4365
-2.37926
-2.48938
-2.45353
-2.41689
-2.45168
-2.77945
-2.74298
-2.72591
-2.70648
-2.66832
-2.70639
-2.74108
-2.72406
-2.74291
-2.77954
-2.70594
-2.66857
-2.70713
-2.74162
-2.87419
-2.89043
-2.8557
-2.70438
-2.72419
-2.66627
-2.77837
-2.74081
-2.70402
-2.73933
-2.87558
-2.89423
-2.93086
-2.85855
-2.89349
-2.89228
-2.89067
-2.93054
-2.89268
-2.89215
-2.87682
-2.85819
-2.91711
-2.9183
-2.93467
-2.87774
-2.87843
-2.89309
-2.89004
-2.91122
-2.86869
-2.87103
-2.91137
-2.87196
-2.85374
-2.88843
-2.68964
-2.6514
-2.70775
-2.71859
-2.76481
-2.72509
-2.68712
-2.72669
-2.76716
-2.36007
-2.38045
-2.32839
-2.44164
-2.40641
-2.36957
-2.40116
-2.14608
-2.15767
-2.19209
-2.14414
-2.20048
-2.1647
-2.21613
-1.98747
-1.99805
-1.96493
-2.01245
-1.97264
-1.96263
-1.93093
-1.93572
-1.94654
-1.96088
-1.94388
-1.96824
-1.89051
-1.8678
-1.88331
-1.90221
-1.90204
-1.89834
-1.88996
-1.8755
-1.88738
-2.7509
-2.66887
-2.6574
-2.71607
-2.64207
-2.62382
-2.59061
-2.60675
-2.65512
-2.0062
-2.03083
-2.09573
-1.97037
-1.89312
-1.96878
-2.03072
-1.89997
-1.96285
-2.05261
-2.09341
-2.04118
-1.92322
-1.9783
-1.95434
-1.83123
-1.72383
-1.86093
-1.75042
-1.61306
-1.5262
-1.60455
-1.69488
-0.819793
-0.994244
-0.826183
-1.03487
-1.12028
-0.976571
-0.916388
2.10702
2.04434
2.00611
1.92054
2.03055
1.85543
1.98367
2.48444
2.54394
2.60263
2.51462
2.394
2.32886
2.43637
2.45952
2.54421
2.3203
2.46977
2.5755
2.48882
2.46248
2.36113
2.26898
2.72003
2.87721
2.85666
2.86242
2.95861
2.94684
2.99129
2.64463
2.87089
2.79348
3.39644
3.56211
3.47087
3.79543
4.24643
3.86661
4.94707
4.81253
4.89731
4.95735
4.99271
4.945
4.90161
70.4171
57.5838
43.4944
65.535
52.9637
37.7774
40.2534
12.7502
12.5443
38.5911
105.43
77.4058
77.7981
106.162
110.685
124.858
83.5823
98.0136
101.223
119.931
81.5919
78.9352
56.0419
355.076
307.716
330.319
525.126
315.135
338.119
452.391
244.298
192.319
147.043
132.626
111.698
177.557
0.0641981
10.658
12.2038
9.59731
20.4345
10.6192
5.74327
28.8749
17.6345
65.4221
91.4086
125.514
51.5251
54.4872
-82.0285
-77.9506
-53.4916
-20.6351
-60.378
-23.6612
-26.4949
-7.53538
18.4949
30.8719
14.6573
1.84643
21.5605
1.79755
6.23905
-3.27236
-1.63093
-14.4715
3.31735
-1.40022
-1.16317
14.642
-25.2622
-1.80468
-8.13795
-15.1259
12.9134
-13.9696
-0.925816
-0.764449
-1.4251
-1.78097
-1.02946
-1.8186
-1.92012
-0.901643
-1.57354
-1.41618
-1.73027
-1.37909
-1.37222
-2.13172
-1.53205
-1.56842
-1.41634
-1.41525
-1.46557
-1.50552
-1.49658
-1.59126
-1.57986
-1.61627
-1.62282
-1.58813
-1.59706
-1.63021
-1.63427
-1.65995
-1.68383
-1.61438
-1.58421
-1.62625
-1.64898
-1.63959
-1.66581
-1.61474
-1.62449
-1.59441
-1.66076
-1.63101
-1.64661
-1.59489
-1.61947
-1.60555
-1.57385
-1.60997
-1.64119
-1.63103
-1.57985
-1.60112
-1.58752
-1.558
-1.62793
-1.59567
-1.76989
-1.73254
-1.72078
-1.75359
-1.71567
-1.70665
-1.66252
-1.68097
-1.72134
-1.5704
-1.48862
-1.54391
-1.57137
-1.60921
-1.52646
-1.56683
-1.559
-1.58007
-1.61785
-1.54368
-1.50252
-1.54802
-1.58048
-1.71019
-1.65775
-1.70633
-1.70844
-1.74742
-1.76979
-1.73053
-1.90187
-1.86446
-1.86584
-1.79809
-1.84593
-1.8241
-1.86491
-1.70891
-1.64385
-1.68987
-1.91131
-1.86187
-1.88027
-2.05968
-2.02581
-2.01209
-2.20629
-2.17003
-2.15343
-2.13627
-2.17018
-2.09819
-2.13519
-2.15529
-2.16968
-2.20462
-2.13865
-2.10129
-2.34576
-2.31237
-2.29556
-2.2774
-2.23925
-2.27752
-2.31245
-2.14851
-2.09795
-2.13384
-2.16513
-2.13309
-2.09893
-2.13209
-2.35235
-2.30229
-2.31819
-2.31673
-2.28492
-2.31808
-2.3523
-2.56989
-2.59127
-2.62805
-2.54718
-2.51475
-2.78064
-2.74243
-2.72911
-2.78129
-2.74447
-2.74631
-2.71129
-2.50231
-2.53897
-2.55382
-2.57006
-2.52947
-2.53731
-2.50096
-2.74057
-2.77651
-2.72211
-2.73878
-2.77495
-2.73365
-2.7023
-2.87191
-2.85215
-2.88705
-2.86772
-2.91114
-2.86352
-2.82573
-2.86614
-2.84081
-2.80167
-2.88614
-2.93184
-2.84574
-2.9186
-2.87386
-2.86662
-2.87208
-2.83715
-2.80162
-2.84262
-2.92048
-2.92087
-2.93681
-2.87777
-2.87512
-2.88811
-2.85525
-2.88585
-2.86998
-2.85024
-2.92601
-2.91968
-2.93946
-2.88923
-2.88904
-2.90381
-2.90677
-2.83768
-2.8041
-2.86736
-2.81109
-2.84499
-2.88971
-2.85602
-2.9586
-2.92775
-2.9302
-3.00085
-2.93187
-2.95036
-3.02688
-2.8265
-2.87127
-2.77177
-2.76132
-2.73777
-2.85944
-2.81933
-2.48611
-2.56865
-2.52958
-2.50165
-2.45214
-2.42698
-2.50647
-2.53912
-2.55063
-2.53824
-2.5222
-2.6059
-2.51262
-2.53927
-2.51934
-2.52808
-2.57928
-2.53977
-2.57601
-2.55143
-2.60833
-2.51008
-2.51015
-2.51993
-2.49164
-2.50745
-2.48027
-2.49875
-2.51161
-2.49788
-2.51793
-2.52311
-2.50271
-2.51755
-2.55044
-2.54789
-2.52643
-2.4086
-2.41286
-2.44323
-2.36412
-2.40654
-2.38112
-2.41647
-2.11969
-2.07762
-2.08581
-2.03355
-2.09363
-2.07757
-2.1252
-2.09208
-2.13625
-1.90313
-1.9653
-1.98692
-1.85033
-1.83239
-1.88609
-1.86859
-1.93672
-1.95459
-1.82887
-1.84252
-1.90551
-1.72881
-1.81672
-1.77057
-1.84215
-0.84804
-0.820643
-0.671758
-0.811455
-0.906668
-0.843183
-0.740093
-0.707901
-0.655254
-0.74512
-0.498878
-0.569941
-0.647241
-0.60223
0.139506
0.189075
0.341002
0.138162
0.0149666
0.115603
0.23109
0.0802074
0.153007
0.218449
0.176002
0.0973377
0.265448
0.192967
0.608387
0.485321
0.631213
0.6875
0.82923
0.711354
0.610388
1.66241
1.58426
1.59154
1.67675
1.60643
1.54836
1.62512
1.2678
1.12545
1.1312
0.915093
1.0526
1.12966
0.998715
1.72815
1.58516
1.61134
1.40636
1.71831
1.54926
2.20443
2.08648
2.04092
2.07837
2.17633
1.99247
1.96088
1.82079
2.08676
1.98613
2.59776
2.54956
2.49949
4.93297
5.23547
4.93456
6.21198
5.71802
6.10924
6.07668
313.827
284.735
227.735
418.985
191.117
174.262
290.711
382.51
336.75
299.183
581.89
566.042
593.62
654.546
559.931
598.354
734.339
588.962
573.779
521.242
36.1872
46.5265
39.1364
26.0146
34.2046
27.4927
12.0642
76.634
122.871
68.0416
56.2659
63.6581
82.9535
58.7129
-14.0077
-13.9495
-10.5654
-9.16708
-10.1411
-14.5042
-9.98216
4.93855
1.89467
9.39186
-1.51259
-3.05758
-4.96019
4.19446
-2.74489
5.67572
0.521608
1.9754
0.159962
0.786638
2.16508
-4.8836
-1.37913
0.70209
-1.69321
-1.23645
-0.363237
0.0180883
-6.64407
-2.71791
-3.70446
-5.78556
-0.830071
-1.72752
-2.11318
-1.56592
-1.98684
-3.66092
-3.82193
-2.85869
-3.27287
-2.21965
-2.52622
-2.90407
-2.70299
-2.75802
-3.24835
-3.00548
-1.3638
-1.38365
-1.32746
-1.37288
-1.3467
-1.33106
-1.30387
-1.32215
-1.34671
-1.29009
-1.33782
-1.30907
-1.29917
-1.26759
-1.30247
-1.24101
-1.26367
-1.24084
-1.19201
-1.23953
-1.28636
-1.4443
-1.4094
-1.40559
-1.3569
-1.40224
-1.38266
-1.3348
-1.24299
-1.1776
-1.24029
-1.23071
-1.18202
-1.44963
-1.40691
-1.40514
-1.40896
-1.45236
-1.16474
-1.24209
-1.16871
-1.22396
-1.25532
-1.45654
-1.40412
-1.3892
-1.43616
-1.46897
-1.56923
-1.61775
-1.5829
-1.71789
-1.77335
-1.74059
-1.65981
-1.69902
-1.52028
-1.55755
-1.58118
-1.59821
-1.57087
-1.56107
-1.52798
-1.88454
-1.85463
-1.86802
-1.81216
-1.84719
-1.81615
-1.84875
-1.8029
-1.77555
-1.75312
-1.76932
-1.79955
-1.76492
-1.73451
-2.06966
-2.03643
-2.01959
-1.96377
-1.99946
-2.00079
-2.03414
-2.29661
-2.33033
-2.27746
-2.26451
-2.29459
-2.22829
-2.25922
-2.49339
-2.50114
-2.44936
-2.47405
-2.52812
-2.49573
-2.45439
-2.87952
-2.88047
-2.85411
-2.90953
-2.96628
-2.93451
-2.88479
-2.93846
-2.94647
-2.88345
-2.91018
-2.98265
-2.88485
-3.08075
-2.99248
-3.00185
-3.08478
-3.07953
-3.09269
-3.02313
-3.06662
-3.02398
-2.99097
-2.88272
-2.96148
-2.9085
-2.96536
-2.90584
-2.93371
-3.05654
-2.88252
-2.83632
-3.54098
-3.15901
-3.91391
-3.76203
-3.20615
-4.80235
-3.93767
-4.00211
-131.745
-57.3826
-50.5792
-20.4759
-22.4609
42.7668
-3.29584
-6.24643
-6.72081
-5.23621
-6.41416
-6.95926
-1.50571
-2.09323
-5.13971
-4.22903
-5.71899
-6.00496
-4.77256
-5.66418
-3.28615
-2.57635
-3.03629
-2.89766
-2.74922
-2.7288
-2.8736
-2.8611
-2.58238
-3.37033
-2.13172
-1.56167
-2.83817
-3.38269
-2.55344
-2.56669
-2.57812
-2.56705
-2.58675
-2.61462
-2.5888
-2.71223
-2.68314
-2.66442
-2.62523
-2.64198
-2.70367
-2.68206
-2.64655
-2.66706
-2.47359
-2.47305
-2.49368
-2.50724
-2.51934
-2.492
-2.48518
-2.45764
-2.42867
-2.45383
-2.44696
-2.41736
-2.45698
-2.41744
-2.28878
-2.33314
-2.3065
-2.30589
-2.26567
-2.302
-2.26192
-1.89395
-1.92469
-1.85419
-1.82743
-1.89483
-1.8886
-1.82464
-0.86159
-0.937547
-0.850596
-0.819493
-0.714744
-0.792339
-0.871104
-0.352613
-0.446337
-0.441839
-0.437283
-0.515621
-0.535783
-0.468379
-0.0587123
0.0367261
-0.104388
-0.108044
-0.158164
-0.12787
-0.0532835
-0.195438
-0.107673
-0.193546
-0.0984089
0.0123943
-0.0973799
-0.0916754
-0.175877
-0.230579
0.171721
0.27081
0.270178
0.277351
0.399633
0.442365
0.327621
0.281223
0.115283
0.216351
0.800589
0.679561
0.660778
0.584442
0.684438
0.503041
0.604922
0.606236
0.641418
0.483016
0.686858
0.829601
0.686666
0.582788
0.69346
0.850907
0.745979
1.11172
1.29371
1.17776
1.10379
1.1626
1.29052
1.0295
0.9364
1.05364
1.1431
-7.68848
-15.1318
-10.8073
-6.05211
-5.90611
-7.44546
-4.26643
-29.968
-92.4034
-53.1808
-59.7645
-35.0258
-92.4015
-60.9942
428.042
186.118
338.893
172.789
38.0456
343.779
362.322
79.8719
101.949
242.445
56.6989
103.381
79.8021
193.493
431.361
57.7142
186.157
690.261
352.273
591.866
391.451
279.774
426.158
216.29
293.129
-28.2179
135.625
-1.0716
-1.08324
-1.02185
-1.04566
-1.06755
-0.992655
-1.01787
-1.00266
-1.02418
-0.959062
-0.979981
-1.01171
-0.928989
-0.962356
-0.982124
-0.918636
-0.95024
-0.924281
-0.888368
-0.938666
-0.976826
-0.888381
-0.911847
-0.951409
-0.874815
-0.807613
-0.870187
-0.910834
-1.11857
-1.06938
-1.06772
-0.978838
-1.04388
-1.02068
-1.07098
-1.07006
-1.13408
-1.09156
-1.09813
-1.15589
-1.12722
-1.10958
-1.07428
-1.15025
-1.11651
-1.13381
-1.1909
-1.16897
-1.10584
-1.13612
-1.18128
-1.15211
-1.23662
-1.22329
-1.17939
-1.15341
-1.17988
-1.20046
-1.22376
-1.24984
-1.24866
-1.19277
-1.29201
-1.25241
-1.27824
-1.23275
-1.82111
-1.81475
-1.81593
-1.79852
-1.79705
-1.80616
-1.80924
-1.83983
-1.85924
-1.8587
-1.8372
-1.85455
-1.86411
-1.84127
-1.88947
-1.88405
-1.90164
-1.86809
-1.88867
-1.90495
-1.89222
-1.89628
-1.89571
-1.87281
-1.86574
-1.87206
16.6859
-28.923
4.07796
-1.23488
-7.47404
-9.24724
-1.76047
-4.18387
-5.13182
-5.92949
-3.40168
-4.05453
-3.70087
-3.91683
-3.01333
-3.19271
-2.8059
-3.27088
-3.56848
-3.19235
-3.26298
-3.04838
-3.49136
-3.17156
-2.91026
-2.94345
-2.91635
-2.92868
-2.92442
-2.93314
-2.9187
-2.89846
-2.9361
-2.92785
-2.97505
-2.95513
-2.97265
-2.95329
-2.95888
-2.94104
-2.95983
-2.94119
-2.94147
-2.93528
-2.93511
-2.9319
-2.9415
-2.87201
-2.83577
-2.86272
-2.88982
-2.85836
-2.86229
-2.8836
-2.41109
-2.44728
-2.45273
-2.41245
-2.45484
-2.43894
-2.39964
-2.28245
-2.28739
-2.2386
-2.23928
-2.28829
-2.2703
-2.2251
-2.10152
-2.09571
-2.04156
-2.1055
-2.14749
-2.12753
-2.08152
-1.8719
-1.80518
-1.8682
-1.85945
-1.91874
-1.84591
-1.90529
-1.82144
-1.88119
-1.83047
-1.80171
-1.76246
-1.82006
-1.78513
-1.73297
-1.76476
-1.02142
-0.99492
-0.900292
-1.11913
-1.04358
-1.06063
-0.986045
-0.837586
-0.749404
-0.786759
-0.93248
-1.01142
-1.01432
-1.07019
-1.00652
-1.1147
-1.04539
-0.613911
-0.727771
-0.710911
-0.728457
-0.6016
-0.850401
-0.401737
-0.448435
-0.276581
-0.480947
-0.541844
-0.432427
-0.402339
-0.309398
-0.414905
-0.469183
-0.0427997
-0.0850834
0.0595473
-0.234025
-0.276231
-0.174568
-0.112261
-0.163392
-0.196954
-0.255428
0.526235
0.649113
0.457595
0.30693
0.272439
0.411848
0.359513
-6.54786
-5.54684
-6.05066
-4.74888
-4.02904
-5.48128
-5.53644
-5.73345
-6.2657
-5.6036
-5.61099
-5.70057
-3.14159
-2.87158
-2.25472
-1.22457
-2.4887
-2.37537
-2.96292
-3.35367
-4.85269
-2.43782
-3.68295
-3.7305
-2.25302
-2.66122
-2.76895
-2.10287
-4.64219
-2.18367
-3.52809
3.66493
8.90757
16.3151
6.41355
16.1256
3.5874
12.0381
32.436
15.4986
23.1096
19.0958
5.13798
-4.61421
18.5507
634.205
227.85
357.621
3885.38
2040.19
2779.23
2315.49
1451.2
3658.31
2861.58
1420.6
846.469
1884.47
1237.18
1788.33
1948.04
1470.25
1040.27
901.26
831.781
902.67
98.2994
613.728
1633.99
4738.36
3342.02
-0.452284
-0.386807
-0.453085
-0.479785
-0.532221
-0.511964
-0.454241
-0.454653
-0.424781
-0.334574
-0.672255
-0.715352
-0.772095
-0.722083
-0.680234
-0.788664
-0.763352
-1.10889
-1.17236
-1.03559
-1.31543
-1.17403
-1.08389
-1.17534
-1.14632
-1.17635
-1.23931
-1.09139
-1.06942
-1.10875
-1.13806
-1.62291
-1.53121
-1.69439
-1.17019
-1.68757
-1.79907
-1.55746
-1.66822
-1.70716
-1.63647
-1.66723
-1.65829
-1.78513
-1.7494
-2.06962
-2.52077
-1.87402
-3.96958
-2.44029
-2.1783
-2.12165
-2.34922
-2.11791
-1.107
-2.29581
-2.23455
-1.46927
-3.19445
-2.6431
-2.46609
-2.71808
-2.56913
-2.6532
-2.90671
-2.71714
-2.63646
-2.79428
-2.54935
-2.73441
-2.93787
-2.63749
-2.55472
-2.62376
-2.73103
-3.42333
-3.37395
-3.47657
-3.68388
-3.40211
-3.51078
-3.35678
-2.93631
-2.92197
-2.9797
-2.8961
-2.89233
-2.93547
-2.9304
-2.92906
-2.94093
-2.97287
-2.92546
-2.93698
-2.91625
-2.93256
-2.92144
-2.92146
-2.90616
-2.93177
-2.93979
-2.92747
-2.91606
-2.90579
-2.93629
-2.89446
-2.91998
-2.9173
-2.93086
-2.93802
-2.92906
-2.91202
-2.91312
-2.90347
-2.90478
-2.67554
-2.64887
-2.62565
-2.65738
-2.63043
-2.5714
-2.60035
-2.59116
-2.61911
-2.04244
-2.10666
-2.09863
-2.06895
-2.11957
-2.08677
-2.03504
-1.89266
-1.83485
-1.90985
-1.83357
-1.88458
-1.87934
-1.927
-1.64595
-1.70779
-1.71289
-1.75594
-1.70485
-1.79306
-1.74039
-1.55284
-1.49946
-1.49376
-1.4305
-1.49633
-1.46549
-1.40133
-1.58701
-1.49815
-1.52981
-1.27713
-1.16559
-1.28129
-1.24723
-1.3094
-1.36126
-0.977575
-1.00755
-0.904283
-1.01942
-0.937003
-0.961353
-1.05135
-0.959663
-0.937088
-1.03597
-1.77856
-1.66862
-2.28978
-1.8465
-1.98456
-2.1653
-2.54822
-1.56046
-2.6214
-1.6391
-1.67883
-2.1812
-1.11718
-1.17651
-6.48617
-6.05083
-6.81805
-8.17345
-7.06315
-6.93306
-8.01194
-19.2221
-15.9519
-17.2968
-12.819
-9.98444
-15.2459
-12.5058
-11.8163
-13.6573
-11.2684
-13.9629
-12.9396
-11.9399
-12.0638
-6.67525
-6.38382
-6.5297
-5.93814
-5.96281
-6.22823
-6.23928
-11.0481
-9.02462
-9.41033
-8.05629
-8.96563
-4.80175
-4.9041
-4.90017
-4.3499
-4.57764
-4.55301
-4.37326
-3.7333
-3.79997
-3.33027
-4.34295
-4.1114
-3.3482
-3.56697
-3.66226
-3.73654
-3.32556
-3.69306
-3.75081
-3.56091
-3.31185
1979.7
1264.94
1175.15
543.801
718.348
898.401
238.179
339.117
158.134
271.299
-470.812
233.297
740.718
197.195
434.937
40.5225
292.647
590.143
605.975
435.239
436.411
783.554
626.214
481.034
200.254
272.126
0.051012
0.152914
0.0849135
0.263853
0.336069
0.180326
0.221805
0.107008
0.174502
0.0881845
0.0317959
0.0973122
-0.00740415
0.0579308
-0.191146
-0.182881
-0.251528
-0.066834
-0.150949
-0.10714
-0.186471
0.114118
0.145957
0.254842
-0.290773
-0.225661
-0.189973
-0.346506
-0.308548
-0.255987
-0.216841
-0.256008
-0.287059
-0.330639
-0.335778
-0.236643
-0.334391
-0.330245
-0.405693
-0.261507
-0.342897
-0.198987
-0.289742
-2.33125
-2.26773
-2.58406
-2.70739
-2.62752
-2.50994
-2.44506
-2.3344
-2.42645
-2.4437
-2.43273
-2.46337
-2.49293
-2.47563
-2.6706
-2.63364
-2.63693
-2.62792
-2.6628
-2.67939
-2.64507
-2.89797
-2.8865
-2.91272
-2.77924
-2.73946
-2.77201
-2.78922
-2.75598
-2.73431
-2.7662
-2.89772
-2.92426
-2.88848
-2.87335
-2.84734
-2.89688
-2.92358
-2.90113
-2.87461
-2.91138
-2.93757
-2.91052
-2.93606
-2.92431
-2.92343
-2.90541
-2.90552
-2.89394
-2.89432
-2.90197
-2.88756
-2.87291
-2.90207
-2.93261
-2.88653
-2.87113
-2.90259
-2.90003
-2.92357
-2.89314
-2.88306
-2.92236
-2.88959
-2.86485
-2.89502
-2.44901
-2.4892
-2.44133
-2.45793
-2.4212
-2.4506
-2.49021
-2.08375
-2.00569
-2.07906
-2.05843
-2.10378
-2.15127
-1.90445
-1.83114
-1.91044
-1.93772
-1.97284
-1.88234
-1.93079
-1.97249
-1.67568
-1.70196
-1.62163
-1.63619
-1.68251
-1.6256
-1.61362
-1.67343
-1.69395
-1.63619
-1.60965
-1.638
-1.56484
-1.56547
-1.53373
-1.62396
-1.58646
-1.33017
-1.39382
-1.35699
-1.41678
-1.35376
-1.42686
-1.36459
-1.41385
-1.41206
-1.38227
-1.47883
-1.50176
-1.48311
-1.44894
-1.25968
-1.18154
-1.1903
-1.07043
-1.16807
-1.20162
-1.12598
-1.49099
-1.41136
-1.46645
-1.52845
-1.44987
-1.45049
-1.53145
-1.10625
-0.992692
-1.14608
-1.17531
-1.08174
-1.07795
-1.19243
-1.73574
-1.85044
-1.7246
-1.67201
-1.54795
-1.62953
-1.73472
-1.21436
-1.40146
-1.26675
-1.28552
-1.42391
-1.30077
-1.21082
-1.52048
-1.66748
-1.70857
-1.90502
-1.73701
-2.9229
-2.9451
-3.18841
-3.56307
-3.40292
-2.99514
-3.08462
-3.21479
-3.32967
-2.42347
-2.72957
-2.57989
-2.79465
-2.5439
-2.32704
-2.55263
-2.62944
-2.39017
-4.35457
-4.501
-4.50395
-4.98583
-4.48335
-4.96299
-4.63152
-5.10206
-5.18689
-4.81395
-5.60862
-5.14291
-4.90042
-5.21671
-7.34695
-7.89886
-8.39295
-6.99746
-7.76443
-7.63114
-6.88716
-6.31881
-6.75635
-6.63186
-6.92511
-6.60362
-6.7267
-6.45364
-6.05592
-5.8714
-5.8053
-5.46401
-5.71488
-5.57178
-5.85136
11.3289
-3.26219
11.5108
6.43447
11.3291
3.56854
7.07104
183.67
283.821
490.109
485.567
438.075
439.71
457.9
684.422
644.786
492.421
789.772
874.361
635.277
660.786
725.055
627.3
452.917
581.594
505.934
109.304
116.605
76.7127
43.2922
68.4993
80.7005
98.6001
282.644
114.644
211.397
184.012
254.189
226.551
361.746
202.639
-16.4108
-41.3194
-28.4132
-12.2575
-1.07739
-27.9985
-28.7738
-22.5977
-25.5775
-29.5926
-22.1482
-12.0183
-21.1781
-27.7925
-13.0179
3.69749
-15.5732
-5.18197
4.79469
-21.4024
2.02049
2.13458
-23.006
-18.9054
-0.573245
-9.87429
-16.0049
3.41214
3.83856
-10.9878
-10.8201
4.41646
2.12351
1.68167
1.76844
2.82457
2.82885
2.67788
2.48257
2.56501
2.58759
2.32273
2.36659
2.25706
2.17074
1.93415
0.984014
0.870331
0.996845
1.03365
0.86904
0.81676
0.971765
1.22965
1.33703
1.1248
1.06834
0.981502
1.1209
1.20307
0.712005
0.618712
0.770662
0.813045
0.737949
0.833146
0.935544
0.664015
0.799065
0.784227
0.803025
0.870746
0.711153
0.798888
0.756271
0.667027
0.80288
0.926093
0.851288
0.353493
0.445901
0.472251
0.432835
0.503599
0.496156
0.597468
0.306505
0.396855
0.421416
0.396852
0.314418
0.742025
0.771533
0.642049
0.847292
0.926142
0.836259
0.778654
1.52322
1.41179
1.56957
1.58178
1.5028
1.42429
1.53499
1.91646
1.69868
1.7293
1.58357
1.39435
1.67652
1.51567
3.86922
3.34102
3.56108
2.99311
3.34171
3.35862
2.78915
9.8654
9.6463
11.3473
5.54742
6.31535
7.85136
5.60839
6.6986
8.06445
6.96065
5.62246
4.59997
5.00417
6.34886
7.33437
9.27932
10.1754
10.5914
9.97249
10.4576
2.79869
3.29021
3.0913
3.05604
2.79154
3.20567
3.24562
2.90224
3.22438
2.3889
2.90543
2.75172
3.11638
2.64891
1.60719
1.27871
1.34144
2.16404
2.36355
2.08219
1.86197
-1.70634
-1.70872
-1.88003
-1.92529
-2.05162
-1.79573
-1.74912
-2.62343
-2.3788
-2.1216
-2.30983
-2.17981
-2.0002
-2.03418
-1.44573
-1.41076
-1.46337
-1.53288
-1.48184
-1.42568
-1.43226
-1.51859
-1.55118
-1.37843
-1.38311
-1.37388
-1.38352
-1.40135
-1.39743
-1.38455
9.33136
3.26307
-22.0603
0.852125
-16.4594
4.18801
0.440637
-2.87941
-1.15716
-1.83009
2.44201
-22.6026
11.3964
-1.77242
6.20037
5.11848
-6.5344
7.12193
-8.16719
5.44641
0.269508
1.01061
4.64482
0.0349962
-2.29698
-2.09892
-2.97238
-3.20535
-3.98196
-4.32164
-5.20222
-3.45646
-3.3904
-2.88665
-2.86965
-2.80437
-2.81645
-2.90023
-2.90066
-2.81056
-2.65281
-2.74311
-2.67391
-2.58166
-2.61449
-2.38013
-2.3816
-2.34835
-2.36254
-2.40073
-2.37967
-2.3449
-2.43641
-2.40809
-2.40026
-2.39387
-2.43348
-2.44484
-2.41019
-2.52574
-2.54261
-2.49577
-2.51507
-2.53308
-2.495
-2.48028
-2.57295
-2.53251
-2.53382
-2.52109
-2.55835
-2.57903
-2.54154
-2.62598
-2.57734
-2.61835
-2.63261
-2.67181
-2.73744
-2.68721
-2.72576
-2.75121
-2.71564
-2.68568
-2.72228
-2.85472
-2.88627
-2.87118
-2.82017
-2.8543
-2.85439
-2.82178
-2.93639
-2.90553
-2.9017
-2.87196
-2.81997
-2.85717
-2.91484
-2.88011
-2.89804
-2.86325
-2.83732
-2.8732
-2.91645
-2.91534
-2.93426
-2.89778
-2.88067
-2.81972
-2.85384
-2.87424
-2.89133
-2.93535
-2.89918
-2.90232
-2.66306
-2.72279
-2.70346
-2.69827
-2.7362
-2.70041
-2.66201
-2.72049
-2.75968
-2.71072
-2.72128
-2.67849
-2.69765
-2.66032
-2.72619
-2.78993
-2.74651
-2.56753
-2.50241
-2.56441
-2.54606
-2.58618
-2.63234
-2.4758
-2.43886
-2.42182
-2.3621
-2.40497
-2.47825
-2.44011
-2.40458
-2.44221
-2.40942
-2.35914
-2.42287
-2.4381
-2.475
-2.40217
-2.44113
-1.97516
-2.03491
-2.04365
-2.0965
-2.05182
-2.02094
-2.07064
-1.95919
-1.98382
-1.99066
-2.05057
-2.02585
-2.04106
-2.00872
-1.99352
-1.93569
-1.95701
-1.94249
-1.99555
-1.95637
-2.0095
-1.78601
-1.86182
-1.81317
-1.93254
-1.91111
-1.70345
-1.68643
-1.74886
-1.74693
-1.68683
-1.70678
-1.76648
-1.78607
-1.77258
-1.75829
-1.85328
-1.85992
-1.83775
-1.81972
-1.66591
-1.59784
-1.61891
-1.527
-1.60779
-1.55552
-1.623
-1.91836
-1.93196
-1.86231
-1.96763
-1.89551
-1.73073
-1.6732
-1.66789
-1.77152
-1.78624
-1.7121
-1.70815
-1.63508
-1.63227
-1.71975
-1.64272
-1.56956
-1.61439
-1.6867
-2.04919
-2.03043
-1.96262
-2.05692
-2.10526
-2.07044
-2.02179
-2.20183
-2.15428
-2.24346
-2.30072
-2.32247
-2.27576
-2.30188
-2.22085
-2.25049
-1.91886
-1.96952
-1.99094
-2.04244
-2.09361
-2.0303
-1.99624
-2.59353
-2.4995
-2.48287
-2.69622
-2.73686
-2.32401
-2.33767
-2.21816
-2.43093
-2.33196
-2.28496
-2.37297
-2.95977
-2.99194
-3.13715
-3.04459
-3.07405
-3.29296
-3.19442
-4.68827
-4.35685
-4.43058
-4.32067
-4.45399
-4.50744
-4.7565
-4.27335
-4.18596
-4.14364
-4.13624
-4.33598
-4.21055
-4.36674
-5.0887
-4.69681
-4.89383
-4.85737
-5.07004
-4.91912
-5.18164
-4.32398
-4.43221
-4.48324
-4.5255
-4.40595
-4.65437
-4.47976
-4.65698
-4.66665
-4.86586
-4.46591
-4.45241
-4.98457
-5.13512
-5.06872
-5.16971
-5.03639
-5.17565
-5.01382
7.74671
2.46498
7.33116
-5.35617
1.15615
1.01187
6.74621
149.883
123.537
103.129
76.6501
71.5248
83.9129
48.0321
45.2459
60.9829
56.898
39.4608
59.9834
22.7098
91.5194
64.4931
57.4294
70.6912
45.0591
65.2449
91.5507
68.9112
91.5564
52.3333
67.1628
61.5341
37.507
1.47174
1.50967
1.4645
1.42029
1.46784
1.36913
1.43903
1.22527
1.19374
1.06937
1.31137
1.23778
1.30122
1.19586
1.49601
1.55296
1.47105
1.52136
1.4717
0.989262
1.14582
1.22652
1.32728
1.44603
1.55131
1.65519
1.57449
1.53591
1.44754
2.81991
2.925
2.72459
2.5334
2.36269
2.46671
2.68223
1.6913
1.85831
2.03544
1.76757
2.15162
1.95732
3.10712
3.02904
2.78088
3.57338
4.62532
3.66701
5.44752
2.91006
5.21633
5.79588
6.01698
4.24798
6.51868
35.3251
7.60434
48.1747
7.5738
34.3955
34.2133
60.6973
99.3617
72.6973
73.1377
87.568
88.4035
101.94
75.5304
62.5543
49.6136
61.4352
61.8429
12.381
41.8527
54.8921
66.1295
38.9655
100.9
74.5987
73.4414
36.6661
12.5321
50.4005
62.2519
36.2643
12.3258
37.1944
4.14247
5.22688
6.65241
3.12603
2.72407
4.75035
4.98704
12.1001
2.86013
1.40651
-14.9598
-28.0186
8.00523
-29.9048
-19.0846
12.9147
6.62927
-30.9255
-22.5232
-34.4854
-43.9585
-33.1853
-32.3483
-34.4694
-3.29998
-3.41182
-5.11532
-6.03902
-5.7856
-4.2852
-4.1206
-5.32715
-9.6139
-7.43002
-4.56679
-3.31439
-3.40649
-3.87226
-2.35787
-2.78688
-2.31991
-1.44513
-3.70451
-2.24605
-2.41399
-2.072
-2.08282
-2.02963
-2.00187
-1.83989
-0.392301
-0.0710796
0.45921
-0.499538
-1.12797
0.907734
0.197206
-1.37686
-1.50821
-1.78368
-1.41356
-2.10256
-1.4344
-1.15416
17.925
19.963
12.8001
8.49329
-1.71077
4.31234
-10.0371
-2.57827
-2.56061
-2.51802
-2.54067
-2.63366
-2.57463
-2.514
-2.29902
-2.3412
-2.33992
-2.35305
-2.32477
-2.29064
-2.32807
-2.2111
-2.19043
-2.18847
-2.13851
-2.18113
-2.17463
-2.13758
-2.22611
-2.26254
-2.26674
-2.26539
-2.23073
-2.25033
-2.21027
-2.26011
-2.21403
-2.22776
-2.22318
-2.17847
-2.18562
-2.23036
-2.02701
-2.08185
-2.0366
-2.06771
-2.01379
-2.0875
-2.03672
-2.2901
-2.23009
-2.27189
-2.2305
-2.20845
-2.25478
-2.27918
-2.30522
-2.28832
-2.33299
-2.35371
-2.30806
-2.31512
-2.3594
-2.47061
-2.50014
-2.44593
-2.42449
-2.38793
-2.46479
-2.49756
-2.45712
-2.42693
-2.36487
-2.41374
-2.42377
-2.36486
-2.40796
-2.43835
-2.40161
-2.87817
-2.85843
-2.89386
-2.89074
-2.9176
-2.87727
-2.87409
-2.83551
-2.88469
-2.92739
-2.91493
-2.87123
28.4244
57.6272
59.6041
86.8353
66.2172
55.0688
84.5706
92.1684
63.2569
84.7265
88.9295
101.742
60.8685
63.6064
56.4156
69.2543
44.9622
16.4341
42.2385
59.6634
41.5976
17.0485
-2.8686
-2.81964
-2.87232
-2.86114
-2.82389
-2.8131
-2.86788
-2.81063
-2.88207
-2.84736
-2.93475
-2.90639
-2.89922
-4.53149
-4.21321
-4.28728
-4.60908
-0.109487
-2.1935
-3.90287
-207.169
-210.598
-152.507
-206.676
-222.653
-99.7458
-135.596
-54.9064
-34.9487
-19.4273
-12.9259
-24.2253
-32.7568
-0.440498
-3.06292
-2.95981
-3.00241
-261.52
-198.689
-239.513
-525.473
-542.208
-514.93
-514.965
-490.371
-516.615
-525.993
-501.637
-506.252
-493.051
-507.565
-509.236
-500.107
-487.232
-508.809
-524.041
-506.332
-489.804
-468.162
-532.96
-547.867
-537.858
-496.42
-526.064
-522.372
-548.804
-528.872
-515.961
-513.313
-536.304
-525.156
-516.915
-519.508
-518.575
-493.027
-509.793
-510.804
-530.495
-554.168
-538.992
-538.937
-527.646
-521.449
-468.597
-83.246
-0.813513
-17.2554
-39.6722
-17.4733
11.1143
-60.4066
-172.395
-123.392
-120.219
-132.096
-153.255
-105.184
-136.303
-175.653
-150.497
-4.69815
-4.13798
-2.21811
-4.60877
3.97724
-1.10125
-5.39107
-244.18
-200.553
-235.76
-150.446
-193.801
-168.213
-228.812
-141.733
-150.844
-214.303
-2.87124
-3.7728
-2.72262
-2.87747
-2.83948
-2.87529
-2.91804
-2.88797
-2.93064
-2.88681
-2.87545
-2.91706
31.6024
54.4918
57.9499
90.4745
62.4179
54.4822
76.9121
88.6419
63.1747
70.8412
70.8494
100.545
20.8991
40.8192
55.4226
-2.87558
-2.8132
-2.8565
-2.93577
-2.9018
-2.89946
-1.91235
-1.92804
-1.93033
-1.91949
-1.57105
-2.06397
-2.44509
-1.83637
-2.29437
-2.27748
-2.4479
-2.42742
-0.30894
-1.83293
-2.90987
-5.70117
-3.3777
-2.69346
-4.94777
-6.64705
-1.33185
-1.34687
-1.34008
-1.34818
-2.84776
-2.98337
-2.74794
-2.69831
-2.13494
-2.13156
-2.21509
-2.21085
-3.03711
-3.00224
-2.87234
-3.32033
-2.62994
-2.66828
-2.46067
-2.65078
-1.50667
-1.50121
-1.57698
-1.57803
-1.72367
-1.69954
-1.7875
-1.7665
-3.23064
-3.37838
-3.19506
-3.34464
-1.98707
-1.98728
-1.93392
-1.91528
-1.93951
-1.92324
-2.01095
-1.99648
-3.65677
-3.2528
-4.10505
-2.67692
-2.73918
-2.64128
-2.72095
-4.5742
-4.57091
-4.57921
-5.13611
-3.60345
-3.81229
-3.56928
-3.7459
-1.46523
-1.42961
-1.53276
-1.50275
-1.47478
-1.4658
-1.41497
-1.38163
-2.57272
-2.56761
-2.48917
-2.50046
-0.859602
-0.712212
-0.877468
-0.755691
-2.44527
-2.47091
-2.36647
-2.4019
-2.56989
-2.55546
-2.67488
-2.6583
-7.18048
-7.27467
-8.85174
-8.93767
-3.90403
-3.87293
-3.56893
-3.66834
-2.35438
-2.35786
-2.27891
-2.28072
-0.957721
-0.741898
0.153151
-0.00311951
-0.574349
-0.444071
-0.290927
-0.154439
-2.7429
-1.54807
1.75706
4.54993
-1.22779
-1.20059
-1.12707
-1.09922
-2.24557
-2.22157
-2.30609
-1.39277
-1.36382
-1.48627
-1.47051
-6.61804
-5.93013
0.853457
2.33093
42.3208
68.2114
27.3922
51.8195
-1.90892
-1.89032
-1.99638
-1.97621
-112.164
-46.3295
-35.4622
-31.5292
4.23062
4.0118
4.29683
4.0823
1.64258
1.44824
1.69721
1.51954
-2.47346
-2.51892
-2.43922
-2.48836
-2.67226
-2.66575
-2.7484
-2.73974
-2.55984
-2.6151
-2.54203
-2.59524
-2.5847
-2.68432
-2.83451
-2.85087
1.22068
1.0637
1.21553
1.06364
7.26966
5.6535
5.84976
4.60542
-2.40181
-2.4288
-2.42153
-2.45022
-1.98697
-1.91755
-1.92331
-1.28234
-1.36639
-6.19501
-5.86394
-7.12556
-6.75933
-4.10496
-3.99438
-2.92119
-2.94684
-2.92569
-1.27568
-1.30146
-1.39469
-1.37868
-5.41102
-5.96504
-5.61301
-1.76262
-4.41252
-7.52231
-5.16167
0.613211
-3.87626
3.89553
4.67276
4.01256
4.25788
2.61489
-2.0338
-2.05018
-2.13183
-2.11489
-2.149
-2.18764
-2.11569
-2.16912
-2.11666
-2.14934
-7.91077
-2.69115
-1.62437
-2.40077
-2.15253
-2.06846
216.012
-1.51225
0.336077
-4.14524
-2.92997
0.565066
-2.66525
1.95224
6.09418
-0.683409
-1.09223
-2.53824
-4.12292
8.00102
-14.5622
-2.52266
-2.00313
-9.95496
-2.09864
-2.17709
-1.30852
-1.92656
-2.53329
-1.05646
-1.84834
-2.04951
-3.1343
-1.8041
582.302
-2.24232
-2.77397
-2.13602
6.68839
-1.55553
11.1503
-2.61032
5.41583
6.53371
6.44246
-2.21273
583.463
29.2313
8.84859
4.84974
6.58954
5.18416
5.22605
-0.789394
5.93983
9.06783
7.18733
3.65284
3.42759
3.08985
5.17211
2.99983
3.39716
-0.827243
3.87706
3.91984
4.12831
3.35426
-2.24573
4.73588
4.68841
-2.83638
4.61178
4.7004
4.4734
4.96732
-2.5077
3.09749
4.21556
2.84314
4.65299
4.33474
-1.00398
3.37869
2.97355
2.72516
1.95502
-1.80819
2.88995
3.44543
2.76938
2.38689
-16.2761
3.99941
7.62283
3.61924
5.49865
5.31906
3.86719
0.175754
2.76877
3.52572
1.15591
3.34766
3.98405
5.09179
4.83314
3.49103
5.59455
3.31996
-14.5486
-1.06487
-6.42393
-6.31646
-7.03519
3.37276
-0.854743
-1.47332
-4.5415
2.8067
-7.38195
-7.73321
-7.88273
-8.26034
-8.30968
3.31811
4.7942
-2.40391
-2.74341
-5.009
-2.34285
-7.37034
6.28601
3.3341
5.62571
5.80582
5.55191
5.71628
-2.27177
6.42303
6.52995
5.19535
5.03639
1.88542
12.1388
2.33706
33.7328
128.095
-1.71381
70.771
-2.15531
6.40054
6.22491
3.93824
-12.9286
-1.89605
-2.69651
-2.26485
4.88214
-3.31966
-3.86284
4.84048
-3.7037
262.281
86.0029
431.456
-9.99807
-3.84997
-1.9524
-5.05425
-4.63468
-2.11448
62.6104
-2.59558
615.91
-5.87947
18.5796
455.945
-75.147
-31.3363
5.07066
-63.3849
-63.9002
-32.9284
-7.49719
-9.84584
-10.3411
5.33273
-10.5307
5.31675
3.45054
-4.50538
-2.54278
-2.26738
-6.00377
0.715749
-2.29977
-3.94628
-3.04048
-2.40471
7.29314
0.443581
-3.92341
-1.28801
-3.11862
-9.81676
-2.72263
-1.35236
29.7391
-0.60201
-54.2718
-13.5351
5.36728
-2.86475
-1.80343
-1.80686
-0.953063
-3.28537
-3.7795
-1.6113
2.24042
-4.46892
-2.57202
-4.50191
-1.77598
-4.01111
-3.75794
-4.07101
-3.0645
-2.12099
-2.55779
-5.43664
-4.00671
-2.6945
-6.36795
-3.08356
-5.9855
0.536007
-2.60125
84.797
-3.70494
3.47197
-3.02382
-3.7132
-3.70844
-1.84554
-3.03528
14.7618
370.499
230.581
211.418
2.27988
127.04
-4.36713
7.17926
24.1221
4.72768
90.5651
4.71093
321.231
-4.41794
-1.51949
609.293
-0.773048
43.1037
17.7643
79.9866
12.094
52.6309
514.773
907.5
12.5002
116.58
-4.72148
7.42842
-4.0384
-2.86475
-2.97791
-3.17543
-3.09353
-3.5281
-1.98483
-4.06006
-4.09065
-3.0328
-2.91242
0.261238
-4.14889
-3.62673
-3.24917
-3.79548
-3.45018
-1.31908
-3.01428
-4.178
-3.79702
-3.27189
-4.39328
8.14626
-4.19883
-2.88784
-3.39551
-3.17141
-3.74204
-4.49417
-4.92657
-5.29835
-0.223008
-4.81759
5.83902
-6.38311
-4.98131
-2.25002
4.35864
-4.89151
-2.01263
-3.64836
-4.9017
-2.15596
0.239137
-4.49821
-3.32089
-2.51446
-5.01603
-4.38515
-4.79309
-5.33305
-2.03441
-4.64166
1.59265
-0.845573
220.893
35.0513
-5.16442
-4.92651
0.0080838
-3.74053
-5.09883
-4.96495
-4.97402
-4.32127
9.47519
-1.49029
-5.35741
-2.92044
-1.83154
-2.45344
424.961
2.80388
12.7168
-2.7822
0.627509
-1.13001
-4.95174
-0.508788
-3.76999
-0.728213
-5.14689
-0.791208
-2.05064
-1.7388
-4.87769
-0.870119
1.54722
-1.10911
-4.97789
-2.68062
-4.26723
-12.3802
-6.44566
-2.03598
-15.284
-6.39953
-5.04821
-3.40831
-9.52197
-8.19927
-9.74868
-1.54551
-2.80415
-4.90753
-11.2137
-4.86756
-3.81071
-6.1128
-16.519
-5.29247
-3.56433
2.30855
-4.34905
-3.54545
11.5553
-2.60205
-3.72644
-13.7714
-6.4772
2.07835
-2.426
-1.9802
3.68976
-1.56418
-2.2867
-2.60045
-2.17186
-2.41087
-2.05849
-3.5777
-2.12985
-3.22081
-2.74785
-4.39059
-3.17061
-2.98533
-8.75466
-1.13661
-1.15445
-3.3083
-1.04155
-1.3442
0.433471
-0.740469
-0.251802
-2.07988
-3.45758
-1.14042
-2.66428
-0.858045
-0.890783
0.124723
-0.752635
-0.987787
-1.04691
-12.4361
-18.5333
-1.1328
-18.8893
-2.84118
-2.38334
-1.80394
-0.819372
-10.1902
-10.8179
-10.4949
-8.23744
-1.45536
-1.30798
-12.3201
-11.1851
-17.6467
-7.07328
-4.24538
-5.99957
-1.97419
-2.39657
1.16633
-9.07072
-17.5902
0.651261
-5.85176
-0.850732
1.60649
-0.694064
1.96126
-5.53259
1.97621
1.42747
-2.34202
-2.6916
3.62168
4.66337
1.81022
2.13045
2.45179
2.4212
2.1417
2.38805
-2.96154
-0.889548
-21.0534
1.14416
2.12964
2.15737
-1.43932
2.41917
-1.58149
1.64899
-1.50569
-18.2989
-2.8094
0.942322
1.08234
1.70999
0.889534
0.893988
1.44062
1.80126
1.62958
-3.79779
1.93466
1.98336
1.13556
-0.827246
0.999887
-2.56027
2.39238
-4.2133
2.46169
1.44133
2.55998
2.61575
-4.61561
-15.9441
0.124525
-0.280415
-0.0519289
-0.464063
-0.221093
91.5625
-4.59306
-0.096959
0.410275
-0.592907
-0.394362
-0.269809
0.186636
4.6546
0.773173
0.610019
-0.547784
12.2649
1.31393
4.57794
0.323876
-0.113089
-0.158917
3.69257
0.338007
-0.491661
-2.54204
-0.596694
-0.498982
-0.512456
2.94324
-1.8185
4.62322
-0.287452
-2.10237
-0.414972
-0.868032
-2.6636
-0.647739
-1.1042
-1.01692
-0.374664
-0.808794
-0.877206
0.095292
-1.02739
-1.30479
-1.67442
0.261018
-1.31109
-1.58289
-0.891204
-1.65583
-1.29522
4.70948
-1.24661
-2.70691
3.83622
3.63142
-2.03474
1.10442
-1.6592
-1.52483
-0.997731
-2.27483
-1.66888
-1.74114
-1.95435
-2.24614
-2.23392
-2.30702
2.01976
-1.1554
-2.03757
0.623157
-2.12805
-21.355
-2.45999
-1.93978
-2.30396
-2.26494
-2.20005
-2.20598
-1.766
-0.699368
-1.52979
-2.11992
-2.16751
-1.91267
-1.77061
-2.70968
-2.30359
-2.30602
-2.42447
-2.38373
-2.06456
-2.15974
-2.21181
-1.22694
-2.41697
-2.4709
-2.46801
-2.38646
-2.3488
-1.92284
-2.4607
-2.48591
-2.58015
-2.00983
-2.01618
-1.95831
-2.20156
-2.22966
-5.05726
-2.32515
-2.22642
-4.08836
-0.237808
-0.431662
-1.86218
-5.85887
-1.82085
-0.526509
-1.20446
-1.25362
-0.606502
-1.51024
-0.902256
-1.44367
-0.798582
-1.75023
-1.39324
-4.87057
-2.17139
37.2512
-1.49051
-1.65375
-2.33103
-2.12516
-1.3918
-1.90681
-0.148828
13.046
14.9166
-1.80434
-2.18622
-2.85297
-2.71283
-2.62302
-2.7646
-1.43588
-2.99681
-1.56863
-2.61062
-2.69177
-2.76252
-2.58629
-2.63633
-2.77241
-2.50632
-2.59949
-2.52835
-4.73191
-2.7466
-2.23125
-11.6451
-2.27819
-2.34073
-5.47803
49.5239
-2.83503
-1.52576
-1.51768
-1.45206
-2.57575
-2.21777
-2.29196
-2.55792
-2.11196
-2.63099
3.77295
-2.49733
-1.43711
-2.42403
-2.44662
-2.03313
-2.62353
-2.54136
-2.50463
-2.57863
-2.46912
-2.38735
-2.61127
-2.68207
-2.60787
0.562106
-2.3782
-1.52698
-1.4964
-2.2406
-2.79769
-14.3033
-2.61426
-2.10681
-1.14889
-2.7073
-2.88186
-2.51305
-2.86809
-2.89432
-0.399276
-2.89442
-2.69611
-2.78686
-4.46245
-1.90112
-2.90761
-2.80846
-2.6879
-2.71615
-2.78961
0.0817725
-2.8757
-2.82821
-2.77999
-2.54153
-2.88255
-2.8375
-2.61244
-2.874
-2.53293
-1.07314
-2.65215
-2.69566
-2.66287
-2.73012
-2.75964
-2.65368
-2.54294
-2.59832
-2.70488
-2.81007
-1.44139
-2.52554
-3.21281
4.02252
-2.6842
-2.78614
-2.13205
-2.20099
-2.76982
-1.33349
-2.58422
-3.18469
-2.86017
-2.61424
51.8259
6.68503
-5.50393
-3.2953
10.6128
-15.137
-1.48979
0.841136
45.3865
-2.64477
-2.3628
-3.16516
-3.04627
-2.90727
-0.858879
-3.05408
-3.18588
608.827
-2.87974
-2.38063
-2.74426
-2.49317
0.304207
23.5917
-127.193
-2.00597
-2.51549
4.4953
-2.30845
-2.37623
-2.47701
-2.2171
-2.35589
-2.45204
-3.38265
-1.50527
-2.4212
-2.65518
-3.20984
-4.25312
-2.74771
-2.21239
-2.15983
-2.86031
-2.49764
-2.65222
-1.64077
-2.22788
-2.19898
-2.44852
-2.46935
-2.27903
-2.31379
-2.27984
-2.39812
-2.46415
-2.49801
-2.72497
-2.52235
-2.38992
-2.53923
-7.73851
-2.51679
-2.50917
-2.55747
-2.31478
-2.17532
-2.52147
-2.52094
-2.44058
-2.04156
-2.49284
-2.85339
-2.47895
-2.64618
-2.83354
-2.54662
-2.35611
-2.81058
4.5692
-3.09427
-2.52053
-2.39573
0.430983
-2.94252
-6.95354
-5.17386
-1.92815
-2.83118
-1.79195
-3.0249
-2.52957
-2.67248
2.8956
-4.62671
-2.76709
-2.85315
-1.73461
3.04044
-2.87754
-2.60115
-2.58036
-6.26783
-2.30033
-2.83948
-3.26948
-2.64724
-2.74046
-2.63848
-2.79271
-2.92882
-2.55968
-0.777495
-2.61782
-1.99854
-2.56157
-5.21992
-2.95113
0.700488
-6.59064
-2.9025
-2.48669
-2.78321
85.5603
-2.90954
-3.4472
4.80824
-3.854
-2.3099
-2.88596
-2.30789
-2.79109
-2.65958
-1.77715
-8.15733
-3.43287
-2.28099
-2.64917
-11.465
-2.53767
-2.73073
2.40105
22.338
0.212087
4.17284
-2.59463
4.12078
-2.48066
-2.11336
-2.41108
-3.12014
-1.26402
-1.33629
-1.45468
-2.32069
-1.80724
-1.73967
-1.86091
12.8209
5.99972
2.02987
-1.39157
-2.67659
-2.63028
-0.827938
-1.73779
4.28312
4.58105
-2.36332
-1.7169
-1.9171
-2.3856
-1.71007
-6.49546
3.29909
-3.07641
-2.73727
-3.07287
-0.795364
-2.46847
-1.41563
-3.27972
-2.18283
-0.477264
-0.651415
-0.255327
-1.90364
-23.9902
-2.12788
-0.892548
-2.58889
-1.92656
-2.89802
-1.46131
-1.89572
-1.75672
-1.8674
-0.791643
-1.75788
-2.3801
-1.88027
-7.14502
-1.89367
-2.26052
4.7801
-3.00686
-1.73124
-1.86773
-1.9109
-0.714946
-1.75481
7.96306
-1.85194
-1.77308
-1.82052
-1.92966
-1.83699
-1.83794
-1.87241
-2.02415
-2.45639
-1.886
-2.22635
-1.90328
-2.05828
-2.01092
-2.05478
-1.98675
-2.19053
-1.91255
-0.0547219
-2.06501
-2.0964
-4.67871
-0.165626
-1.81671
-1.74707
-1.80848
-1.78818
-1.80097
-1.77069
-1.82589
-2.15639
-1.92201
-1.71897
-1.7446
-1.55312
-1.52041
-1.54531
-1.70322
-1.75069
-1.65751
-3.07936
-1.90542
-1.7837
12.429
6.44119
-3.38208
-2.24288
-1.7804
-1.85674
-1.80289
-2.31321
-382.585
-1.82491
-2.83185
-2.65324
-3.00355
-2.05376
-1.30982
436.555
38.89
-2.45518
-2.73925
-2.93508
-2.53474
-1.63312
-3.32391
-2.77359
-2.76771
-2.82103
-1.72503
-2.14285
-1.06281
-1.15054
-2.17565
-3.34316
-0.451242
-0.68545
-2.18777
487.642
-1.3446
0.578788
-6.62938
3.6226
-1.58881
3.30845
-4.92026
-3.57607
-1.79502
-2.31338
23.0057
-18.4346
-4.44962
15.6961
-2.39649
-6.68495
-6.68404
-2.79481
-2.4114
2.19221
-2.29746
-2.63829
-14.7386
0.0326941
-1.78895
-2.25166
-3.42012
-6.07132
-1.47564
1.51334
-1.11961
-1.96798
-1.82635
-2.31603
-2.32247
0.363639
-1.95298
-2.38532
-2.1628
-2.51404
-2.36686
-2.68379
-5.08868
-2.54963
-2.53869
-1.62319
-1.55177
-2.73144
-2.68553
-2.77039
-2.84326
-5.38672
-2.55344
-2.44707
-1.07601
-2.88644
-65.6824
-2.78436
-3.00591
-2.28864
-182.562
-2.84878
-2.8306
-294.105
-1.14054
-2.70357
-2.6117
-1.50686
-1.07076
-2.84935
-2.3603
5.05868
-2.68474
-1.75061
0.479976
-2.57873
-2.67461
-2.82676
-2.74038
-2.51493
1.48942
-2.70242
-2.68347
-2.82592
-1.8425
-2.24118
-2.52681
-2.83356
-2.43502
-2.77135
-2.32975
-2.38525
-2.31048
-1.58368
0.364755
-2.44278
-2.54045
-2.41495
-2.51545
-2.46947
-2.56196
-0.753049
-2.40038
-2.45414
-2.27666
-0.738444
-2.61604
-1.45096
-2.76142
-2.74306
1.8765
-1.75794
-2.55965
-2.85707
-2.41704
-2.70713
-2.25934
-1.61755
2.26399
-1.641
-1.70149
-2.69077
-2.47012
-2.2927
-2.41683
-2.85167
14.863
-2.38284
-5.05879
-1.58154
-1.67248
-2.83604
-1.74624
-1.69768
-2.18713
-1.48375
-1.43564
-1.47099
-1.51688
-1.41151
-1.5253
-1.53545
-1.56706
-1.6193
-1.59204
-1.49269
-1.63935
-1.74346
-1.69875
-1.66471
-1.76784
-2.87959
-1.35435
-1.73693
-1.92611
-1.73446
-1.49733
-1.37776
-1.44169
-1.46726
-1.50145
-1.2819
-2.04622
-1.82289
-1.9335
497.32
-2.11812
-2.09214
-2.47569
4.45339
-1.97066
-1.7289
-1.87636
-2.04045
-1.73198
-1.86732
-82.6808
-1.77794
-1.85516
-1.922
-1.65518
-2.45115
-1.82982
-2.27422
-1.81446
-1.79334
-1.87914
-2.05424
-2.00273
-1.8649
3.35669
-2.54226
-2.33453
-2.02466
0.0185466
-2.29461
-1.88693
-1.97305
-5.62348
-3.09835
-5.35804
-1.78986
-2.59421
-2.18872
-4.28193
-2.39618
-2.39767
-2.11779
-3.69892
-1.53172
-1.72905
-1.49339
0.36103
-2.17176
-2.68838
-1.31917
-1.42053
-1.30553
-1.48177
2.26447
-1.29447
-1.15796
-1.21317
-1.63624
-1.37047
-1.25441
-1.23637
-1.21018
-1.7684
-1.23966
-2.26048
-2.93721
-1.22378
-0.929189
-0.781834
-1.43576
-1.10755
-1.30608
-1.65115
-0.849439
-5.70631
-0.371224
-0.583899
-0.586352
-0.504551
-0.464954
-0.684638
-10.5442
-0.423552
-0.505206
-0.126673
-0.558936
-0.21975
-1.04233
-0.911727
564.773
-0.70613
-0.639757
-1.26816
-1.37259
-1.15081
-1.10196
-1.08666
-0.732475
-0.869191
-2.57033
-0.664502
-1.32111
-0.888154
-1.42068
5.01377
-1.29585
-1.21099
-1.14979
-1.1878
-1.18199
-1.25508
-1.12911
-1.24752
-2.80987
-2.32814
-0.926463
-1.27967
-1.32457
-0.943694
-0.836353
-1.18173
-1.23647
-1.1361
-1.03306
-1.40212
-1.46874
-1.70574
-1.55212
-1.80463
-1.74109
-0.962347
-1.31275
0.763171
-1.41554
-1.66508
-1.44866
-1.41555
-26.0872
-1.37053
-1.36423
-1.36615
-2.45496
-2.4801
-3.31552
-9.30445
-9.69875
-3.13083
-1.54213
-1.23268
-5.67153
-2.28099
-2.71897
-6.78321
-0.627077
-2.04146
-2.14694
-5.85485
-1.12487
-0.767355
-0.541055
-0.958334
-0.558082
-0.653454
-0.408451
-0.325709
-0.0201975
-1.14151
-1.08986
-1.55943
0.129305
0.365707
-2.03567
-2.68965
0.3553
0.506339
0.723413
0.252741
0.196682
0.197085
0.0243453
-0.834001
-18.392
0.725929
-2.6136
-1.20388
0.160479
-4.94945
-1.49905
-0.10576
-0.515993
-0.412295
0.986605
-1.31672
-1.18961
-0.145864
-4.5044
-0.0630137
-0.346413
0.140278
-0.945514
-0.162305
-1.50589
0.47814
-1.30957
-1.2216
-13.4232
1.26443
-0.890108
1.28011
1.92302
1.46509
1.24382
2.05949
1.88379
-0.878339
-2.36043
1.60676
2.22233
-0.317434
-1.30517
2.06204
2.37566
2.67537
2.47907
0.107802
3.97604
4.23804
3.31009
3.13378
1.66262
1.4684
2.58074
-2.01165
2.7572
3.07102
2.7748
2.08595
105.481
1.17221
3.94809
3.47828
1.00067
4.14075
29.4879
42.9396
27.5385
43.5545
116.313
-1.46125
1.49038
2.94859
3.95283
4.17539
3.2805
-1.48118
2.80913
0.68087
4.62837
3.71173
3.58719
4.71126
5.04815
1.15906
4.04265
4.20037
353.753
520.748
-1.61339
2.0411
5.03659
5.15639
3.96251
4.99319
-21.4219
-53.2234
-23.8259
-2.32166
24.0524
11.8949
4.35378
5.25811
-2.11205
-0.929053
-0.701895
1.22828
0.578953
3.14091
1.94886
-2.35064
1.6163
-1.95614
-3.61212
1.32469
-2.38098
-0.805431
2.43266
5.60354
1.5344
-1.50986
-12.1872
-18.1216
12.6633
-8.12952
3.29196
3.80186
-5.28568
-2.25321
-4.81162
4.63678
-3.05626
-3.29385
-16.509
-27.3775
-20.2135
4.94432
0.652713
-16.7948
-17.9367
-17.1061
-18.1196
-19.34
0.80018
5.23926
-37.4668
-31.3557
-30.0105
-49.1375
-9.33599
-22.2305
-28.6271
-28.7761
-37.8736
-55.5589
-36.0497
-24.2925
-19.3754
-18.8014
-14.5348
-19.0384
-14.1058
-7.46875
-18.0478
-24.6144
-17.9017
-45.5236
-17.4666
-21.5927
-20.0398
-22.5767
-19.7832
-18.5561
-18.2046
-1.99378
103.934
21.7261
156.228
-14.5643
-18.9951
-91.7822
-101.767
10.6601
-17.2421
-1.9639
54.4959
83.201
34.6322
40.9701
-10.1951
241.406
392.615
432.095
-17.4967
3.02942
541.335
63.1607
347.707
102.756
4.75911
160.831
260.804
101.889
-1.05172
-117.012
54.2206
-87.1355
35.0654
-24.426
-1.47535
9.91644
8.31854
62.9372
-19.4371
-19.8572
247.58
5.33719
4.01719
154.618
20.5058
17.9331
1968.9
-3.05143
-4.39386
950.934
320.571
5.52012
200.711
21.5912
239.985
6.52478
135.811
-2.84532
-1.36134
0.0497011
-20.0177
-7.72279
-2.69569
-1.70753
-7.54922
2.72184
-25.4138
0.76059
-1.52962
0.326207
-0.382601
-12.3082
-2.46893
-20.0886
-17.6382
-27.4305
4.53259
3.76581
-22.2156
1.46659
-18.8839
6.7893
6.05692
12.2438
6.04122
3.20482
16.6239
0.812426
-5.17674
-21.0708
115.265
-29.5844
-16.8027
1.10532
-1.72221
1.27803
-2.11618
4.93332
35.8211
-5.15862
6.38617
4.813
-4.76556
59.7416
-3.71361
16.508
-5.8957
-27.5515
108.493
-3.1112
-13.6447
-19.2578
-3.78547
-2.77624
-3.08944
-0.877225
-1.822
-19.2742
2.40063
-1.40116
4.40487
9.54801
-1.07233
-6.22637
-1.20311
3.35205
-5.29107
-25.5665
0.732756
0.946974
-4.49904
-3.96807
-4.21808
1.12056
-0.597056
-1.52607
-0.681264
-1.68409
1.1164
-2.53771
19.0698
-1.95083
-3.88897
-4.38745
-1.64212
-1.25764
-1.27263
4.69094
-1.68437
-2.2776
-1.4235
-1.39719
-1.81456
14.9936
-1.36296
-4.82887
-0.966654
-1.38933
-1.94069
-1.47648
-1.41581
-2.63224
-2.71466
-1.46944
-1.17022
-2.68946
-1.81542
-1.65526
-1.56809
-1.55397
-4.825
-1.51022
-1.50851
-1.51644
-1.63921
-1.42741
-6.89374
-1.94633
-1.57141
-1.48967
-1.50776
-1.4755
-1.76233
-1.48426
-2.70254
-1.49242
-1.49247
-14.9101
-1.49724
-2.25088
-0.877751
-1.488
1.91443
-2.82793
-1.35359
-1.01419
-4.04041
-2.44976
-1.70257
-5.04287
0.444827
0.0876553
-5.23645
-2.85464
-0.425572
-3.32984
-3.44927
-3.61432
-1.42212
-2.61864
-0.18462
-0.13878
-0.411629
-8.54193
-2.03044
-10.2562
0.994274
15.1591
7.45892
-7.11919
-5.3468
52.1749
-1.5913
-7.51455
-10.9487
-10.1676
-2.51701
-2.74138
-13.0298
-1.88969
-1.51159
-1.50793
-1.50111
-1.63329
-1.84963
-16.43
-2.22274
-7.95025
-25.2912
-3.16846
-2.0627
-13.7726
-1.58653
-2.91414
-1.90946
-2.13705
-2.12262
-4.77212
-0.0174118
-1.46705
-3.8305
-2.45406
-20.0034
-1.5011
-1.60433
-1.24721
-8.92114
1.0932
-4.73449
-1.43721
-1.46641
-1.51226
-1.83788
-1.12937
-1.49052
-1.65002
-1.47806
-1.63209
-2.89032
-1.63139
-10.6498
-2.24494
-2.43665
-4.96084
-1.59753
-1.40508
-2.05347
-1.40059
-1.39322
-1.3737
-1.2214
1.00808
-3.01326
-1.47214
-1.50583
-1.48237
-13.0102
-18.2167
-1.50988
2.89775
1.9057
4.7757
17.9041
0.491499
-13.5194
-10.3948
-1.73689
-21.6261
-2.04592
-2.90761
-5.30623
460.249
-1.75732
-0.613174
2358.19
-1.887
-11.2765
41.7287
309.446
99.5551
22.4242
20.1814
42.293
340.977
102.25
-10.0334
1.69102
-319.156
-21.3081
613.565
170.37
167.322
-49.7469
-18.6597
20.9415
240.85
-20.0363
191.412
-10.3976
-15.4072
-5.78087
-17.2434
-2.63403
-22.197
-19.3676
-1.23367
-11.7801
-7.40404
-17.035
-1.33878
-3.81729
-2.57771
3.24241
-15.1714
-20.3597
-1.82931
-17.1298
-12.9299
-14.7923
-1.24798
-15.2077
0.428615
4.65278
2.06041
-7.07768
-0.337253
-14.999
-6.75399
28.4046
10.2062
-18.451
-6.72231
-18.7065
577.38
-6.65286
20.2586
4.26681
2.07034
453.218
-43.5237
-87.9291
4.76089
2.62921
-2.73791
4.99481
656.257
6.60979
4.57695
5.50671
8.14843
-1.75093
-9.8458
3.27291
-0.00927301
4.71071
3.72046
541.697
2.01061
298.093
7.51881
2.96417
2.2697
1.12865
-1.99766
-1.69062
7.29048
-3.92235
-2.2034
1.14147
2.36383
-1.91256
0.282669
4.82835
0.84493
6.91826
-1.03495
1.79523
6.65777
-0.619345
-0.0512009
3.87618
-1.58371
-11.8949
-1.36866
0.395768
-1.0278
-2.1638
-0.419547
-19.112
-4.25175
-1.49943
-16.369
-1.33552
-1.40756
-18.941
-5.51539
-1.64687
-1.65968
-15.5318
-1.35706
-1.44453
-0.948564
-1.41651
4.29528
-0.770957
-1.55736
-1.44622
-0.560894
-1.06936
-1.0072
-0.29722
0.500861
1.09814
-1.88025
-0.605488
-0.879107
-0.954535
0.00127549
-1.03358
-0.277211
-0.642628
-4.77781
-1.84449
-2.01695
-1.86678
-1.38841
-1.45135
-2.45469
-1.71388
-1.67697
-1.90253
64.3436
-1.89512
-31.6505
-3.62523
-1.45244
-2.84766
-7.39957
-2.61204
-4.70911
-0.688769
-1.84131
-1.92514
-2.23492
-0.881869
-3.8161
-10.1086
-2.88776
-16.9404
-2.82827
-0.620298
-15.0453
-2.12015
-1.05531
-11.0386
-3.10147
15.7195
785.491
-2.96207
-2.10906
-2.52417
4.81735
-2.7305
-6.67028
-2.49041
4.36654
-1.67877
-2.95408
-2.76
-3.73323
-2.58153
-1.61611
3.54859
-4.73986
-2.11709
-2.58446
2.56026
-1.7466
-2.27752
-2.74634
-1.79983
-2.84483
-2.52075
-1.82703
-2.57887
-2.71653
-2.62371
-3.89621
-2.75171
-6.93131
-2.67612
-1.33449
-2.62992
0.156202
-13.6039
-2.26939
-2.74381
-1.64993
-1.78641
-2.76033
-2.56689
-2.51565
-2.78262
17.7532
-2.33685
-1.82269
2.73212
-2.83381
-2.93889
-3.52565
-1.98942
-2.55323
1.02643
-2.90206
-66.766
-2.52507
-2.51001
-2.40861
-2.30224
-0.130976
9.6214
-2.77838
-1.92627
-2.88656
-2.4446
-1.44465
-1.53386
-2.55299
-57.9737
-2.2167
-2.94919
-2.74119
-1.9624
-2.47538
-2.76193
-2.5129
-1.8833
-2.29703
2.47869
-250.92
2.61134
-2.62593
-2.84677
-2.96714
-13.9593
-2.1733
0.0211197
-3.57416
-2.55992
-1.82325
-2.2382
-1.74789
-2.9255
-2.85016
-2.46424
-2.85558
-1.86939
-2.86184
-2.55047
-2.40002
-2.86447
-2.29611
-2.79231
-2.26964
-1.72115
-2.78272
-1.66017
-2.74115
-2.61716
-2.76092
-1.82116
-2.29238
-2.59421
-2.55377
-283.549
-1.49031
-1.27533
-1.71815
-1.30039
-2.14582
-0.5213
-1.91026
6.83458
-1.31036
-2.52752
-1.71103
-2.26613
-1.58176
-2.70324
-2.29943
-1.88186
-2.06733
-2.95535
-1.24499
-2.59798
-2.47087
3.68778
-1.68705
-1.96007
-1.84212
-1.57827
-1.51832
-2.42993
-1.77211
-1.77525
-1.9589
63.8725
-1.2599
-12.6995
-1.93837
-0.525152
-2.27798
-1.73196
0.219399
-1.76399
-2.10453
-1.41803
-0.277469
-2.58336
-1.21632
2.84546
-2.11146
-1.63925
-2.06873
-1.62168
-13.3801
0.222275
0.5447
-5.844
-0.0394307
0.090844
-1.98713
-1.55645
1.4737
-2.18046
-0.572429
0.964145
-2.61351
4.45992
1.37984
1.55816
-2.58617
2.05447
-2.17146
-2.87634
-1.26993
2.12059
-3.81758
-2.35495
2.57299
2.54646
-1.5311
1.18608
2.18404
-23.2254
1.92707
-2.4085
-1.41132
-10.1798
4.90071
-1.6534
0.901812
5.26932
0.6437
3.70676
-1.70673
-1.77072
1.34958
1.30906
5.88258
-2.59823
27.109
-0.0892877
-2.04537
-1.99512
-3.6361
-4.09548
-4.75059
-2.80753
-2.05269
7.66343
-1.76138
-0.167696
-4.14919
-2.51768
-2.88633
-1.73284
-2.2203
-3.72573
-2.01663
-2.1612
-4.08529
-2.38692
-20.8204
-2.20422
-2.44362
-3.84269
-2.91947
-2.67394
-5.13228
-8.89617
-4.28625
-1.81016
-3.22485
-5.13504
-403.295
-1.80541
-1.45492
-0.769793
15.4759
-7.93758
-2.32402
-2.80803
-2.75318
1523.76
11.711
66.8112
57.9646
11.0464
-5.54453
163.239
-2.25635
5.74299
733.902
16.9401
-3.26399
2.80025
39.2088
-1.54133
-2.1039
-21.623
7.63212
-2.75805
-4.39463
489.747
-2.69703
-3.80489
132.063
192.64
-6.63168
-7.27941
-7.06257
4.6616
-1.3472
3.69936
-2.6855
22.494
-0.000376125
693.352
-1.23405
6.06932
-3.08634
-5.16147
-5.55336
8.4502
222.465
210.845
-16.1221
60.623
60.4742
62.8375
5.90986
-9.47351
-1.77014
-6.84551
-4.67743
3.39033
-3.33734
3.98596
-17.2246
-0.243294
-10.2976
6.46886
4.17662
5.49305
-1.37324
-0.336169
-2.25777
-4.84421
-2.29619
1.83494
-1.40194
2.18364
-2.74932
4.25838
2.69229
-2.62289
2.617
2.00543
-1.91519
83.1463
-1.52469
-1.54742
5.31215
-1.22877
-1.73083
-1.84883
-2.89703
0.210072
1.52233
4.02655
46.9142
4.85523
-1.626
2.3928
3.88804
4.93043
4.78624
1.92252
-1.41566
-2.65804
286.998
5.68779
5.01277
-1.64372
4.53099
-1.69199
5.12278
6.64897
-1.60641
2.47257
4.10159
-2.01924
5.02051
2.09098
-1.71385
-2.32736
-1.67198
-14.4152
-1.44866
-5.08036
6.12098
5.01759
-5.26417
-1.62986
-1.34289
-0.293186
2.3279
-0.0303109
2.76373
-1.05897
-2.21094
-1.90207
-1.73451
-1.96058
-2.15116
-9.0833
-1.25747
-1.05598
-0.802323
-7.05762
-1.67255
-1.30373
-2.31914
21.1679
-2.83763
-2.93661
-3.83338
-1.63588
-1.60038
0.076811
-0.969501
-2.56958
0.300799
-1.58465
-2.49972
-2.01241
-1.53256
-2.03049
-1.95192
-5.00971
-1.38534
-2.75679
-1.8888
-0.160836
-1.27336
-1.8461
-2.17668
-0.505975
-7.79217
-17.6868
-1.83581
-2.34471
-2.32613
-2.02929
-21.1236
-2.89316
-1.54748
-3.20397
-1.5227
-11.6231
-4.11935
-1.33084
-1.82659
-1.64946
-4.41444
0.279522
-2.01031
11.8896
-3.74886
-1.8297
-1.69452
-2.61571
-2.1601
-2.32911
-2.93149
-8.42885
1.90495
1.67696
-3.309
-57.1292
-2.02322
-5.89322
70.5839
-1.11987
-3.93007
-2.59485
-2.05397
-1.70829
0.098568
-6.76654
0.719493
-2.92784
-0.86528
-1.58227
-1.28707
-1.74628
1.06547
-3.52984
-0.7175
-2.26169
-1.47654
-21.0289
-6.80508
-0.533967
-4.65867
-1.87093
-1.89167
-2.95615
-3.74043
-2.14503
-410.53
-1.32985
-1.23657
-2.14401
-2.21514
1.70673
-2.59987
-0.61789
-2.05894
-3.26441
-2.80517
5.15936
-7.51031
0.301916
-4.02678
-1.89447
0.567847
-1.45155
-1.40231
-16.6356
-3.33676
4.23905
2.99846
-2.54383
3.70654
2.16259
919.815
-4.02551
-2.40048
-7.39022
-7.96567
0.124176
-2.89572
-1.7964
-10.521
2.31999
-1.65803
-1.44648
-2.17189
-14.4796
-1.81452
-1.98606
-3.225
-1.35213
-2.04459
-2.97778
-1.96004
-2.20172
)
;

boundaryField
{
    FrontBackPlanes
    {
        type            symmetry;
    }
    wallz
    {
        type            calculated;
        value           nonuniform List<scalar> 
97
(
-385.181
-336.455
-416.594
-263.335
102.133
4.73099
5.97071
108.91
109.649
-2.43698
-2.72559
-2.57996
3.85124
4.68071
5.12852
109.803
108.996
107.887
-2.00557
-2.14737
-2.29222
2.47148
2.87383
3.39215
110.685
130.904
201.001
-1.57215
-1.70458
-1.86759
1.13295
1.58422
2.03828
387.763
599.739
-1.24321
-1.40222
-0.0967197
0.28385
0.66253
191.922
433.872
-1.06947
-1.01256
-0.728457
-0.451063
1892.74
907.12
4743.39
-0.457281
-1.71114
-1.49552
-1.27713
748.955
612.055
205.364
0.111487
-0.187345
-2.07906
-1.90351
644.022
586.847
266.306
0.800198
0.47078
9.8015
7.81468
-2.72356
-2.56441
128.759
89.9174
100.308
1.46777
1.22929
2.03544
2.97979
3.51327
104.617
106.615
106.155
108.237
61.9093
-2.87524
-259.084
-510.428
-525.544
-137.676
105.714
57.5798
-2.87821
-0.670271
596.336
-2.25424
104.648
500.105
-2.42454
-0.890889
)
;
    }
    outlet1
    {
        type            calculated;
        value           nonuniform List<scalar> 
31
(
-2.943
-2.943
-2.943
-2.943
-2.943
-2.943
-2.943
-2.943
-2.943
-2.943
-2.94314
-2.94619
-2.98545
-2.943
-2.943
-2.943
-2.97509
-2.94591
-2.94302
-2.943
-2.943
-2.943
-2.943
-2.943
-2.943
-2.943
-2.943
-2.943
-2.943
-2.943
-2.943
)
;
    }
    inlet1
    {
        type            calculated;
        value           nonuniform List<scalar> 2(-552.782 -559.083);
    }
}


// ************************************************************************* //
