/*--------------------------------*- C++ -*----------------------------------*\
| =========                 |                                                 |
| \\      /  F ield         | OpenFOAM: The Open Source CFD Toolbox           |
|  \\    /   O peration     | Version:  v2012                                 |
|   \\  /    A nd           | Website:  www.openfoam.com                      |
|    \\/     M anipulation  |                                                 |
\*---------------------------------------------------------------------------*/
FoamFile
{
    version     2.0;
    format      ascii;
    class       volScalarField;
    location    "0.4";
    object      p;
}
// * * * * * * * * * * * * * * * * * * * * * * * * * * * * * * * * * * * * * //

dimensions      [1 -1 -2 0 0 0 0];


internalField   nonuniform List<scalar> 
6576
(
-400.763
-424.66
-391.712
-400.021
-408.29
-387.496
-387.537
-374.987
-395.399
-392.904
-390.962
-382.848
-370.197
-385.32
-296.729
-313.526
-349.554
-344.354
-317.307
-309.516
-352.168
-379.513
-387.81
-459.358
-289.334
-246.791
-174.947
-429.335
-431.174
-427.277
-419.82
-409.503
-371.337
-272.162
-253.416
-270.165
-298.277
-295.721
-287.534
-291.059
-327.848
-373.305
-321.744
1218.61
247.787
2186.35
931.54
1007.94
1729.07
1270.03
823.461
1243.75
-3.83094
-4.58366
-3.81179
-4.45504
-6.09036
-7.25672
-4.62359
-3.18818
-3.82232
-3.46386
-3.2588
-3.06019
-2.97077
-3.2006
-1.63354
-2.87528
-2.34835
-3.16314
-2.54751
-2.89092
-2.54302
5.37018
5.41249
5.14668
5.36889
4.81692
4.34809
5.06357
8.02674
7.83297
6.83257
5.4309
6.10255
6.34387
5.17691
60.6938
-5.53704
17.5235
26.4681
27.4048
31.7786
41.1046
117.764
195.005
291.956
67.0817
169.597
174.787
106.743
504.265
634.74
444.429
550.936
592.948
473.722
513.868
1635.85
1658.12
1662.47
1552.49
1705.15
2149.18
-2.78664
-2.9086
-2.8811
-2.92315
-3.19041
-2.91638
-2.90262
-14.0128
-107.737
-196.235
-103.434
-66.2741
-41.7549
6.45065
-2.36334
-3.43607
-3.16415
-4.3789
-3.8187
-4.87056
-4.23454
-0.00570737
-0.302901
-0.205214
0.522673
0.721922
0.626288
0.439111
0.055002
0.246315
-0.00837279
0.446064
0.57498
0.424614
0.37167
-0.394607
-0.448833
-0.519493
-0.294456
-0.542471
-0.570772
-0.373046
-0.138936
-0.0630263
0.101853
0.00659904
0.00390816
0.270912
0.3828
0.194861
0.246974
-0.322274
-0.485862
-0.333669
-0.161139
-0.397796
-0.502927
-0.31763
-0.260241
-0.28401
-0.0871997
-0.143864
-0.194228
0.10821
-0.00509506
-0.0140168
0.072448
-0.692034
-0.793896
-0.45599
-0.595532
-0.606712
-0.176672
-0.308153
-0.351973
-0.385347
-1.00662
-1.01977
-1.25325
-1.07378
-0.926857
-1.1469
-0.968143
-1.69217
-1.11915
-1.24824
-1.1901
-1.42225
-0.973418
-1.00874
-0.880248
-1.41012
-1.46753
-1.29796
-1.33265
-1.90922
-1.643
-3.49243
-5.39376
-3.70012
-0.266855
-2.75361
-4.8958
-5.91865
-2.04617
-2.10225
-2.01184
-1.93021
-2.06734
-2.04081
-1.9155
-1.74384
-1.83961
-1.64626
-1.73635
-1.65521
-1.47716
-1.60259
-1.09466
-0.984593
-1.12655
-1.18443
-1.07861
-0.988297
-1.11795
-1.00355
-0.942314
-0.787743
-0.97172
-1.09423
-0.959087
-1.10139
-0.686344
-0.560035
-0.71905
-0.79615
-0.645169
-0.787247
-0.615799
-0.560172
-0.737664
-0.57551
-0.54188
-0.731228
-0.457469
-0.593014
-0.501692
-0.643426
0.594077
-0.00286593
-0.56185
0.936904
1.5447
0.840854
0.339425
883.456
779.359
664.044
1070.97
686.743
757.014
1335.87
666.141
1251.25
1175.53
1158.69
1098.98
1034.72
821.816
927.254
609.336
-19.2632
-71.5818
88.7384
81.6712
141.694
-4.30857
40.2041
43.03
48.1556
1112.74
1128.56
1128.19
341.156
445.919
78.8311
564.889
507.216
254.242
456.517
0.776244
0.953747
0.967099
0.818392
0.938493
1.16966
0.920922
-1.63251
-1.58531
-1.54844
0.307211
-0.407512
-0.838684
-1.44059
-1.00561
-1.12863
1.29737
1.36909
1.34874
1.42408
1.18998
1.20104
1.18581
-169.905
-169.754
-170.055
-168.887
-169.697
-169.623
-169.207
-167.622
-168.044
-168.469
-167.111
-167.788
-171.604
-169.399
-168.445
-168.505
-154.681
-138.991
-102.817
-147.854
-119.91
-110.25
-50.2912
-46.8909
-130.199
369.249
578.251
366.157
459.079
559.133
405.975
616.244
1229.38
986.68
1080.67
1059.4
865.575
372.08
786.695
975.65
1434.29
-169.278
-167.801
-160.647
-161.561
-137.905
-170.942
-161.627
-171.736
-170.489
-168.222
-168.498
-167.865
-170.103
-171.05
1.85324
1.52374
2.20942
1.05002
0.946001
1.41278
1.5642
2.41395
1.84827
2.61572
2.91062
3.31955
3.22512
3.19685
2.83636
2.66603
2.53311
2.75734
2.61874
2.78316
3.02592
2.72872
2.94038
2.7382
2.59153
14.7888
15.5716
12.6873
24.3813
10.5858
10.809
9.29509
21.1091
7.06183
-7.96979
20.6424
3.72435
12.973
15.3995
-1.38692
-1.43485
-1.53454
-1.30727
-1.39655
-1.46602
-1.56429
-1.47047
-1.7521
-1.73938
-1.69748
-1.45328
-1.61885
-1.83585
-0.510596
-0.847337
-1.1013
-0.668819
-0.726077
-0.957628
-1.17619
0.0658577
0.0521297
0.526846
0.233148
0.358367
1.29304
0.987594
0.925523
0.699184
1.72735
0.983703
1.9654
-0.280187
0.959669
1.10203
1.45077
10.0963
12.8223
3.05362
8.12863
19.8149
2.72478
10.743
7.11369
3.28232
15.9468
11.0484
-29.5369
1.72365
11.9196
-16.649
3.42128
5.13752
4.10516
-36.6035
5.21205
26.182
-2.55449
-2.90449
9.47294
-18.038
-16.8329
10.1079
5.91747
-47.0677
15.6994
-7.60265
-8.33805
-10.6108
34.316
-9.13581
-17.5118
-11.0179
-12.1643
-8.22948
-9.73656
-6.92517
-10.3977
-20.121
-9.14094
-3.5195
-10.3792
-14.708
-15.972
-18.3321
-7.91558
-15.2718
-7.87148
-3.02356
-8.46915
-9.52372
-7.79841
-9.41015
-6.66367
-4.50436
-7.39428
-13.1622
-16.4866
-7.55386
-8.21893
-7.46855
-6.74749
-2.94795
-6.21618
-13.3502
-11.024
-10.1343
-11.436
-6.19178
-8.32214
-7.31031
-5.94018
-3.63615
-3.57283
-3.32429
-3.86342
-4.44268
-3.55238
-4.23646
-3.82793
-3.38448
-2.44241
-2.33642
-2.52983
-2.67895
-2.69773
-2.45569
-2.62666
-2.44218
-2.67534
-2.68031
-2.41864
-2.4671
-2.61756
-2.55272
-1.71337
-1.73336
-1.98887
-1.73009
-1.96378
-2.17486
-1.87192
-0.643456
-0.453763
-0.534086
-0.844846
-0.823536
-0.452677
-0.33372
-0.482147
-0.463262
-0.632798
-0.391987
-0.50843
-0.0510512
0.0920177
0.104824
0.0368535
0.179857
0.113102
-0.0248338
1.22792
1.7135
3.13479
1.06909
2.56821
1.49659
0.702647
-2.50773
-2.37045
-2.48628
-2.3029
-2.29936
-2.42564
-2.36777
-1.30451
-1.8086
-1.73616
-0.987881
-1.04938
-1.16613
-1.2369
-1.69358
-1.55412
-0.324095
0.100815
-0.285443
0.0682376
-0.284208
-0.120255
-0.510232
1.33894
1.34934
1.28914
1.2773
1.32716
1.36002
1.31717
1.42838
1.50377
1.44397
1.53348
1.46925
1.44843
1.4316
1.36117
-1.61838
3.52778
1.48682
1.67528
2.73837
4.93969
302.763
285.573
256.024
291.386
273.252
303.978
245.808
162.93
260.246
350.063
281.205
412.605
285.107
296.462
235.051
322.664
431.6
216.744
307.36
318.677
151.118
245.39
282.32
402.801
522.918
28.7976
130.573
103.943
43.7493
155.807
128.277
122.869
217.606
210.42
264.884
171.384
196.052
121.255
204.922
175.31
278.748
-63.9046
75.37
-43.2157
-24.9371
106.075
-38.019
217.038
126.352
173.9
38.9853
47.5444
-104.893
-170.019
-104.783
-118.294
-144.077
-124.197
-132.783
61.3384
49.3271
-6.71451
-94.795
17.7689
442.438
513.805
520.186
-166.635
-158.417
-164.43
-165.102
-160.777
-160.489
-165.217
150.851
-123.779
-94.6613
-155.843
-147.87
671.68
354.58
407.187
676.538
-141.085
306.923
827.004
550.238
505.662
911.97
-132.697
-63.5833
-81.2776
14.7369
-123.623
-29.1008
-179.605
409.196
241.373
202.191
197.868
281.027
30.9098
-95.4669
83.6712
33.8831
602.888
398.175
322.55
-194.121
-259.161
-267.765
-157.23
-199.008
-124.802
-11.8309
-188.844
-196.734
-154.737
68.7422
53.7204
-37.9326
-20.7678
-14.3572
-199.25
-10.8446
-5.88539
-67.6086
-112.681
-288.503
-236.021
128.493
-113.715
-147.462
-13.6364
-150.874
-152.534
-20.5164
-97.6963
-147.204
-161.49
-107.87
-162.344
-161.927
-165.071
-159.696
-166.357
-166.073
-164.541
-161.032
-160.88
-160.368
-160.253
-161.237
-160.998
-161.592
-20.344
-72.6066
-48.9311
-26.6268
-72.8723
-20.2579
-44.5938
-158.971
-159.363
-158.057
-162.632
-161.197
-160.179
-160.578
-80.3732
-72.47
25.8753
-44.2378
-20.5631
4.91276
26.3999
5.07622
22.0298
39.6422
21.3084
24.4166
22.8455
29.2341
22.2663
15.4156
7.91219
11.3176
9.55279
-4.53388
30.8459
10.5801
8.25685
11.7219
7.93037
4.89734
4.5019
4.5667
3.7827
4.55713
3.07448
3.32704
0.671091
0.604445
0.759091
0.369666
0.351822
0.485765
0.474387
0.80451
0.988045
0.831149
0.685166
0.871909
0.800139
0.623285
0.160548
0.0445638
0.125272
0.260463
-0.0170305
-1.36532
-1.53689
-1.19431
-1.48143
-1.89427
-1.80066
-1.57615
-0.101595
0.847156
-0.602818
1.08113
0.855074
-0.222378
0.0155902
3.65259
3.54784
3.34023
4.01455
6.02459
3.68122
3.74142
33.831
25.7662
30.9062
38.0061
-2.62007
17.0697
12.0314
-0.297531
1.97113
1.50329
24.7353
22.7207
4.27837
9.65965
6.24279
10.0109
10.2109
0.20993
12.6134
4.76627
-3.23428
7.83649
6.85399
0.685142
-2.1936
1.66984
-0.559089
3.37604
-1.29452
5.58794
6.03362
-7.22152
0.201473
8.81622
22.0765
8.52091
7.92689
38.2809
0.119511
0.35609
0.231685
0.140738
-0.23294
0.174393
0.629528
-1.86982
-1.45985
-0.594934
1.079
0.238528
-0.11016
0.35305
-3.16927
-2.69914
-3.82348
-3.1884
-3.1047
-2.70052
-3.46426
-6.58261
-7.80946
-5.44824
-4.15232
-4.39797
-4.6195
-4.6526
-4.33435
-4.03206
-3.92372
-3.44716
-5.27322
-3.50861
-4.21448
-1.82914
-3.42055
-3.35301
-3.31817
-1.73148
-3.04481
-3.19469
-3.19062
-2.9489
-3.03363
-2.95011
-2.95988
-2.97051
-2.97521
-2.94308
-2.95126
-2.95653
-2.9361
-2.96991
-2.94158
-2.94359
-2.94636
-3.08954
-2.96075
-2.98626
-2.93825
-2.98545
-3.10484
-3.00865
-2.96637
-3.02419
-1.8864
-1.95753
-1.79713
-2.25143
-2.29967
-2.11929
-2.12168
-1.16614
-1.19177
-1.30022
-1.17557
-1.34187
-1.22719
-1.38031
-0.527043
-0.586155
-0.341347
-0.556833
-0.307048
-0.362886
0.211249
0.319204
-0.569155
-1.21825
-0.860082
-1.5753
-1.51147
0.383893
-0.565455
-0.520549
-0.754083
-0.692609
-0.355709
0.157377
-0.830457
-2.20248
-2.44772
-2.24097
-2.17659
-2.39251
-2.20084
-2.21167
-2.26
-2.18059
-0.447891
-0.621655
-0.682158
-0.28875
-0.172854
-0.374739
-0.441718
0.0493292
-0.210873
-0.0818535
-0.092311
0.0963046
0.112941
-0.085721
0.569459
0.707497
0.635985
0.554452
0.718634
0.531908
0.766843
0.73394
0.538046
1.23037
1.13568
1.21898
1.04957
1.09134
1.16761
1.17227
315.708
255.172
268.388
236.706
266.255
241.321
261.7
359.933
357.986
437.791
332.583
366.893
345.014
388.889
339.097
371.988
377.226
352.176
416.763
363.125
387.069
370.77
350.186
447.887
405.678
425.719
437.661
515.035
416.704
546.589
464.613
467.797
447.405
127.351
350.031
173.445
118.508
200.733
135.643
-169.548
-169.894
-169.548
-169.668
-170.815
-169.33
-169.679
-25.9383
-126.349
-110.443
-150.586
-131.913
-155.247
-161.324
-157.129
-161.389
-155.401
6.9296
-272.144
-147.249
-290.095
-189.224
-350.56
-160.462
-113.466
-214.128
-109.804
-22.8222
-78.1049
-97.5045
237.871
259.674
239.517
392.715
325.619
346.976
352.863
391.361
540.139
297.287
-52.5086
128.228
385.146
-46.0549
2.79534
19.7892
-99.7153
-24.7379
-73.6734
-125.473
130.697
85.6381
252.26
310.229
377.42
116.214
149.32
35.3749
42.6818
40.1837
45.5566
69.5588
30.3852
36.7186
14.8033
15.0555
15.2963
14.155
22.9818
15.7851
19.4291
25.2277
8.19984
20.7369
-15.8703
24.1805
-6.9829
-15.034
13.8455
-113.627
73.5017
2.62762
11.2994
-35.5824
-108.982
8.51923
7.89756
9.33436
9.10784
9.11559
9.62123
8.74764
5.35677
4.82564
6.14879
6.78987
6.02511
6.60847
7.32665
4.83118
4.56529
5.04629
5.19523
4.77566
5.1044
5.14969
-0.0221719
0.27838
0.229919
-0.529861
-0.749892
-0.284319
-0.241406
-2.11337
-3.10095
-2.65083
-1.50833
-1.20229
-2.22988
-2.10019
-0.593907
0.0199564
0.209718
1.78523
0.84801
0.572871
-0.0453975
2.63194
3.32208
2.74626
5.08097
3.70547
2.51924
3.50621
4.83196
4.64203
5.51705
5.27138
4.30303
4.84613
4.87172
4.35632
6.44068
5.55432
4.61513
5.57448
5.12217
4.96224
5.34084
4.99737
26.7689
15.793
15.5758
15.8208
12.4493
3.25675
5.61768
16.2178
5.59198
3.4299
21.1759
-7.86256
11.9547
7.33516
28.9641
20.6861
22.0982
29.4322
17.57
11.1177
28.5601
0.496145
18.5814
13.3924
23.414
16.9514
11.6825
-3.44291
26.7399
12.0735
18.7561
20.4725
10.5012
-3.82096
15.2211
11.2813
13.4477
0.989643
1.24369
1.73251
1.35634
1.12422
1.67342
1.72191
0.466768
0.995315
0.439093
0.178482
0.552504
0.284048
-0.0543006
0.336261
0.603695
0.314915
0.39183
1.1175
-0.0565921
0.0934859
0.136756
-0.144116
-0.468751
-0.233216
-0.0384843
-1.35822
-1.37813
-1.05128
-1.37889
-1.31121
-1.03155
-1.37491
-3.71387
-4.02103
-4.29795
-3.30032
-3.22036
-3.65188
-3.56165
-3.81104
-4.21597
-3.92812
-3.82298
-4.04979
-2.79119
-3.15926
-2.90229
-2.98174
-2.85413
-2.88416
-2.69934
-3.52686
-3.40588
-3.27014
-3.37821
-3.18087
-3.1434
-3.24264
-2.95724
-2.92822
-3.08625
-2.94174
-2.94312
-2.9511
-2.96403
-2.94981
-2.9525
-2.98275
-2.94101
-2.94839
-2.94747
-2.92634
-2.86462
-2.86844
-2.87218
-2.83349
-2.80025
-2.86798
-2.90957
-2.92863
-2.92694
-2.87546
-2.86247
-2.86749
-2.83228
-2.91865
-2.87134
-2.87007
-2.87957
-2.9133
-2.918
-2.81449
-2.81935
-2.82105
-2.83471
-2.79043
-2.69388
-2.77414
-2.67442
-2.76283
-2.79896
-2.74712
-2.86795
-2.78721
-2.78919
-2.87211
-2.80132
-2.75764
-2.8216
-2.53925
-2.61507
-2.50397
-2.55437
-2.45474
-2.60613
-2.52232
-1.35273
-1.38579
-1.43938
-1.3203
-1.15339
-1.29321
-1.41921
-1.35668
-1.37874
-1.44076
-1.41677
-1.45262
-1.39151
-1.44741
-1.19286
-1.19781
-1.17075
-1.22984
-1.20693
-1.23777
-1.2023
-1.65453
-1.59644
-1.64766
-1.51836
-1.51991
-1.56033
-1.55113
-1.63972
-1.63411
-1.81312
-2.02343
-1.85159
-1.71851
-1.76057
-1.85159
-1.75471
-1.76403
-1.64791
-1.83667
-1.47111
-1.53056
-1.61806
-1.66593
-1.01733
-0.714017
-0.741281
-0.621388
-0.683897
-0.646414
-0.764165
-0.840325
-1.05154
-0.197642
-0.261188
-0.475129
-0.0905417
0.0203322
-0.176614
-0.0442179
-0.191065
-0.363693
-0.0692247
-0.0762373
-0.267889
0.140785
-0.0115086
0.0529503
-0.105309
1.14372
1.14316
1.19827
1.17757
1.09443
1.14061
1.20747
1.24104
1.27016
1.22773
1.29584
1.31319
1.30671
1.29638
1.42328
1.43668
1.47219
1.43466
1.34304
1.42169
1.47986
1.08183
1.33607
3.83217
1.45655
0.503278
2.56815
3.53408
18.7565
-20.8715
-0.0149315
8.91848
28.5904
21.7752
10.4846
190.979
158.342
157.145
197.571
164.761
155.441
160.567
122.092
86.1141
86.0619
60.8303
80.5217
98.3997
71.97
211.141
176.216
173.712
142.93
219.3
159.707
351.316
272.58
258.908
270.794
315.728
259.72
257.244
250.7
271.41
260.682
450.384
384.171
405.489
-158.945
-161.356
-160.614
-162.264
-162.039
-160.395
-161.404
383.16
396.955
353.894
165.808
217.576
439.88
336.368
212.779
357.284
301.073
325.534
451.054
444.612
320.484
253.251
301.231
301.991
387.097
374.384
274.871
41.0415
37.3244
45.3183
38.1993
44.0643
41.9492
38.8463
19.5759
36.5544
18.0411
37.1317
15.0268
20.667
13.4856
26.4078
22.0829
22.2637
26.3147
24.5104
24.2659
26.154
10.5866
1.57041
16.8168
17.3439
6.69159
17.2236
16.9806
18.7925
18.6862
7.23617
6.31215
7.58695
8.7137
7.97488
5.95626
6.45388
5.77214
6.37353
8.7368
7.11503
9.90072
15.6711
8.88763
9.64703
7.5317
9.33808
9.34431
9.60439
10.3702
9.72687
11.0204
11.9927
11.1465
12.1586
10.1883
9.58415
10.3281
9.87126
9.81171
10.3329
10.3298
2.19184
1.14601
1.7157
1.39481
1.90169
1.494
1.71718
1.28474
0.54306
1.25989
1.26382
1.29522
1.5872
1.60595
9.47872
4.00336
15.2658
15.7586
-27.154
4.2568
3.20125
12.6104
7.60386
12.214
21.2297
4.43304
16.6264
13.2589
28.3832
30.9409
6.0907
13.5558
-24.6881
-4.93842
22.8798
9.179
-3.66578
17.6397
29.8988
46.8289
-3.7228
11.1861
9.71625
4.29116
15.084
-0.127496
7.27218
9.79271
-0.248953
6.49756
5.30019
5.13981
4.15664
5.10923
5.22169
6.11168
2.24258
4.1631
2.80755
2.34746
2.32958
3.33597
2.21731
1.83539
1.76766
2.17666
3.03472
3.3193
2.73445
2.75067
-0.0728332
-1.04888
0.489454
-0.322238
0.470905
2.05884
0.733581
0.23297
-0.159974
0.0757415
0.0529839
0.328957
0.007361
0.261649
-1.98024
-2.21842
-1.90507
-1.8374
-2.05805
-1.66336
-1.86175
-2.20833
-2.1394
-2.01915
-2.05769
-2.15165
-2.09419
-1.95702
-2.85293
-2.80841
-2.77626
-2.79359
-2.87503
-2.77967
-2.72039
-2.79505
-2.74255
-2.66177
-2.81983
-2.90757
-2.75619
-2.87076
-2.86634
-2.92592
-2.7928
-2.79098
-2.81793
-2.82165
-2.82023
-2.77241
-2.74919
-2.70987
-3.24395
-2.63588
-2.76908
-2.76015
-2.62
-3.55109
-2.73633
-3.02124
-7.30291
-3.61376
-5.82611
-6.48523
-3.98853
-6.33078
-5.3917
-4.6346
-195.884
-26.5516
-47.6293
-28.4532
-55.8654
38.7058
-1.27508
-2.39836
-0.244166
-0.493208
-2.03169
-3.47246
-1.37063
-4.37807
-5.82043
-5.29869
-4.61693
-4.43377
-1.34551
-5.08896
-3.235
-2.37195
-2.87888
-2.79618
-2.64423
-2.18634
-2.67474
-1.53161
-1.36996
-1.57851
-2.13143
-1.55053
-1.37755
-1.3212
-1.32188
-1.27336
-1.28457
-1.2617
-1.23124
-1.29663
-1.24584
-1.37628
-1.30545
-1.32074
-1.2696
-1.31387
-1.39396
-1.33759
-1.29901
-1.33895
-1.38492
-1.27852
-1.3245
-1.33219
-1.28503
-1.22548
-1.32402
-1.22595
-1.16573
-1.12213
-1.14944
-1.07739
-1.11114
-1.01726
-0.546726
-0.632431
-0.723451
-0.656578
-0.560512
-0.773428
-0.642873
0.221287
0.0667647
0.185083
0.372982
0.275005
0.191028
0.297751
1.02108
1.03255
1.04167
1.17892
1.19207
1.13939
1.134
-4.61787
29.7001
4.69514
1.04991
12.418
-1.8531
-2.49202
14.209
-19.6023
38.8358
-8.96855
22.2165
5.4737
8.53268
-5.80245
-3.8816
3.23837
-9.797
19.9226
-3.73903
-4.86263
-13.4719
-19.7758
1.39323
5.52904
17.0363
0.537087
7.5745
1.80811
-0.0111753
-0.0711706
-9.49223
0.752985
66.2113
43.1493
45.4385
16.6399
40.545
3.85319
30.9425
10.1957
3.21718
6.2078
3.63215
4.76746
3.73434
3.91856
39.5738
60.2435
42.2789
90.1826
126.841
104.552
51.6691
70.3867
67.747
11.5224
12.9801
22.3939
31.4493
-22.6397
13.9658
-37.5799
-31.0768
-86.833
-7.36116
-41.2017
29.0988
37.274
27.4985
35.3712
21.9501
43.8045
32.0287
171.015
137.657
159.551
130.106
125.165
146.951
140.276
32.3189
18.113
37.3213
10.1166
23.0435
20.9753
32.8787
1599.48
857.176
2029.57
1082.9
1163.79
1358.87
1681.7
91.7875
-158.367
65.5909
-20.1986
619.286
257.817
7.44443
4.75207
6.15386
6.11944
5.16203
6.08273
5.56398
3.9747
3.43512
5.54253
4.11971
3.83706
4.35245
3.90108
5.16961
12.6476
2.09881
11.3287
14.5416
10.9919
11.2368
21.7924
11.3794
-17.8138
26.3785
25.094
26.4324
6.39302
13.9057
18.4902
29.7698
20.266
23.0401
3.51209
8.16278
-5.20175
21.2171
-2.16106
3.03221
2.25787
2.38734
4.94361
1.76648
1.91686
2.44402
3.29834
1.67911
3.12109
3.21583
2.5886
2.15864
2.63202
2.72495
5.0212
3.67536
3.93293
3.81412
3.81574
2.77181
4.52558
4.48848
4.914
3.27937
4.44842
3.97114
4.95604
0.406803
0.41137
0.742079
1.54953
0.757187
1.03359
0.968534
0.374725
0.340692
0.53549
0.182036
0.131243
0.331106
0.607706
-0.932111
-0.358446
-0.66685
0.648287
0.199452
-0.837797
-0.880634
-1.11821
-1.59486
-0.244349
-0.636132
-0.700453
75.287
-15.2108
31.6658
20.5583
-1.10676
-8.59529
10.8156
-5.06429
-5.26309
-4.45229
-4.57892
-4.19559
-5.6676
-5.32262
-2.32224
-2.23588
-1.39913
-1.95545
-1.42337
-1.19824
-1.47311
-2.86845
-3.29748
-2.98489
-2.72728
-2.83518
-2.68406
-2.82732
-2.71195
-2.79413
-2.62653
-2.78025
-2.92426
-2.74416
-2.74754
-2.70205
-2.96614
-2.64625
-2.745
-2.80659
-2.87694
-2.94261
-2.87676
-2.79036
-2.79388
-2.7284
-2.70374
-1.92599
-1.83096
-2.04523
-2.03465
-1.93595
-2.09676
-2.25964
-0.519383
-0.576984
-0.679544
-0.350323
-0.529024
-0.573859
-0.436076
0.095361
-0.0665986
0.0938535
0.310208
0.167729
0.082661
0.212069
0.560804
0.434707
0.53596
0.633525
0.563347
0.428648
0.53158
0.758172
0.846395
0.884696
0.989175
0.964288
0.952635
0.911731
0.879447
0.810241
1.27056
1.21211
1.27769
1.2885
1.24047
1.26881
1.27953
4.26697
-1.61133
-5.76861
-4.45714
-2.66583
-0.271527
2.46295
-14.0664
-12.1581
1.19425
25.3927
16.4657
23.8798
-6.97069
3.50509
-16.1992
0.771184
-6.26599
-25.9195
1.5217
-31.9031
-4.14737
-14.1219
7.36439
43.5626
2.58866
5.40396
3.80005
21.1483
3.72264
-16.9337
0.87188
-2.83228
5.40328
7.45526
0.165515
1.54148
1.58283
1.77179
2.19159
3.19923
1.62555
2.00556
1.64055
1.57746
1.63591
1.55877
1.54184
1.52203
1.55798
9.90587
10.9853
7.00112
12.2033
13.7203
-63.9739
47.4325
58.5609
53.7241
50.8216
80.5405
40.217
12.5483
15.0773
16.4218
14.8777
15.1061
15.3577
15.2596
25.5008
32.1769
26.1329
23.3371
18.5656
12.4444
12.3307
11.7939
7.0894
12.5782
8.51469
11.2299
17.0078
10.7423
16.544
13.5798
12.4313
10.531
13.414
14.1924
40.1438
43.7201
28.6468
33.0509
25.8172
26.5119
999.682
220.89
768.436
2103.16
904.258
2053.53
1858.42
2173.44
2276.63
1619.62
2461.97
1182.55
2962.9
2276.87
2030.77
2573.44
256.582
639.507
587.527
-348.121
209.108
-290.781
167.229
264.331
2029.67
1280.15
113.421
147.997
128.342
110.279
99.393
91.9209
113.425
109.472
121.934
167.689
23.2119
25.828
19.8833
22.342
20.8257
16.3119
9.77635
14.9336
15.0378
15.0969
15.0569
14.798
14.9332
14.7581
13.0469
12.53
13.068
14.3925
15.0187
13.8453
13.8672
13.4176
12.9682
8.04685
6.17057
10.6246
10.0568
11.3037
12.4672
9.16329
9.98176
14.1874
13.0761
9.95783
11.421
8.00978
9.65527
10.6064
9.05443
8.45574
6.00999
7.61421
1.55338
-0.803918
1.36162
0.835167
-1.0366
3.13006
0.88514
-0.845776
-0.894621
-0.756675
-1.45187
-1.03811
-1.54844
-1.77072
-1.25195
-1.03104
-1.10447
-1.25118
-1.01612
-1.13404
-1.07842
-1.1206
-0.906634
-1.04351
-1.38614
-1.09614
-1.23539
-1.05898
-1.53608
-1.30988
-2.21886
-1.9779
-1.97337
-1.95074
-1.78352
-1.85167
-2.02183
-2.6829
-2.58883
-2.71041
-2.73084
-2.84514
-2.68846
-2.83189
-2.70093
-2.72263
-2.61751
-2.79944
-2.90999
-2.77073
-2.7374
-2.6482
-2.89804
-2.6166
-2.71487
-2.71786
-2.84597
-2.92062
-2.84427
-2.7195
-2.7676
-2.68973
-2.67321
-2.4981
-1.48431
-1.70626
-2.11371
-1.18719
-0.602823
-1.24422
-0.672045
-1.4632
1.33203
1.34247
1.36821
1.27105
1.33899
1.38609
1.32646
1.26396
1.28774
1.42817
1.36822
1.35041
1.36404
1.48281
15.2737
13.3986
9.55926
-10.0276
7.75225
-21.7117
2.48477
-8.67014
24.9866
19.109
27.4131
11.6095
14.9979
0.108397
-26.9572
20.4498
4.60683
-8.30906
-6.6098
-3.09217
1.88187
-1.59048
-11.3687
3.32657
8.19103
-2.56617
1.08626
1.15744
1.13084
1.07595
1.11818
1.12774
1.08156
1.10125
1.35631
1.18126
1.40352
1.30147
1.15614
1.1407
1.04641
1.16045
1.25795
1.26448
1.30689
1.20033
1.41009
0.98967
1.09209
1.05672
1.02467
1.0827
1.08718
0.989668
0.646992
0.997403
0.91421
1.2214
1.01337
1.1344
1.07632
2.54848
2.58175
1.70514
3.15358
2.67815
2.56893
2.62363
0.41704
-0.212391
-0.113556
-1.78197
0.865407
-1.18942
-0.965502
2.47736
2.3671
2.47218
1.30599
1.84405
6.47126
5.25003
5.43855
7.26514
7.33874
6.45095
7.00947
10.6037
10.1523
10.7303
10.1315
9.3184
9.24022
9.90348
9.60057
10.963
10.3334
9.06509
9.25754
10.2846
9.29712
-237.071
96.8267
82.7977
142.56
-124.38
-27.5673
-8.73655
51.9553
242.696
106.319
292.86
-67.9157
-61.5394
87.397
6.95799
-155.467
158.434
115.087
51.8118
46.0284
86.6475
-98.0145
41.3167
-188.522
177.813
66.8812
110.421
102.627
77.006
174.787
145.494
156.931
134.709
363.458
440.902
377.905
340.008
366.392
330.82
345.76
206.17
207.348
188.359
289.84
228.969
269.447
217.109
378.285
390.523
509.307
184.961
205.782
225.662
118.339
107.259
155.816
181.582
168.219
137.244
133.775
48.2871
81.9267
119.93
93.118
60.0244
90.2828
56.8562
110.91
73.9726
-1.62333
-1.4433
-1.49785
-1.69704
-1.56283
-1.56278
-1.54179
-1.41043
-1.5599
-1.46648
-1.6113
-1.64366
-1.61118
-1.58523
-1.41973
-1.26807
-1.32165
-1.28677
-1.34019
-1.42737
-1.3378
-2.68933
-2.58852
-2.69918
-2.10669
-1.83296
-1.9234
-2.15583
-1.90836
-1.86316
-1.97642
-2.66369
-2.88508
-2.67248
-2.68848
-2.50065
-2.69452
-2.85418
-2.74432
-2.59544
-2.70426
-2.91886
-2.74089
-2.95205
-2.85363
-2.91787
-3.20053
-3.02748
-2.91931
-3.06443
-2.76278
-2.9479
-2.81743
-3.96547
-3.538
-3.4515
-3.43172
-3.38863
-3.61379
-3.17567
-3.79963
-3.64309
-3.24383
-3.55687
-3.60711
-3.39667
1.06895
0.60493
1.42022
1.45453
1.49666
1.23725
0.982533
-8.96118
0.909135
-2.45321
0.0211698
0.39311
-10.7563
12.3195
0.606374
8.76676
4.06787
-6.24994
8.59865
-2.69221
-8.6024
10.0402
5.28221
-13.5682
1.05978
1.11323
1.11777
1.04607
0.990824
1.06281
1.09192
1.14461
1.20627
1.19347
1.22909
1.20642
1.25556
1.19311
1.13463
1.12552
1.13339
1.17227
1.14755
1.16646
1.16149
1.04779
1.09946
1.06181
0.973439
1.02006
1.05865
1.01309
1.06265
1.09075
1.04644
1.07575
1.059
1.07527
1.1111
0.701401
0.785632
0.689713
0.640636
0.719673
0.676848
0.588321
0.950494
0.998427
0.920352
0.847574
0.955811
0.954873
0.861107
0.351607
0.202236
0.394779
0.416051
0.569122
0.453053
0.316363
0.982258
0.869621
0.91969
0.92914
0.839637
0.79216
0.928075
0.823431
0.78264
0.64179
0.488654
0.421703
0.293386
0.531875
0.546982
0.692129
0.698341
0.206105
0.377621
0.560688
0.649244
0.787169
0.769894
0.675211
0.611654
0.503737
0.734014
0.746102
0.601157
0.534828
1.1731
1.12153
1.28353
1.3543
1.37885
1.36994
1.32025
1.98274
2.13149
2.06275
2.40261
2.29563
2.13597
2.17071
1.84926
1.44578
1.89087
1.76903
1.59872
1.84223
1.7927
1.58723
2.29464
1.32183
1.99224
2.71321
1.90744
2.5014
2.16823
1.99744
3.16144
3.36917
3.17513
3.21137
2.99974
30.467
25.9382
36.7811
13.9563
15.4266
16.314
2.32823
155.251
73.9874
-38.4056
241.422
85.7254
240.79
89.9195
48.2553
239.244
102.734
-38.5145
54.1207
22.671
35.8114
-136.997
27.2052
-65.8549
192.754
77.7721
123.423
132.377
205.784
154.248
233.195
67.9415
18.227
24.6095
-40.1299
13.6235
4.96099
-56.6254
-201.163
-42.6099
12.4842
2.39121
-0.840839
-2.31599
-10.8844
-0.811756
2.78117
1.59422
135.943
170.736
108.242
153.956
108.482
126.878
125.127
34.3144
45.3124
72.7038
36.4153
42.4087
105.509
68.0494
58.8688
70.3942
35.1966
30.4594
36.6388
37.8478
35.9338
43.7824
35.0023
36.3862
41.3297
-276.405
-159.464
-329.824
-280.321
-348.842
-204.435
-355.957
-518.228
-514.771
-495.526
-490.52
-506.812
-462.072
-466.408
-77.1094
51.5345
58.2748
-82.8032
29.7352
70.0239
2.19228
18.6966
-126.594
96.8821
180.715
284.222
187.828
90.1009
454.275
516.901
576.793
435.94
488.097
566.936
503.213
704.038
785.801
533.963
629.667
893.469
723.933
710.135
740.258
847.326
656.156
1101.37
723.385
522.762
521.165
540.556
544.661
646.476
575.931
784.047
491.867
467.773
561.678
552.446
552.811
508.752
547.173
564.105
602.97
655.472
597.18
558.043
-485.882
-251.983
-485.029
-526.731
-426.593
-298.323
-471.188
-535.329
-436.172
-481.265
-504.085
-429.738
-521.266
-458.626
-460.965
-775.476
-470.158
-121.24
-278.358
-566.695
-839.754
1361.75
1496.53
1398.44
698.028
1725.04
2274.63
774.521
1228.17
1325.93
1021.63
1204.34
-11.5105
728.394
449.739
600.953
803.646
1073.96
967.939
1023.8
1013.45
-472.595
-445.826
-494.143
-471.979
-499.636
-511.181
-495.548
-332.297
-424.207
-387.253
-247.853
-254.02
-381.834
-360.124
-365.609
-321.606
-204.927
-382.995
-408.045
-399.682
-370.876
0.984198
3.47378
3.93104
4.98777
6.45113
5.02476
3.05661
9.25187
9.06113
8.22732
8.80232
8.48887
6.53256
7.21498
2.22093
3.51508
2.20377
1.93731
0.539742
2.44709
3.69514
1.79149
3.12478
5.26346
5.20844
5.86699
5.6065
5.03304
5.49219
6.16252
16.2318
2.54707
-12.1458
6.11123
-7.41907
15.6513
11.1701
1.13809
0.492677
11.8693
8.97172
-8.32807
11.2653
6.59367
-3.15989
-4.11865
-10.694
-0.289665
-8.31905
1.41107
1.51288
-0.329578
-3.10995
-0.813266
-1.02628
-0.496645
0.0419543
0.272471
-1.88031
-1.68588
-0.887772
-1.39276
-1.53602
-2.13883
-2.07743
-2.08087
-2.37145
-2.17187
-2.09639
-2.18861
-2.25617
-2.08163
-2.13696
-2.28612
-2.47134
-1.16452
-1.11932
-1.12177
-0.981979
-1.06471
-1.12542
-1.08289
-0.923743
-0.773813
-0.786762
-0.661962
-0.761119
-0.831214
-0.730822
-1.02827
-1.01568
-0.890971
-0.96208
-0.956038
-0.806362
-0.844358
-0.777673
-0.321923
-0.596693
-0.526542
-0.708132
-0.84581
-0.562525
-1.63226
-0.494478
-0.758721
-1.91982
-2.74658
-3.38876
-3.16449
-4.65462
-3.6591
-3.18224
-3.3104
-4.11428
-3.84836
-3.71985
-3.9143
-3.8624
-3.90158
-3.75985
-3.72536
-3.12571
-3.81651
-3.61051
-3.25514
-3.21473
-3.75847
-3.11305
-3.15051
-3.22559
-3.25499
-3.17058
-3.53876
-3.19967
-3.07018
-2.99284
-2.99065
-3.20096
-2.88522
-3.23194
-3.16927
-3.30538
-3.04983
-3.1645
-4.05989
-1.84862
-2.33562
-2.52502
-2.08554
-3.03581
-2.34903
-1.78942
12.6823
-29.2461
17.4386
-0.218559
7.1081
8.47782
-15.1976
-4.29389
-70.8877
-12.938
5.34608
9.66082
12.551
7.38237
3.32527
-26.3355
0.518852
0.957901
0.913442
1.07772
1.08196
0.498522
0.798412
1.11848
0.975429
-12.1832
-10.5165
0.400171
0.699308
-3.84169
-2.0359
-11.4151
0.909894
0.829805
0.968242
0.999802
1.02851
0.906489
0.837595
1.23638
1.2306
1.28539
1.28521
1.15344
1.33513
1.24898
0.635443
0.68739
0.568005
0.541056
0.434411
0.622517
0.543236
0.914076
0.896128
0.964127
0.890874
0.768962
0.837521
0.825942
0.746956
0.901079
0.93731
0.893171
0.844273
0.583173
0.678442
0.620979
0.43773
0.52296
0.609591
0.54255
0.650655
0.730343
0.650392
0.689494
0.626326
0.724877
0.658701
-0.170367
-0.106081
0.0128928
-0.412744
-0.224102
0.336812
0.419156
0.377389
0.269048
0.315981
0.419906
0.362474
0.363388
0.344502
0.205677
0.396853
0.513059
0.428781
0.324617
-0.727508
-0.554628
-0.460668
-0.72255
-0.909601
-0.668069
-0.531457
-1.22169
-1.0117
-1.26075
-1.18429
-1.50342
-1.36811
-1.68654
-1.10318
-1.36627
-0.262491
-0.390883
-0.504089
-0.705521
-0.86919
-0.656961
-0.518014
-1.45621
-1.71569
-1.22969
-1.49767
-1.14382
-0.655166
-0.783747
-0.556094
-1.02701
-1.05884
-0.906753
-0.947484
-1.12236
-0.726012
-0.524547
-0.807637
-0.442716
0.0765233
-0.32065
1.94447
1.93434
1.73234
1.6159
1.49888
1.8524
1.84138
2.22502
2.21217
2.1633
2.22108
2.42404
2.26623
2.40677
2.94085
2.76842
2.66242
2.53319
2.40981
2.75527
2.79588
2.5673
2.66246
2.72258
2.77397
2.69533
2.86737
2.76358
2.75041
2.8017
3.07388
2.645
2.55394
3.24088
3.18842
3.35942
3.26642
3.14859
3.44206
3.32518
6.77813
6.88312
6.99779
7.87283
6.37297
6.92264
8.31931
144.062
7.9696
47.1055
390.709
150.218
351.499
60.652
170.821
150.693
233.772
25.0367
239.303
110.134
420.365
390.805
426.513
568.161
446.998
377.658
382.677
400.836
267.438
490.696
366.538
304.569
340.265
91.7185
493.399
366.256
419.792
300.72
942.592
346.085
566.397
683.934
948.915
1089.22
621.479
924.256
697.762
38.1016
335.426
97.3777
369.576
204.708
1163.5
828.302
776.692
520.569
-117.047
158.014
298.284
32.4012
-333.528
189.246
-389.145
-349.211
-423.032
-449.842
-228.816
-382.31
-526.442
-122.634
-422.279
-386.411
-412.942
-155.828
-353.635
-9.20511
-265.914
-349.209
-988.739
-382.451
-602.24
42.8284
-53.5616
111.134
134.903
82.1591
406.814
211.408
452.243
394.448
581.573
416.542
465.28
615.006
614.128
619.935
800.973
644.219
275.762
403.175
450.681
548.721
190.435
292.172
418.349
496.591
289.62
388.612
439.223
454.765
420.076
385.711
393.251
511.248
348.726
339.743
319.451
389.038
427.851
387.268
397.342
222.912
156.256
132.715
270.619
245.552
233.174
181.574
40.629
52.907
62.5692
40.6598
81.1913
36.5021
31.7612
31.8568
35.2689
48.3338
28.2956
25.9345
29.5001
30.1483
33.4344
28.6885
30.8041
10.7132
10.691
10.6157
11.3569
10.836
11.0262
10.9382
8.49333
10.3032
10.078
12.1014
14.6997
9.31592
10.7115
14.3394
11.01
9.10045
13.1097
12.9741
8.71659
9.72187
5.83059
9.39284
8.98721
7.77854
7.23304
4.09993
12.2396
7.94603
6.83906
7.13277
5.26803
5.28657
7.45786
7.33495
7.73559
7.53198
7.62239
8.5174
7.98307
57.3525
9.07009
52.2487
17.5056
26.5176
47.9035
-0.857468
-2.33282
-2.40651
-2.41459
-2.19907
-2.21477
-2.26546
-2.24805
-1.83102
-2.08828
-1.92904
-2.17396
-2.06593
-1.88604
-1.99103
-1.44609
-1.34649
-1.24783
-1.07867
-1.34094
-1.35037
-1.13592
-1.06165
-1.29586
-1.11778
-1.34879
-1.21221
-1.18958
-1.10683
-0.200202
-0.112306
-0.280008
-0.30972
-0.184252
-0.111006
-0.225676
0.158056
0.0359488
0.188127
0.276793
0.340225
0.164908
0.256984
0.514447
0.606167
0.382039
0.817716
0.681066
0.566911
0.694999
1.87331
1.8304
1.77375
2.03341
1.66778
1.96394
2.16063
1.49534
2.0248
1.77796
1.76691
2.29274
2.27383
2.08328
1.64505
1.95662
1.54265
1.70512
1.35991
1.37111
1.50507
1.28175
1.1919
-4.67393
-4.1631
-4.28157
-33.5428
-296.393
-107.35
-76.2992
-90.6431
-117.077
-322.385
-225.295
-104.573
1178.45
1602.77
1395.51
1282.36
1421.55
1382.53
1362.43
1338.76
1361.22
1253.95
1344.96
1356.41
1349.84
1419.76
1302.79
1392.52
1353.18
1099.41
1397.29
1560.26
1383.38
1081.61
-57.5973
-44.5028
-102.17
-63.5076
-76.1472
-62.3153
-26.1069
-42.1762
-29.3845
-13.7974
-382.705
-12.0502
-105.916
-4.29319
-3.64375
-3.73828
-4.11178
-0.679836
-2.31739
-3.53689
-211.962
-220.441
-156.676
-213.634
-231.064
-101.273
-139.782
-56.4882
-35.2118
-30.7786
-30.3639
-35.554
-56.2642
-4.08608
-2.76873
-2.92302
-2.42985
-273.04
-204.264
-251.932
-536.665
-553.332
-526.202
-527.389
-501.537
-527.84
-536.536
-511.938
-517.78
-503.208
-519.827
-520.203
-511.275
-498.016
-520.117
-535.035
-518.081
-499.901
-478.956
-544.009
-558.754
-549.275
-507.813
-538.419
-533.892
-560.223
-540.026
-527.768
-524.161
-547.327
-536.706
-528.611
-531.251
-529.807
-504.02
-521.242
-522.058
-541.774
-565.376
-550.437
-550.293
-539.882
-533.728
-479.281
-126.006
3.4247
-23.4494
-43.2848
-37.8721
17.2225
-93.592
-184.807
-125.252
-129.034
-145.064
-162.331
-125.222
-148.957
-192.252
-160.654
-7.33877
-7.74821
-7.51136
-7.32745
-5.30537
-4.92503
-8.08428
-258.017
-211.612
-249.62
-162.354
-204.393
-179.405
-239.462
-148.554
-162.193
-224.573
-4.27699
-6.98941
-7.13679
-35.019
-32.6267
-33.7069
-49.2729
-19.3587
-63.5868
-29.052
-32.7155
-62.2575
1223.91
1890.19
1760.85
1065.16
1799.38
1017.82
1758.7
1334.45
1252.34
1668.32
2077.54
1435.34
1425.22
1623.25
2078.94
-46.12
-35.7733
-40.1421
-56.7878
-19.9346
-32.8232
-0.24534
-0.305366
-0.886753
-0.471455
1.26052
0.69971
-1.18864
-0.727021
-1.60459
-1.90656
-2.48672
-2.1
30.9108
-7.17635
7.1199
-19.8315
-1.39133
-0.255761
-5.34302
-6.3709
9.05731
7.61146
7.49756
6.64902
-2.53239
-2.64272
-2.14115
-2.2798
-1.14959
-1.17241
-1.40649
-1.45392
0.000534406
0.517427
-0.407467
-0.319356
-1.48031
-1.67844
-1.56713
-1.59615
-1.72446
3.0389
1.38457
5.34779
-0.617074
-0.926963
-0.840443
-1.13904
0.665713
1.21531
1.01967
1.61141
-1.08009
-1.068
-1.15702
-1.2717
-0.885871
-0.982865
-0.985291
-1.00683
10.5487
10.3512
10.9157
-2.38856
-2.13218
-2.49225
-2.26964
2.74562
1.41318
3.63315
1.53451
1.25227
1.62983
1.33558
1.66696
0.626637
0.987147
-0.640831
-0.620522
-0.122924
0.0305258
0.843235
1.26214
-2.58862
-2.68413
-2.51874
-2.61508
15.4622
15.7016
15.2585
15.5692
-2.54383
-2.52008
-2.29798
-2.29645
-2.41129
-2.52361
-2.64755
-2.76294
1.78681
1.92167
1.79794
1.84369
12.1641
15.3299
13.8741
15.5288
-1.68043
-1.88988
-1.31185
-1.48125
1.4095
1.47392
1.59707
1.60231
1.31327
1.34951
1.45226
1.45285
19.836
34.5892
31.7397
36.8092
0.918808
0.981706
0.970388
1.01175
-0.767537
-0.585078
-0.886592
0.868346
0.914254
0.815179
0.916709
-162.67
-164.354
-159.892
-161.253
20.3317
21.069
20.2477
19.9466
1.5447
2.70966
1.15351
1.98873
56.48
39.8051
19.748
55.7584
-167.624
-159.529
-168.341
-165.371
96.1691
76.353
153.13
124.703
0.404844
0.160605
1.28925
1.30406
-1.45797
-1.3072
-2.1198
-1.92383
-0.963053
-1.26044
-2.16417
-2.61115
-0.757783
-1.85152
-3.74891
-3.18559
112.411
89.3286
94.7571
49.3236
-136.552
-414.907
-269.107
-435.347
-1.43104
-1.55435
-1.38481
-1.47862
1.30564
1.28805
1.22628
5.45806
16.3473
2.22876
3.8549
1.86171
4.18565
10.4449
9.09874
-2.10764
-2.47436
-2.56663
4.13179
2.18833
4.18821
3.24575
3.42705
3.10081
3.10348
12.1789
-2.03598
2.0772
-0.570942
-1.05937
-3.35728
-34.0338
-53.7429
-154.282
-121.72
-164.509
-0.591643
-0.557644
-0.713111
-0.408991
-1.07784
-1.18334
-1.16828
-1.28407
-0.693104
-0.850296
1.51293
-2.57389
-1.23506
0.992582
-1.39877
-0.346142
93.7622
0.337547
96.4478
2.02675
-1.89585
8.44195
-1.46392
91.3326
-0.55149
56.4536
1.15003
-1.26356
0.836989
-163.115
162.505
-2.55871
1.00212
18.0836
-0.965812
17.926
1.14639
0.0199393
-1.6269
1.2582
3.87917
0.639092
-1.72524
0.019293
69.7793
7.55217
-1.73076
-0.598692
821.347
5.05899
1029.81
-2.66002
495.084
-144.062
-162.922
-1.26693
-145.798
450.947
-80.2932
-167.997
-103.839
-169.915
-164.463
23.3727
-166.675
-166.703
-165.4
94.3912
160.928
218.586
-170.429
429.441
361.265
7.99791
-58.9931
-77.7768
-139.626
369.394
-1.45334
-168.971
-166.83
-1.48429
-166.924
-166.404
-151.911
-168.667
-1.43309
141.497
-164.999
198.248
-162.842
-169.513
6.16475
57.8718
100.969
-23.9715
-63.5524
1.60369
164.781
-12.5638
93.7454
11.0771
14.6918
-149.062
18.6071
-63.0299
-163.448
-168.502
-39.2248
5.76596
-124.251
-109.21
-56.6035
-60.4683
-157.738
-162.675
-167.491
-177.31
-163.749
263.425
1.27353
1.41553
-158.744
-110.128
-55.8321
-164.215
-99.8875
-112.442
-91.2184
341.922
-42.5238
-12.4801
-43.3443
-24.7182
8.92838
-161.666
-163.896
-3.59695
5.03904
-179.18
0.712276
20.505
16.6036
-11.5708
-157.172
-163.589
-167.95
-165.489
2.25343
-161.106
-163.574
-165.131
-166.245
-157.548
115.646
-536.985
-154.45
365.91
1.5175
-33.9345
1.16288
-162.831
-173.145
-170.72
-8.29847
-0.914406
-3.3488
10.5955
-161.33
0.766426
0.855175
-155.089
1.07218
128.552
168.809
131.79
-5.84594
0.746702
-0.273113
-35.5782
-55.9326
-1.17636
-136.058
-0.251995
86.1806
50.0984
180.433
166.588
30.6956
31.7348
-167.059
46.0311
45.0155
81.3487
22.6073
22.7167
3.79084
-164.783
11.5891
-162.552
-173.187
-140.509
0.0990489
19.8425
35.118
1.91604
-1.71004
9.963
13.2162
-158.317
-156.211
1.41173
11.3705
0.800652
17.4742
20.7875
14.6047
16.2203
-117.376
76.9011
27.3869
-156.239
-166.034
13.4388
13.0211
26.6891
6.6726
28.8632
28.5431
36.779
-540.626
7.58781
0.380166
9.68133
0.53527
12.7417
14.834
11.8587
13.1724
-0.299919
-3.52257
41.1312
17.3367
52.8599
8.61724
20.1368
5.52642
20.0014
21.5775
81.2176
14.1548
106.78
-0.896762
16.5508
21.068
31.8473
15.8951
47.0862
652.592
340.591
33.4701
37.1696
180.897
17.1391
20.3557
38.085
-161.687
31.2245
-154.631
132.584
0.997129
-0.859521
260.595
8.91412
64.9468
35.4315
51.9345
37.4577
52.6736
104.9
376.972
7.57285
140.657
2.57122
-142.713
2.32858
-1.49868
-0.846487
-0.22899
-0.669626
0.943679
-0.908949
2.04715
2.1363
-0.229174
-0.981961
1.56905
2.39516
1.64814
0.0483221
1.85634
1.42108
1.28083
0.2253
2.39403
2.73746
1.33098
-3.28027
114.071
2.13716
2.21663
1.78246
1.58657
1.8207
3.06554
3.27691
2.28388
166.644
2.87037
8.28557
5.75251
2.86385
-0.337914
-10.5556
2.97029
0.109901
15.7046
4.36061
6.70473
283.91
9.25169
8.95128
-1.41376
1.30502
2.72664
3.01632
9.51007
-1.03992
7.057
-506.371
25.0165
20.9439
11.6445
4.7344
1.93165
1.32153
1.44435
3.50925
3.21524
3.41196
2.13288
3.82677
-1.85659
2.90417
-1.8858
1.12506
2.03013
840.029
-521.586
1322.79
-2.33141
1.82128
232.267
2.77676
76.4637
2.10482
25.2466
2.83849
9.36113
-1.04863
22.7369
3.76698
14.809
16.0837
-2.14089
5.15601
14.9696
-91.8752
3.47509
1.91502
18.7277
3.33845
2.04267
1.84766
2.26888
-148.353
1.79117
1.58475
0.854348
0.719526
0.969526
1.80058
5.11704
1.30674
1.57133
2.57429
2.05956
1.8766
6.05351
2.2507
0.787269
18.7791
0.198069
0.940661
2.65108
-4.85576
-419.956
0.343583
-0.772526
73.7382
1.15248
0.157032
-0.373887
-0.152383
-0.870111
-0.2454
0.876817
-1.26342
0.492434
-1.65698
0.880428
0.0907069
1.06062
14.6995
0.948864
1.13989
11.3954
13.4703
0.709292
1.57114
1.37182
1.49228
0.271014
0.658594
0.968023
-2.37667
1.11938
1.0846
24.1519
1.16133
1.00464
0.974257
0.239394
-0.437339
-9.36624
-0.446394
-1.94619
-0.894376
1.34693
1.12824
-2.1217
1.35507
11.2424
14.5734
0.578433
1.28543
0.742518
1.00985
-0.0283657
15.9703
1.74257
1.13139
-68.3748
-40.8998
1.4437
0.673821
2.40536
1.68069
2.41469
1.36982
1.60965
43.1764
17.1088
6.31709
2.10824
1.40068
-0.370534
-2.49007
33.3118
-166.049
43.0255
112.505
221.958
112.828
9.49466
170.207
0.224594
1.09023
0.163169
-76.3429
31.8244
-108.172
5.24187
149.47
1.85486
23.7943
2.07244
17.2091
-1.94044
1.60811
1.88939
3.03826
1.64231
1.66645
15.7095
-376.031
172.271
24.2492
171.444
225.991
21.9108
13.7198
4.89379
-1.68441
258.581
0.781011
327.124
135.353
336.806
330.408
3.9194
11.9114
1.50816
1.38601
1.40667
1.27609
1.36101
958.932
5.8362
1.41867
1.61175
1.37601
1.32811
1.37156
1.51157
-137.827
39.0996
1.6924
1.25362
21.2354
-1.97378
-167.021
1.51421
1.32342
1.397
-312.182
-2.5596
1.37818
-2.68506
1.34434
1.43404
1.50519
378.986
0.191935
-468.119
1.39209
9.66616
2.43829
23.9524
-1.37336
1.25698
0.689787
1.19009
1.34121
1.32585
1.1669
1.4669
1.03619
1.11521
1.02112
1.77705
12.4569
1.0775
1.17638
0.876594
1.11738
-164.585
1.03824
-1.10255
-91.4586
117.006
-1.0225
1.66596
-0.644302
3.90152
0.948426
-1.52419
1.29822
1.39917
1.25748
1.46861
1.57795
1.37198
70.9985
1.05365
1.94582
26.0617
0.742025
17.748
-16.3163
1.36881
1.52497
1.67148
1.12572
1.33728
1.05451
29.4593
1.17316
1.42211
1.49199
0.618618
1.16921
-2.71782
0.202714
0.0454394
-0.174612
-0.138226
0.657932
0.222771
0.579045
1.04594
2.95303
-0.644659
-0.515096
0.475392
1.41801
0.493449
-0.783276
-0.918506
-1.11222
-0.177632
-0.247091
-0.0841608
-0.655537
-0.823224
0.637353
-0.76614
-0.392412
1.1454
8.29964
14.5371
-0.16171
1.12811
-0.0419506
1.27339
0.869946
0.845011
1.22515
0.476616
1.13278
0.596598
1.2295
0.0697457
0.745948
3.45994
-0.799422
730.858
1.19752
0.593145
-0.387442
-0.189814
1.00308
0.312342
1.38531
696.759
591.854
-0.236267
8.51131
-4.86814
-2.20476
-0.770977
-2.50779
0.665134
0.905089
0.447812
-0.306447
-2.63745
-2.69234
-0.391579
-2.03505
-3.62547
-0.339706
-1.09266
2.29184
5.85569
-2.49589
-1.58864
9.57788
1.23805
0.439803
3.45853
19.8023
-3.22519
-0.402912
-0.466985
1.24349
-0.667198
1.36148
1.55852
0.894146
1.07253
-1.13353
-482.381
1.39362
5.70003
0.00813409
1.71693
-1.10555
-2.01316
-0.768634
-0.454982
-0.884078
0.160737
0.761423
-1.164
-1.46858
9.45948
191.306
-0.507115
1.22884
-0.405105
-1.61539
-2.09478
19.3235
-1.25341
0.727422
1.12587
-1.55453
-2.58849
0.0469178
-2.96062
-2.57547
1.4399
-2.51052
-1.85594
-1.60993
13.2509
-0.167786
-2.57749
-2.01643
-1.48586
-1.57915
-1.98476
1.40875
-2.57567
-2.20673
-1.68526
-0.85805
12.8516
-2.14377
-1.18829
-2.49107
0.269908
3.51494
-1.29373
-1.29152
-1.24658
-1.23767
-1.45098
-1.32142
-1.25425
-1.23225
-1.60116
-2.11248
5.01278
-1.30904
-1.2802
-155.803
-1.62694
-1.42778
-1.12022
-1.18936
-1.89201
1.06672
-1.3357
0.870233
-2.1562
-1.63392
898.912
18.9841
-5.81566
-2.15848
30.5912
-11.3412
1.17436
682.436
74.0484
-1.45294
-2.1526
-1.79182
-1.7166
-2.65057
6.62667
-1.44919
-2.06934
105.429
-2.50475
0.0131591
-2.87098
-2.05279
14.8335
8.75609
-132.979
-0.811969
-2.17426
183.939
-2.05123
-2.31149
-2.23087
-1.02376
-1.97557
-2.13725
-1.68447
0.498101
-1.93528
-2.41636
0.618957
1.23711
-1.34577
-1.59919
-0.874224
-2.17934
-1.76072
-0.651653
0.270751
-1.55108
-1.34455
-1.37658
-1.15861
-0.82079
-1.11035
-1.05437
-1.19664
-1.07075
-1.39952
-2.93463
-1.3525
-0.837912
-1.64662
2.94448
-1.4137
-1.58041
-1.24016
-2.62572
-0.36244
-1.09481
-1.58594
-1.66502
-0.821374
-1.46894
-1.22805
-1.86082
-1.89772
-1.89263
-1.66995
-1.24191
-2.00219
-161.368
-2.09647
-1.18405
-1.90011
460.396
-2.03641
-8.49875
-3.14134
0.172429
-1.77423
1.66001
-1.11898
-1.48094
-1.13769
16.9275
-5.86142
-2.39457
-1.46514
-5.12188
175.606
-1.65686
-1.80621
-2.63173
-7.81111
-0.772308
-1.90158
13.1418
-2.35557
-2.45649
-2.51448
-1.67322
-1.98524
-4.11618
15.7625
-2.65214
-0.539943
-2.65231
2.54567
-1.47262
1.65522
1.29233
-1.59748
-1.58892
-2.04486
58.2195
-0.556742
-4.17474
-122.351
-1.9708
-1.18044
-2.09143
-1.37649
-1.66256
-1.34475
-2.32368
-5.46166
-2.17925
-0.503701
-0.952674
-15.1954
-1.51184
-2.54102
9.90183
9.22717
-13.2028
-230.624
-3.07868
-0.151973
8.85416
-1.05588
9.21316
8.27854
-1.59612
6.06545
6.01164
8.99272
8.67123
8.07548
8.12848
20.7585
2.44477
5.25748
18.3817
8.92709
-2.59477
2.51085
6.70054
7.39283
8.40813
-1.31598
6.52945
7.86691
-1.23022
6.35673
-7.92756
-3.80709
-1.92704
-3.86539
13.0588
-18.1435
-3.07242
-2.01804
-4.10366
0.443144
4.35952
1.24534
3.08739
6.3958
15.9162
-0.667048
-1.7095
-1.97541
0.636775
-3.34355
7.67962
7.32623
8.79597
3.66113
8.6706
3.21643
-0.696271
4.24698
6.9855
-1.68586
-1.5775
4.29708
6.1807
5.98404
0.232007
9.38519
3.27025
4.90401
0.270193
1.70206
2.56063
0.667914
-0.0813939
0.27404
0.356241
0.136191
-0.656319
-1.31224
-1.33754
1.1297
0.169367
-0.801656
1.05073
-0.818296
-0.448316
-1.23134
-0.135459
-20.2134
-0.87411
-1.05007
5.76616
15.659
0.429939
4.05817
0.902548
1.21423
0.834319
1.10022
0.455081
-1.11383
-0.258495
1.27404
1.44086
2.30119
2.11831
1.29228
2.78715
4.17702
2.71262
8.948
4.88134
8.13909
18.8695
-160.971
-4.16902
-1.58766
2.90544
4.24301
2.45288
-3.93207
-392.299
2.49431
-1.59456
-0.0055998
-1.30586
-0.756211
7.41685
246.932
18.6758
-1.63088
-2.81279
-3.16409
-2.32471
13.439
-5.82419
-1.87253
-3.37808
-2.751
6.15662
5.73761
6.84601
4.01421
2.65728
-1.75844
16.6405
35.3789
0.245884
494.529
6.65457
1.82906
11.8372
-69.9954
10.1202
-472.219
12.1863
-6.70685
1.6195
-0.941401
22.0748
-7.41154
-2.88145
9.89549
-0.885031
0.203517
4.86877
-0.744988
-20.494
10.7386
8.34195
0.496704
-4.29246
5.34477
2.73359
-1.5628
2.11898
1.59008
1.09897
55.3958
6.49541
-0.435649
0.456396
-1.70339
-1.68052
245.52
0.478711
-1.80478
1.82709
-2.32388
-1.81749
-2.48058
4.32019
-2.29071
-2.20693
-2.08668
-1.19843
-2.5714
-2.41715
-2.45028
-2.62026
3.02505
-2.22217
-2.07073
9.35473
-2.8683
-49.4327
-2.7453
-2.7513
3.18561
-187.305
-3.23295
-3.09614
-300.496
1.11719
-4.08057
-3.9467
1.56539
3.52763
-4.10527
-2.24383
-41.3339
-2.94752
0.258633
5.9908
-3.20826
-3.23041
-2.94319
-2.71155
-2.71374
0.193761
-4.01024
-2.38988
-2.86532
0.286402
-1.74802
-2.6049
-4.43126
-2.6305
-3.24247
-0.62862
-2.43659
-1.52653
1.01847
-1.95356
-2.72345
-3.31677
-2.64631
-2.12172
2.63695
1.99478
1.1796
-1.43595
-1.71524
0.952633
27.268
1.94228
15.0196
8.54158
4.65547
1.40229
-2.25647
-2.82466
-18.5355
-1.64948
7.35845
1.35253
1.27934
81.1893
6.83455
1.02403
14.9504
-2.24457
-2.04282
-0.372616
-4.22372
2.69667
-2.32747
4.18481
-1.15068
-2.20303
-8.34338
-2.14979
-1.76564
-1.39917
1.25982
2.00933
2.12889
1.49128
1.52295
2.2355
1.96942
1.76168
1.16422
1.13625
2.45402
-13.5842
2.25146
3.7408
1.07651
-1.77998
-1.84958
1.83659
-0.155101
-0.726943
0.165701
3.68671
3.43288
3.59228
4.23191
3.18042
6.04756
7.81354
0.522823
-0.309417
6.96036
-1.23733
-1.04623
13.3261
-139.423
7.01082
-2.10909
-1.77401
-1.05862
-2.58957
-1.60025
34.7127
-2.56359
-1.40891
-1.40563
-0.932792
-2.84847
-0.799755
-1.59816
-1.54488
-2.03856
-1.04643
-0.463325
-0.252088
-1.92926
-528.259
0.183177
-2.09857
3.17975
239.805
0.853126
-1.31654
3.15698
3.56609
-0.76978
3.15292
-1.74601
-3.75573
-0.339374
5.7305
-2.00525
-2.27574
1.86382
0.791251
5.98665
8.98334
1.18673
439.478
1.13181
-3.43403
2.19275
1.12866
2.03211
1.2857
-518.758
3.77637
4.14223
5.13683
1.17439
3.936
4.12606
1.98069
2.74143
-2.56435
2.67648
-1.25295
-1.20635
1.00112
1.70645
17.9202
4.10197
3.2993
0.934409
13.0537
16.7239
0.288243
41.4092
27.3121
27.5264
31.217
86.3964
25.9905
27.0898
126.79
91.9376
241.324
45.5913
202.271
7.01338
6.37377
121.03
11.3543
13.1163
1.48032
0.837907
5.59769
5.88239
6.04702
9.9077
6.92214
-2.85321
15.1528
0.86276
14.5739
0.974747
97.2651
0.909272
9.02247
9.75966
5.91357
6.5461
4.24435
8.36779
7.48027
-1.34927
-1.72603
4.84363
5.51149
5.21545
15.1056
15.117
14.7153
5.40813
13.302
12.7908
14.0552
13.3576
12.3362
10.2632
13.3563
13.6972
14.9187
10.8923
294.059
6.37092
0.799645
6.84809
7.17205
112.17
6.21935
5.66488
9.87297
13.8762
13.8071
13.2801
12.6445
13.2442
13.1465
15.131
6.46888
12.3452
13.5683
-2.82966
11.8127
16.0812
13.5572
13.4596
11.7488
15.4242
15.7943
15.9951
14.5443
15.8138
15.8058
16.0013
20.8578
29.9554
15.2038
15.1388
14.1768
284.671
294.423
-0.946478
-2.01639
138.709
185.237
49.5003
236.647
17.977
66.778
26.8705
6.88773
17.2431
-82.9754
-3.15451
11.7588
93.1172
0.962289
14.1672
9.66294
15.9823
16.2083
-124.433
1.18906
8.03034
18.7828
13.3647
164.13
23.1998
396.262
6.55705
37.4134
7.89965
581.739
7.08744
14.8579
12.8175
653.529
4.81727
422.581
-523.902
-390.462
308.75
-540.73
-525.044
7.26116
13.302
-493.864
-546.873
16.0477
3.25874
-532.182
-519.366
-536.25
-514.136
311.554
-517.094
-509.965
-532.372
-524.104
-528.675
-380.515
-540.684
-0.548732
-539.294
-535.369
462.222
-527.337
126.778
48.177
-511.781
-501.91
190.163
-477.023
22.1744
1520.12
1379.09
1622.83
13.8583
-6.26574
-292.218
-535.246
-426.364
-494.745
-502.781
0.587354
-527.277
348.095
-252.292
231.15
-513.539
-251.02
-362.407
729.701
-504.949
-500.851
66.4635
409.337
-2.3675
290.313
305.465
166.102
-508.912
57.0375
39.7655
39.1935
45.6096
-1.19742
159.736
106.341
-457.826
89.9687
7.31513
-4.05556
-35.9586
-242.258
-122.718
-509.638
-380.309
7.36742
-50.1369
1.97515
13.0464
-296.129
0.0971096
5.13185
-444.814
5.12539
-318.324
11.6017
15.8398
18.8001
14.6177
15.7668
-404.997
-521.322
12.3524
-1.98987
14.1111
-55.2064
-5.52735
12.5701
20.6311
31.6701
21.6203
236.984
-145.984
15.0806
14.6964
14.6402
17.0883
13.5355
-239.044
220.539
26.3269
28.0047
21.2312
29.9798
13.4792
22.4572
11.7798
13.3421
12.7188
14.5966
12.0952
23.8715
13.8228
12.6071
17.1991
16.7384
16.8517
15.78
12.3066
13.9356
15.7537
12.7974
14.2755
16.4016
16.7017
17.6599
18.2926
13.9415
12.7768
0.245556
23.2919
268.58
35.8998
14.5012
13.3172
30.8848
22.8058
34.3042
12.7362
-0.303985
23.0968
28.5764
23.9497
455.249
17.0079
20.7574
32.2159
50.6281
12.6283
35.1048
59.7381
39.1962
34.3536
29.319
-167.675
17.9939
50.7535
17.2355
-51.4958
29.3452
65.157
18.1429
16.4718
14.21
9.72404
18.1264
18.3483
19.809
11.7074
13.2452
70.3338
17.4201
16.7649
19.8875
31.8694
51.492
1517
-1.98481
0.909032
117.034
1147.9
40.9021
261.589
18.3241
19.5188
41.3266
15.2927
-1.74143
1.15513
-57.7308
14.773
17.3212
17.259
17.4139
17.3905
-533.239
11.9994
17.7317
17.7012
17.9134
17.7803
18.0893
-2.07132
19.2628
17.1834
30.4421
17.8359
17.8148
16.9286
15.0314
17.3602
18.0951
18.0634
17.5109
17.9419
17.4624
19.0919
18.0107
9.72004
15.3612
38.1317
8.46366
16.968
-110.358
10.8469
1.11558
0.911043
-165.327
27.334
3.56712
-185.882
5.74642
3.00512
14.3922
15.3796
17.8602
2.55994
4.96623
148.167
-2.29776
18.861
17.7093
18.2569
8.72631
-1.06491
-19.5545
8.15763
18.5036
-20.4539
4.84069
9.52686
8.21806
15.0706
2.53177
6.96118
-0.268454
8.29814
17.6511
17.8976
29.6997
2.79602
2.27085
2.88307
5.57043
8.05243
10.52
9.58438
4.70643
1.11431
7.36182
118.725
8.59741
1.37973
1.24313
3.86796
10.126
13.0115
35.3325
1.31916
7.46318
7.49001
7.53627
7.43343
16.6163
6.08843
5.20053
7.62273
6.75873
12.2374
10.8061
5.53641
-1.0939
4.53656
0.908619
6.28311
3.1885
2.6017
-1.4965
-6.70611
-6.24474
3.13838
-11.0434
-0.0778761
2.7314
-2.85255
-0.930499
11.5761
3.78151
-2.62323
0.980973
-1.33578
1.39464
0.602057
0.504335
-2.22792
5.30252
-3.79254
11.7777
-6.78479
-1.52448
9.07256
-10.4265
8.19808
-2.96992
11.4235
6.76513
12.3889
10.5108
13.9767
11.9883
-5.79562
-37.0177
11.9292
13.1505
15.8198
12.6802
0.658181
12.3836
14.6135
11.9343
42.9832
87.7759
107.833
11.3548
8.2716
11.5612
10.0079
17.73
17.2846
10.8196
11.1005
942.779
-1.41231
11.7204
11.7581
12.6642
-2.65324
-3.87064
13.2845
1.26924
6.9282
11.223
-6.2729
0.838387
11.6368
12.149
8.23148
11.233
193.806
12.7036
1.16918
12.253
1.4933
11.7278
7.72162
1.41724
10.3751
11.4386
151.401
-7.39223
11.8098
12.9154
-6.99868
-4.0654
-3.38413
9.9296
11.9465
61.4066
13.0907
4.08629
4.30601
-4.61612
9.74842
6.72312
-8.78327
6.70843
-0.621701
1.93924
10.4935
3.68836
11.3478
13.4335
9.14548
11.7653
1.86299
5.21377
8.48269
2.49683
4.20666
8.75711
-23.1851
11.7486
10.3887
8.2645
9.04667
-3.97648
2.82291
13.5911
8.33448
252.05
28.842
-260.856
-11.7254
6.37817
14.1762
14.515
0.7859
14.8119
-0.947372
15.6456
3.91412
15.7845
13.9506
16.2458
851.101
14.1105
17.3742
18.6344
24.0604
20.0952
48.1483
14.9459
18.1185
6.89245
17.1912
27.384
-399.58
-329.784
16.4975
57.5751
34.1826
20.361
30.9526
15.4326
18.9733
21.1795
16.1392
19.0079
17.0976
12.9527
-2.67387
17.555
-1.16807
24.9151
25.0302
1.1666
12.9001
11.5938
12.6924
15.0386
11.1073
-0.965575
-390.374
15.0928
16.9223
4.30048
13.9923
14.4663
15.1191
14.7123
13.9548
59.4311
-101.792
-533.705
14.0307
12.9412
14.977
14.1998
350.976
62.6704
13.4657
16.8456
14.8686
29.2841
18.3709
18.765
-425.979
117.506
26.2965
27.4754
33.2428
-202.216
-508.632
-2.04212
-71.1
102.448
390.74
-435.461
241.172
136.284
9.30886
14.8506
51.1526
270.398
44.9104
-388.867
107.654
-349.916
56.9903
843.027
452.909
-525.153
-139.348
6.33242
4.49033
329.803
-0.831707
19.1348
601.8
-571.831
14.1122
371.522
367.414
373.357
137.435
15.3644
-457.836
222.359
17.0426
83.9683
-450.022
14.2945
12.1891
14.953
-73.0818
15.4326
13.6037
16.604
13.7277
12.1117
-9.9841
14.5664
8.00445
8.9893
13.2987
11.7865
5.4522
0.865965
11.7446
7.10086
5.53816
11.8019
8.10424
-170.106
24.5699
-0.128871
5.35925
13.6048
8.55691
8.65039
17.7321
545.624
403
-0.949259
15.9224
13.5381
5.98651
47.4712
6.38395
18.2085
33.0357
4.7758
1.32997
-0.702908
-0.21552
1.47285
0.84191
-2.52437
3.03932
7.38727
3.63041
973.43
8.94984
26.1043
1.99538
0.931013
-1.78436
26.604
-0.985393
2.43961
1.70323
-0.351001
6.23144
1.35957
5.40167
14.6959
-20.573
-1.42802
0.705369
-2.55114
15.5032
11.018
-1.40758
15.6394
10.9414
12.4826
18.6331
1759
-1.76516
-1.1994
-2.33435
-150.296
-1.67853
36.2068
-2.59577
-127.875
-0.563549
-2.63741
-2.33724
5.74857
-1.26613
-2.1873
226.005
-155.213
-1.18266
-1.22771
265.707
8.34637
-1.1138
-1.7187
-2.36392
-2.99782
-1.34254
1.30393
-1.05436
-1.5159
-1.66442
1.01776
-1.51958
2.08955
-2.38463
0.367465
-2.52013
4.83788
-117.114
-0.642945
-1.04967
-1.84727
-0.123838
-1.99466
-1.27738
1.67671
-1.27774
49.3922
-1.77139
2.47849
12.322
-4.56692
-2.518
21.6692
2.75928
-1.28403
6.53354
-2.20404
-102.186
-1.15474
-1.47464
8.68335
-1.83847
7.002
20.2035
-0.611158
0.374308
3.88724
-2.38141
1.56137
0.927063
-1.16244
-59.5876
9.6017
6.55718
-2.40163
8.93868
-1.45374
-4.03057
-1.37482
1.31393
-0.228393
0.694235
-259.968
36.9559
-1.8118
-1.4925
-2.01597
2.40677
-1.32539
318.834
-2.31092
-0.654121
1.75148
-1.62465
0.251703
0.0633138
-3.32717
-2.81848
-2.71459
0.595813
-3.67743
-1.12411
1.31151
-1.34437
0.822189
-2.66404
1.81175
14.9451
-3.55271
-1.92291
-0.508632
-1.3771
-3.35456
9.18949
19.4838
-0.444343
-0.119706
-291.229
-0.174922
0.970478
0.645566
0.783819
0.108955
1.25402
0.105456
-161.716
0.731111
-1.37245
8.13613
1.10866
1.9628
-2.48466
1.19859
1.32588
-0.1286
-2.70685
1.12367
-2.54465
-0.823909
-119.232
1.67978
9.46976
4.84191
1.59035
-1.07013
2.10325
1.92583
0.98489
1.66061
1328.64
1.04754
10.6901
-0.630173
1.5838
-0.201964
1.23006
1.43191
1.18802
0.714856
0.628116
1.34812
-2.75422
0.849744
413.601
1.34537
1.55436
-0.832317
5.81794
1.52623
-4.85767
1.66331
0.874052
2.38865
1.46581
0.837556
1.23278
146.589
-1.448
3.69749
4.20723
-1.25546
-3.31319
15.858
-31.9021
-2.18605
9.62743
-0.156729
6.34929
1.14223
199.383
-0.576241
1.71753
150.655
178.413
13.6818
1.7285
85.6541
-1.68041
2.2109
-2.43995
1.01681
10.2037
-169.294
0.916275
1.94293
-162.05
1.48937
-17.9453
0.120633
1.00191
1.51274
16.8581
-162.549
2.39484
-4.06915
1.48089
1.13789
-0.863031
0.855616
1.0432
2.34962
1.22172
-0.580822
5.29725
2.84748
1.40762
1.44622
-0.101765
-1.56006
-2.29424
0.407945
2.05109
4.37965
-0.0213428
1.8473
-2.35905
1.333
-1.42663
-1.99356
13.2897
-0.606002
-2.02057
1.10815
2.78035
14.213
-1.05894
0.577233
4.34256
-412.918
5.42633
5.07353
1.1987
28.8589
-7.73345
-1.92121
-1.48646
-2.41649
2083.09
35.5017
66.722
86.1532
36.2923
1.11709
311.902
-1.59285
18.0811
1101.86
17.5047
23.9012
16.7161
1187.31
32.7115
0.299026
15.9857
15.9571
-4.30527
0.840994
80.8184
-1.91946
15.3335
290.518
83.4338
-138.92
5.80303
25.5134
-164.749
2.95619
-83.4821
-3.9708
23.9319
-161.166
-64.0688
26.2046
-167
-0.623656
53.9629
1.33049
16.6386
16.8213
406.729
-135.523
73.99
19.3117
18.5672
-156.804
-4.26314
3.14455
26.8873
7.77204
136.052
10.5618
-148.959
19.8746
-167.702
1.9417
-161.384
-157.878
-163.162
1.98219
-168.96
-1.39394
-141.214
-1.66719
-134.514
5.49302
172.019
-1.15449
-174.734
-83.817
-1.0978
227.169
152.098
8.17822
110.378
-7.49353
2.06098
-169.139
7.03835
-0.579476
0.301914
-1.92426
13.7035
9.31124
-164.308
380.914
-168.528
8.80555
330.82
24.7222
-161.369
-133.868
243.419
3.24691
-2.48418
19.7519
-162.404
-167.705
7.69007
-164.928
1.30116
-161.26
117.667
0.58178
48.7511
-163.719
-1.00623
-155.603
272.021
40.4547
-1.82703
9.98669
14.9566
2.72433
3.31256
42.4771
-164.338
3.12688
0.329804
1.09599
1.35145
86.427
1.41922
130.344
1.13653
-0.253998
0.20303
2.00253
1.20513
1.01393
21.2756
0.782619
0.989189
1.12024
1.52721
1.96085
9.45595
2.01242
-5.62643
-2.22462
13.5182
2.59711
0.41351
1.80525
223.387
13.82
-2.16057
3.1981
3.78892
-2.46279
6.03967
2.69323
1.19864
0.544068
4.13726
4.98518
-2.57212
-1.3276
214.666
2.03793
0.870566
0.745531
25.2039
16.6359
14.321
1.19976
-1.82716
-1.79511
-0.670856
15.8591
13.1781
-1.3746
-5.65922
-2.62939
11.4
14.2785
6.25828
2.8286
8.72944
9.72192
-29.5337
11.8512
111.407
-1.47137
0.49764
2.24528
6.87775
-1.40136
-0.484687
-2.70729
11.3353
29.0671
-537.734
-1.69009
-67.326
12.8808
11.2369
23.1468
4.30164
12.4511
-2.25601
-1.06024
1.04666
-61.6467
0.961971
181.305
-1.46742
0.92585
4.1672
8.71426
7.29369
-214.891
1.75317
15.7981
-1.56832
3.22969
-0.483745
-9.46328
10.0546
4.514
0.115363
4.60926
-2.49732
0.970875
1.33151
-420.668
4.17268
1.3351
2.97512
-0.938701
75.2141
-2.62353
64.585
1.1052
-0.0654541
-2.2661
327.329
1.1533
1.57014
2.77103
-1.16111
263.168
4.49679
4.36665
1.90001
0.486529
-162.503
54.8439
1.31227
70.9647
257.047
80.7386
1.51433
-2.05538
-2.08764
10.3343
8.20482
-1.97833
0.790254
2.11992
105.334
4.86277
-3.64702
1.54708
18.9168
3.79806
-1.19715
8.56474
5.58458
2.16937
-1.16765
-1.94143
0.0584688
)
;

boundaryField
{
    FrontBackPlanes
    {
        type            symmetry;
    }
    wallz
    {
        type            calculated;
        value           nonuniform List<scalar> 
97
(
-397.037
-347.919
-428.154
-271.805
1669.04
1127.29
447.065
368.884
1084.38
9.98747
16.2127
-11.3725
172.456
-43.2157
172.143
399.373
-262.088
56.8942
32.9253
9.91684
3.18375
353.718
470.188
125.076
11.0286
-346.134
545.324
26.2459
22.7816
12.4809
87.6038
175.491
256.38
216.392
449.105
4.33647
10.6714
-8.18808
2.29203
46.8499
2034.17
-151.866
28.1653
24.4264
-31.9031
42.4252
2969.04
592.521
2033.65
106.887
10.2463
21.5201
-8.30908
-54.5335
56.9874
182.262
375.728
228.201
-2.45323
12.6709
29.7322
197.256
-46.6929
653.648
539.131
1359.72
2273.63
-3.64213
12.551
11.3998
355.393
273.142
95.3484
779.163
-386.411
-268.052
-990.79
622.634
453.923
388.27
1361.25
1561.34
-102.797
-270.604
-522.176
-537.824
-144.497
1439.31
2080.81
-46.5223
68.8335
-136.181
22.4254
965.608
503.896
-22.7135
-3.30845
)
;
    }
    outlet1
    {
        type            calculated;
        value           nonuniform List<scalar> 
31
(
-3.23093
-2.943
-2.943
-6.57378
-24.1516
-11.2565
-3.27083
-2.95534
-2.943
-2.943
-2.943
-2.943
-2.943
-2.943
-2.943
-2.943
-2.96565
-2.97272
-2.9433
-2.94302
-2.943
-2.94301
-2.94503
-2.94567
-2.943
-2.943
-2.943
-471.999
-2.943
-2.943
-64.1082
)
;
    }
    inlet1
    {
        type            calculated;
        value           nonuniform List<scalar> 2(-563.669 -570.291);
    }
}


// ************************************************************************* //
