/*--------------------------------*- C++ -*----------------------------------*\
| =========                 |                                                 |
| \\      /  F ield         | OpenFOAM: The Open Source CFD Toolbox           |
|  \\    /   O peration     | Version:  v2012                                 |
|   \\  /    A nd           | Website:  www.openfoam.com                      |
|    \\/     M anipulation  |                                                 |
\*---------------------------------------------------------------------------*/
FoamFile
{
    version     2.0;
    format      ascii;
    class       volScalarField;
    location    "0.4";
    object      p_rgh;
}
// * * * * * * * * * * * * * * * * * * * * * * * * * * * * * * * * * * * * * //

dimensions      [1 -1 -2 0 0 0 0];


internalField   nonuniform List<scalar> 
6576
(
2785
2760.22
2768.6
2773.45
2789.76
2797.39
2772.77
2774.48
2790.93
2781.13
2822.39
2805.93
2794.01
2803.46
2767.6
2775.36
2741.79
2769.08
2771.58
2818.66
2751.45
2810.91
2814.89
2767.92
2797.9
2828.15
2875.44
2794.6
2755.9
2759.8
2779.54
2740.71
2778.88
2803.57
2797.75
2817.86
2792.2
2819.33
2778.37
2799.41
2764.26
2755.67
2782.65
1339.12
402.806
2323.11
1047.05
1103.48
1836.13
1404.56
977.363
1330.72
-0.724671
-1.30741
-0.587592
-1.06598
-3.01926
-4.19647
-1.57183
-0.260068
-0.916944
-0.559818
-0.377694
-0.152811
-0.0426628
-0.296243
1.11237
-0.103094
0.436994
-0.364669
0.224679
-0.0661724
0.255444
7.11882
7.17917
8.67826
7.02598
6.43745
7.08798
7.2344
15.2257
21.3661
18.7669
12.1398
11.4588
18.554
14.6828
91.1141
136.282
43.6884
53.6095
55.5505
341.25
226.864
239.687
351.513
365.74
262.716
339.147
279.928
258.67
513.066
659.476
473.902
572.184
600.597
505.783
534.557
1655.61
1694.23
1669.04
1583.65
1722.97
2175.47
0.12392
0.0282596
0.0294593
0.00318225
-0.264074
-0.0163534
-0.00259216
855.5
2247.25
2481.08
2588.03
2613.2
2728.51
2800.74
0.56299
-0.509736
-0.227291
-1.4789
-0.918693
-1.96002
-1.32401
1.82935
1.51896
1.64292
2.34459
2.51756
2.4219
2.26097
2.00824
2.1866
1.91874
2.37298
2.47573
2.32531
2.29859
1.66808
1.60092
1.56947
1.71575
1.49397
1.49191
1.66336
1.92374
2.02593
2.1514
2.05614
2.07972
2.30731
2.39292
2.2444
2.27024
1.83237
1.7082
1.83411
1.95409
1.74371
1.66486
1.82388
1.9066
1.90911
2.0665
1.9967
1.97261
2.2225
2.13547
2.12655
2.18674
1.68594
1.61035
1.90885
1.7693
1.7844
2.17502
2.01727
1.98659
1.97948
1.47645
1.45017
1.25611
1.38302
1.50367
1.33618
1.48866
0.777756
1.36391
1.2611
1.26669
1.00826
1.48337
1.47432
1.6904
1.17366
1.08996
1.23327
1.22486
0.648283
0.888225
-0.667848
-2.59547
-0.91491
2.4789
0.0184419
-2.09749
-3.14663
0.629618
0.586678
0.650799
0.706163
0.595318
0.621844
0.720869
0.844363
0.774865
0.928798
0.851849
0.906707
1.05848
0.95932
1.37091
1.44156
1.32588
1.29427
1.37382
1.43785
1.33448
1.34816
1.42254
1.53769
1.40627
1.31004
1.39263
1.2766
1.57341
1.6603
1.52756
1.50301
1.62772
1.49878
1.64395
1.6733
1.52209
1.57476
1.56897
1.4059
1.67966
1.57039
1.60916
1.49371
2.63448
2.05599
1.3773
2.84963
3.55979
2.79684
2.25177
895.047
798.204
693.37
1085.94
710.593
799.215
1363.61
711.132
1273.61
1251.06
1213.73
1175.78
1102.79
909.957
1000.64
695.288
270.244
146.047
350.343
322.607
401.227
266.035
301.272
302.426
285.275
1160.48
1203.22
1188.96
535.125
618.932
253.714
667.133
646.11
405.441
594.726
2.73546
3.33405
2.52098
2.72525
2.34632
2.51567
2.31677
320.144
109.015
0.346209
110.116
7.85641
1.18566
0.467308
0.777479
0.718819
2.87661
3.11656
3.05786
3.24836
2.74932
2.98691
2.86446
-169.137
-168.565
-169.287
-167.746
-168.479
-168.878
-168.407
-166.934
-167.274
-167.726
-158.279
-165.085
-170.861
-168.601
-167.702
-167.817
-154.13
-134.798
-102.064
-147.293
-119.35
-13.5065
117.336
24.9051
-102.17
375.442
585.653
368.884
468.165
565.92
420.316
621.212
1240.44
997.831
1084.38
1071.39
886.298
424.119
823.865
1005.39
1450.8
-165.582
-166.788
-158.215
-160.801
-95.3425
-170.055
-150.5
-170.609
-169.842
-166.699
-165.752
-165.414
-169.227
-169.105
3.67286
5.83968
6.57939
4.84966
4.92464
3.86557
5.68051
4.66108
3.99073
3.9219
4.34783
4.70656
4.47722
4.46158
4.24101
3.99143
3.79976
4.18852
3.90711
4.21265
4.42321
4.01775
4.24241
3.9722
3.8452
20.9064
17.8799
28.2014
273.065
23.2212
13.2628
105.496
1517.62
1516.48
1527.25
1408.6
1452.71
1452.25
1524.82
0.987253
0.948019
0.874414
1.04906
0.987678
0.917084
0.845126
0.964499
0.700563
0.728572
0.756899
0.97855
0.835573
0.644853
1.8767
1.55446
1.32817
1.73172
1.64896
1.45072
1.25335
2.46557
2.60744
3.18479
2.62489
2.8507
3.86068
3.35212
3.70159
3.06687
4.80372
3.88515
4.59738
2.36577
3.58061
3.87897
4.52644
170.008
170.285
394.028
349.301
181.523
166.342
171.7
166.252
140.759
419.755
724.216
432.435
577.121
732.402
530.176
817.884
811.119
548.276
515.616
824.496
779.756
774.329
671.972
682.703
767.659
668.003
774.16
796.555
620.533
560.213
816.247
771.88
765.543
512.721
1.78651
-6.72381
4.58683
19.6398
-2.62198
15.2464
80.8913
35.9661
7.6834
31.3644
282.98
101.886
67.4207
21.0533
-11.467
-1.36136
4.75642
9.88098
0.20232
55.4646
6.06938
-4.3989
2.00437
-3.35542
-1.22863
28.5635
10.9355
23.9562
16.9054
-4.72534
-4.12401
3.80841
0.303669
-0.340644
26.82
2.87104
-4.83615
-0.202902
7.57848
1.10209
-2.45122
-1.26068
-0.945158
-0.895165
-0.667392
-1.12034
-1.69369
-0.832519
-1.49017
-1.13896
-0.728421
0.12077
0.200091
0.0470633
-0.0904789
-0.0642426
0.106475
-0.0370634
0.13782
-0.0495116
-0.0866418
0.148278
0.125865
0.00366654
0.0410715
0.747848
0.741011
0.498622
0.757394
0.549997
0.33891
0.615573
1.6163
1.76657
1.71252
1.45432
1.44935
1.79393
1.88661
1.7776
1.80962
1.66636
1.85462
1.76445
2.1211
2.2379
2.26384
2.23528
2.35201
2.28525
2.1736
3.40007
3.85939
5.29386
3.26757
4.74036
3.66874
2.90108
-0.756866
-0.631184
-0.706201
-0.607652
-0.576965
-0.677181
-0.644758
0.352333
-0.124144
-0.0935239
0.616896
0.574281
0.447672
0.399641
-0.0307806
0.075379
1.18558
1.60563
1.2876
1.59535
1.23717
1.43469
1.07645
2.41987
2.44877
2.39984
2.40122
2.49017
2.51406
2.48279
2.54565
2.64733
2.54809
2.62446
2.58751
2.51312
2.52258
104.123
60.3411
8.77735
7.71849
5.97209
11.133
19.4987
1100.93
1109.92
1038.21
1063.39
1071.43
1049.81
1015.38
825.605
896.75
1017.98
867.056
1042.34
921.758
959.246
839.848
1003.37
1024.63
810.376
901.748
888.042
743.264
837.504
897.128
1008.52
1150.9
516.744
270.931
600.847
329.921
665.694
664.366
484.417
535.014
401.857
642.771
539.069
399.69
487.273
395.451
557.226
609.224
257.353
378.27
287.221
305.5
342.656
162.621
418.226
343.355
393.538
291.259
282.048
-29.1717
-143.451
-25.9562
-57.1661
-122.375
-59.5567
-90.0106
287.73
299.718
258.762
65.0268
245.055
589.405
609.637
629.74
-166
-157.838
-163.877
-164.522
-160.251
-160.013
-164.556
280.385
-37.4869
41.6907
-155.261
-73.4709
735.884
435.35
495.3
771.993
-32.2807
344.657
892.644
570.367
518.744
924.933
-91.8266
-33.5266
-57.1643
26.5146
-93.9631
-2.43894
-131.358
418.351
249.262
212.718
217.634
293.057
75.8889
-84.1225
110.393
66.7561
609.724
399.373
338.672
-188.91
-245.577
-262.088
-144.322
-171.603
-108.134
4.84191
-174.875
-173.47
-144.158
79.3239
56.8942
-8.83314
2.45194
7.13695
-159.342
14.9239
29.2984
-32.3453
-101.081
-256.469
-197.854
140.093
-81.6949
-113.302
9.20484
-133.831
-149.328
21.2788
-66.1667
-126.917
-126.856
-66.7543
-161.657
-161.291
-163.023
-155.572
-164.574
-165.353
-163.959
-160.345
-160.002
-159.728
-158.612
-160.597
-158.774
-161.009
128.431
93.5282
52.0281
88.1054
50.8668
98.3281
138.821
-156.133
-154.773
-154.975
-160.169
-160.114
-155.626
-157.955
205.692
393.723
457.71
390.317
422.587
424.623
455.157
46.2937
120.119
574.106
57.3905
93.2118
78.1549
81.5933
297.482
56.1008
12.6062
23.2654
56.6011
114.165
528.276
76.2381
30.7324
16.835
12.5064
6.69809
18.9145
6.67057
5.15966
12.59
5.31496
6.02748
2.6024
2.54889
2.66412
2.35352
2.3094
2.41707
2.43197
2.73581
2.89306
2.77558
2.64274
2.8032
2.75771
2.60713
2.22322
2.13352
2.17481
2.27059
2.01937
0.829095
0.633413
1.0142
0.690653
0.256246
0.344528
0.600616
2.17943
3.08111
1.66349
3.4243
3.1705
2.12147
2.38271
5.81219
5.6808
5.63629
6.17749
8.21152
5.94107
5.94109
1201.21
1173.65
522.331
1206.32
1179.22
1171.8
625.305
184.324
30.822
145.121
750.096
452.895
311.414
166.763
308.588
720.62
58.5099
709.685
488.863
52.4391
364.471
479.27
486.175
709.886
371.661
4.40723
71.6522
509.171
371.043
84.4666
19.3679
359.033
508.688
453.544
433.202
630.897
614.543
203.797
3.11205
3.35421
2.98532
2.97919
2.39977
2.78727
3.58953
1.19792
1.92664
2.46572
3.98558
3.55626
2.87805
3.2988
0.507389
0.256187
-0.797381
0.424632
-0.246284
0.224961
-0.403232
7.15438
-3.01716
8.22636
-1.34703
-1.57938
-1.83815
-1.75478
-1.4749
-1.18769
-0.815327
0.449451
-0.647177
-0.247517
-1.25654
1.09483
-0.478826
-0.428856
-0.371635
1.19171
-0.132176
-0.294503
-0.286966
-0.0225404
-0.107278
-0.0132459
-0.0598028
-0.0704359
-0.0646264
-0.0324949
-0.0272401
-0.0573112
-0.0427374
-0.0458952
-0.0436235
-0.0633259
-0.0398622
-0.296733
-0.204134
-0.200006
-0.138857
-0.159714
-0.299283
-0.233201
-0.16464
-0.193985
0.675533
0.617544
0.738528
0.363064
0.288553
0.442654
0.466537
1.29505
1.28256
1.18725
1.31189
1.17187
1.26028
1.13343
1.83779
1.76554
1.98407
1.84741
2.07092
2.01946
2.56732
2.68841
1.81318
1.19036
1.52226
0.83332
0.748259
2.60434
1.68152
1.77859
1.51878
1.59339
1.90402
2.39083
1.42927
-0.160797
-0.432371
-0.186109
-0.111356
-0.360398
-0.10647
-0.132912
-0.205199
-0.0993348
1.32597
1.16584
1.16612
1.43125
1.55085
1.47439
1.37812
1.69808
1.48045
1.55282
1.52918
1.69284
1.75393
1.65602
2.08044
2.19223
2.16008
2.07854
2.21648
2.09541
2.30407
2.25809
2.08841
2.63689
2.55461
2.60185
2.50791
2.52341
2.57344
2.60437
1256.42
1220.99
1236.83
1218.96
1135.52
1207.24
1113.53
1226.49
1226.49
1286.62
1201.68
1260.82
1260.88
1278.64
1240.23
1247
1292.63
1168.98
1273.91
1177.49
1273.99
1209.11
1266.33
1114.8
1111.85
1120.04
1080.72
1139.08
1046.88
1155.39
1169.3
1187.38
1175.46
716.572
853.663
751.212
483.12
378.04
321.289
-168.732
-168.752
-168.771
-168.921
-169.483
-168.567
-168.474
-11.2856
-111.721
-71.0761
-127.311
-129.871
-154.322
-153.882
-152.603
-160.679
-154.788
11.0286
-247.514
-123.841
-278.074
-177.189
-346.134
-152.168
-82.4722
-207.538
-94.9162
-10.0031
-41.9991
-85.7911
248.109
287.977
273.24
415.771
348.477
363.678
363.102
412.103
545.324
325.808
-32.229
156.584
401.561
-20.3005
64.6438
37.3175
-83.7771
6.64171
-7.85469
-90.9676
204.36
122.906
293.023
367.512
408.783
192.254
191.154
41.3279
49.2018
49.8723
102.773
84.5858
42.7756
72.9513
39.9591
17.5234
28.425
18.6979
34.6352
31.1583
45.2759
503.359
17.7174
553.823
547.775
567.553
195.739
323.085
15.8651
306.687
879.28
796.498
829.569
301.192
481.682
14.2753
10.3049
11.1021
10.8831
11.7434
14.6464
10.3859
7.34116
7.34453
9.78455
8.61793
7.89757
8.61534
10.244
6.64879
10.4276
6.62326
6.69575
6.29522
6.37207
7.29091
1.82159
2.10902
2.08688
1.35332
1.10701
1.57258
1.64183
-0.0799678
-1.14295
-0.6266
0.511327
0.789567
-0.298196
-0.121993
1.40717
2.12001
2.30287
3.89811
2.86509
2.71614
2.06748
4.68142
5.28036
4.85093
7.05466
5.65042
4.49069
5.50542
6.83667
6.63348
7.49345
7.24845
6.26063
6.84899
6.84841
6.4608
8.51846
7.65119
6.70614
7.63902
7.21752
6.99164
7.37892
7.06219
606.739
583.996
887.022
596.575
601.048
576.41
714.412
307.521
110.707
575.154
1058.62
824.538
879.352
1058.66
956.997
1072.62
822.384
1099.61
771.811
821.717
1107.28
1135.72
1140.13
1133.58
1122.98
1048.61
1119.57
1118.07
768.042
1057.93
750.816
1158.96
1132.97
703.21
1159.12
172.426
1182.66
3.83694
4.06447
4.53502
3.94502
3.64418
4.04646
4.211
2.87428
3.81234
3.04858
2.5718
2.92873
3.15939
2.58964
2.96635
3.6394
2.9775
3.0318
4.18858
2.31203
2.42307
2.49894
2.23864
1.88592
2.10824
2.32347
1.1737
1.11676
1.50729
1.14046
1.18073
1.4721
1.15475
-1.02499
-1.31581
-1.55701
-0.61319
-0.578378
-0.802827
-0.749786
-1.00983
-1.34976
-1.08812
-0.973255
-1.26127
-0.143826
-0.468023
-0.209813
-0.240208
-0.152476
-0.169421
-0.0264404
-0.722117
-0.575905
-0.474976
-0.573476
-0.347397
-0.337106
-0.463514
-0.0641743
-0.0482919
-0.179661
-0.0482515
-0.0230225
-0.0617875
-0.0925576
-0.0548608
-0.0761067
-0.130952
-0.0330469
-0.0141463
-0.0613645
-0.00174046
0.0337008
0.0212487
0.0261367
0.0385486
0.0500103
0.00856877
0.0184131
-0.00065288
0.011557
0.0262349
0.0392307
0.0447218
0.0536513
-0.0124448
0.0217224
0.00985511
0.0467885
0.0130542
0.0188639
0.0855787
0.0807154
0.0895336
0.0758772
0.0824803
0.152752
0.111912
0.172208
0.11008
0.100237
0.125793
0.0560662
0.110522
0.104164
0.0519023
0.0964084
0.122569
0.0848939
0.263557
0.214026
0.285706
0.248453
0.321791
0.222966
0.28049
1.11755
1.07125
0.997039
1.16453
1.35888
1.19375
1.07632
1.26403
0.990619
0.987806
0.996802
0.929789
1.12048
0.98666
1.38045
1.2932
1.44962
1.26097
1.28672
1.28762
1.31768
0.708134
0.809966
0.866327
1.05578
1.08423
0.927384
1.02557
0.907174
0.88298
0.371928
0.13285
0.369163
0.577715
0.436865
0.353555
0.580115
0.41145
0.866995
0.495676
1.4288
1.29718
0.967399
0.867016
1.06442
1.418
1.35133
1.47501
1.51885
1.80588
1.57055
1.71888
1.54816
1.74948
1.73247
1.54192
1.81728
1.95446
1.74393
1.90261
1.78859
1.64588
1.72834
1.76145
1.55583
1.96442
1.83845
1.85048
1.71838
2.77285
2.75914
2.78799
2.81983
2.76297
2.78288
2.82346
2.88331
2.89948
2.89627
2.88555
2.92923
2.949
2.91237
2.84222
2.84249
2.85172
2.86675
2.8014
2.85383
2.88566
7.56897
8.66798
10.0975
25.8593
9.82652
8.82219
9.9044
1264.34
857.558
999.689
1056.5
1276.19
921.215
342.434
1191.57
1020.41
1113.54
1230.66
1056.08
1050.97
1081.55
996.31
1108.03
1151.52
1090.53
1158.39
990.86
983.836
1203.75
1028.28
1026.67
1067.18
1242.01
1098.32
1282.17
1128.98
1217.13
1170.02
1255.98
1238.62
1210.91
1248.92
1143.66
1111.04
1260.37
1256.37
1218.31
-153.948
-159.266
-157.972
-160.305
-159.548
-154.873
-158.851
399.183
423.738
382.211
196.69
262.903
474.186
361.67
216.392
368.819
317.321
337.728
463.248
449.105
351.932
284.636
320.154
325.738
414.046
410.967
307.072
41.8978
38.1113
46.2444
39.2644
45.4157
42.8753
39.911
21.0697
37.9956
19.7228
38.5201
16.2144
22.0793
15.1673
43.6985
27.8888
28.339
47.8118
39.1158
32.6898
36.1463
16.2125
7.3783
23.5507
26.4343
23.8655
36.1799
25.7843
37.751
19.6088
8.59157
9.48485
18.4026
10.0691
15.5457
55.8621
36.7403
8.97696
46.5605
51.9139
10.2181
21.0599
56.7181
51.3701
48.0141
34.5128
18.1788
24.3759
27.2035
18.8028
18.7194
19.8023
28.2607
22.0816
20.0707
22.6586
15.5788
11.5314
13.2103
12.0219
11.5205
11.5449
3.96566
2.93327
3.46147
3.18015
3.66113
3.25282
3.44975
3.04355
2.33025
3.00719
3.04901
3.05403
5.85528
3.33839
978.699
704.591
1030.28
715.168
1034.14
1308.33
1074.13
632.6
912.402
550.963
596.534
544.414
551.523
540.452
1233.86
1585.22
1046.32
1505.49
1529.73
952.451
966.412
950.898
583.548
719.143
1574.98
1563.21
1517.07
367.915
737.31
759.185
52.5209
687.201
41.4429
228.761
793.765
877.09
1058.29
7.20435
6.26088
7.18701
7.24652
8.16299
4.15108
6.09801
4.75789
4.31499
4.34123
5.27091
4.12615
4.13341
4.07435
4.43123
5.19276
5.53443
5.01217
4.94384
2.18281
1.18025
2.68926
1.90802
2.72998
4.28857
2.93387
2.54864
2.13661
2.35182
2.33424
2.59402
2.27494
2.55477
0.50463
0.292424
0.566807
0.619637
0.425264
0.767766
0.595107
0.454333
0.536407
0.617235
0.604964
0.53729
0.568476
0.67936
0.0532707
0.0846482
0.103662
0.0997594
0.0446025
0.109304
0.146682
0.0983027
0.133278
0.187771
0.0881259
0.0266724
0.125484
0.0555925
0.0600129
0.0109497
0.10726
0.109079
0.092641
0.0889275
0.0859688
0.120647
0.130714
0.198061
-0.309717
0.258918
0.13886
0.121488
0.287927
-0.658054
0.169843
-0.141394
-4.53529
-0.872412
-3.04533
-3.71763
-1.24721
-3.56323
-2.59787
363.183
1710.02
2753.52
2745.67
2738.57
2684.55
2766.9
5.07596
0.430516
7.34242
2.33564
2.32643
1.77528
8.54647
13.8722
61.2093
-2.61999
-0.289346
-0.0736502
499.906
1.33696
-0.362208
0.474539
0.00711915
0.10297
0.228611
0.660172
0.198085
1.25808
1.42255
1.37073
0.703287
1.2551
1.54396
2.25402
1.16723
1.22696
1.19733
1.21975
1.28503
1.22771
1.2492
1.23921
1.28375
1.25535
1.26704
1.24912
1.22152
1.25158
1.26389
1.25023
1.03718
1.07508
1.15294
1.10453
1.15848
1.15428
1.03901
1.12329
1.15735
1.24396
1.20128
1.25562
1.26631
1.33168
1.72639
1.67374
1.54563
1.63021
1.6935
1.5861
1.91504
2.26652
2.10012
2.1909
2.40509
2.33339
2.22306
2.30375
2.77046
2.81014
2.79719
2.9048
2.89341
2.86247
2.8834
689.17
734.684
710.689
937.622
728.62
938.428
943.874
271.404
1090.36
297.233
1443.83
686.422
7.02044
148.073
339.649
1163.41
741.155
1443.42
1445.6
1446.97
1366.17
1462.26
726.289
1267.2
1282.44
1237.87
1134.37
1159.08
1101.87
1121.12
1278.41
1251.36
1146.74
1081.87
1100.98
1105.37
1085.93
1038.48
1085.66
1092.09
341.179
210.365
73.279
18.3954
1109.35
819.261
5.24563
1095.91
1026.96
1028.89
981.339
988.875
986
1245.38
1251.13
1222.54
472.924
1096.43
1229.08
1212.19
214.374
251.886
172.076
402.979
161.581
404.135
346.557
37.2492
44.8856
49.3563
45.11
47.5352
50.797
48.5722
174.351
148.404
175.252
180.848
170.448
171.344
183.2
33.5829
19.4686
41.2537
11.0744
24.1906
22.1051
44.7146
1611.21
869.505
2034.17
1113.15
1196
1381.67
1706.07
117.375
-151.866
91.5969
5.80742
655.044
303.328
9.21728
7.15058
8.81916
7.85394
7.59418
7.77688
20.5909
23.3393
5.02501
75.6493
7.82723
5.42658
30.3137
19.1646
173.683
139.716
178.599
139.489
140.524
328.563
331.894
1455.35
139.563
991.447
1395.97
1420.74
1274.49
1400.55
1530.94
1511.45
1520.33
1474.71
1379.59
1472.42
1501.12
1489.37
1543.4
1106.13
37.5049
20.5654
4.04061
43.6081
128.423
17.18
12.081
4.93841
3.35876
4.77435
4.84272
4.24186
3.83829
4.28595
4.45646
6.805
5.32298
5.60492
5.471
5.72623
4.49006
6.1733
6.13258
6.52225
4.96695
6.10949
5.63221
6.59049
2.4651
2.45652
2.7741
3.58155
2.76293
3.03933
3.00055
2.48557
2.47781
2.68575
2.29288
2.26836
2.4945
2.74483
1.34075
1.90128
1.63229
2.8686
2.44604
1.47967
1.4664
1.16894
0.742736
2.01138
1.63955
1.54799
1853.76
1746.06
2481.42
2066.11
1990.88
548.654
2368.62
-2.36793
-2.55799
-1.30189
-1.87079
-1.54188
-2.98891
-2.57937
0.40244
0.449342
1.25986
0.78201
1.27365
1.46891
1.29286
0.0113915
-0.391334
-0.0918742
0.174515
0.0929204
0.209857
0.100773
0.18984
0.11293
0.254226
0.131185
0.0134784
0.167271
0.194122
0.209876
-0.00931718
0.25534
0.167463
0.101356
0.0640468
0.023918
0.0949253
0.120704
0.169296
0.213441
0.203094
0.847156
0.916283
0.741523
0.764345
0.837294
0.702093
0.565641
1.90681
1.88861
1.77291
2.10214
1.94971
1.8786
1.99011
2.45585
2.28075
2.41493
2.65756
2.54136
2.43001
2.53315
2.82057
2.68133
2.75631
2.90643
2.86253
2.70155
2.77821
2.89969
2.96164
3.03936
3.15697
3.15837
3.1073
3.09267
3.00783
2.9649
3.48606
3.40274
3.4551
3.49386
3.43113
3.41686
3.45606
334.742
324.922
675.571
439.051
738.416
2.04097
732.967
226.337
654.024
109.48
591.081
590.182
598.377
574.971
738.558
571.766
742.554
696.651
676.022
636.747
616.632
947.019
701.796
935.826
747.632
907.915
271.115
421.938
430.323
933.954
897.291
930.925
942.525
637.442
1456.55
1411.22
3.08713
3.15481
3.30429
3.71097
4.74825
3.17025
3.5752
2.94139
2.85202
2.94987
2.88604
2.89523
2.82603
2.88541
73.4853
16.286
12.5028
21.8815
32.1931
285.735
512.275
396.208
625.652
518.187
628.068
586.758
21.8387
48.6011
19.4718
16.6456
16.8576
30.5343
18.4175
73.9802
276.889
72.63
79.7958
70.2032
14.8797
14.3954
13.9264
15.1233
16.8322
13.4236
13.6051
61.4342
30.6907
27.3315
15.009
17.3574
11.8827
14.6846
18.6525
49.4821
55.666
33.4007
51.7492
59.2037
63.5348
1036.3
248.174
798.158
2114.46
934.547
2090.81
1905.71
2198.66
2287.1
1648.71
2495.78
1207.15
2969.04
2323.19
2055.36
2598.55
270.149
652.191
592.521
-313.16
244.069
-265.409
179.828
287.56
2033.65
1303.83
1364.98
1377.87
1382.4
1416.19
1413.59
1396.54
1403.83
1399.19
1398.78
1414.33
129.624
134.273
129.345
165.45
127.656
263.021
144.661
16.1653
16.2537
16.2968
16.4055
16.0316
16.1265
16.0151
14.3857
13.976
14.4568
15.6899
16.3486
15.2728
15.218
26.2736
21.9769
16.8047
21.13
20.3012
21.7633
26.1487
14.5801
11.1955
16.5621
16.3216
15.1089
20.1037
13.4803
15.2848
23.0121
26.4377
11.1832
15.6395
18.6348
9.65336
3.67126
1.35858
3.5232
2.95246
1.12828
5.30009
3.02888
1.74726
1.68108
1.86539
1.08444
1.52437
1.04069
0.792632
1.3464
1.58451
1.49005
1.34082
1.60014
1.54469
1.52708
1.45152
1.70818
1.64099
1.33778
1.6084
1.46346
1.6125
1.18942
1.38963
0.606294
0.809426
0.826617
0.821992
0.965363
0.920911
0.777039
0.25511
0.297688
0.22601
0.171029
0.0830111
0.205527
0.0962682
0.200947
0.184499
0.263329
0.11247
0.0280555
0.141408
0.170557
0.246614
0.0362216
0.265072
0.193139
0.190137
0.0803823
0.0162469
0.0820877
0.191086
0.142987
0.210346
0.226865
0.22203
1.20937
0.974939
0.593383
1.49334
2.03977
1.42943
1.98331
1.21971
3.73661
3.72647
3.73165
3.7211
3.75889
3.79839
3.81159
3.55455
3.51414
3.73217
3.59093
3.61099
3.61313
3.79392
849.786
858.153
855.309
845.099
852.627
734.424
432.338
837.238
860.15
853.202
851.915
846.892
843.734
818.014
722.617
856.297
388.386
775.978
755.522
781.196
732.125
144.885
518.959
732.468
581.335
681.83
2.86444
2.91722
2.86945
2.85458
2.87034
2.85321
2.83331
3.42506
3.38881
3.15396
4.15131
4.10475
3.84801
3.887
2.25054
2.93943
2.54063
3.3626
3.88386
3.49615
3.07592
2.45469
2.57309
2.69335
2.44174
2.53174
2.97785
3.44444
1.94413
2.34069
2.24338
2.60268
2.40388
2.57453
2.64382
3.91027
3.95844
3.02109
4.55729
5.73827
6.90686
4.88166
8.7752
3.35826
14.4499
1.76662
5.96957
19.7614
5.7473
5.84795
8.04521
5.22064
5.93946
4.69241
9.51681
8.34627
8.74157
10.1572
10.3329
10.2156
15.1784
12.7645
12.7203
21.3753
31.3392
32.3053
29.9827
19.5858
11.6119
12.9354
12.228
15.1416
12.0944
12.2585
12.314
-196.381
148.195
109.935
155.164
-89.5362
13.9491
21.6404
88.6136
255.3
141.136
331.392
-39.8923
-54.5335
136.438
23.0851
-131.307
172.482
129.135
56.9874
82.2568
122.371
-75.8496
50.9265
-166.193
182.262
78.411
1070.71
1093.7
1014.13
1152.78
1097.46
1165.57
1117.1
1436.65
1493.81
1453.63
1438.77
1447.2
1444.92
1434.27
1374.81
1373.47
1382.4
1435.22
1400.3
1414.55
1403.91
1449.79
1456.93
1549.91
1393.82
1407.19
1396
1331.21
1258.34
1361.3
1374.01
1386.76
1349.99
1374.57
524.514
1239.05
697.163
1287.14
1122.73
1259.01
753.356
1268.1
1180.92
0.679534
0.833023
0.771199
0.531637
0.684186
0.717784
0.733918
0.871468
0.809392
0.803579
0.714021
0.775007
0.746124
0.94941
1.19915
1.32453
1.25782
1.27961
1.25243
1.19152
1.25482
0.203742
0.291407
0.20703
0.674251
0.908561
0.844402
0.638251
0.859442
0.878364
0.791386
0.235766
0.0406578
0.219097
0.190127
0.351501
0.204935
0.0716068
0.160577
0.283018
0.207203
0.0188957
0.170573
-0.0131611
0.0731641
0.00926723
-0.286597
-0.113617
-0.0161072
-0.161072
0.143673
-0.0545572
0.0633893
-1.05749
-0.601101
-0.55617
-0.546623
-0.478517
-0.702377
-0.247559
-0.897787
-0.749113
-0.315718
-0.655037
-0.726297
-0.48958
3.67581
3.30156
4.02343
4.11268
4.07429
3.84112
3.69642
859.734
751.312
866.242
721.343
424.238
821.973
858.851
832.387
855.307
21.6537
217.283
850.219
405.08
236.377
849.019
849.349
814.967
3.11372
3.20659
3.1849
3.08688
3.0579
3.15616
3.159
3.21176
3.29985
3.24832
3.2968
3.24816
3.3493
3.26113
3.07168
3.09186
3.08359
3.17038
3.15435
3.19525
3.30972
2.99663
3.06143
2.9975
2.9354
3.00831
3.0469
2.97505
2.94142
2.94324
2.8858
2.87569
2.88524
2.92784
2.93732
2.58453
2.64249
2.53343
2.52377
2.57653
2.50743
2.44534
2.57962
2.58814
2.53634
2.51611
2.59807
2.57086
2.50337
1.93701
1.8254
2.02
2.05494
2.18122
2.03854
1.92923
2.46693
2.38051
2.44371
2.44002
2.37682
2.35559
2.46523
2.33444
2.26924
2.16588
2.02589
1.98521
2.13503
2.44482
2.1155
2.36054
2.25428
2.0956
2.2929
2.06135
2.44197
2.40223
2.7928
2.20185
2.42938
2.06878
2.3621
2.35197
2.1552
2.04155
2.82609
3.00946
2.69699
2.96913
2.77919
3.22532
2.83083
3.2825
3.46647
3.427
3.68653
3.79435
3.43418
3.44132
3.06254
2.87159
3.43523
3.43831
3.22781
3.42965
3.41773
9.49687
4.33863
11.4322
4.22071
4.36547
5.13965
5.30487
16.2005
24.0616
5.74359
6.28401
5.09032
6.33484
4.21614
42.506
150.757
475.204
202.676
353.08
475.861
277.76
197.395
107.401
-7.36341
254.177
120.981
282.796
125.875
77.513
252
137.969
0.321969
82.3654
29.7322
85.2355
-115.935
38.9885
-39.5594
197.256
87.1743
133.142
159.253
237.799
181.465
250
94.8119
27.9463
41.1709
-38.0179
15.2494
30.2303
-46.6929
-172.223
-10.8477
30.1478
11.273
33.5621
68.0604
-8.2698
3.99614
16.2133
4.62995
246.492
181.717
193.822
291.461
228.051
246.447
262.631
64.0789
55.6575
168.518
56.1602
64.125
225.561
92.2539
78.0914
114.95
53.7095
77.6719
49.2189
86.666
81.3594
55.0146
49.965
72.4637
64.7365
134.745
240.909
8.54222
125.959
80.0526
223.07
20.1576
-505.745
-496.503
-407.113
-423.536
-441.928
-391.828
-197.676
712.477
881.867
852.143
695.767
834.543
901.017
806.999
743.716
9.05517
850.574
935.226
1085.25
961.333
716.465
1359.89
1448.77
1469.29
1315.31
1393.71
1446.3
1356.33
1628.54
1656.33
1438.06
1484.08
1692.43
1603.09
1547.68
1635.45
1773.36
1506.38
1884.94
1540.53
1525.9
1498.66
1513.77
1534.83
1611.6
1551.89
1733.94
1516.39
1471.52
1540.61
1545.39
1571.48
1413.48
1438.8
1495.07
1479.81
1502.6
1476.54
1460.28
15.2233
280.75
-196.896
-402.739
-146.226
-199.676
-457.562
-522.787
225.573
-150.029
-408.609
288.74
-508.235
-203.281
-194.96
-489.03
-181.662
220.428
43.2672
-258.687
-532.767
1481.07
1574.36
1477.61
864.375
1927.42
2424.3
925.643
1364.27
1452.96
1194.54
1423.08
172.474
960.944
622.951
751.534
941.959
1154.79
1028.03
1129.9
1154.76
-451.738
-328.255
-380.166
-437.24
-473.207
-501.586
-414.143
60.1277
-309.147
-264.882
120.875
139.139
-147.748
-112.15
202.083
229.933
350.674
-187.413
-385.675
-114.415
-18.5657
2.2669
4.72986
5.17343
6.21683
7.65318
6.25375
4.31255
12.3767
10.6213
11.865
11.7606
9.73351
8.96985
9.54912
3.61027
4.88724
3.55262
3.24567
1.8751
3.80947
5.03055
3.12687
4.4333
6.71424
6.60466
7.34208
7.04296
6.44048
7.03048
7.92112
1568.24
1533.68
1301.53
618.689
1188.98
1602.47
1511.42
1375.71
1051.33
791.231
773.522
1136.49
1479.02
1593.41
754.277
771.819
1408.09
1689.66
933.618
1583.1
317.067
12.1171
422.016
1.25409
0.709604
7.63581
34.4939
413.66
0.000986509
0.292896
0.956108
0.634769
0.321317
0.0393002
0.147939
0.112074
-0.229061
-0.000305612
0.103197
-0.0638158
-0.128994
0.0585227
-0.0162547
-0.24551
-0.420517
1.61305
1.21479
1.8906
1.35146
1.28658
1.35844
1.37244
1.45864
1.59543
1.56935
1.72044
1.64754
1.57744
1.65156
1.45921
1.49809
1.58338
1.52541
1.55773
1.68113
1.61686
1.84122
2.27069
1.98278
2.03979
1.88448
1.77308
2.03009
1.04822
2.14672
1.90847
0.774865
-0.0263495
-0.606263
-0.422181
-1.8853
-0.864942
-0.414417
-0.568013
-1.34479
-0.975437
-0.820647
-1.02797
-1.01564
-1.02866
-0.886927
-0.878719
-0.187965
-0.905044
-0.699045
-0.36564
-0.364645
-0.882109
-0.190697
-0.254433
-0.316375
-0.372052
-0.307355
-0.649252
-0.276375
-0.146885
-0.0564137
-0.0804992
-0.303948
-0.0341994
-0.354641
-0.278822
-0.4018
-0.112087
-0.253032
-1.1484
0.975195
0.791068
0.588201
0.734445
-0.131269
0.599083
1.00329
703.817
668.547
707.921
691.553
691.862
695.888
665.139
687.178
630.426
225.604
629.63
618.127
636.835
628.606
204.205
340.169
3.22804
3.59406
3.80678
3.92679
3.75958
3.16098
3.4335
3.76707
3.62034
533.077
591.368
614.154
3.50872
256.739
73.1626
533.47
3.13025
3.07643
3.22801
3.29899
3.30142
3.15312
3.1105
3.48797
3.49483
3.56279
3.58885
3.43082
3.63877
3.52661
2.8339
2.85957
2.72704
2.68695
2.60659
2.79469
2.74169
3.02932
3.05079
3.10565
3.08495
2.93676
2.89145
2.86674
2.81403
2.99443
3.00438
2.96024
2.93762
2.6371
2.74551
2.66177
2.5048
2.6163
2.70294
2.60962
2.63451
2.68793
2.59484
2.59452
2.55763
2.65618
2.61628
1.8082
1.89246
1.97067
1.70246
1.68333
2.28155
2.35082
2.28322
2.22692
2.30014
2.37757
2.29438
2.20776
2.1768
2.06349
2.28079
2.37057
2.2865
2.20856
1.40603
1.38131
1.41719
1.13461
1.35839
1.27037
1.34458
0.658467
0.939951
0.690399
0.580825
0.432947
0.423251
0.211732
0.715608
0.480235
1.57821
1.46768
1.31105
1.22444
1.08487
1.14336
1.32887
0.209271
-0.0226273
0.425962
0.118681
0.466902
1.10907
0.892946
1.20678
0.660543
0.65616
0.84664
0.843526
0.441433
0.817247
1.01911
0.729887
1.07083
1.57243
1.19063
3.38281
3.40254
3.21542
3.00608
2.88224
3.25517
3.27978
3.57948
3.59932
3.48867
3.51995
3.72969
3.56514
3.69533
4.40608
4.04658
4.17595
3.83864
3.90537
3.98028
4.12535
3.8179
3.99375
3.93369
4.20314
3.95797
4.14729
4.08101
4.27626
4.05874
4.55001
3.96572
3.82821
4.68865
4.55671
4.59996
4.51267
4.43443
4.63828
4.55095
8.23341
8.40261
8.47448
9.26389
7.80685
8.39986
9.75318
164.664
11.3998
67.6864
401.277
160.787
355.393
87.9015
198.076
169.698
247.906
56.7404
262.379
150.167
431.381
421.262
462.801
593.052
482.769
404.445
390.129
418.993
273.142
522.066
383.833
327.384
380.189
640.662
1061.23
837.502
1033.08
891.417
1398.69
822.639
1307.08
1404.64
1706.76
1559.39
1247.34
1507.7
1437.13
626.398
900.694
686.258
935.132
793.021
1943.86
1584.29
1520.32
930.23
278.245
573.866
853.908
588.447
213.679
668.801
-36.7506
35.1979
-36.4842
-59.1297
177.603
12.5569
-168.143
411.033
74.8797
111.195
98.1743
270.109
126.891
318.04
116.873
-2.21077
-703.606
-112.128
-306.485
207.077
104.446
226
273.885
234.602
480.793
332.683
495.375
459.751
610.82
502.963
501.276
652.089
636.622
622.634
819.236
660.415
287.872
411.149
453.923
570.121
220.903
331.718
444.527
527.002
346.622
417.967
462.707
481.504
465.119
388.27
408.222
533.904
385.634
414.144
344.269
409.83
458.396
429.481
437.966
317.41
290.462
233.44
292.927
327.882
347.761
297.084
60.7489
77.0123
82.4884
121.616
225.93
54.2736
63.4333
50.2629
61.0823
64.2728
35.0472
33.1511
36.0189
40.3137
43.686
35.441
37.0894
18.1061
21.7869
17.6504
35.5424
22.7227
19.3403
13.8331
21.7661
28.1386
17.7285
25.8776
42.1603
36.0543
18.7701
22.1447
22.1059
18.1899
29.5307
20.435
20.6034
21.9203
18.2059
21.9284
21.1971
20.6424
14.4056
35.7722
41.9253
21.4092
26.9612
38.5624
6.95577
11.6223
10.5434
10.5032
10.7813
11.667
11.0973
14.1407
14.0426
801.418
285.372
1076.86
1054.36
1038.87
1060.26
987.013
-0.593924
-0.658046
-0.636352
-0.475695
-0.518077
-0.542359
-0.496184
0.196718
-0.135765
0.0713564
-0.239382
-0.156972
0.0508467
-0.0317128
0.63365
0.921383
0.834272
1.20536
0.850479
0.660676
1.11571
1.55099
1.30788
1.71663
1.41048
1.49131
1.6092
1.31165
2.09912
2.1606
1.98006
1.93772
2.04063
2.13574
2.04736
2.30396
2.20813
2.34717
2.47529
2.51244
2.3634
2.42924
2.92312
2.97542
2.76443
3.20011
3.03718
2.9493
3.10367
4.34779
4.29219
4.26139
4.54808
4.15539
4.45334
4.6764
4.10199
4.64139
4.36058
4.36647
4.84371
4.91631
4.75296
4.29992
4.56145
4.08546
4.27612
3.9452
4.00199
4.07375
3.87682
3.7681
-1.62282
-0.758361
-1.37532
280.047
-158.644
28.2008
59.6964
43.5395
481.02
282.619
388.985
492.366
1211.04
1624.52
1416.18
1294.92
1439.53
1404.28
1373.34
1348.41
1379.17
1268.45
1358.84
1361.25
1369.08
1438.78
1341.47
1408.98
1401.49
1158.94
1424.6
1583.01
1429.45
1120.6
410.948
484.312
517.591
207.47
60.3232
625.902
665.321
90.5234
80.9024
-10.7638
88.4509
0.487722
224.546
-1.36512
-0.741394
-0.844247
-1.23114
2.22713
0.610686
-0.631245
2804.94
2772.09
2833.19
2778.88
2737.08
2851.97
2837.83
2872.68
2867.57
2858.99
2846.29
2867.5
2794.3
2872.87
0.142677
0.0147168
0.492542
2721.16
2826.5
2754.45
2759.18
2767.09
2762.27
2756.99
2758.27
2768.01
2783.89
2797.02
2766.6
2751.64
2759.6
2763.32
2768.15
2756.84
2751.12
2760.77
2764.07
2745.39
2766.34
2761.9
2771.73
2756.64
2751.99
2745.96
2754.58
2760.2
2755.82
2756.61
2784.79
2773.09
2759.14
2750.82
2723.6
2753.72
2750.83
2758.18
2749.18
2754.03
2765.11
2755.47
2755.62
2705.41
2748.43
2766.01
2134.75
910.85
2861.91
2855.4
2834.37
2889.81
2752.58
2792.72
2827.9
2861.05
2849.29
2856.4
2828.2
2828.84
2777.7
2833.67
-4.41064
-4.84634
-4.61726
-4.44678
-2.39839
-1.99694
-5.18243
2764.87
2786.9
2744.62
2819.6
2801.93
2819.08
2783.39
2847.31
2870.24
2807.83
-1.33925
-4.078
-4.22533
487.754
714.964
413.155
116.634
-6.12061
525.501
337.211
722.563
690.902
1287.58
1927.56
1802.67
1077.92
1836.33
1064.03
1777.38
1346.47
1289.31
1696.05
2103.31
1439.31
1506.22
1681.98
2118.17
395.972
706.256
685.761
7.20594
-9.27239
234.431
2.21146
2.13828
1.52386
1.90685
3.71831
3.27248
1.20342
1.77703
0.996698
0.681606
0.180268
0.553851
2402.07
2319.8
2066
2239.17
0.673789
41.6206
1560.41
1435.08
11.5118
12.0215
9.33186
8.34492
0.173875
-0.703832
-0.172388
-0.35437
1.24154
1.20559
1.05034
0.989769
2.54028
2.93298
11.4175
2.12273
0.80574
0.5682
0.705785
0.637731
-0.214445
4.46959
2.79457
6.68543
1.35409
1.03109
1.1964
0.884987
2.32836
2.81204
2.90674
3.28652
1.15433
1.16559
1.02607
0.898593
1.29655
1.1882
1.26404
1.22933
11.7196
11.5741
12.2455
-0.602089
-0.40746
-0.732211
-0.558575
5.75313
394.213
87.4211
542.19
2.69843
3.03036
2.81543
3.08788
2.38719
2.73462
1.18541
1.19278
1.69408
1.85194
2.61921
3.04445
-0.593979
-0.683226
-0.545193
-0.664199
16.5979
16.9245
16.4602
16.7577
-0.67309
-0.689885
-0.443851
-0.481774
0.295182
0.169727
0.124617
-0.00390303
3.8768
3.83513
3.42109
3.30253
38.8617
42.3949
21.9496
32.0276
0.787513
0.261697
1.48704
1.26405
2.81844
2.81331
2.78415
2.82929
2.70705
2.75575
2.78176
2.79324
38.1364
37.7583
42.0098
38.5792
2.71873
2.78163
2.71776
2.77226
2.03239
2.13443
1.53425
2.7471
2.79301
2.73335
2.84802
-154.45
-160.174
-157.851
-159.615
20.5362
22.7957
20.4932
20.1405
3.79566
4.9023
3.4223
4.24606
153.418
92.4487
100.69
139.038
-166.413
-83.9086
-167.158
-40.1537
1173.1
1192.21
1217.09
1227.59
2.96688
2.76354
3.8394
3.90735
1.24857
1.38615
0.652391
0.835219
1.82937
1.80517
0.559459
0.179234
194.198
279.451
-0.359087
0.206574
1104.66
1232.62
1256.19
1245.54
20.566
-350.231
-112.214
-409.288
1.16301
0.771063
1.07917
0.925492
3.62404
3.54991
3.4644
615.319
699.34
5.5752
7.11191
6.06044
8.60133
30.5731
12.6554
0.704377
0.396132
0.3629
43.3414
20.5049
6.041
6.15052
4.6599
4.28516
4.40376
847.085
480.403
613.115
3.83833
261.768
-0.480015
284.302
200.657
217.63
263.137
272.067
1.68291
1.73009
1.64415
1.93146
1.2862
1.21445
1.16822
1.10277
1.6657
1.53504
3.05909
-0.515993
0.738991
3.96951
0.979237
1.78442
119.632
2.21399
208.039
3.35511
0.25605
13.8928
0.338625
1103.38
1167.14
1405.85
3.02479
1.20056
2.63001
-162.534
184.697
-0.719376
3.24875
19.4686
1.42531
45.7998
3.28473
2.29281
0.950798
3.09913
6.08653
2.9762
0.877272
1.88747
107.266
13.075
-0.0180418
1.5717
899.572
7.22941
1103.85
-0.654248
614.747
-140.913
-159.65
1.21616
-136.181
489.967
-60.9138
-167.197
-87.4253
-168.858
-163.298
44.2092
-165.061
-162.521
-164.685
706.499
853.862
976.211
-168.678
1083.51
848.967
13.5518
134.379
191.3
-90.0164
1059.15
1.0429
-168.013
-165.568
1.21169
-165.882
-165.339
-140.811
-167.907
1.21915
900.138
-163.787
1009.22
-151.589
-161.948
8.50802
740.311
872.675
733.534
707.359
3.56126
962.667
679.358
878.627
789.515
27.7692
170.154
19.1577
582.499
-162.602
-166.503
234.362
15.4325
539.984
539.736
675.632
632.045
166.087
-161.68
-166.533
120.743
-163.016
969.991
154.653
2.85719
-100.172
280.178
484.764
282.846
569.095
466.234
471.442
1150.5
589.752
624.292
644.397
650.295
696.686
-159.235
-161.275
663.257
828.111
-111.181
3.16912
40.1984
53.7209
694.009
-153.088
-160.854
-166.665
-163.982
606.719
-158.156
-162.603
-163.792
-165.4
-154.004
199.415
-525.489
-139.738
397.089
3.34372
3.39427
3.51465
-161.822
-172.247
-160.917
104.006
1.22719
-0.572772
764.105
-156.091
2.3146
2.49664
-150.356
2.48301
165.097
244.983
137.675
745.541
2.5738
1.97349
735.642
680.832
1.15696
-121.889
3.00973
124.647
86.0621
246.582
169.587
171.058
86.9829
-166.479
65.6699
74.6028
135.765
672.156
720.582
22.18
-163.966
103.964
-158.988
-100.327
265.602
2.95275
507.997
569.863
4.01712
0.878143
20.338
15.008
-69.6744
-153.605
2.75184
36.4365
2.76356
71.4674
24.3575
16.282
29.2029
-71.8557
1440.12
43.072
22.9152
-165.514
14.8903
14.5046
108.186
9.4009
33.068
33.9833
39.8559
-529.646
38.9004
3.06342
22.4485
2.57168
20.0749
22.2945
40.5598
17.3638
1.86362
-0.821146
573.442
44.4205
523.327
260.062
349.714
470.277
339.21
273.559
138.434
15.8604
785.387
1.75725
18.6062
25.7526
67.7483
196.613
313.795
769.743
397.194
206.257
224.288
261.185
26.4658
256.498
42.8959
-160.84
35.732
-147.642
136.457
2.76259
1.00314
287.48
169.325
273.956
36.6886
52.715
38.8045
57.897
204.618
486.881
2487.74
152.339
3.82758
-138.081
5.799
0.165918
0.776259
1.31966
0.883314
2.3927
1.32806
3.39025
3.46969
1.40381
0.699712
2.85664
3.69841
3.14844
1.56273
3.27854
3.93077
3.5724
1.95695
5.12956
149.846
4.2762
1246.39
147.337
4.90981
194.951
4.26624
20.1675
4.5201
429.026
12.6757
113.119
1355.15
8.30099
1061.46
1134.42
4.35443
1.9352
932.128
5.15001
2.23828
18.0768
5.73436
8.86047
1307.65
23.5812
1207.64
1.2534
482.192
6.74584
4.21097
347.08
1.25442
11.9233
-493.306
980.65
22.7274
370.312
31.9669
6.85675
2.58018
2.85145
4.78064
4.53073
4.67194
3.48921
1006.92
0.0412982
14.8991
0.889696
3.29291
4.91245
942.201
-146.204
1401.9
0.467054
4.31195
252.454
4.18494
1287.62
4.77293
229.555
11.9558
51.6494
1.23213
1137.05
11.6765
16.2956
18.7268
998.367
35.5032
571.184
580.006
5.45071
5.55255
27.4542
5.39582
3.51718
3.16976
231.342
-135.564
3.13635
2.94514
2.81193
2.37067
2.53004
3.11517
9.60581
2.69999
3.29969
5.40068
3.67488
3.48954
1287.3
3.55386
2.26598
19.1699
1.88899
3.68221
4.60138
-1.99182
-343.992
1.90108
1.67112
227.737
3.262
1.70127
1.21288
1.4867
0.888961
1.5226
2.30946
1.08845
2.00569
1.03635
2.57298
1.67447
3.77998
21.9131
2.49916
2.55798
1675.34
958.678
2.3254
2.76833
2.73204
2.78007
1.82391
2.10441
2.47891
-0.50399
2.61714
2.62176
678.343
2.67228
2.62063
2.62966
1.49975
0.808996
627.353
145.764
0.826915
1.79887
3.27853
2.73109
688.191
2.72974
12.1492
206.023
2.23391
2.56072
3.41702
3.38543
5.15575
794.73
3.07827
2.66989
692.748
704.415
2.58498
3.29487
32.8254
2.90259
3.65808
2.71789
13.5334
1445.08
584.334
26.0999
37.8911
2.47851
2.00747
-0.506673
656.971
-164.978
911.078
1085.63
1105.46
975.152
696.486
1073.02
61.7675
2.7325
5.46274
672.091
746.741
574.64
7.05686
1042.74
4.14794
720.485
71.6589
24.0768
0.818587
4.26872
53.5836
503.637
4.40605
3.04233
459.388
146.628
1230.26
30.093
1182.38
1198.69
892.298
264.541
74.4057
0.799854
1099.6
2.39236
1128.28
1244.85
1193.99
1183.63
68.1375
12.7291
2.83517
2.92341
2.83872
2.78698
2.80621
965.608
35.5711
2.82445
2.93871
3.02057
2.86527
2.88246
2.85167
-111.973
1247.68
2.98002
2.80392
2472.16
166.827
-165.951
2.82059
4.10678
2.90792
72.9939
381.663
2.98127
-0.73187
3.00191
3.05329
3.14934
1144.82
2.16285
-339.507
2.94243
14.2711
4.05613
1193.13
1.28056
2.87297
2.55755
3.01839
2.89151
3.07523
2.88872
2.87268
2.75728
3.23913
2.87363
8.33786
13.865
3.11391
2.96365
2.91301
3.06783
-162.169
267.866
1.91144
241.337
654.46
1.25654
3.97004
543.435
379.781
2.76357
0.940732
3.44521
3.57349
3.69125
4.22524
4.27155
4.03593
1061.37
2.86734
533.108
1271.64
3.1743
23.5088
423.133
3.68052
3.98183
4.1152
3.50373
3.72843
3.1829
1411.44
3.22399
3.77393
3.87114
2.76014
3.31105
0.400333
2.59386
2.42345
2.30851
2.30548
2.90456
2.49568
2.93078
2.89868
5.63207
1.83846
1.98116
2.95852
3.90114
2.62183
1.66042
1.53833
1.43659
1.89247
1.83542
1.95351
2.09433
2.06467
3.23816
1.53593
1.84129
3.64636
18.1792
157.297
1.70659
3.06121
1.73596
2.71891
2.59104
2.60552
2.76232
2.2243
2.84073
2.3571
2.93818
1.79086
2.57215
11.4801
1.67581
764.239
3.22562
2.55073
1.96433
1.98674
2.93444
2.38822
2.88318
743.488
638.584
1.80014
16.2126
-1.86999
0.567434
1.93552
0.303851
2.47819
3.34841
2.27401
2.38691
0.186771
0.447662
2.27693
0.671645
-0.813769
2.22225
1.82249
324.42
38.6882
0.364405
0.855066
17.2398
3.96024
2.88351
9.26486
20.1146
-0.286871
1.47303
1.41658
3.10351
1.9963
3.87139
4.09321
3.54889
3.4919
1.53355
-472.647
4.02025
7.2373
2.50439
4.28599
1.18924
0.680397
1.79332
2.09383
1.71729
2.70956
3.25769
1.43737
1.22476
10.6748
1069.66
1.88406
3.28128
1.94766
0.841451
0.703678
36.3838
1.30855
3.01347
3.06081
1.13881
0.288806
2.63519
-0.0799444
0.301869
3.0446
0.353687
0.469337
1.0857
25.5893
1.97372
0.300398
0.755743
1.1812
1.08791
0.787413
2.84092
0.301633
0.604864
1.02171
1.69076
14.0185
0.654681
1.39993
0.373084
2.97245
23.1518
1.25515
1.29675
1.36087
1.37443
1.20301
1.24205
1.3597
1.27018
1.10532
0.685977
6.52823
1.26233
1.44541
-150.908
0.55401
1.22757
1.23131
1.29421
0.867031
2.98489
1.22963
3.48267
0.32694
0.862335
925.615
1891.77
1970.77
25.1346
2199.72
2006.15
3.57687
1530.85
107.731
1.3454
-0.193284
0.990531
1.05793
0.226679
73.6506
1.31926
0.729047
143.862
0.359404
2.47
0.0958555
-0.340101
16.2032
2771.75
2833.85
1.43465
-0.0860247
262.456
-0.178736
-0.391623
-0.191895
0.766622
-0.193976
-0.388184
1.08851
2.20605
-0.174853
-0.692147
1.86063
2.60322
0.387455
0.411768
1.25085
0.63265
0.614543
1.89735
1.97871
0.499751
1.29111
1.00361
1.22112
1.65194
1.83116
1.83366
1.17323
1.32303
1.05225
-0.175411
1.12051
1.50186
0.760199
8.24264
1.1678
0.997351
1.22384
0.251515
1.81872
1.36282
0.965453
0.648545
1.66169
1.19818
1.45919
0.389865
0.325632
0.389597
0.652511
1.71743
0.281066
-159.797
0.731092
1.37072
0.224948
1444.76
0.149752
1695.69
1893.17
2.23512
0.424282
4.16794
1.5773
0.958533
1.54016
17.6033
1709.53
-0.411829
0.676405
1892.1
947.331
0.190789
0.380507
-0.679814
1298.76
48.2294
0.123298
14.2951
-0.503524
-0.445975
-0.627347
-0.0568651
0.28401
430.487
16.8586
-0.678046
1.73294
-0.778988
1255.18
1.17383
2.97231
2.74693
0.0188693
0.802234
-0.38907
100.06
1.19639
11.6917
-67.7559
14.54
1.27639
-0.036292
13.6034
0.505431
1.32231
-0.166872
1532.28
9.48571
1.88745
0.767594
1175.3
0.972381
-0.44086
1428.46
1686.48
595.55
128.507
-0.319293
1625.48
11.8683
1.44032
11.97
12.212
27.6882
19.6813
12.5581
11.3319
30.7807
10.2909
10.2949
1813.14
1549.48
262.595
34.2509
11.073
-0.609258
1832.3
11.8479
1902.13
1797.51
1.12792
67.1083
9.79225
1.54373
10.0818
1329.96
833.104
1.50321
-1.09252
549.642
1872.26
-0.4375
0.506401
846.13
255.556
539.294
2.67762
2264.79
8.47842
1985.2
1.47071
2041.92
0.171043
2.98847
-0.630124
9.74869
9.41503
10.8596
5.82892
59.2554
5.29224
1.65756
6.37664
2120.05
0.684425
0.57214
1013.62
16.673
12.737
2.39978
12.6048
2002.7
6.94042
1608.86
3.90054
4.58389
2.73059
2.15207
2.34985
2.41891
2.27769
1.69539
1.02636
1.05879
3.6117
2.41596
1.57633
69.6383
1.57282
1.8377
1.22548
2.03232
743.84
1.4776
1.30165
634.185
17.0724
2.4532
6.16582
2.87325
3.1324
2.79189
3.16289
2.49148
1.32984
2.02751
3.1265
3.30646
3.9435
3.74139
3.1048
4.53494
5.95309
4.42404
11.1327
7.96669
10.4277
19.1686
-160.232
-1.35769
0.387512
4.7451
6.10978
4.31852
383.734
2783.37
4.52556
1.11493
1.70047
1.4008
1.70059
8.84892
284.197
2865.2
0.724485
0.051273
-0.286833
0.381676
26.3867
-3.02586
0.886393
-0.579715
0.0605111
8.84982
8.39141
15.1645
71.6123
5.32428
26.5322
164.23
1417.6
2.59762
503.896
8.28353
2154.59
2557.62
426.192
1944.73
-440.048
13.1068
-3.82939
3.5902
1.71242
2686.71
2578.52
1458.37
2661.4
35.7199
2218.13
2113.59
1.38342
412.297
2447.3
10.7147
2.99342
2534.22
2434.06
5.29548
0.999108
30.5705
5.00749
3.12519
1109.77
22.3918
1.79782
2.4928
0.845402
0.881407
1216.41
2.97744
0.796566
4.37581
0.343175
0.770717
0.291581
13.6894
0.402561
0.486395
-0.168076
0.654802
0.227044
0.341816
0.321855
0.191287
6.27941
0.484286
0.596285
10.8235
-0.00419145
2866.63
0.0531029
0.12598
5.89196
2816.42
-0.332746
-0.208926
2801.47
3.02858
-1.29428
-1.20789
3.63597
5.22223
-1.1809
0.305181
213.845
-0.171774
2.19029
7.6518
-0.462265
-0.461899
-0.0789273
0.100045
-0.0350958
1.43545
-1.20182
0.36913
-0.00116083
2.34908
0.695689
0.0643019
-1.15923
-0.0411229
-0.443579
2.03904
0.125557
0.988606
3.04176
1170.2
-0.134059
-0.642703
-0.0513215
0.571598
5.35671
4.78357
2.90267
1.12744
0.890223
3.98737
1434.95
4.77629
15.9303
322.062
52.3651
2.69473
-0.172494
-0.142406
559.852
0.927061
10.265
4.15169
3.03984
974.82
8.79338
2.88964
826.432
0.371634
0.440583
2.22795
0.775928
2701.77
0.222467
604.761
0.714977
-0.24496
107.022
-0.126115
0.205398
1.13645
3.00724
3.71731
3.85001
3.25184
3.24765
3.95661
3.7168
3.52219
2.99044
2.94936
4.16199
415.064
4.06456
5.64641
2.90271
0.257196
0.912677
3.57748
1.81566
1.44085
2.12328
5.3059
5.07517
5.23457
5.83478
4.82269
7.56274
14.399
2.54608
1.8715
16.7377
1.1144
1.29235
14.4763
-69.2705
14.8769
-0.0474799
0.427227
1.21473
-0.529874
0.528552
50.7254
-0.476616
0.858857
0.810643
0.985592
-0.226866
1.27607
0.976886
0.531521
0.0245391
1.08342
1.84744
2.02137
0.199544
-518.455
2.9628
-0.269708
5.49917
1352.72
364.293
0.825557
5.43578
13.3547
0.767772
4.55756
0.46623
-1.04651
2.07985
71.1013
0.582961
0.30594
4.53885
2.60185
7.92679
574.81
3.27789
1445.11
3.66354
-0.430951
3.94952
2.95224
3.77648
3.16262
-456
5.45992
6.45541
6.9326
2.98746
5.55201
5.84987
3.69972
18.3637
-0.514386
19.792
1.22086
2.05512
2.82733
1367.36
281.2
6.70891
4.93991
2.77375
14.2924
141.245
3.67669
718.729
131.115
442.929
646.771
1288.57
377.653
61.2989
1406.27
1403.95
1393.41
1260.09
1393
223.283
16.3016
137.595
143.186
180.524
3.20834
2.69038
7.21542
7.79654
7.70843
182.388
16.7869
-0.130975
185.532
2.68896
325.838
2.81308
261.398
2.74861
10.5706
11.26
7.51284
8.11124
5.91335
9.86283
8.97052
1.32195
0.862167
27.5706
7.06039
6.76577
16.5313
19.4939
16.0588
7.02089
14.7704
14.1919
15.44
14.6945
13.5774
11.5704
14.5582
14.8902
16.3665
12.2438
1170.85
7.8687
2.82292
8.25698
8.60431
122.616
7.73026
7.20206
11.2131
14.7719
14.783
14.1892
13.4582
14.0182
14.1109
16.0886
7.9711
13.2256
14.6069
-0.0312018
12.7065
17.2834
14.8104
14.6576
12.6826
16.4462
16.8244
20.4573
16.0224
17.3755
16.7966
16.9788
63.1139
448.376
16.127
16.2619
15.3714
1358.3
1278.79
1.32643
-0.183237
1056.39
1085.96
848.109
1245.3
876.113
894.956
250.933
80.0793
18.1581
691.238
-0.432449
13.2418
911.74
2.52229
15.3899
571.969
21.7685
30.6532
636.658
3.3411
9.49416
85.1647
14.1522
1270.24
164.865
1465.27
9.72699
469.764
20.7135
1544.77
11.295
16.0275
13.6052
1162
252.281
1066.27
-349.528
-175.036
977.155
-529.238
-509.936
16.8769
14.6785
-346.973
-536.147
24.1766
4.92312
-521.202
-488.391
-526.802
-505.198
1397.25
-509.688
-503.325
-523.69
-514.39
-515.651
-65.2523
-528.279
1.29606
-529.59
-525.915
1205.7
-399.425
135.182
784.872
-504.119
-456.689
964.2
-460.033
26.7517
1556.02
1419.15
1656.21
24.7573
-4.81032
112.168
-526.308
-215.766
-488.102
-392.943
2.45817
-518.595
1253.71
-26.0859
369.951
-506.134
6.37819
-130.443
1423.83
-397.597
-479.63
78.1856
431.267
-0.448982
409.511
409.127
348.694
-502.017
277.707
49.3038
46.0842
48.1141
1.70843
187.821
125.726
-349.887
266.853
207.103
558.731
613.45
350.076
532.625
-498.674
-79.0558
107.63
373.926
212.833
387.553
278.802
108.234
386.209
-422.45
343.36
206.692
35.7505
19.7954
46.0663
82.4035
105.829
-88.3872
-513.661
38.0492
566.351
39.1299
217.691
471.4
13.3485
111.449
37.9612
33.0122
344.944
544.188
15.6832
15.3125
15.3303
61.7353
14.2453
309.331
388.157
32.6885
34.7557
28.2565
36.5846
112.213
43.5219
31.6362
25.1979
27.3236
20.7244
27.417
57.1799
40.7605
13.3839
18.008
31.5209
19.2269
22.3221
13.0968
20.0858
34.3887
19.1754
14.9585
24.3047
46.4877
29.8006
64.1268
30.447
55.1091
2.38715
27.7116
309.336
66.1492
15.1841
15.0683
84.9188
116.332
38.3569
13.5267
1.96889
124.755
115.726
116.952
487.453
17.7954
45.626
35.1741
66.9135
31.7433
63.5258
78.8919
48.2544
37.0431
121.315
-166.69
48.742
74.6763
20.3606
534.493
65.2336
92.0392
86.9471
28.9513
29.4157
11.051
18.7293
18.7004
20.0293
39.1227
23.0084
92.1195
17.8515
17.2744
20.0921
323.861
168.373
1576.95
0.835036
2.51839
167.661
1197.62
68.5419
419.243
18.7489
55.4915
47.6905
56.1014
0.388656
3.16543
489.168
70.9365
18.1085
18.0024
18.1896
18.1992
-520.977
31.2581
18.41
18.7867
18.6029
18.7753
19.2159
0.00836463
35.4065
18.0771
50.8945
18.4206
18.3073
26.5156
16.9149
18.7909
18.5749
18.4881
17.9829
18.3981
18.0582
19.3751
18.5504
25.4698
28.6285
237.994
229.895
17.7001
663.026
28.5471
276.875
3.02131
-164.341
290.195
6.78482
39.7523
809.418
4.24239
52.4369
17.7236
18.2692
23.8144
723.778
339.121
0.513747
24.2022
73.8727
27.3909
10.332
1.60452
1375.14
21.4934
19.1832
430.67
6.82211
349.427
76.3943
16.3312
3.73789
10.4126
410.162
1159.22
22.2637
18.4955
1061.15
5.75173
3.6136
53.6118
23.3323
17.1104
13.3408
11.2615
6.28069
413.084
9.75494
194.163
10.6621
194.887
248.919
5.12672
11.9566
15.0248
1314.89
3.13221
9.69188
9.59737
9.59582
9.48513
1740.86
9.25394
6.54765
17.2997
8.81201
811.867
12.8783
7.48997
1.57013
115.357
2.27199
8.22695
6.08131
3.87064
0.020395
-5.14323
-4.76964
8.00266
-9.41832
1.52858
4.3447
-1.46048
0.598897
12.5009
9.3739
-1.28687
2.56363
0.592764
2.98882
2.55964
1.9699
-0.464958
6.93017
-2.13299
762.747
-4.7149
1.02429
1432.88
-8.82757
668.505
-0.104941
12.7242
8.90909
13.4734
11.7304
15.2748
12.9898
806.242
760.471
12.9222
14.5426
18.1213
13.6889
2.11671
13.3859
15.9538
13.0922
533.329
1163.81
1383.3
12.2762
9.5101
12.4963
29.7376
143.483
175.03
22.9446
13.9779
969.482
0.523086
14.3999
48.0609
19.5611
17.0803
-0.766838
21.644
2.43201
8.99886
12.5106
-4.32249
2.69096
12.8675
12.9661
9.48981
12.1802
203.13
13.8445
3.56122
13.0835
3.24066
13.1191
9.06211
4.01609
11.6
12.427
1209.71
-5.90327
12.8996
14.1531
1579.82
-2.6781
-1.84527
13.5647
12.9366
501.191
13.9179
5.70231
5.85697
-2.48139
11.0143
8.29145
-7.3109
9.21361
0.949221
3.66041
11.8591
6.03928
12.2389
14.7944
10.5104
12.7668
3.65086
6.58184
10.7341
4.03611
5.87773
10.5564
502.048
710.205
16.399
10.3799
10.8931
-2.41889
5.06109
14.3143
9.6758
1049.95
1167.09
-13.1622
278.794
10.2031
14.9125
272.368
2.70407
45.7601
1.33866
18.0105
91.5129
40.5281
15.3281
17.7516
900.907
15.3727
18.6492
18.9648
28.032
20.2683
69.7511
41.0935
18.6239
41.2076
20.0736
513.901
0.173919
2784.44
62.2727
72.0156
36.9188
29.3943
122.947
37.6217
19.2723
42.8192
65.3228
19.2288
17.9063
16.0536
-0.169398
19.4433
1.48585
57.3166
84.7215
3.10223
14.179
12.5546
13.4699
16.1349
12.1986
1.62265
4.15309
15.6693
53.4407
5.62853
14.702
15.136
15.6827
15.8794
14.6783
919.391
132.969
-521.959
14.7789
608.502
15.5931
15.526
386.219
97.9425
63.436
17.6175
69.8112
62.3641
2407.58
19.1116
-158.037
159.482
50.6491
133.687
84.4228
79.3189
-467.283
-0.146032
176.637
128.367
488.971
-215.603
398.708
287.957
18.7322
19.4431
306.299
1395.1
265.936
-90.8592
112.699
136.942
84.0224
931.575
1073.82
-515.113
621.738
9.81208
6.61265
492.958
23.5574
870.948
1356.95
-166.427
15.2517
1394.09
610.198
1236.55
312.02
16.4494
-177.974
432.076
17.9673
1052.22
-368.543
15.628
13.0161
16.0891
688.009
16.4245
14.8832
118.127
16.9447
13.216
-8.20773
15.236
9.41026
13.2301
71.4366
12.7746
6.81745
2.73164
12.5777
8.54607
7.05718
16.4081
9.49694
-168.89
186.365
2.08738
6.80858
162.577
10.2011
10.8104
187.297
1510.36
1208.22
1.29917
17.0441
21.5459
7.66106
571.659
8.25613
98.4214
951.673
30.0582
455.101
1.55847
2.09534
3.29321
2.67682
-0.585152
5.23513
732.169
5.8704
993.46
727.06
36.6666
5.18108
2.97473
-0.139469
406.078
1.77428
124.729
3.41315
1.72482
9.62452
3.8588
2004.74
20.5328
1995.35
1.43591
2.82474
0.247282
79.6976
55.3042
1.14116
99.8556
18.4887
13.8574
19.0306
1818.78
0.995762
1.13919
-0.307019
-134.213
1.02794
645.44
-0.702776
-95.1117
1.36814
0.247155
0.881639
17.4114
1.2264
-0.205826
842.343
-117.084
1.15608
1.26958
1116.57
10.544
1.26421
0.987777
-0.28625
-0.116086
1.13726
3.43229
1.50759
1.13802
0.779277
3.05213
1.14799
3.28323
-0.446011
145.282
-0.594071
1438.17
1.92449
2.47512
1.61825
0.0840837
93.5093
-0.35202
1.19564
4.26564
0.924304
1389.18
0.777405
4.39808
330.658
0.775552
0.346109
41.3087
5.0509
1.21211
650.918
-0.0613722
2702.64
1.28901
1.17761
11.007
0.651791
1751.64
1952.88
0.990998
2.71286
1347.01
-0.408334
309.783
2.89778
1.32072
2710.62
11.7471
8.95696
0.357366
18.1925
1.11933
-1.23038
1.33698
3.56549
2.11022
2631.64
2805.13
654.118
0.449556
1.21395
0.0845584
3.75046
0.882647
1418.5
2.10795
2.14011
3.89298
0.950395
1.89522
1901.68
-0.4596
-0.189799
0.150694
2.77672
-0.796707
1.37219
3.9185
1.36862
3.36168
0.147564
4.28682
21.061
-0.739356
0.0979888
230.533
1.55278
-0.426914
12.5243
372.658
2.29917
2.59581
2786.13
1.67679
2.82295
2.66884
2.53119
2.35561
2.75182
2.33892
-160.845
2.37338
1.19143
10.4652
3.91191
3.61874
0.28744
3.6423
64.492
2.00889
0.157296
3.18736
-0.768415
1.80801
247.637
3.82781
11.6433
6.77082
3.31147
0.769455
4.69646
3.7783
2.91619
3.98572
1348.67
2.49907
173.932
1.55075
3.2411
2.45025
3.38977
2.82461
3.37556
423.132
2.34921
2.78026
-0.0413476
2.45259
1195.73
3.68412
3.30173
1.09482
7.53931
3.16449
1179.01
2.99029
2.85219
3.89859
2.85847
2.38576
3.36396
1094.74
1.08762
46.3911
145.157
1.29341
79.2167
793.287
761.148
0.520393
203.447
2.24252
20.4895
2.74634
1135.54
2.03832
4.21383
999.533
1036.72
225.063
555.078
1045.68
20.6786
23.4386
0.152882
2.67771
750.137
-168.45
2.4174
3.12543
-161.055
2.84308
481.975
1.87195
2.66843
2.64289
361.752
-161.731
5.25033
-1.0499
2.78182
3.51846
1.37045
2.44167
2.47517
3.66192
3.83033
1.86268
1463.69
4.80518
2.80033
2.83279
1.45609
0.043149
0.113254
1.92782
3.48121
15.0674
2.56681
3.18867
0.19328
20.8552
1.13527
0.660315
16.5916
0.938515
-0.364796
2.67597
360.872
38.009
1.00444
2.45749
7.50981
2799.61
6.88686
7.68506
2.8541
1350.33
1268.83
0.577449
1.19537
0.355661
2132.98
419.312
93.7878
221.076
389.829
2.62153
348.135
0.890259
18.8654
1191.94
112.156
56.7415
787.618
1220.69
554.305
2.53254
27.7005
21.2002
-1.4454
2.43623
121.793
-0.149473
28.2526
350.264
84.969
192.529
56.9091
52.9999
-161.689
4.64491
460.515
-1.19979
63.0357
-153.281
-35.1908
65.5569
-164.398
905.03
91.2818
3.11636
35.7678
16.9786
437.232
24.6614
97.9751
19.6107
18.8504
-151.281
726.351
5.38341
612.755
33.3055
831.7
215.192
88.4324
33.024
247.603
3.86218
-160.154
-154.344
-162.4
3.6914
-155.047
1.0698
-98.3528
0.920978
515.718
7.04334
1131.57
1.56238
-124.868
621.763
1.55613
1068.22
1151.17
11.621
162.779
-5.94224
3.76894
-167.91
9.63048
1.61696
2.37773
0.140037
22.0808
96.6936
1.233
414.597
-167.611
443.938
1188.63
377.769
-160.404
-71.2635
1161.96
4.90234
0.274846
19.9263
-161.602
-166.973
11.8201
-163.858
3.43156
-160.27
186.656
2.49996
853.604
-42.3446
1.25022
-152.336
1137.55
69.8104
0.684385
11.863
15.7539
4.35835
4.82802
592.938
-163.38
4.46566
2.14471
3.08622
2.8492
941.3
2.86442
931.246
3.00515
2.30787
2.5416
424.26
3.45204
3.35254
32.1454
2.49057
2.69714
2.67054
8.61294
3.72136
11.4125
4.61377
2685.42
0.586971
15.2313
29.3112
2.06953
3.51321
1288.72
1211.01
0.53273
2221.51
5.77708
0.19112
7.288
4.34864
3.52078
3.02715
7.44208
6.38888
0.23946
0.878226
1389.11
3.75994
3.16748
3.08413
178.44
17.393
52.8642
3.38266
0.787301
0.81934
1.66771
53.3931
14.5267
0.491281
641.087
-0.574038
12.2864
51.2497
7.75605
4.99554
10.0358
41.1173
452.281
13.095
142.735
1011.85
2.57345
3.74686
795.451
0.989783
1.26125
0.156847
12.2741
790.804
-524.959
1.06887
2743.5
14.0829
12.5748
89.7327
6.34582
13.5818
0.45041
1.22597
3.22818
641.336
2.69917
1046.48
1.25651
2.68838
5.43753
10.1069
9.90122
466.712
4.35508
34.5749
0.927922
4.88511
9.77698
1488.28
120.79
209.455
2.24372
6.717
0.377043
2.3811
3.90414
2791.86
5.77833
3.31891
208.611
601.592
1136.55
-0.760134
1428
3.39128
1.43269
0.545501
520.829
2.5917
2.80622
17.0529
1.12784
1181.9
6.38521
5.96952
3.76061
1.99672
-161.303
811.587
4.08732
584.792
1114.34
106.641
193.427
-0.0224418
1204.61
37.7466
73.712
0.807637
2.76096
3.70958
1011.88
502.518
-2.11525
3.96558
21.8171
6.32219
1.05668
11.5101
7.08454
4.50169
0.436508
0.570927
2.34452
)
;

boundaryField
{
    FrontBackPlanes
    {
        type            symmetry;
    }
    wallz
    {
        type            fixedFluxPressure;
        gradient        uniform 0;
        value           nonuniform List<scalar> 
97
(
2790.93
2741.79
2759.8
2817.86
1669.04
1203.22
618.932
368.884
1084.38
170.008
560.213
765.543
539.069
287.221
393.538
399.373
-262.088
56.8942
1201.21
720.62
509.171
1168.98
1187.38
716.572
11.0286
-346.134
545.324
606.739
822.384
1133.58
1151.52
1028.28
1217.13
216.392
449.105
1046.32
950.898
1443.42
1278.41
1105.37
2034.17
-151.866
1520.33
598.377
616.632
747.632
2969.04
592.521
2033.65
1399.19
855.309
856.297
775.978
-54.5335
56.9874
182.262
1449.79
1396
866.242
858.851
29.7322
197.256
-46.6929
1506.38
1513.77
1481.07
2424.3
687.178
636.835
11.3998
355.393
273.142
686.258
1520.32
111.195
116.873
-703.606
622.634
453.923
388.27
1361.25
1583.01
517.591
2721.16
2764.07
2748.43
2847.31
1439.31
2118.17
395.972
1405.85
-136.181
507.997
965.608
503.896
412.297
1432.88
)
;
    }
    outlet1
    {
        type            fixedValue;
        value           uniform 0;
    }
    inlet1
    {
        type            fixedFluxPressure;
        gradient        nonuniform List<scalar> 2(-0.0021061 -0.00125914);
        value           nonuniform List<scalar> 2(2771.73 2765.11);
    }
}


// ************************************************************************* //
