/*--------------------------------*- C++ -*----------------------------------*\
| =========                 |                                                 |
| \\      /  F ield         | OpenFOAM: The Open Source CFD Toolbox           |
|  \\    /   O peration     | Version:  v2012                                 |
|   \\  /    A nd           | Website:  www.openfoam.com                      |
|    \\/     M anipulation  |                                                 |
\*---------------------------------------------------------------------------*/
FoamFile
{
    version     2.0;
    format      ascii;
    class       volScalarField;
    location    "0.3";
    object      p_rgh;
}
// * * * * * * * * * * * * * * * * * * * * * * * * * * * * * * * * * * * * * //

dimensions      [1 -1 -2 0 0 0 0];


internalField   nonuniform List<scalar> 
6576
(
2802.92
2777.39
2786.43
2791.38
2807.93
2815.34
2790.76
2794.64
2809.82
2799.98
2841.9
2824.88
2813.52
2822.34
2789.49
2795.28
2761.98
2789.32
2792.34
2840
2770.56
2830.21
2834.26
2787.15
2818.79
2850.14
2899.19
2813.52
2772.67
2777.53
2797.02
2758.17
2796.5
2820.05
2813.08
2834.77
2808.82
2836.95
2794.07
2816.25
2780.5
2772.97
2800.01
1692.46
1499.51
1721.33
1546.64
1611.21
1772.17
1743.53
1606.26
1738.75
-7.31227
-5.33048
-3.07455
-3.55182
-9.01093
-4.88815
1.56392
-0.729643
-2.74188
-1.75897
-1.73989
-0.899446
-0.365913
-1.43784
-2.18904
-1.84001
-2.09188
-1.69674
-2.02612
-1.73317
-2.13722
5.21141
5.45108
5.43271
5.12292
5.11769
5.10554
5.05539
6.23847
6.23192
6.36216
5.99334
6.17609
6.03056
5.95264
10.2957
11.2433
11.9998
11.7407
10.8509
9.59845
9.0549
62.0674
48.0699
66.2855
26.6176
28.7563
54.2391
62.6582
537.19
891.941
591.749
580.669
598.989
483.58
560.363
1839.78
1774.39
1668.1
1684.07
1711.41
1864.87
-0.141993
0.0134619
-0.232313
-0.202549
-0.258392
-0.312212
-0.315554
1556.68
2419.46
2510.83
2583.6
2480.76
2707.59
2637.6
0.565538
-0.188349
0.0425749
-0.51482
-0.396613
-0.605848
-0.735097
-0.575252
-0.440605
-0.633275
-0.694995
-0.316347
-0.191537
-0.52414
-1.86511
-2.07296
-1.68556
-2.47228
-1.93681
-1.63919
-1.97917
-2.06472
-2.05167
-1.95482
-1.91452
-1.91176
-1.94107
-2.0097
-2.33507
-2.26742
-2.68149
-2.44916
-2.45907
-3.04424
-2.8692
-2.81466
-2.731
-1.96453
-1.79727
-1.98425
-2.15138
-2.01779
-1.96416
-2.08383
-2.05625
-1.84614
-2.1823
-2.3059
-2.14007
-2.56302
-2.6365
-2.45059
-2.52592
-0.340055
-0.199669
-0.320944
-0.383663
-0.245566
-0.380653
-0.548544
-0.486736
-0.290856
-0.0577924
-0.0831843
0.0187057
-0.156802
-0.134372
-0.0898514
-0.0846611
-0.0542536
-0.0556429
-0.314395
-0.0298955
-0.107233
-0.0511751
-0.155762
-0.0938362
0.000771985
-0.250096
-0.247307
-0.0863622
-0.00737564
0.0838766
-0.472828
-0.632713
-0.834004
-0.46126
-0.451227
-0.742114
-0.888152
-0.101528
-0.0611964
-0.110557
-0.14547
-0.166276
-0.159293
-0.163241
-0.223018
-0.147091
-0.190412
-0.177976
-0.242725
-0.213031
-0.153219
-0.326258
-0.425582
-0.425367
-0.259026
-0.230351
-0.36112
-0.357674
-1.0104
-0.912916
-1.10168
-0.818969
-0.760414
-0.987404
-0.933844
-1.54938
-1.67497
-1.59027
-1.31502
-1.46101
-1.38916
-1.51825
-1.61194
-1.51057
-1.93027
-1.93923
-1.95209
-2.00239
-1.91953
-1.99865
-1.95028
3.41862
13.2349
2.15293
5.1712
12.9911
15.6445
-1.42007
1325.19
1300.5
1255.3
1382.68
1273.65
1273.18
1423.27
1255.86
1401.76
1252.71
1312.51
1244.81
1237.47
1181.67
1196.58
1126.11
1047.84
1141.06
947.586
970.138
977.982
897.063
711.734
885.558
829.693
1351.12
1324.6
1339.19
970.948
977.841
930.796
1002.13
985.165
952.907
985.514
1.97962
2.78648
2.30162
2.22721
1.64933
2.02828
3.0113
172.297
70.2983
21.6561
44.3409
43.9225
23.2398
32.1492
31.3066
23.1556
0.462412
0.638075
1.49202
0.233723
-0.337406
0.0617779
0.333188
253.733
229.232
219.809
184.224
177.205
220.16
252.994
499.738
624.854
293.843
687.381
570.457
688.563
521.172
487.446
611.311
983.57
1033.96
1028.69
1009.59
1056.41
1019.37
1108.48
1095.96
982.1
1041.98
1184.66
1022.1
1119.88
1183.97
1028.83
1193.42
1419.08
1356.02
1418.8
1396.8
1312.97
1182.5
1339.19
1350.23
1458.59
782.33
407.059
595.787
639.064
693.019
657.639
880.97
121.73
41.5857
93.0178
73.0759
126.38
56.3867
112.326
2.75343
2.75178
2.867
2.39142
2.8907
2.68045
2.87391
2.89253
2.72854
2.89254
3.71395
2.98006
3.00335
2.9402
3.43932
2.94023
2.84435
2.99832
2.99856
3.602
3.66847
3.88258
3.52623
3.06556
3.46034
38.6794
56.4479
147.979
118.195
35.8943
18.2449
135.254
1452.1
1461.33
1477.47
1282.91
1386.67
1359.86
1483.21
-1.40623
-1.30923
-1.26523
-1.46972
-1.44415
-1.35826
-1.32074
-1.36709
-1.21235
-1.26795
-1.27947
-1.4132
-1.33404
-1.22429
-1.78678
-1.67088
-1.65343
-1.80533
-1.93069
-1.79063
-1.74363
-0.764177
2.96905
2.91214
1.42842
5.46944
23.0692
10.8942
13.2565
6.85027
11.0453
36.6372
60.9224
66.6292
32.8076
34.4449
4.81866
39.1352
97.2378
83.0469
41.2058
53.6695
66.4943
80.5254
40.9009
42.7449
82.7691
87.3695
87.7262
84.9099
92.4302
34.793
40.7058
53.7588
40.6677
32.5204
42.1555
58.6155
48.4119
37.955
45.8293
34.5757
35.9248
49.9868
37.3068
33.629
50.9583
32.1196
35.6557
37.349
82.6383
1.13633
1.67438
3.63017
4.69087
1.05127
1.63021
2.6141
2.42276
1.39191
0.907185
2.3742
5.95004
1.06193
4.338
2.52428
0.747559
0.507563
0.0351321
0.76272
0.814861
0.121636
-0.16666
0.109246
-0.0347273
0.265052
0.174271
0.165829
-0.016495
-0.119338
-0.0967585
-0.0838209
-0.208786
0.280787
-0.0799139
-0.577447
0.00488217
-0.0299735
-0.00928582
-0.0474254
-0.0348573
-0.0294708
-0.0293963
-0.498918
-0.519442
-0.625912
-0.464802
-0.399175
-0.495604
-0.432104
-0.491541
-0.573653
-0.798643
-0.876219
-0.758083
-0.676326
-0.639237
-0.743543
-0.706856
-0.622632
-0.571421
-0.648861
-0.638387
-0.562023
-0.547415
-0.629353
-0.965598
-0.904003
-0.944029
-0.815692
-0.784679
-0.824483
-0.861585
-1.50239
-1.66106
-1.60426
-1.33157
-1.49581
-1.5424
-1.69217
-1.46003
-1.29739
-1.115
-1.49423
-1.34598
-2.20477
-2.46522
-2.20091
-1.79946
-2.05289
-2.14107
-1.83275
-0.965682
-1.31528
-0.908881
-1.292
-0.338432
-1.08526
-1.39969
0.71006
0.581175
0.409614
0.213615
0.187144
0.28428
0.4296
0.334233
-0.356114
0.00350339
0.288013
0.752559
-0.0507233
-0.47908
-0.420339
-0.175226
2.01507
2.3026
2.5328
0.955042
0.0185879
0.974695
1.43132
5.48596
3.69256
5.60294
2.17357
3.28686
3.60409
4.07339
14.8553
12.8748
21.8923
7.91217
4.8056
18.7936
12.8262
87.8736
64.5342
48.4171
29.1333
14.703
36.3322
39.2441
142.325
85.0476
176.792
306.947
81.3027
762.777
286.663
890.085
987.736
631.348
444.588
379.814
694.67
839.552
485.511
458.92
418.735
437.271
584.298
486.851
532.42
459.834
505.531
465.714
491.116
493.402
494.728
451.251
432.521
469.338
464.085
442.917
464.438
447.265
468.927
421.919
422.303
433.157
434.404
452.123
454.102
665.056
603.525
678.62
555.408
474.664
590.835
955.751
1011.33
957.068
955.097
1098.89
889.169
803.897
914.731
1000.67
911.12
1089.41
955.648
944.702
955.185
1150.57
1183.9
1220.39
983.655
1045.91
1070.98
650.669
881.751
794.818
765.765
940.195
938.462
811.145
1132.32
1072.08
1011.84
945.777
931.336
1247.71
1226.04
1198.97
1233.05
1107.62
1220.77
1287.78
1207.05
1237.58
1356.76
297.509
500.494
416.891
458.598
450.009
531.569
277.786
1041.34
759.453
816.336
819.474
842.682
675.23
521.049
734.985
707.821
1206.15
926.323
915.123
-12.001
130.195
-89.9435
185.163
134.297
69.0916
66.3694
151.505
103.17
501.436
533.909
515.858
552.03
533.047
522.818
267.694
639.495
615.246
520.375
87.2246
78.3795
31.9918
214.289
104.72
82.6567
183.904
216.343
154.422
181.797
187.023
95.5092
112.591
209.485
70.485
132.492
48.8232
124.05
161.366
112.553
101.311
36.0146
11.025
34.7985
23.7099
29.3186
25.3425
48.4855
5.99634
5.83676
5.55448
5.714
5.73944
5.44247
5.4381
7.32451
6.94015
6.775
6.42462
6.79768
6.62167
6.87636
5.75081
5.724
5.95496
5.12494
5.60541
5.50941
4.93701
4.25264
4.46628
4.4647
4.4003
4.57583
4.38852
4.52031
4.48318
4.29951
3.60624
3.73804
3.88981
4.11361
4.0693
4.02879
3.94802
3.8712
3.73088
3.34677
3.4338
3.6824
3.4741
3.93983
3.76332
4.03
-3.33869
-3.09218
-2.88767
-2.65304
-2.57243
-2.69575
-2.95395
-4.49223
-5.43142
-4.97329
-4.24662
-5.03936
-5.06857
-4.18658
-2.86073
-2.43383
-2.63975
-2.56215
-2.4505
-2.89978
-2.59847
-2.62586
-2.4482
-2.96855
-2.76361
-2.6133
0.760452
-0.38061
-0.0652498
15.2484
4.9057
4.05765
4.79918
9.44294
43.7695
15.9855
44.922
4.23131
23.3048
47.5758
31.4219
49.4391
40.1482
18.123
31.3932
7.19578
27.7386
42.97
40.9898
24.4965
13.0536
20.4882
13.5977
44.5229
62.7032
31.9351
52.2027
28.7622
53.2698
26.5412
45.4721
79.809
50.6221
47.1039
65.813
35.1016
24.0118
44.0062
64.696
73.7329
62.5947
69.7125
54.3939
73.9933
56.7382
96.4971
48.4967
120.977
4.28813
-0.139627
-0.0987166
1.07602
-0.422211
-0.305957
3.19945
1.16977
0.430315
1.49093
2.18849
0.978986
0.505958
1.90293
-0.0715158
0.151324
0.0514706
-0.107663
-0.0705836
0.0571199
-0.0179411
-0.047044
-0.00229963
-0.0115787
-0.187723
-0.207375
-0.276928
-0.139842
-0.196466
-0.218065
-0.152979
-0.0769633
-0.034562
-0.00736324
-0.0733402
-0.0444984
-0.0494053
-0.0684394
-0.0161202
-0.0531331
-0.0403661
-0.0699068
-0.0870201
-0.0262262
-0.0243799
-0.00972698
-0.0388682
-0.0597543
-0.0442064
-0.0233194
-0.0312577
-0.0527575
-0.0437677
-0.0380952
-0.0653431
-0.0622188
-0.032569
-0.256677
-0.307594
-0.224538
-0.187448
-0.16366
-0.225866
-0.250541
-0.200674
-0.175619
-0.530669
-0.510519
-0.615955
-0.451603
-0.537367
-0.579155
-0.502715
-0.331987
-0.260701
-0.338216
-0.160004
-0.182302
-0.236491
-0.230956
-0.291262
-0.456704
-0.546727
-0.188018
-0.155164
-0.187454
-0.356012
-0.320109
-0.43082
-0.154676
-0.301757
-0.180112
-0.665335
-1.07856
-0.590341
-0.562665
-0.491161
-0.331402
-0.505454
-0.976108
-0.374376
3.79629
3.35662
3.36202
3.42783
3.29478
4.91197
9.11807
3.13284
4.91433
-1.11009
-1.13756
-1.23402
-0.952044
-1.37146
-1.32384
-1.36817
1.59648
-0.13726
1.5223
1.41247
0.239409
1.39554
-0.191581
-2.73909
-2.87445
-3.2714
-2.52766
-3.24501
-3.54215
-4.218
-4.04755
-3.05774
-1.86838
-2.80948
-1.60918
-3.04402
-3.29351
-1.77398
-2.04209
799.36
808.969
821.592
780.866
791.124
784.566
768.395
726.074
345.038
206.827
665.752
699.102
289.082
647.72
-55.45
36.6009
543.416
549.611
502.872
615.103
533.478
604.23
351.396
734.259
810.281
934.103
781.348
744.833
643.977
501.15
609.178
825.781
502.712
540.192
484.352
464.233
484.402
441.64
442.626
72.9573
103.821
210.354
209.663
151.249
139.789
162.227
458.684
167.537
252.907
116.596
108.441
93.5754
45.7817
28.4572
27.719
85.692
195.528
150.138
135.481
28.7694
33.2859
-0.788182
9.87401
-4.56809
1.31604
104.929
192.424
37.0947
47.6638
76.4677
36.2704
48.6216
99.839
94.3624
91.3219
136.574
102.943
44.7662
111.734
58.6861
69.5162
57.7304
10.1018
9.28671
13.6869
12.5667
13.805
11.5342
9.00856
11.5684
5.06314
11.6784
6.99236
11.1947
7.93058
10.8644
6.20716
5.37376
5.4146
5.95695
7.97054
5.6212
6.54185
5.22575
5.31752
4.98897
4.96102
5.29812
5.39274
5.44927
126.166
31.8433
520.181
54.4458
508.274
23.0441
457.813
486.317
638.609
794.514
779.642
795.202
796.553
738.907
11.6287
13.4278
12.3637
26.9839
17.1591
12.6241
19.3231
7.08938
5.31156
6.8419
8.60102
5.61479
5.97705
6.76157
5.99015
5.8976
5.44503
5.38718
5.58228
5.96772
5.87676
-0.721117
-0.639475
-0.983812
-0.927642
-0.786132
-0.728588
-0.97906
-2.52328
-2.21857
-2.335
-2.35908
-1.64115
-1.74489
-1.46986
11.5967
17.1435
12.3974
17.904
19.1061
17.8367
18.7503
10.8716
16.6121
13.5651
11.3852
19.3477
11.7972
9.59867
5.75216
13.2444
5.90177
15.3309
2.34904
4.61151
3.67706
5.35296
2.15542
24.9841
5.81572
4.43621
8.31283
10.486
6.90635
6.3047
119.791
114.15
101.888
71.2747
66.486
86.952
92.3696
101.18
31.3668
102.839
101.147
97.0635
121.649
71.2834
30.0531
23.0121
32.1787
9.53454
4.16442
4.53448
11.0792
5.69447
15.7714
-3.24273
12.636
-8.21237
23.2369
-1.45523
25.0221
30.9554
12.7215
29.8232
36.3168
11.768
51.4944
45.5002
5.53635
25.8106
7.03147
6.3576
26.8401
72.5425
54.3663
54.7566
2.33843
5.30264
4.33923
2.07242
7.22758
0.0996047
-1.14544
-0.189495
2.05231
0.72008
-1.04172
1.64949
-1.50584
-0.23039
-0.822247
-1.48581
-1.83453
-1.6379
-1.65243
-1.25378
-1.65065
-1.42944
-1.49178
-1.65963
-1.36702
-1.2209
-0.489459
-0.440829
-0.397564
-0.512546
-0.61578
-0.178773
-0.222459
-0.226528
-0.185855
-0.225264
-0.214849
-0.256879
-0.600245
-0.51466
-0.493563
-0.46239
-0.496408
-0.527003
-0.586088
-0.2241
-0.190196
-0.239528
-0.23292
-0.185383
-0.225
-0.266164
-0.0492518
-0.0910102
-0.0524657
-0.0427497
-0.0218963
-0.0499608
-0.0969608
-0.0617368
-0.077574
-0.137332
-0.0334508
-0.0118234
-0.080178
-0.0116521
-0.0154913
-0.0224104
-0.0339954
-0.0425123
-0.0934204
-0.0524382
-0.0219453
-0.0151547
-0.00858498
-0.0347315
-0.0324386
-0.0102297
-0.0232231
-0.0408666
-0.0305999
-0.054639
-0.0146115
0.000974482
-0.0155711
-0.00457363
-0.00513226
-0.0141301
-0.00811082
-0.024968
-0.0738313
-0.00144097
-0.0485875
-0.0448189
-0.0237824
-0.0122958
-0.00605362
-0.0434242
-0.0295036
-0.0402853
-0.0518128
-0.0442141
-0.0411383
-0.18866
-0.0748354
-0.111144
-0.11247
-0.126541
-0.0938892
-0.148509
0.405882
0.669962
0.446435
0.120856
0.0352519
0.193972
0.27088
0.419612
0.505297
0.562992
0.467272
0.766672
0.451882
0.660816
0.0512579
-0.00161207
-0.0264829
0.153386
-0.0810221
0.0594519
-0.0402103
20.203
18.8501
20.7901
20.2454
20.9178
20.1845
20.6171
20.464
19.911
19.0174
7.19684
2.53561
15.305
19.0799
9.4087
6.55952
0.594921
6.66552
4.57643
6.04852
6.64479
3.83667
3.87309
-1.60134
-1.48854
-1.60571
-1.66153
-1.58729
-1.67009
-1.7036
-1.62691
-1.7217
-2.10209
-1.79169
-1.78155
-1.85763
-1.99667
-1.75476
-1.84249
-1.8359
-1.78332
-1.46703
-1.77842
-1.82265
-1.90678
-2.01132
-1.38481
-1.61542
-1.5715
-1.73082
-1.5398
-1.1745
-1.06553
-1.36799
-1.30481
-0.962328
-0.720746
-0.95364
-0.553308
-0.525256
-0.758907
-0.850364
4.9127
10.5108
14.324
5.2949
5.04669
3.88868
7.41127
7.61635
7.18731
8.98265
17.443
11.986
18.2073
16.3406
37.4136
23.5788
30.6736
40.0155
34.3353
34.174
30.6254
790.362
820.78
808.638
557.098
779.497
850.914
872.843
1115.86
985.927
982.189
717.701
1034.55
1083.6
696.417
806.83
834.705
758.485
894.347
54.0532
835.375
782.39
796.267
811.445
780.071
409.834
454.294
0.235367
34.7926
-15.6702
238.117
581.183
502.263
569.651
8.30034
11.0637
9.93045
9.57755
7.34174
6.43026
7.85952
99.3321
127.1
61.8264
98.1752
72.24
31.1002
100.528
106.879
92.617
45.2669
85.3948
125.07
145.974
78.3504
60.3746
93.0211
148.967
126.235
81.6993
93.8846
31.6981
43.5315
13.2353
30.0268
44.1396
44.2751
20.5047
23.0604
9.89409
10.14
11.4265
15.3687
10.8893
10.5701
8.17415
8.10336
8.141
8.06061
8.04061
8.00256
7.95061
71.9886
38.2871
76.5258
43.1101
38.9426
17.4498
25.5361
24.9194
18.8393
4.04641
7.27716
3.21215
111.584
44.1662
146.506
67.5034
7.48846
8.20696
8.04066
8.26092
8.09706
8.23847
8.01901
8.34018
8.25158
8.24093
7.80826
7.62186
7.9724
7.6236
7.55903
7.82135
7.55891
7.81886
7.03215
7.01753
7.14177
7.11316
7.09433
7.2564
7.23083
1.63671
1.78167
4.37017
0.298071
0.555445
3.51177
2.65446
4.55353
3.53641
9.99532
3.58873
7.06844
7.09368
4.92167
153.577
89.7799
213.606
136.975
137.907
207.439
106.956
90.875
126.794
132.59
123.141
118.951
145.712
85.9472
165.667
154.302
144.579
162.58
130.635
44.3659
114.311
117.818
102.515
94.3495
171.686
226.171
146.886
228.271
140.646
90.2848
38.0536
111.545
56.1138
97.8163
48.2388
86.0084
67.6845
9.31658
5.56239
19.8649
7.35249
5.75768
21.7652
17.8715
19.2693
16.4528
23.6387
19.3649
20.3525
38.0727
21.9526
20.8325
48.9765
49.2271
49.7743
51.0755
11.136
7.17358
6.76205
22.7775
21.2774
46.9686
11.8798
1.64451
-1.32252
-1.3443
1.03824
7.76701
-0.514101
6.03825
-1.09523
-0.98406
-1.08543
-1.17496
-1.07409
-1.26204
-1.12034
-0.263511
-0.200083
-0.275724
-0.173111
-0.171984
-0.233395
-0.234634
-0.0123195
0.000449414
-0.0309607
-0.0436079
0.0111329
-0.039697
-0.0462456
-0.0608019
-0.0491009
-0.0252699
-0.0171106
-0.0174721
-0.0343918
-0.00442799
-0.0143587
-0.00466327
-0.018827
-0.0270817
-0.0170202
-0.014068
-0.0314532
-0.0259136
-0.0415894
0.0385664
-0.235238
0.11471
0.0366264
0.0271535
0.170573
-0.255591
0.0693425
0.00248478
-0.50626
-1.20456
-2.2142
-1.6307
-1.49699
-1.8232
-2.17494
1325.06
2404.51
2706.19
2656.93
2707.08
2596.89
2535.46
-0.905896
-1.66927
-1.83802
-1.82884
-1.44894
6.03262
18.39
4.05782
46.9263
5.8224
44.8758
16.5548
150.835
20.3835
-0.683454
-0.207669
-0.446214
-0.200904
-0.120344
-0.148351
-0.293742
1.29347
0.50491
3.01698
0.191164
-0.22954
1.41503
7.32743
0.976925
0.190489
-0.271238
0.108917
0.00832653
-0.227805
-0.201654
-0.179067
-0.219236
-0.221467
-0.316379
-0.267191
-0.178406
-0.212284
-0.258949
-0.221858
-0.539034
-0.666681
-0.700038
0.65048
-0.0618205
-0.34594
2.11133
-0.856824
-1.12098
-0.832751
-0.896535
-1.03634
-0.835475
-0.711758
-0.358121
-0.445242
-0.597615
-0.382709
-0.432825
-0.510378
-0.676848
3.54691
0.175515
0.377079
7.02039
0.875447
-1.2839
-0.50101
0.346816
0.353321
0.860984
-0.213795
-0.338117
-0.138288
-0.141185
146.791
186.054
166.888
392.833
154.731
324.229
412.315
22.3365
54.1348
26.6106
329.07
94.2834
19.0746
41.4313
102.197
617.161
104.436
360.435
676.482
539.074
661.315
635.161
566.423
539.869
648.404
584.147
667.085
702.353
564.775
649.697
639.73
471.885
575.337
1010.77
687.731
577.393
624.57
654.18
324.312
388.549
46.5456
125.989
59.5857
89.2286
135.083
63.8255
72.9183
722.382
822.315
1070.9
845.878
944.46
1069.81
114.189
101.753
166.757
250.087
208.735
98.0493
257.203
5.29616
5.12606
5.26581
5.54933
5.45747
5.43792
5.40392
5.12376
5.33631
5.09939
5.1238
5.18746
5.37915
5.16955
5.74519
7.55137
17.4829
12.0037
5.99997
3.57941
8.85991
-9.9442
5.80922
13.4701
14.7004
-9.47983
10.4328
45.0022
1160.56
675.914
1322.18
568.023
730.597
646.378
1017.57
11.5434
-223.849
-4.00279
161.838
245.8
167.838
4.43049
4.61819
4.9694
4.71431
4.68385
5.08406
5.04314
5.39964
5.24601
5.92411
6.1384
5.76578
6.78637
6.80904
8.98269
9.29141
8.89516
11.1771
12.3287
11.6082
9.51207
600.996
20.1369
228.354
528.887
567.188
62.0024
261.331
157.494
237.56
249.893
181.303
262.676
144.701
167.743
174.442
119.001
236.302
9.67002
6.57672
6.86654
10.5338
8.18451
7.70484
6.48415
9.45713
7.18135
5.80819
5.40912
6.56273
4.09319
4.1534
2.78753
1.66299
6.05585
5.99126
6.21056
4.86798
4.35924
2.35703
2.44163
3.00057
1.80416
2.09321
2.11158
2.4943
-4.36678
-4.30375
-4.46605
-4.02188
-4.85917
-4.87769
-4.39775
-3.18345
-2.55124
-1.85827
-3.41098
-2.71037
-1.68601
-1.73519
-0.148737
-0.423701
-0.621455
-1.27032
-0.500862
0.805146
0.953012
0.199028
0.555612
0.961551
0.87478
0.378558
2425.59
1620.15
2430.21
2119.11
1450.65
328.489
2297.64
2.63985
9.138
10.3523
2.34152
2.98706
3.48401
5.06144
0.681998
-0.601976
-0.272053
0.0138975
-0.119608
0.151094
1.59139
-0.374359
-0.414419
-0.402434
-0.103086
-0.0287905
-0.0883788
-0.0355298
-0.0952937
-0.068833
-0.103183
-0.0878304
-0.00907481
-0.0725037
-0.0244203
-0.0676431
-0.0117119
-0.0579861
-0.0551841
-0.075792
-0.0222071
-0.0038665
-0.0088381
-0.0489783
-0.0371204
-0.0447683
-0.0465949
-0.0881868
-0.117202
-0.0879179
-0.0694498
-0.0963628
-0.0838867
-0.0590851
-0.314057
-0.27764
-0.226911
-0.263564
-0.285145
-0.285657
-0.282378
-0.0432696
-0.0530345
-0.0412349
0.0115769
-0.0486968
-0.0475543
0.0335965
0.391418
0.287307
0.499326
0.401857
0.257798
0.287445
0.397777
2.57419
5.05069
1.4324
2.20046
1.61558
3.24731
1.82314
4.56023
2.59627
15.307
13.8465
12.9609
14.7683
14.1449
12.582
14.4297
28.3275
34.2692
87.4958
35.8645
67.8662
17.4411
79.6104
116.205
117.599
52.8703
67.2329
64.4391
58.5858
50.3399
61.679
40.5936
58.6068
306.967
338.551
195.443
127.83
336.645
282.765
390.997
175.364
317.133
42.3825
177.154
68.6745
387.249
240.962
158.845
403.656
509.988
574.204
552.131
2.02049
1.99177
0.801911
2.62239
2.62161
3.82695
1.6604
8.45266
8.77949
2.59563
2.70666
3.35488
5.87377
5.95839
3.90912
3.91907
3.69469
3.90496
4.09967
4.92462
4.66828
4.96882
4.73952
4.33276
4.50973
4.74129
4.21651
4.33536
4.38102
4.58412
4.50806
4.43672
4.3628
4.45811
4.58144
4.61152
4.34172
4.21295
4.93292
4.91833
4.98523
5.11642
5.26491
5.03558
5.15452
4.99692
4.96338
5.21352
4.65655
5.13637
4.52943
4.93274
9.98908
9.80205
9.85608
7.80961
8.02458
6.34466
7.27535
634.12
351.768
548.063
3471.5
1452.62
2475.79
2479.77
1764.22
3439.14
2459.62
2486.94
516.925
2592.28
1969.89
2573.26
2777.1
1046.9
460.596
423.294
391.389
479.722
-348.5
235.86
952.263
4493.43
2863.28
880.535
693.76
329.845
299.481
653.155
814.751
806.862
870.585
617.125
692.685
12.4326
11.4509
13.1083
7.89194
8.64916
9.60425
8.20186
6.31042
6.42982
6.44615
6.44316
6.58734
6.52522
6.40487
5.6918
5.60738
5.89697
5.96474
5.72825
5.74264
5.9637
0.505623
1.91811
-0.749353
1.71268
4.00429
1.16678
2.28136
-0.464466
-1.96743
-1.03764
0.467817
-0.809906
0.80981
-0.660388
2.19077
0.549584
1.40262
0.79512
2.02895
2.82578
2.68792
2.53607
2.08203
5.55448
1.79867
1.84213
3.43134
3.19165
-0.271438
0.155184
-0.353733
-0.0282304
0.0653688
-0.516456
-0.515961
-0.300571
-0.080955
-0.216254
-0.108791
-0.0740304
-0.146952
-1.92601e-05
-0.121827
-0.0932899
-0.211513
-0.0780628
-0.247335
-0.13384
-0.257462
-0.247621
-0.264152
-0.0639628
-0.0921318
-0.104397
-0.0809876
-0.100655
-0.101532
-0.0847461
-0.0362959
-0.0485752
-0.0318096
-0.0479556
-0.0150608
-0.0451181
-0.0208081
-0.0415768
-0.0344146
-0.0446887
-0.0467545
-0.00624025
-0.0280545
-0.0214583
-0.0704293
-0.0105341
-0.0687597
-0.0383236
-0.0455031
-0.0242274
-0.00772233
-0.0254028
-0.0928998
-0.0610048
-0.0849445
-0.0832976
-0.684456
-0.624562
-0.789403
-0.74529
-0.679864
-0.836668
-0.971552
-0.794846
-0.898173
2.43649
0.780535
1.50421
1.55937
1.03659
2.3774
2.28469
9.26799
10.3262
10.6706
2.76543
6.87448
5.2756
11.1314
94.8826
104.468
89.8591
78.4525
97.635
40.0226
33.3673
75.5609
109.117
101.106
111.057
98.7088
97.4174
82.0027
44.0292
105.325
32.2449
78.0717
71.5201
75.1921
45.3629
19.101
29.9547
95.7586
59.929
168.747
-0.896556
-0.680667
-0.447998
-1.11851
-1.06362
-0.927803
-0.801989
-1.55586
-1.40033
-0.760586
-1.38777
-1.73341
-0.448075
-0.997541
0.225847
0.283074
0.281877
0.123688
-0.26928
-0.0443232
0.0731295
1.11307
0.0191518
1.04664
2.21455
-0.0121805
0.231882
2.02452
3.35189
3.40966
2.95213
3.49971
2.72968
3.8896
3.09216
2.98999
3.00741
3.20726
3.0136
2.88675
2.90213
3.07641
2.36006
2.13886
2.3233
2.77612
2.36887
1.90731
2.07545
2.94075
2.96611
2.80906
2.53532
2.68067
2.77112
3.00522
2.99056
2.97553
2.53117
3.0703
3.28115
3.75581
3.84563
4.00915
3.85812
3.68963
3.9632
3.77081
3.75665
3.74788
4.08556
3.84694
3.73045
3.81079
4.03736
1866.46
872.893
655.83
424.58
410.607
1059.45
-171.934
179.731
-207.466
59.8334
-749.444
123.529
868.866
213.266
217.409
-493.306
-89.3604
273.164
128.01
-360.197
100.122
-194.576
80.1129
-178.198
-151.026
-12.0221
124.803
255.8
61.6323
510.954
856.575
155.225
271.54
834.611
785.899
738.857
734.516
921.63
699.553
781.154
830.146
825.95
710.024
701.756
802.701
782.839
785.587
828.427
933.415
861.664
626.165
748.529
796.866
41.173
36.5366
42.5848
75.1976
65.0028
85.1248
52.6902
36.195
46.7532
19.2746
22.1517
17.7713
30.6684
16.7495
61.4426
30.1455
0.939498
0.89165
0.731029
0.871462
1.05997
1.33446
1.17908
0.812756
0.770909
0.89721
0.874067
1.02585
1.84241
2.90678
-0.238669
-0.271945
-0.29477
-0.28706
-0.231974
-0.24515
-0.276779
-0.0741166
-0.089887
-0.0377803
-0.251757
-0.256882
-0.211938
-0.24892
-0.307453
-0.293437
-0.236682
-0.125681
-0.0387864
-0.114779
-0.164787
-0.20126
-0.111557
-0.0316645
-0.0818682
-0.135944
-0.0988568
-0.0155023
-0.0678315
-0.0176094
-0.0638191
-0.0461116
-0.109951
-0.114027
-0.147507
-0.135899
-0.0945145
-0.128699
-0.1606
-0.261203
-0.0501938
-0.216352
-0.244994
-0.136162
-0.213172
-0.215727
-0.397272
-0.428524
-0.162895
-0.44347
-0.577493
-0.373462
-2.86956
-3.21164
-2.02928
-1.97292
-1.46377
-2.29733
-2.05864
27.3234
23.8412
18.4757
53.3215
24.5171
19.2097
99.6634
74.6521
86.559
30.2584
64.4265
89.3992
59.9945
48.5291
96.4083
99.8492
66.0416
7.83326
11.1655
7.30066
3.93627
6.77833
11.4985
10.3716
2.34699
1.22741
2.74817
1.04983
0.751566
1.33302
1.22274
0.523982
0.0993516
0.935059
0.970429
1.02366
0.285246
1.08838
-0.0831232
-0.122716
-0.290441
-0.881354
-0.288793
0.0186844
-0.568172
-0.283917
-0.196025
-0.407471
-0.789981
-0.746581
-0.22558
-0.491067
-3.03823
-1.98026
-1.71039
1.09365
-2.01839
-2.63022
-1.26984
-1.72971
-2.751
-2.61275
-1.5138
-2.04043
-3.04395
-2.5882
-1.44352
1.00665
-1.85607
-1.66202
-2.08711
-2.52751
-0.104877
-6.13339
-4.76809
-4.97612
-5.88778
-5.27472
-4.72039
-4.81414
-3.91737
-3.3211
-3.5464
-2.49517
-2.38055
-0.2864
-0.564715
-0.388751
0.860444
0.647722
0.950477
-0.462038
0.467245
-1.12107
-2.02632
-0.888765
-1.51587
-1.82815
-1.91441
-2.09858
-1.63237
-1.90716
-2.30483
-0.595555
-1.33522
-0.686537
0.0100893
0.0253888
0.296403
1.00666
1.60266
2.19602
1.57791
2.51381
2.35766
1.59161
1.838
3.83404
3.20168
3.5562
2.64029
2.78312
3.29418
3.55692
2.36041
2.92681
2.47025
2.87447
2.73094
2.42835
2.57631
2.66168
2.91962
3.30105
4.25779
4.25266
3.55372
3.70257
370.394
357.908
238.634
268.71
129.577
373.548
377.958
-363.826
38.085
-88.6964
117.588
-25.3499
59.795
94.6949
-21.1453
171.704
115.426
319.383
84.7291
73.9216
116.324
-193.166
25.5046
-114.08
95.9082
43.8835
109.79
144.789
216.675
123.806
119.499
34.0474
-67.1331
-9.9287
-28.9322
-11.9377
14.5092
4.98983
-64.0908
-24.0048
54.0202
9.98136
11.1002
12.6771
8.57183
10.3685
10.0344
12.9366
9.79787
10.1904
10.7103
9.82092
9.89246
11.0456
9.63723
9.98375
9.55717
9.83494
10.088
9.68001
9.80583
10.0289
9.8075
9.90132
9.64798
11.758
11.1254
10.8326
10.5205
9.55377
8.90342
9.32751
9.31555
67.1222
42.8781
24.9643
26.1266
33.3641
23.4965
27.1554
413.326
147.847
476.697
313.649
585.016
539.734
637.207
430.643
707.956
897.025
822.625
377.406
715.259
845.753
203.969
303.32
245.965
546.978
264.527
165.235
175.975
658.058
240.047
187.897
135.542
154.33
136.922
137.346
614.116
365.801
713.09
371.119
381.352
372.181
764.426
747.248
383.305
304.864
309.725
600.814
693.602
769.453
786.368
841.374
741.836
919.694
672.996
791.884
930.617
741.974
895.077
711.88
160.003
365.413
204.694
268.983
131.341
134.75
506.53
150.181
551.462
754.389
160.503
148.804
509.976
702.313
717.079
754.486
741.289
777.474
784.401
756.084
775.348
757.391
739.868
611.69
278.655
657.307
761.791
521.492
1748.82
1780.1
1778.33
1207.04
1603.59
1634.62
1531.52
1490.12
1572.86
1594.43
1431.52
897.782
1290.04
1358.92
1465.2
1545.24
1699.95
1598.06
1633.51
1643.92
125.15
53.2172
413.076
54.7964
142.443
447.326
77.5872
152.099
34.6943
141.09
40.4684
82.9157
31.0442
31.1925
126.057
88.9722
80.0421
175.551
152.905
119.892
82.1743
7.72319
7.19021
7.4458
7.4228
7.35724
7.1051
7.36518
7.00982
7.01262
6.81075
7.00959
7.02986
6.88531
6.71009
5.42068
5.04299
5.99938
6.68097
6.84404
5.40575
5.50908
6.74818
6.4468
4.55979
4.45465
3.54499
4.83263
5.05726
4.98788
4.47862
1571.13
1554.87
1415.48
309.732
1102.69
1536.57
1099.06
1500.81
1295.09
845.738
821.231
1104.02
1520.82
1531.08
1107.31
801.622
1519.63
1629.55
739.722
1651.55
477.71
16.8585
89.8692
32.8941
13.6766
19.0335
52.3776
96.5197
5.64234
24.0812
14.4316
4.9269
2.7154
1.46391
3.50665
3.62852
2.54304
1.38018
2.23152
3.82609
2.98448
3.55285
2.90735
2.83476
5.3275
-0.545384
-1.05382
-1.13567
-0.804642
-1.01469
-0.497745
-0.80332
-0.430462
-0.4929
-0.531582
-0.377343
-0.420859
-0.480567
-0.447039
-0.360874
-0.328677
-0.330304
-0.374801
-0.343899
-0.259195
-0.35259
-0.469458
-0.557697
-0.476334
-0.427708
-0.387917
-0.438207
-0.474884
-0.790834
-0.736302
-0.642645
-0.954962
-0.789941
-1.27444
-1.24601
-0.965885
-1.26756
-1.60549
-1.42162
-1.12238
-0.476756
-0.437485
-0.657135
-0.969627
-0.72223
-0.668485
-0.814803
-0.0639066
-0.32207
-0.330025
-0.832727
-1.34939
-0.801758
-0.370328
-0.843272
-0.512001
-0.994309
-1.24735
-0.712027
-0.275857
-0.457032
-0.128238
-0.752619
-0.937637
-1.58277
-1.19398
-0.896441
-0.457667
-0.204058
-1.21547
-3.18554
3.60165
-4.90112
-3.70905
7.42114
-0.749635
-1.51737
0.350605
41.0644
30.2084
45.0733
38.096
34.4937
42.7388
25.0365
30.721
18.5439
32.3023
40.8857
49.1911
54.403
46.826
40.8892
10.6753
9.04316
15.3924
1.2757
9.12153
2.16726
2.1033
12.146
8.60273
-0.698915
19.5859
31.9681
6.1865
10.8154
15.3659
8.59039
27.0254
1.14045
0.740549
0.767527
0.566523
0.789335
0.934155
0.643611
2.02461
1.27412
1.36544
1.09407
1.13913
1.42838
1.38926
0.753776
0.731606
0.391724
0.359626
0.156847
0.692049
0.533497
5.73778
3.12616
4.93472
1.66374
1.63093
9.30244
11.0705
9.2327
10.0522
6.73308
9.02682
7.83782
3.4767
9.80486
11.3248
3.30158
2.10168
5.98064
7.5681
0.324694
-2.47345
5.76623
-3.68827
4.64937
-7.35187
-3.9037
-1.78662
-1.66511
-1.91986
-1.70152
-1.77907
6.99508
9.34063
6.2582
0.0149934
-0.428292
2.04641
-0.229102
-1.19074
-1.02856
-1.65144
1.77161
-0.758394
-1.70707
-0.715147
-1.73068
-1.63174
-1.862
-1.49039
-1.58396
-1.44764
-1.52131
-0.97113
-1.20969
-0.855783
-0.864072
-0.928765
-0.86751
-0.859638
-1.03644
-0.969843
-1.63429
-1.33988
-1.3399
-1.23232
-1.26729
-1.13611
-1.23662
-0.528834
-0.565464
-0.64508
-0.097289
-0.285704
-0.616522
-0.701894
-0.763352
-0.667731
-0.893914
-1.00018
-0.864408
0.405936
0.466279
0.541302
0.512368
1.24904
0.567663
0.702939
1.51642
1.41368
0.717411
1.19426
0.30765
1.6057
1.22193
3.84915
3.80894
3.84705
2.73775
2.81556
3.9622
3.96921
3.39561
3.40485
1.97634
2.0865
3.06978
3.65646
4.09543
2.05313
2.51687
2.32545
2.8968
2.43475
2.72958
3.25658
4.00214
3.16629
3.02015
3.96515
3.65521
3.68649
4.18934
4.01753
4.23612
3.59448
3.66428
3.20186
525.727
111.33
550.74
283.005
15.1143
38.6472
442.197
148.779
-33.5918
11.5044
229.005
-16.1625
130.125
-117.179
24.2472
-80.676
29.8647
-120.756
101.839
-16.0028
157.218
77.7619
120.506
327.762
197.37
105.27
77.3747
107.544
7.69303
264.008
83.9118
96.4597
106.909
166.175
166.201
191.685
182.552
170.116
195.211
174.731
308.517
200.222
325.115
203.68
169.075
314.055
219.575
168.972
181.254
168.297
154.15
154.431
303.274
236.794
333.173
165.109
142.587
180.402
171.001
142.656
141.442
166.501
213.284
237.904
229.922
233.733
195.716
240.017
213.863
155.717
137.908
132.527
136.382
160.139
137.826
203.72
308.951
289.829
848.714
827.24
887.963
175.568
67.6608
405.991
371.654
379.162
557.605
716.12
518.736
295.745
672.116
378.096
468.451
903.992
709.215
700.305
1143.03
752.705
154.192
133.311
257.822
338.738
72.3123
126.254
265.326
395.564
91.9606
173.117
183.883
462.949
328.96
92.7152
161.429
246.846
113.801
84.828
173.251
164.327
115.66
81.4442
130.201
15.7146
14.5348
11.8574
13.8571
14.2259
14.0081
10.8098
9.89832
10.0729
9.96127
10.0434
9.61544
10.1882
10.3382
9.37009
10.4789
9.84836
10.2629
10.2226
10.7081
10.9242
11.7931
10.2716
10.6325
7.35815
7.43881
7.49631
7.62183
7.53107
7.53364
7.44485
7.90927
7.97548
7.90053
7.88683
7.90514
7.91734
7.88278
7.64056
7.47934
7.52703
7.75874
7.85653
7.42595
7.12976
6.83973
7.1038
7.51202
6.80758
6.81611
8.8367
8.5864
8.19545
9.91206
8.63821
7.61208
9.14098
6.76273
6.31276
9.55982
6.96843
6.78108
9.51142
10.4445
804.019
715.827
760.02
994.678
967.102
966.684
930.53
0.276077
0.242141
0.022969
-0.0293682
0.0471741
0.153871
-0.0122781
-0.563178
0.486277
0.257103
0.335253
-0.729425
-0.760686
-0.287823
-1.07229
-0.953354
-0.975054
-1.46135
-1.11414
-1.31792
-1.44528
-1.03151
-0.685668
-0.85922
-1.10813
-0.919111
-0.60145
-1.40226
-0.243361
-0.146038
-0.325766
-0.355013
-0.38383
-0.141663
-0.23004
-0.404277
-0.27034
-0.183888
-0.0175557
-0.0649638
-0.124113
-0.22162
-0.104865
0.0366743
-0.043055
0.00523975
0.105066
-0.0315785
-0.100438
-0.98259
-0.919333
-0.97349
-1.34757
-1.09482
-1.13925
-1.25269
-1.62417
-1.95658
-1.89125
-1.81586
-1.69958
-1.8454
-2.01732
-2.15483
-2.04961
-0.832519
-1.11517
-1.64373
1.68719
-0.570832
-1.44244
-0.223273
-7.73826
-2.67283
-3.72295
24.3389
-3.72986
10.7729
3.56076
31.9446
25.4973
-1.8676
-9.41192
26.5326
1396.78
1475.75
1444.61
1419.04
1452.89
1452.52
1456.52
1451.9
1445.35
1417.64
1427.55
1433.25
1438.2
1449.64
1422.83
1433.03
1429.21
1364.29
1435.93
1459.49
1432.95
1359.88
8.84701
21.5587
0.699327
28.9844
33.0947
27.4875
30.1733
35.7015
30.4985
32.338
3.5996
7.28833
28.3957
-2.37655
-1.3249
-1.27226
-1.33432
2.11685
0.780585
-0.528187
2818.27
2783.85
2845.72
2791.18
2743.96
2856.33
2850.37
2872.17
2869.54
2858.71
2848.24
2868.24
2775.52
2832
0.470616
0.00124509
-0.109957
2731.33
2841.68
2767.27
2777.52
2785.42
2780.52
2774.89
2776.45
2786.28
2802.39
2815.56
2784.75
2770.09
2777.63
2781.63
2786.39
2775.15
2769.5
2779.15
2782.11
2763.86
2784.6
2780.28
2790.16
2775
2770.62
2764.24
2773.08
2778.71
2774.32
2775.06
2803.54
2791.78
2777.63
2769.25
2742.15
2772.26
2769.55
2776.76
2767.63
2772.54
2783.66
2773.87
2774.11
2723.96
2766.78
2784.9
2535.14
1979.91
2824.15
2845.87
2833.68
2707.06
2743.15
2807.52
2849.73
2884.99
2874.13
2880.35
2867.2
2854.35
2807.66
2859.39
-0.789349
-0.921779
-0.974567
-0.953275
1.22472
0.962908
-0.634588
2787.98
2812.28
2767.5
2844.61
2821.82
2843.75
2804.73
2875.2
2894.28
2830.17
-0.119761
-0.606503
-0.290013
40.435
38.3217
31.6978
34.4616
24.6053
19.5343
17.7161
28.8075
17.555
1835.28
1960.02
1890.75
1888.48
1872.79
1942.24
1974.24
1976.03
1915.31
1889.75
1903.96
1915.67
1779.77
1941.78
1978.24
13.3373
38.6092
27.5924
-0.0445895
11.3445
12.9348
0.127617
0.0309072
0.467309
-0.0777808
1.4016
0.69539
0.674238
1.43335
0.0995571
0.0142291
-0.0729277
-0.0525788
2372.65
2291.15
2092.9
2203.47
48.1973
49.0685
1775.61
955.47
2.28565
3.15315
0.797823
2.00685
4.15267
3.18056
0.968892
1.00804
-0.947328
-1.05215
-0.746973
-0.873157
1.78719
1.73769
38.8602
27.0523
4.46652
3.19116
1.81087
1.45723
6.32583
6.10466
6.9951
6.76631
-1.67456
-1.5349
-1.81748
-1.79174
2.12977
2.25478
1.53654
1.43492
-2.11626
-2.23168
-2.12199
-2.31966
-1.89238
-1.95959
-1.7646
-1.86736
7.33144
7.31432
7.37297
4.90511
5.63301
5.5132
5.33895
31.9122
152.451
59.2251
335.218
2.59405
2.44068
2.28323
3.63868
0.321323
0.563467
-0.418884
-0.298923
-0.381065
-0.259448
0.478972
1.70757
6.40959
6.65567
0.656923
1.32018
6.77139
6.87632
6.52844
6.5457
0.081121
0.0646629
-0.501023
-0.450823
-0.253702
-0.296054
-0.188649
-0.225906
2.41353
3.19753
2.65279
2.95079
4.03144
4.8178
4.6715
5.37568
2.65623
1.93213
2.93556
0.725587
1.33084
0.101452
1.98547
0.42703
-1.93023
-1.81706
-1.3134
-1.07614
7.55123
10.3986
9.82285
14.8957
-0.885434
-0.593207
-0.252712
-0.303144
-0.713689
-0.778978
-0.605391
-1.95865
-1.37779
-3.40334
-1.68076
6.1789
6.29324
6.23038
6.35235
15.5331
22.6008
10.5955
15.575
55.9617
50.5588
32.7998
29.9764
11.0529
10.9385
14.5933
13.8393
35.3327
58.6442
83.68
330.582
123.81
410.941
53.2897
374.955
-0.698962
-0.841604
-0.874415
-1.10653
-0.504197
-0.417074
-0.416899
-0.365187
0.245324
0.424003
-0.256571
-0.0701702
36.7714
35.6976
4.06639
-0.427144
834.587
534.106
101.548
58.0973
1253.47
978.28
540.524
385.645
2.17475
11.301
5.19809
19.5581
4.26771
9.40094
3.39257
59.9522
130.205
3.04748
3.26169
3.08327
3.37404
3.82297
3.55627
-0.0753219
-0.0556254
-0.042443
7.97252
5.01463
6.87741
2.08182
3.38427
3.98002
4.37677
822.69
296.206
276.569
12.6488
4.31815
-1.30913
11.7575
12.0476
15.1933
14.172
34.5431
-2.36111
-2.17904
-1.89951
-1.91518
-1.66776
-1.56811
-1.72096
-1.54632
-1.95501
-1.79493
2.83879
3.22988
1.00362
22.3314
-1.2133
-1.11517
134.367
0.027066
99.9892
3.68777
0.882316
5.19832
1.71715
648.15
2024.89
615.253
2.87207
0.468213
-1.58732
71.2767
9.62151
0.951776
1.14567
23.0548
-0.719242
4.45481
1.35985
-0.808571
6.56024
1.7156
32.9307
17.5596
0.039573
-2.20779
161.436
6.94606
2.79471
-1.14189
1243.74
15.707
1309.52
6.84412
1190.51
1064.88
951.713
-0.479568
-218.567
1276.39
1113.78
377.854
990.125
256.01
190.3
4.77512
175.154
253.551
133.6
781.64
717.92
184.974
143.221
227.557
459.073
8.8017
760.907
576.191
861.656
337.404
-0.532729
109.757
219.289
-0.10666
75.6833
12.9352
755.191
58.6009
15.1896
128.272
459.65
29.7738
637.196
14.1153
4.94347
271.69
146.88
59.4951
27.4024
-5.30393
56.1801
60.4103
588.282
45.3491
7.52956
831.459
18.0496
31.1969
7.23924
169.694
863.831
11.2544
9.56846
16.1802
20.8581
14.0171
12.0292
7.72228
12.8266
10.5787
8.23884
848.086
8.25445
-1.22241
6.91354
8.69012
9.58677
7.03724
10.1141
7.84523
11.6109
114.739
17.1978
7.91332
18.219
8.65688
4.0475
6.42311
7.82705
2.15998
24.2412
6.92707
-0.314378
7.91045
1172.07
25.0672
18.266
22.7765
33.0914
18.4151
41.4595
16.7638
11.1029
12.577
10.2909
6.54292
8.58296
666.784
23.9515
66.8027
-7.50024
74.1737
0.302033
10.2758
356.571
10.4521
7.81282
-1.95058
-0.280667
32.3691
6.43572
2.46989
-1.5118
7.82369
2.45616
17.5249
7.83387
25.743
18.7021
-0.602532
-1.37662
23.7333
20.7512
-1.66802
42.0969
1.18282
-31.8147
6.74891
13.9099
6.21783
5.60878
6.75002
685.549
5.26361
6.6462
6.57412
4.91765
3.68379
3.48064
8.16662
3.50832
6.73112
7.27169
7.7356
-1.32765
37.3046
5.778
75.6121
-0.0711748
3.52873
4.38483
6.6702
17.0392
21.9069
3.5514
2.3493
4.26322
4.89145
4.555
4.81544
511.971
588.042
5.09983
6.11865
808.121
5.25619
4.89319
4.72989
5.01856
7.8793
12.229
15.6542
669.783
3.36081
-2.17738
3.75856
12.0097
16.3871
7.30479
4.58602
4.36645
-0.812912
-0.494823
674.396
5.88238
544.164
47.0824
91.5761
60.6989
144.549
165.308
5.84393
5.48093
422.966
-0.0162125
6.07091
6.6746
30.5395
194.598
315.71
555.311
238.352
389.645
139.644
114.161
10.7242
364.06
44.126
6.4691
52.3381
10.1758
-0.191941
-1.6259
-0.47988
69.7781
6.13256
168.52
23.4779
92.5422
14.453
74.1541
632.838
991.001
2453.93
155.492
3.31349
11.1559
2.48969
5.38566
4.42225
2.55098
1.1039
1.39415
-2.51109
3.82237
3.81018
3.08495
2.51657
1.44418
1.88719
1.68283
1.07661
1.85394
21.5438
1.38577
1.47785
3.11771
206.98
1.61543
1085.78
62.6003
24.6329
119.453
1.65144
36.543
20.5082
263.388
9.38106
49.5524
145.092
7.55551
1008
1125.45
3.48477
-0.311575
895.181
9.07442
-0.493978
4.9086
3.62588
3.82685
919.299
11.1599
1093.42
9.07894
148.899
5.12878
3.02432
230.769
-2.06531
3.79498
142.613
10.9061
8.69497
836.105
3.06627
34.2688
16.6888
1.56315
2.98715
3.80776
3.11644
1.79503
1001.45
3.71489
3.68894
-0.0940103
2.78441
8.99463
714.77
423.685
1700.82
-0.325597
30.1365
16.2258
3.42875
28.5066
1.7706
16.1519
3.85056
5.83927
-1.8839
1067.1
9.09941
4.70103
4.95835
212.672
3.49107
107.677
16.7065
3.19159
2.44459
22.4565
3.02113
3.99029
1.19848
327.004
6.87029
3.21212
2.7981
0.409292
-1.40513
-1.22475
3.10943
3.09867
1.04815
1.40163
2.74264
1.84162
1.50031
1081.3
3.30631
1.17338
8.07519
0.477802
-1.08084
3.51397
-0.0234405
495.931
-1.26076
0.0865806
12.4561
1.14753
0.774803
1.72796
0.646205
1.41607
-0.67399
0.52039
-1.44264
1.54653
-0.160279
-1.39518
2.61086
-1.25684
7.42672
-3.43523
-2.88568
1589.55
215.14
-1.88946
7.02805
-1.59351
-0.850877
-1.79755
0.881987
-3.40735
0.845682
-3.32847
-3.7497
50.6209
-2.69775
-2.4212
-1.69396
16.1835
6.87532
31.9906
4.92887
-0.0894864
-0.00795418
-6.80415
-1.89494
23.0586
2.65387
7.68919
21.3196
-1.08091
4.14609
1.90027
3.00515
3.34952
29.9675
1.03973
-0.542735
10.9537
12.5224
3.55672
7.98775
3.19665
3.10637
2.93
-0.864816
26.4705
95.9554
242.502
3.14066
72.0476
7.68691
-0.203119
1.30095
761.662
8.95286
475.913
149.484
-2.04322
630.425
150.492
-2.29818
138.294
-1.49088
2.64181
16.7582
740.694
8.55032
-1.24702
527.642
-3.23723
740.844
63.7985
7.93814
-0.120145
15.6871
148.232
389.967
54.1806
20.0744
537.786
146.294
274.072
8.79735
3.75918
-5.77076
429.092
7.57065
58.5218
18.8759
12.7317
-1.24178
-63.3668
206.856
47.7854
3.45347
41.2004
7.85015
0.11717
0.332441
0.40001
-1.20799
-0.628143
1154.56
3.16366
0.106137
10.6115
-0.559593
-0.63929
0.832503
1.83015
831.385
647.388
22.913
-1.33995
2478.85
5.39239
39.7337
4.5132
5.86713
1.96763
19.6894
22.4707
-0.260547
6.54458
-0.410225
-0.0999555
0.697728
192.537
-1.20647
86.6357
0.891805
-5.10187
1.47733
-39.8364
-0.265459
-0.970812
3.74441
2.38602
0.0861616
0.920371
-1.05381
4.58907
-0.6559
2.53844
-2.9149
25.4764
6.02045
6.77855
-0.220941
9.42832
0.258859
412.38
21.1135
0.357528
16.6962
495.078
-2.03617
47.5995
31.8496
27.3634
1.81017
-1.42328
1.82982
10.8178
4.51239
6.28291
0.984265
4.44127
724.801
-0.627729
53.6938
402.163
2.3131
8.00536
18.7632
2.46303
-0.532786
-0.609079
0.0148275
-0.0877579
6.35914
591.5
1.70194
1.06035
-0.0280115
1.30715
6.01924
-2.72669
-0.0820729
-0.0992153
-0.282701
-0.240126
0.516844
0.203091
0.0688569
-0.430002
28.9784
-0.293849
-0.302861
-0.382464
-0.641427
0.655378
-0.355947
-0.394194
-0.281788
-1.20962
-1.5266
-1.45474
-0.991982
-0.753927
32.1493
-0.503911
-0.430282
-0.203494
11.0267
9.54877
-1.93452
-0.352099
-1.55147
-2.1261
-0.586394
-0.955407
-2.02189
-1.36988
-0.977701
-1.08166
-0.625748
-1.33787
-1.87647
8.10709
-0.804275
1113.66
0.881734
9.4635
-0.244147
-0.527937
-0.665598
0.407556
1.5226
961.811
758.417
-2.10548
-4.34479
18.3047
-2.45153
-2.50685
-2.27878
-2.52721
-1.3987
-2.22841
-2.0836
-3.11064
-2.51301
-1.40472
-1.53313
-1.31628
-0.445781
-2.80714
42.7594
3.37318
-3.858
-1.04088
7.75395
9.47774
-0.232868
3.03827
10.2054
-1.84898
-1.14337
-0.691845
28.8398
-1.19746
2.57871
-0.67995
-1.9982
0.982746
-0.48186
945.659
-1.34527
3.04783
-0.333325
-1.17179
-2.4681
-1.28523
-0.340431
-0.384591
-0.346701
-0.536423
-0.505099
-0.305947
-0.305565
7.25878
761.218
-0.32954
1.20727
2.60676
-0.942719
-0.209327
8.00337
-0.303173
0.454434
2.19609
-0.227967
-0.0780954
-0.678394
-0.186774
-0.0709861
1.41336
-0.0456767
7.8816
-0.115692
9.65775
-2.11328
-0.0395417
-0.119528
-0.220565
-0.178403
-0.164268
3.48232
-0.119822
-0.1226
-0.12476
-0.316898
7.39137
-0.0913238
-0.288082
-0.0926997
28.0133
6.85646
-0.212139
-0.187171
-0.158497
-0.148001
-0.148363
-0.228491
0.136896
-0.10858
-0.278114
-0.144648
5.39594
0.234496
-0.209183
7.28253
4.12968
-0.124563
-1.70468
0.21857
-0.207299
-0.323924
-0.359686
5.45694
3.37526
0.617578
1101.28
1696.61
2243.08
57.902
2056.8
2390.99
1.21803
687.921
830.58
0.217706
-0.594837
-0.124648
-0.106564
-0.123886
5.86745
0.312735
-0.142298
-19.9925
-0.0819
-0.26534
3.5788
-0.29637
4.93601
2786.56
2843.22
-1.6464
8.4795
9.77893
-1.056
0.233191
1.47267
-1.02234
-0.784171
-0.408674
-0.115909
-0.775185
-0.71942
1.60409
13.9194
1.77367
1.34641
-1.2399
-1.40415
-0.0745457
10.4666
0.567477
-1.44724
-1.22125
-1.26409
2.05681
-0.665538
-1.36288
-1.03894
-0.604349
-0.0886407
-0.61226
7.79755
-0.590546
2.13883
-0.569165
21.5772
3.27202
1.82805
20.8514
-0.404985
-0.0503747
-0.634195
-0.496073
16.8587
2.50124
-0.243875
1.89006
-0.0392416
1.19881
7.01184
2.00603
7.1651
-0.739856
5.90789
575.379
-0.136612
0.0792868
0.862869
833.273
1.51842
1191.62
1928.3
-0.978109
0.948976
0.704137
-0.0819302
0.673717
-0.100995
7.67803
1863.57
0.692098
2.99426
1313.18
145.374
1.44034
20.0347
4.13063
1002.79
38.9516
0.900918
9.16791
1.54744
0.817537
1.14257
0.18549
2.75141
53.6206
6.97325
3.48031
-1.37829
6.57078
784.021
3.04593
8.40035
0.675678
1.04216
0.990801
1.28173
174.538
1.46143
45.1448
926.714
37.6175
1.86593
0.532283
20.4325
1.25955
-0.306388
-2.82104
1089.84
116.489
7.54605
1.95632
1239.26
0.639088
1.85918
1445.74
1634.15
174.051
20.5239
-0.410853
1573.12
0.214284
-0.0431571
-3.20026
3.32008
11.6567
3.04562
5.09897
4.12515
7.53982
-2.77565
-1.63102
1740.84
1497.57
233.017
2.26782
-0.0413335
2.42306
1793.68
-4.1773
1855.55
1736.93
0.859412
4.24474
0.525038
-0.292861
-3.44735
1618.36
1596.97
27.6245
-0.736997
700.743
1858.48
-0.740047
3.52385
437.87
73.1149
552.013
-1.94535
2225.97
2.02155
2000.28
-1.39042
2005.44
16.0611
-0.415062
1.59975
1.09896
-0.766804
-1.50383
0.55464
5.80459
-2.24411
-0.402113
-0.58945
2106.71
0.0108157
-0.727256
1756.42
4.82711
3.56731
-1.78101
4.80641
1964.52
-2.63535
1706.13
1.06765
-3.54478
-3.62453
-1.40045
-3.77883
-3.95967
-2.58387
-0.647635
1.83196
1.2509
1.89513
-0.868759
-0.553688
13.9643
-0.421863
-1.17498
-0.610734
-2.21909
22.3457
-0.940282
-1.0927
376.053
13.4737
-3.49514
22.7903
-5.74958
-7.04813
-5.981
-2.83312
-4.55206
-0.529634
-0.620792
-6.36635
-7.27451
-2.10758
0.104941
-1.53291
-9.49123
-9.62042
-8.03156
1.84919
-7.35291
-3.71403
8.31388
41.489
-0.878805
-1.05524
-8.93628
-7.62996
-8.36783
56.4144
2802.36
-5.57858
-0.100304
1.43371
-0.144969
-0.0104207
4.64137
103.42
2731.25
0.751878
0.0685842
-0.271184
0.0414408
-0.146344
-1.50024
-0.11902
-0.388653
-0.0388819
-1.16006
-0.459206
0.260654
-1.02014
-0.223794
21.6378
10.0241
67.9343
4.31408
320.623
1.0002
2111.16
2524.53
464.465
1903.46
47.3253
7.69132
-0.943219
-5.13075
-0.0349186
2531.37
2579.09
1041.48
2643.76
51.5314
2174.56
2065.99
31.3984
-8.32011
2412.13
4.75787
-0.0234795
2418.49
2303.91
0.822369
-0.0980028
32.0687
2.74042
0.992122
634.414
1.99207
-1.64675
-3.81181
-0.426959
-0.307445
895.599
0.0947318
-0.261409
0.10471
-0.318381
-0.328883
-0.131147
3.16036
-0.0307695
-0.197248
-1.41825
-0.693605
-0.114536
0.0608461
-0.0333042
-0.0582052
2.77322
-0.137765
-0.0159469
4.86242
-0.0695966
2869.65
-0.068716
-0.0463778
-0.472036
2830.52
-0.108515
-0.115907
2822.73
0.727332
-0.255544
-0.398163
1.19396
5.70108
-0.0962318
-0.660671
825.337
-0.244157
-2.04242
7.05595
-0.451614
-0.298185
-0.0850089
-0.133184
-0.489134
23.3862
-0.275805
-0.115151
-0.0698683
-3.17766
-1.12596
-0.422351
-0.094909
-0.732936
-0.537707
-0.82089
-0.688935
-1.35323
1.27464
320.966
-0.796039
-0.515195
-0.93502
-0.0579504
17.8058
6.64762
0.162974
-0.987604
-0.678761
6.60252
36.8776
5.49899
8.91279
0.418878
1.56579
12.5857
-1.78927
-0.380667
23.1814
-0.894155
3.78732
29.7713
-3.36036
520.577
-2.56005
-3.99463
42.0701
-0.66342
-1.04229
-0.717571
-0.0787835
2510.66
-0.856995
210.782
-0.860923
-1.76735
1.45797
-2.14736
-1.72505
-0.0120101
0.312232
0.902741
0.608722
0.0521572
0.882976
-0.10105
-0.229093
-0.897537
-1.40252
-0.843486
0.446053
23.8694
-9.16387
-9.10181
-3.50674
-2.10281
-0.0819923
1.10047
-1.83136
-1.90485
-2.0724
0.785533
1.76153
1.36363
1.59219
0.476825
3.55684
-5.70776
-4.6711
-1.93789
332.572
-1.26551
-1.20796
7.29034
713.758
-3.82208
-2.34135
-2.69113
-1.75289
-2.73962
-2.33055
10.8469
-2.82092
-0.223265
-2.28301
-1.21082
-0.789574
-1.86924
-0.110198
-2.16213
-2.19574
-1.98054
-1.92646
-1.60678
-2.70128
464.536
1.30835
-0.915801
66.0691
497.239
10.1094
-2.1923
41.6315
3.17273
0.401591
3.64706
-0.110577
-0.407785
-1.68146
31.528
-0.463538
-1.00518
47.0851
-1.08675
5.27263
15.3544
1.09213
966.934
67.0624
-0.157966
1.3186
1.5513
1.52932
23.3176
650.422
2.30572
7.01183
2.77735
-2.37334
2.07704
1.83446
4.85105
10.1572
-2.66248
6.11912
-1.67853
5.16298
-0.809914
394.161
7.81105
7.17741
4.71386
-1.51083
6.71571
14.6308
2.82541
15.1022
8.60254
16.5233
20.0197
40.9636
15.7744
6.08712
138.803
120.003
721.422
26.9538
322.955
10.1158
5.389
49.3819
6.09079
6.56821
7.91323
-1.51073
3.53738
3.95888
4.10205
6.14594
5.58571
-0.395682
6.65077
-1.60413
13.1291
12.0405
102.415
-1.56911
4.86785
4.96605
3.44935
3.70398
2.54745
4.41421
4.39933
-0.121976
-0.131617
6.37104
3.2365
2.99706
6.2043
6.2318
6.25567
3.16533
5.51546
5.37949
6.43975
6.45424
6.80204
6.44369
6.90625
6.83502
5.68098
5.71003
890.456
3.88542
11.7548
5.4963
4.97139
14.1984
3.55148
3.12716
5.73299
8.17938
7.9078
7.92182
8.06799
8.1688
7.67647
8.48674
3.76922
7.80244
7.43992
-0.161903
7.74722
6.78628
7.08459
7.12235
7.64115
7.44145
7.50131
7.62738
9.19455
7.89432
7.93884
8.6956
10.2637
21.6278
8.40816
6.81838
6.91951
974.155
889.632
-1.58623
0.935966
536.664
842.966
294.071
530.468
25.1227
46.7618
25.1974
5.69552
7.95781
69.7503
-0.268637
5.47327
142.36
-1.51302
6.61458
12.7818
7.46484
9.02903
609.756
1.58962
4.52883
17.5314
8.87869
128.921
13.1653
824.994
5.13492
22.066
6.33511
875.914
4.33973
6.94412
8.01321
165.167
7.52617
155.698
142.61
141.74
178.075
407.653
166.01
5.40755
7.20711
140.034
665.698
10.73
2.05129
265.484
348.54
622.759
686.987
773.943
435.369
194.38
533.681
543.369
736.663
760.027
637.685
-1.44465
642.284
562.689
406.118
193.512
147.625
300.654
149.217
95.6407
625.492
81.9504
7.70837
1935.21
1669.31
1774.52
95.0701
7.404
145.446
630.262
997.465
734.69
899.146
7.21369
663.457
866.454
90.3353
195.75
701.525
36.0511
183.19
177.922
299.627
69.5824
118.582
278.472
-1.5245
24.6849
35.7565
20.5649
573.505
11.9715
11.562
10.8339
15.698
3.36269
31.2153
10.9377
34.1911
125.079
20.5497
24.3726
45.7939
70.0178
77.7448
834.679
92.1641
10.829
15.2268
29.1442
19.0483
624.905
5.40817
15.5015
410.034
11.1426
550.975
12.8781
11.4801
9.07696
79.0612
18.3082
780.113
604.153
14.4433
19.0359
10.6493
16.1018
39.3167
9.48996
15.1147
9.94104
10.1545
20.6704
32.5663
8.14814
8.02153
8.16723
8.14305
7.8441
95.9826
18.4266
9.63838
10.7306
9.27817
10.8537
17.7643
9.3327
7.72773
7.98788
8.29214
8.79007
7.80282
9.51914
7.85468
7.80238
7.69693
7.68788
7.61215
7.46954
7.85869
7.50789
8.89026
8.07698
7.99316
7.88246
7.83391
8.8617
7.73653
7.79574
7.82257
-0.326425
13.1334
43.9919
102.104
8.32655
7.80952
11.4526
9.43498
12.2678
7.7623
-1.15622
7.11368
7.81994
6.82071
94.75
7.70575
8.08532
15.4969
40.6495
7.85224
11.479
44.4954
11.0065
11.0763
7.00352
40.3888
30.353
71.6313
14.6972
84.9444
10.1938
69.0946
10.1751
6.48659
7.73662
6.10839
7.53907
7.83238
30.0056
7.83169
7.86186
75.1067
7.70586
7.53477
80.857
356.39
76.4392
2397.69
-0.11352
-1.89008
640.875
702.934
34.3918
192.445
19.7284
93.8985
25.5071
194.825
1.07766
1.13431
35.8565
7.84994
7.8262
7.75243
7.8263
7.88168
616.359
7.96704
7.93829
7.93178
7.93532
7.93016
8.09248
1.09135
7.95696
7.89793
9.82383
7.93724
7.92847
7.93106
7.31331
7.83052
7.92408
8.22656
17.89
10.7441
7.80369
9.24792
13.4576
7.91613
7.61488
344.25
252.256
17.4239
829.348
8.38841
660.302
-1.96927
9.25162
334.455
4.31849
1165
812.494
2.89353
72.4582
5.4404
14.6085
3.29493
775.893
143.871
-0.203097
8.05038
7.80923
8.8837
333.302
-0.161655
1350.19
6.56779
18.2432
717.038
5.00413
193.243
453.159
6.16504
3.12298
6.08282
633.355
1048.92
26.8481
19.7739
1022.08
5.68223
1.75302
48.4023
11.9174
12.2533
15.5199
147.873
6.45102
241.605
5.75856
10.5962
-2.89894
160.128
135.883
6.73007
1.30449
26.5395
1223.82
-5.93231
1.11043
-2.24026
-1.25276
-8.25299
1680.72
4.82347
3.38331
15.0805
-1.32159
1191.24
2.41749
5.1378
-0.0517254
9.44921
6.24735
5.56231
2.59499
7.59562
7.80627
7.84169
8.04621
7.38475
7.50914
2.88982
1.20594
7.87894
5.77582
7.55131
16.028
7.73542
2.59643
1.91139
4.06202
-3.4121
5.62532
1.8019
-0.984876
5.75491
455.15
4.61433
-0.109751
482.928
6.83008
937.489
-0.120984
6.02337
4.71209
7.46491
7.43556
6.92079
7.51639
42.907
17.1673
7.53003
7.36962
8.48404
7.49619
1.9321
7.47909
6.56908
7.42512
23.2514
82.3091
38.8308
7.60988
7.50907
7.63447
33.2069
104.607
346.604
7.56929
7.45505
1177.13
-0.47463
7.57853
7.71766
7.68578
41.3081
-0.0492766
7.73557
1.78931
-2.49902
6.33821
4.32644
-1.37735
7.12326
7.74909
7.25155
7.61769
10.7143
7.38601
5.7305
7.7135
-1.9126
7.42874
7.51753
1.57383
7.4392
7.46195
157.738
7.54918
7.45081
7.34329
1507.48
7.64709
7.62886
3.22829
7.62275
517.311
8.21691
1.70315
2.60809
2.58326
7.26456
3.98466
7.91592
-4.57103
4.32618
-6.5536
7.36729
-5.9961
7.73382
7.18494
7.38741
7.50081
-5.09929
5.20683
-0.0670328
4.09566
1.5772
0.332372
471.789
274.324
7.20686
-1.48781
0.495338
5.18091
2.7386
7.92688
6.22871
41.0147
1093
65.2791
597.778
7.46524
8.48706
491.787
-3.73786
7.83141
-1.48934
7.40022
24.4947
259.605
7.05348
7.51875
2044.38
7.32473
8.04046
31.9107
10.6122
42.3971
49.0609
6.14062
33.9698
25.9263
6.15648
4.23803
589.491
2802.06
7.92139
35.9095
14.3396
6.70852
9.58922
7.77176
13.9648
8.93962
7.95921
96.8314
7.75385
7.74821
16.6717
7.78751
-0.351037
9.81228
10.9805
2.26953
7.70623
7.57335
7.93202
8.10611
7.4027
-0.334223
18.426
8.62502
8.64739
7.61719
8.03198
8.93333
9.5052
6.7824
8.14936
111.378
27.2582
697.277
9.3664
14.0658
8.65877
10.9805
73.6349
10.005
7.80978
7.66662
7.80037
35.7911
2315.59
7.10068
23.0184
23.0963
29.0473
8.61692
11.9195
20.1124
668.92
1.33717
19.3362
2.93978
1015.9
72.9358
16.1114
804.223
7.7771
12.6165
423.433
323.559
14.6556
989.916
2.9761
173.289
115.973
1596.87
519.223
568.565
803.998
-5.50064
9.82147
1352.58
5.36923
39.9106
156.013
234.299
7.48764
958.016
1202.21
646.59
1269.25
6.99861
715.718
1366.41
8.86615
51.3395
35.1539
7.05079
7.8968
7.40421
26.5897
8.00067
7.29919
10.0969
7.87915
7.47584
6.81381
8.08971
5.02768
4.24291
7.80338
7.52876
7.0836
-1.87193
7.78648
4.57185
3.60936
5.49778
5.4444
10.3837
10.5341
-1.81668
4.9962
7.66852
4.62416
5.03547
14.95
589.644
153.262
-0.140038
7.21012
5.77553
5.37969
52.2694
4.50052
11.6913
17.6911
3.31319
5.72381
-2.46103
4.84152
9.1841
1.24328
0.0961959
14.0946
53.2335
52.3488
1305.58
7.08193
5.11425
1.6692
2.43343
4.27249
4.01326
11.883
71.9147
1.19239
-2.0815
6.56502
0.526576
2259.94
5.75778
2085.59
4.70932
2.34589
-0.0693303
6.67204
7.76255
0.0486979
11.4616
7.89877
7.42727
10.0579
1360.93
-0.107121
-1.38192
2.41909
891.533
-0.189397
4.17749
1.85064
837.986
-1.4034
-0.07066
0.399525
30.5031
-0.214127
-1.49434
800.354
8.0327
-1.54928
-0.32502
82.0334
-2.00783
2.29318
-0.163514
-2.91001
-0.0778514
3.65352
-1.66868
-0.312067
-0.199945
6.35086
0.110693
-0.146607
3.92273
0.767852
20.6145
3.20777
1343
7.03548
5.13444
-0.073726
-1.44
29.2159
0.273934
0.306723
0.38344
4.06537
1077.38
-0.525829
-6.31041
430.318
0.0368108
-0.0994034
27.2837
61.1327
-0.291001
1265.92
1.36787
2674.66
-0.576982
6.71313
5.89468
-1.16065
1866.07
1646.19
0.700358
-0.371234
1294.93
-0.139017
38.0788
-1.06291
-0.515194
2686.81
-3.89785
5.88394
-0.0575751
0.998378
13.6393
-0.974847
0.861154
11.5986
-0.148461
2419.6
2826.05
317.541
19.0176
-0.0993837
0.649946
2.8144
-1.28517
369.39
14.4729
-1.94686
-1.50497
-0.0199326
0.704587
1978.4
-0.284217
-0.748351
-0.181267
-1.19506
-0.28439
-0.406371
15.6954
-0.0922244
0.909905
-0.367044
-0.667166
10.6758
-0.612572
-0.497814
32.6157
-4.2145
4.90452
-7.05197
298.991
6.04714
24.0658
2803.1
-0.841643
-0.758822
9.96591
-0.99576
0.0699181
-2.02053
-1.13361
10.5812
-1.72665
3.46225
-4.61336
-1.63451
-4.08626
0.271982
-0.361969
48.9921
-0.707646
-0.0159365
1.43523
3.62178
-0.379574
15.4025
1.50497
-5.04044
-8.18476
-2.08901
-0.682613
-1.79716
-8.67997
-5.69903
8.21559
1662.91
-4.73067
12.9358
-1.88005
0.640386
0.179263
10.4382
9.88847
1.5952
18.6094
-0.139912
-1.35196
-0.342404
-3.00267
150.012
0.548132
-5.8454
-1.40564
-2.33594
4.05757
135.163
31.3608
0.919334
8.48715
1.79491
-2.24098
1.25582
781.854
-0.0585611
13.3073
231.921
-0.29849
587.979
54.8067
29.4009
-0.016469
48.948
-1.88863
11.376
7.37037
-15.6665
3.90769
-0.824073
93.4783
-1.10076
19.9705
194.078
684.546
3.31062
34.47
-0.890057
3.79847
14.8497
36.4056
-3.35596
6.97103
6.6364
9.98643
695.606
-1.45021
-2.28732
13.6346
21.4868
6.8122
9.64035
5.37416
0.19886
2.75699
-1.72414
-1.33097
-0.0999108
1.7939
-0.173592
-1.65115
2125.4
-4.63607
-1.07379
1.82913
1.51087
0.436858
1.08691
-2.38732
1.55345
3.10458
0.0702414
1.82221
-0.927392
2.82806
-0.0108596
-0.0335933
6.27347
-0.0757426
0.0404277
-0.561848
3.63664
5.95227
-1.87998
-1.24542
3.20694
2818.75
6.83491
5.77363
-0.98859
1277.36
1158.81
-1.14753
-0.125995
-0.119938
2121.08
443.841
5.25208
89.6304
407.915
-0.812699
333.063
-0.72265
17.1918
1169.85
234.535
29.7954
51.2745
1533.98
608.366
0.14144
7.93603
7.00572
-0.192345
-1.58008
73.0947
1.23833
6.36737
7.49663
5.27213
8.71404
3.50437
4.87023
8.29082
1.73109
101.024
-0.301859
7.05293
6.49198
-66.6171
5.73012
50.3993
862.008
5.12471
0.26518
5.3859
98.6597
381.83
5.97582
75.2728
39.0022
40.5651
6.3596
5.58554
50.7573
5.13895
3.58247
645.699
175.139
658.409
10.8454
7.37567
2.7237
13.6427
533.76
7.24786
1.10984
6.81253
-1.60834
7.12606
-0.0271239
7.37968
2.87835
-13.9969
-0.116558
8.94917
10.3655
-0.428437
19.9151
115.85
-7.25955
15.3254
7.19483
-0.861882
415.017
4.83096
5.27691
-3.26611
0.901174
7.02382
98.0567
15.0192
1128.78
16.4758
550.889
-48.8244
566.551
6.69903
1003.34
2.23892
1.44622
-0.160974
140.518
6.54704
18.778
6.6547
158.946
5.78822
6.47956
1194.44
10.1173
353.227
26.5408
-1.95982
13.8501
-6.05729
5.68818
-1.1999
1.62985
9.90444
1.65528
3.68934
631.574
7.93047
4.02057
-1.55239
2.18987
-0.225888
567.915
2.08145
561.051
0.743236
0.147211
0.32915
13.9438
1.74541
0.294864
8.26765
-0.341148
-0.670301
-2.66324
2.44204
-7.73564
25.317
-0.0199336
2644.5
-0.0935812
4.66945
36.6744
-0.378297
-4.31479
514.874
1182.47
-0.0097373
2207.04
-1.90662
-0.382604
7.50158
-0.736951
18.9867
-0.314021
3.29912
4.30841
-0.0940316
-1.45723
130.01
2.80075
11.5771
0.2143
9.98119
7.58265
7.79396
4.63203
-0.0714138
-0.0386044
-0.781355
8.23072
7.33422
-0.980783
453.003
1.80695
7.67243
15.3208
3.74554
0.393012
6.86691
3.62153
36.455
7.26976
11.7913
718.769
-3.87334
7.53708
35.6378
-1.12485
0.427562
-0.0554332
7.65347
119.763
234.737
-0.0709779
2579.05
7.1486
7.49402
5.919
5.7426
7.459
-0.0134751
-1.63709
6.68822
42.729
4.21084
750.704
-0.122872
0.470185
6.3614
5.08685
-7.68325
276.555
-0.704174
6.3627
-0.629746
0.854298
2.47466
1611.56
7.80123
68.6925
-2.83354
-6.65686
-0.065992
1.82537
1.17575
2810.35
2.35415
-0.596176
118.541
29.9645
644.877
5.55296
162.301
0.858226
0.559885
-0.232828
1011.64
0.247431
2.46166
54.082
-0.406609
890.986
10.0336
2.0923
2.76281
2.08803
751.122
411.134
15.1451
909.564
9.19393
673.182
126.993
0.973406
1329.82
7.72059
27.3824
-0.0698992
-5.19371
2.78921
690.809
490.132
6.29696
-0.0306872
8.20869
-4.8868
-2.48261
4.07129
2.58703
67.9385
2.58683
0.580005
-0.00889348
)
;

boundaryField
{
    FrontBackPlanes
    {
        type            symmetry;
    }
    wallz
    {
        type            fixedFluxPressure;
        gradient        uniform 0;
        value           nonuniform List<scalar> 
97
(
2809.82
2761.98
2777.53
2834.77
1668.1
1324.6
977.841
1022.1
1418.8
39.1352
50.9583
37.349
421.919
678.62
957.068
926.323
-89.9435
515.858
31.4219
31.9351
44.0062
549.611
825.781
540.192
195.528
-0.788182
44.7662
119.791
32.1787
-3.24273
982.189
834.705
811.445
106.879
145.974
144.579
117.818
360.435
639.73
577.393
1322.18
-223.849
249.893
58.5858
127.83
175.364
2592.28
423.294
4493.43
870.585
89.8591
105.325
78.0717
868.866
128.01
-151.026
828.427
796.866
18.4757
99.6634
73.9216
95.9082
4.98983
304.864
786.368
1748.82
1634.62
30.721
54.403
-33.5918
130.125
7.69303
168.297
333.173
132.527
308.951
848.714
700.305
257.822
92.7152
1433.25
1459.49
0.699327
2731.33
2782.11
2766.78
2875.2
1915.67
1978.24
13.3373
615.253
-218.567
37.3046
1154.56
320.623
-8.32011
482.928
)
;
    }
    outlet1
    {
        type            fixedValue;
        value           uniform 0;
    }
    inlet1
    {
        type            fixedFluxPressure;
        gradient        nonuniform List<scalar> 2(0.000103573 7.72513e-05);
        value           nonuniform List<scalar> 2(2790.16 2783.66);
    }
}


// ************************************************************************* //
