/*--------------------------------*- C++ -*----------------------------------*\
| =========                 |                                                 |
| \\      /  F ield         | OpenFOAM: The Open Source CFD Toolbox           |
|  \\    /   O peration     | Version:  v2012                                 |
|   \\  /    A nd           | Website:  www.openfoam.com                      |
|    \\/     M anipulation  |                                                 |
\*---------------------------------------------------------------------------*/
FoamFile
{
    version     2.0;
    format      ascii;
    class       volScalarField;
    location    "0.35";
    object      p;
}
// * * * * * * * * * * * * * * * * * * * * * * * * * * * * * * * * * * * * * //

dimensions      [1 -1 -2 0 0 0 0];


internalField   nonuniform List<scalar> 
6576
(
-368.6
-391.626
-359.786
-366.854
-375.95
-355.414
-355.447
-341.412
-361.61
-359.036
-358.604
-349.615
-336.781
-352.092
-261.894
-280.032
-316.06
-310.527
-284.07
-277.209
-318.203
-346.729
-355.565
-426.455
-255.557
-213.757
-139.764
-397.659
-397.884
-394.999
-386.91
-377.653
-339.357
-242.337
-225.325
-239.939
-267.06
-264.838
-257.625
-260.24
-296.329
-341.805
-290.162
916.214
527.558
1320.21
593.582
840.375
1392.59
1436.25
964.374
1232.71
-4.6375
-4.84216
-4.71169
-5.03842
-6.24864
-7.18985
-5.06693
-5.71889
-4.67858
-4.36433
-3.80049
-4.97591
-6.63603
-4.9114
-2.38187
-2.49867
-2.60353
-2.58801
-2.5029
-2.64664
-2.70243
4.68254
3.74231
4.60163
4.13348
5.60814
4.63443
4.40099
4.97165
5.34852
4.78391
4.857
5.36464
5.39775
4.28992
-15.1558
-15.3547
-9.28621
-6.52114
-0.62803
-15.8102
-8.74697
-15.3779
-20.175
-21.7607
-21.2462
-20.4903
-18.3417
-17.6205
103.224
190.434
51.8861
149.445
190.205
99.5687
116.918
1183.47
1219.78
1219.78
1088.88
1275.4
1611.34
-2.7996
-2.89923
-2.86319
-2.95014
-3.39164
-2.9195
-2.94666
-16.2731
-55.8134
-145.045
-79.6534
-15.0937
-43.5029
4.49529
-2.4857
-3.14623
-2.9693
-3.43446
-3.3051
-3.5445
-3.56979
-17.2433
-17.7371
-17.7184
-16.5049
-16.4272
-16.4618
-17.0458
-17.0165
-16.4827
-18.0399
-14.6038
-15.2275
-16.1235
-15.4716
-13.9839
-14.7073
-13.2377
-16.8084
-16.7908
-15.0577
-15.4673
-11.1434
-10.1015
-10.2832
-11.0464
-9.4834
-8.89343
-10.6045
-9.08172
-10.9437
-7.93334
-6.81591
-7.11557
-9.61702
-8.45741
-7.4597
-8.18367
-5.98107
-5.684
-5.88169
-6.3413
-5.9109
-6.19632
-5.58406
-6.04789
-6.54041
-3.76631
-3.70655
-3.88302
-3.83113
-3.77333
-3.91108
-4.05416
-3.98403
-3.875
-3.50954
-3.51659
-3.40481
-3.49654
-3.65541
-3.43374
-3.5554
-3.69409
-3.64869
-3.55893
-3.78911
-4.03575
-3.71035
-3.61012
-3.56484
-3.41139
-3.65701
-3.51588
-3.52757
-3.44446
-3.46195
-3.54776
-3.7777
-3.88711
-3.75216
-3.56923
-3.79373
-4.06099
-3.16082
-3.19057
-3.23145
-3.1334
-3.15782
-3.2259
-3.2578
-3.1262
-3.1322
-3.21927
-3.16532
-3.16481
-3.29178
-3.25557
-3.44119
-3.53603
-3.40341
-3.41112
-3.47112
-3.55275
-3.44636
-3.81795
-3.88339
-4.14277
-3.69565
-3.58787
-3.86002
-3.69041
-5.21692
-6.16451
-5.38044
-4.43337
-4.48872
-4.67953
-4.90196
-5.73946
-5.26725
-10.2604
-12.1008
-11.378
-9.11003
-9.14714
-11.9022
-11.2136
-10.0183
-10.6267
-12.0776
-8.4
-7.06487
-8.75423
-10.4242
899.313
967.615
746.679
1079.53
824.675
805.197
1236.35
734.252
1178.19
996.841
1015.79
965.797
888.314
730.932
810.407
595.288
251.098
150.621
233.206
300.184
260.96
246.633
300.375
263.321
255.455
952.641
932.693
941.255
419.789
461.093
286.627
551.716
486.132
351.994
476.916
0.75598
1.07089
-4.29288
3.07563
-0.505143
-7.39658
-6.63977
1.55866
1.05338
1.34566
2.69776
1.82746
1.4613
2.17096
1.74011
2.70895
3.13178
3.20651
3.4464
3.04568
3.10848
3.10873
3.17987
21.3244
17.4956
22.1838
15.4345
13.4905
19.2367
18.5469
34.5086
40.0856
21.8158
36.6912
38.6201
22.4781
31.6061
20.546
23.6829
172.733
178.364
222.785
180.035
191.277
187.973
256.02
253.69
179.165
419.991
823.347
404.511
437.29
527.016
337.177
555.246
1193.43
1029.31
1092.03
1279.42
1004.63
482.674
1007.33
1048.75
1336.13
70.3915
22.1428
49.2097
51.8783
82.1109
48.8701
90.731
15.0965
9.53674
11.438
10.2908
12.0584
10.6064
14.5648
3.82684
3.74044
3.87109
3.58385
3.68983
3.68912
3.74797
3.83209
3.80214
3.4114
3.19115
3.48906
3.5206
3.56603
3.4051
3.48278
2.94755
3.14714
3.12017
3.23318
3.27756
3.18844
3.23492
3.16931
3.06489
8.54242
4.35169
6.20366
5.2678
4.46884
4.20643
3.31557
-0.737325
-1.56229
-6.26497
10.2671
-3.08431
12.4071
18.5819
-4.00243
-3.88704
-3.65017
-4.10491
-3.7242
-3.88073
-3.71533
-2.91708
-2.85365
-2.83833
-2.77129
-2.77686
-2.51187
-2.68443
-2.66368
-2.96317
-2.2256
-2.83337
-2.73069
-2.52783
-2.22177
-2.67026
-2.02383
-2.55836
-2.62255
-2.23442
-2.89605
-2.41933
-2.67664
-2.50204
-2.53601
-2.55274
-2.76548
-2.65675
-2.78088
-2.44751
-2.51192
0.276212
-1.40402
-2.17933
6.07279
-1.09093
2.31781
-1.60179
-6.94709
-3.23206
-4.74243
-5.38709
-13.1315
-3.27408
-0.63717
-10.4928
-5.25746
-5.56663
-2.75226
-34.273
-8.53368
10.2722
-15.9816
-10.6926
-15.3622
-14.4261
-18.801
-5.81223
-4.42607
-50.2089
-2.47772
-14.6748
-9.249
-11.4428
8.56276
-9.28792
-9.21005
-8.41857
-9.08341
-10.2068
-7.90283
-7.72106
-7.8279
-9.70981
-8.54422
-9.18398
-7.87386
-10.4721
-9.14093
-10.5902
-9.82431
-10.5958
-5.26905
-4.93259
-6.15994
-5.31901
-4.95595
-5.54233
-4.9323
-5.05162
-6.12328
-5.45866
-5.90337
-5.51455
-4.69263
-4.83307
-5.5941
-4.58661
-4.59189
-6.77725
-3.802
-4.17951
-3.98115
-3.48868
-3.67133
-3.62949
-3.53429
-2.54482
-2.47663
-2.41544
-2.62465
-2.58727
-2.57398
-2.57045
-2.50708
-2.48869
-2.6972
-2.83662
-2.73147
-2.74358
-2.73234
-2.78237
-2.72361
-2.92338
-2.8585
-2.7911
-2.93722
-2.91873
-2.87732
-2.88647
-3.25109
-3.18943
-3.13222
-3.15116
-3.07014
-3.07279
-3.17036
-5.31261
-5.99759
-4.98996
-4.65882
-4.89567
-4.69546
-5.0851
-4.60822
-4.31486
-4.26866
-4.54993
-4.39469
-5.18953
-5.25706
-5.14399
-4.84618
-4.88573
-5.05003
-4.97732
-4.60658
-4.67981
-4.6621
-4.46755
-4.25221
-4.4334
-4.50895
-0.0800967
-0.123208
-0.219714
0.180856
-0.0951154
-0.103553
0.0583421
0.193558
0.016908
0.2843
0.653246
0.343062
0.511436
0.260566
0.114651
0.268899
1.27549
1.65736
1.3706
1.75718
1.41315
1.51579
1.31507
-37.5293
-45.9374
-48.8824
-24.5686
-27.196
-51.5137
-49.5241
7.02314
2.0763
3.58189
10.7383
-4.53919
33.6098
-6.9187
75.6623
70.1143
62.606
42.0453
33.0844
61.6988
55.9989
33.5081
15.7204
33.2288
74.3876
32.2578
98.735
20.2559
78.3548
219.618
118.834
149.004
181.692
190.585
169.231
157.158
152.509
158.999
175.799
185.046
186.248
195.606
182.68
159.053
178.253
150.793
125.84
218.216
179.991
163.695
185.669
135.136
164.446
148.823
207.384
180.943
210.382
250.61
162.956
207.937
146.384
163.649
159.431
299.048
127.935
186.07
194.514
150.069
373.975
293.524
307.749
262.866
315.678
76.1078
36.5104
121.967
136.197
72.2465
185.558
131.615
299.337
278.374
251.555
243.964
302.504
449.26
517.872
503.3
45.4919
143.859
80.7677
72.6696
145.457
134.338
66.8376
350.016
201.975
213.789
172.133
140.591
729.771
474.523
510.058
678.743
273.252
466.97
753.199
655.937
602.153
1284.19
29.6176
80.1199
17.3146
95.5081
17.6227
103.045
-19.6676
367.038
273.801
249.004
264.347
347.608
179.64
82.8138
205.279
161.289
493.467
366.445
339.222
22.2737
12.9475
-20.4098
6.55736
11.0493
57.4658
86.4567
-8.60545
6.62408
26.8863
153.513
129.631
86.0254
113.8
139.446
-29.8383
126.1
117.917
80.5734
62.8512
-60.8778
-11.1788
160.479
39.7831
20.0569
70.7649
23.0197
24.5113
103.99
4.9693
0.901738
18.5882
58.9325
10.702
13.5541
6.70856
13.126
16.7737
8.74294
12.9984
8.71146
4.8727
4.37211
5.35143
7.39029
7.97668
8.78515
4.65285
4.51472
4.52755
4.57306
4.45266
4.50765
4.48728
3.9619
3.96618
3.95517
4.02914
3.9528
3.82984
3.91319
4.15752
4.15662
4.29981
4.20678
4.29323
4.35933
4.24083
4.06156
4.23853
4.08633
4.32541
4.2583
4.32581
4.27579
4.20062
4.194
3.94084
4.15782
4.03721
4.03827
4.0006
4.08826
3.98841
4.14297
3.96142
3.9726
4.00393
3.96908
3.90897
3.96107
3.8447
3.94696
-11.3184
-12.2278
-12.3583
-12.2064
-13.4899
-13.6388
-12.4761
-9.27671
-8.30749
-8.15098
-9.26441
-8.45757
-7.83635
-8.26815
-8.15153
-8.88826
-10.3415
-11.7977
-11.8483
-8.4897
-9.61013
-7.0785
-8.43088
-9.88029
-10.1789
-8.39117
-4.96642
-5.72577
-7.44299
-4.52261
-5.44738
-5.52637
-3.81248
-4.28526
-3.68303
-3.99322
-3.68167
-3.34961
-3.33647
-3.6797
-5.31904
13.7573
-5.19857
-8.64886
-11.3894
-20.1708
-13.4833
2.97427
-3.05843
-5.22784
-2.6099
-3.11358
-3.4102
-5.81006
7.49073
17.1569
6.82012
8.9963
27.4775
-9.41943
-8.55031
9.83939
12.1456
8.77173
2.83253
-0.0845582
-7.37085
-12.3331
-14.5167
-11.9839
-3.973
-5.0087
-11.4174
9.64668
-4.02615
4.9144
8.32617
10.6748
-2.44698
-2.57832
-2.24423
-2.62947
-2.53158
-2.46476
-2.56911
-4.57403
-3.92574
-3.90633
-3.93126
-3.29757
-3.76877
-4.53075
-3.14432
-3.46668
-3.34361
-3.01219
-2.90053
-3.23189
-3.21254
-3.55792
-4.33307
-3.66253
-2.82809
-2.82642
-2.60155
-2.91164
-2.81417
-2.79508
-2.93012
-3.103
-3.32514
-2.98033
-3.07574
-2.96958
-2.9622
-2.90979
-2.9419
-2.94626
-2.92536
-2.91363
-2.88732
-2.92335
-2.93838
-2.94212
-2.89916
-2.89315
-2.91021
-2.92114
-2.93389
-2.91001
-2.91694
-2.9378
-2.90891
-2.90776
-2.92768
-2.80403
-2.80562
-2.83262
-2.86293
-2.87051
-2.83091
-2.83135
-2.85095
-2.85633
-3.02013
-3.00267
-3.05472
-2.96099
-2.93458
-2.94631
-2.94169
-3.4128
-3.40134
-3.31159
-3.42248
-3.339
-3.39165
-3.31971
-3.86237
-3.85067
-4.03148
-3.76657
-3.8183
-3.97123
-3.92147
-4.32925
-4.50961
-4.20282
-4.3521
-4.19144
-4.08744
-4.50521
-4.46894
-4.06568
-4.263
-4.16562
-4.31471
-4.46828
-4.30109
-1.29445
-1.20289
-1.31774
-1.31102
-1.24412
-1.3944
-1.52808
-1.45619
-1.39578
-1.24136
-1.24205
-0.985276
-1.11543
-1.85255
-1.45623
-0.92294
-1.26044
-0.885463
-0.473346
-0.278782
-0.0603057
-1.02421
-0.889071
0.998961
1.93197
0.152596
0.952156
1.21403
-1.291
-2.11921
-0.911625
-0.488863
0.04404
-0.00541155
-0.164322
-0.350881
0.113896
0.0795245
-0.259821
23.0757
26.7955
34.9216
67.0771
29.8493
133.845
69.3606
116.49
98.3746
112.802
99.0524
102.386
37.5214
84.8819
90.2135
103.558
83.0917
103.025
106.657
100.014
93.8493
75.6529
45.8891
122.656
134.022
133.369
128.027
142.518
125.869
134.157
120.302
138.973
124.634
188.252
198.56
187.95
145.115
242.966
166.291
9.89554
11.7974
21.9658
17.9028
12.6199
10.8618
11.6722
170.339
45.5881
66.7024
32.8086
26.2392
24.4798
15.8638
15.281
9.19139
12.0311
119.729
-76.591
36.4853
-24.2903
37.3125
-6.29269
4.20413
-0.222233
-1.38668
40.4807
67.4981
23.5214
21.0263
32.4472
8.48068
13.4471
89.7075
23.7121
45.325
89.2788
68.6531
43.0471
67.6606
3.48915
27.3443
44.0981
5.26442
5.1454
8.10461
7.01853
6.57329
6.84595
5.48103
5.04533
3.68296
3.44689
4.71645
8.00144
4.86682
5.32267
4.60985
4.36045
4.06233
4.62055
6.44777
4.2552
4.72457
4.45112
4.42989
4.64397
4.70872
4.83424
4.4764
4.47701
4.54108
8.23455
9.03823
-6.8318
-9.51228
0.177221
4.08415
7.07649
-25.7608
4.92176
3.23023
-3.23217
19.9931
-5.94287
7.12501
9.99521
8.9546
7.71917
6.50469
3.08477
7.81089
5.43544
6.51109
5.75607
6.25319
5.86203
5.92039
7.69199
4.54184
3.98858
4.32587
4.30523
5.12613
5.13754
4.5748
-18.05
-17.3098
-17.3086
-18.5739
-18.5094
-17.8964
-18.2098
-14.9152
-17.3227
-15.2484
-13.9687
-14.6132
-16.3763
-14.9997
-11.3326
-10.7357
-8.9175
-6.89716
-8.44974
-9.32493
-10.5621
-4.82684
-4.27004
-5.59626
-2.57652
-3.63411
-5.1654
-4.37676
-2.12041
-1.81462
-1.56435
-1.52109
-1.80516
-2.0681
-1.4617
-3.16954
-2.13283
-2.45803
-3.20189
-2.86336
-3.34797
-2.81473
-2.97797
-3.26004
3.22306
8.76655
5.27604
4.48837
-8.24334
-0.174866
-2.04565
8.92656
-0.450872
-3.08862
6.11214
-1.21903
0.0466087
1.3856
9.60364
15.7234
11.2997
7.06617
-15.5074
-26.3069
0.537617
-4.95614
4.01521
-9.89798
-10.7837
-7.89413
-5.27375
-4.29668
0.338685
0.911606
5.44558
17.3584
10.478
5.08643
9.11378
-6.298
-18.8006
-2.75858
-2.79727
-2.64343
-2.84037
-2.88316
-2.62958
-2.67075
-2.5091
-2.6993
-2.00179
-2.84021
-2.35054
-2.22079
-2.19041
-2.12361
-2.27396
-1.80238
-2.1976
-2.41781
-2.98977
-2.14081
-2.95107
-2.52745
-3.20913
-2.11882
-2.23974
-1.97186
-1.8773
-2.1791
-2.09165
-1.90271
-1.99232
-1.97147
-2.52712
-2.5205
-2.57841
-2.56042
-2.46476
-2.77757
-2.77252
-2.70861
-2.78133
-2.73051
-2.79806
-2.69479
-2.68734
-2.60886
-2.67939
-2.69823
-2.74641
-2.67045
-2.72619
-2.79149
-2.82575
-2.81219
-2.81161
-2.84221
-2.82381
-2.79703
-2.88104
-2.8608
-2.90653
-2.90731
-2.93286
-2.90824
-2.88665
-2.90599
-2.90213
-2.87535
-2.91977
-2.93857
-2.89509
-2.94608
-2.92676
-2.92556
-2.92581
-2.91417
-2.91515
-2.91352
-2.93652
-2.93748
-2.94425
-2.92612
-2.93981
-2.94658
-2.92691
-2.93041
-2.91996
-2.91343
-2.95101
-2.94808
-2.95876
-2.94143
-2.93707
-2.95259
-2.94325
-2.93062
-2.95144
-2.94615
-2.95785
-2.93972
-2.94985
-2.95929
-2.96685
-2.97543
-2.96514
-2.96897
-2.96298
-2.97019
-2.96787
-3.04554
-2.98805
-3.02413
-2.97541
-3.01471
-2.99968
-3.03427
-2.36342
-2.46897
-2.29872
-2.36141
-2.34537
-2.45807
-2.45345
-2.23463
-2.11792
-2.01602
-2.21013
-2.18808
-2.18992
-2.05386
-2.35338
-2.33262
-2.36586
-2.319
-2.33698
-2.35919
-2.39157
-1.91463
-1.97375
-1.99567
-2.40782
-2.29798
-2.37702
-2.33966
-2.04409
-2.13458
-1.89296
-1.83179
-1.93165
-1.83014
-1.72999
-1.64055
-1.82359
-2.20086
-2.33014
-2.17456
-2.29979
-2.36747
-2.21313
-2.28964
-2.21798
-2.2375
-2.56858
-3.06209
-2.78095
-2.78579
-2.6277
-2.41647
-2.32731
-3.78831
-3.8664
-3.3665
-3.96248
-4.263
-3.86723
-4.15869
-3.9971
-3.54521
-3.2135
-3.70266
-2.83686
-4.49055
-3.96807
-3.86872
-3.40461
-2.16639
-2.10682
-1.78216
-1.93245
-2.81686
-2.14669
-1.48135
-1.47325
-1.21081
-2.54444
-1.35402
-1.15495
-1.45533
-1.29244
5.64903
6.49216
6.4659
-15.99
-1.18844
-12.9351
-16.8527
-0.573787
-20.1592
-4.5717
-3.62857
5.28529
-11.2644
1.12566
-21.7834
-21.6188
-12.3377
-17.4451
-23.7025
-17.3305
-20.141
59.2334
57.0722
31.3827
43.3305
59.1114
46.9607
25.1388
30.9986
16.8252
16.4599
2.53496
5.22596
-8.83771
2.68941
103.222
75.9379
78.1561
70.2422
22.317
62.9959
65.0724
36.6287
34.8672
35.2874
39.1369
17.8705
30.9747
32.737
51.3207
51.0581
115.315
101.628
97.4741
4.17365
4.3693
4.22833
4.33741
3.52836
3.80647
4.38707
49.3435
79.2365
15.0667
43.1606
12.2915
10.6796
35.8223
46.2822
45.5758
12.2074
101.435
130.642
174.109
72.6095
75.0792
97.7067
166.501
114.92
59.1785
61.1371
27.3052
34.7057
17.6104
18.104
36.6573
30.4677
16.1294
18.9831
9.12998
9.77241
16.9773
14.1196
9.73851
11.4708
6.85992
6.85628
6.93337
6.74717
6.72398
6.68283
6.63512
11.3958
7.80163
25.5501
10.011
12.0543
12.4217
4.92218
10.4354
5.31122
6.50122
5.6545
1.67523
6.01464
2.99194
-5.54921
0.623373
6.32304
6.79338
6.83838
6.95045
6.82594
6.90243
6.86958
6.9846
6.88296
7.31299
7.23704
7.15756
7.24071
7.16929
7.04282
7.07678
7.09561
7.115
6.61436
6.38559
6.58347
6.54285
6.2266
6.66611
6.49996
-8.62051
-8.87921
-6.27915
-7.60517
-8.49855
-3.45134
-5.79669
-1.95434
-3.97485
-2.42823
-2.77095
-3.54051
-0.792649
-2.29263
0.893602
7.85671
8.4366
0.167334
-13.4375
-6.19442
-18.6115
-3.31737
13.2272
6.12569
24.0957
5.69735
7.0855
3.956
3.48824
20.1892
-9.50532
-5.81954
-25.0453
-12.2212
7.61037
18.9681
5.43142
-5.24813
13.188
15.7058
-17.7988
6.09684
5.37908
7.32837
2.65669
0.84756
0.253232
-3.06119
0.669888
-1.67241
-0.41758
-3.44224
-3.34791
-3.62407
-2.79326
-3.14293
-3.54596
-2.66239
-4.37714
-5.04062
-5.76381
-3.7976
-4.74118
-3.84596
-5.19795
-3.79649
-3.95029
-3.99784
-4.45448
-3.98922
-7.79802
-10.5801
-8.79423
-8.838
-6.63316
-6.76672
-8.23618
-2.55712
-3.6333
-3.57744
-3.29863
-3.87774
-4.04148
-4.06159
-2.82827
-2.8448
-3.09832
-3.01078
-2.95433
-3.57944
-3.22723
-2.94286
-3.00502
-3.03538
-3.06125
-3.02671
-3.00932
-3.07198
-2.94461
-2.92759
-2.93318
-2.95603
-2.96319
-2.9718
-2.97327
-2.96894
-2.9782
-2.992
-2.94405
-2.94955
-2.96881
-2.94482
-2.96291
-2.95144
-2.9691
-2.97044
-2.97688
-2.9749
-2.96725
-2.96078
-2.97087
-2.95292
-3.14995
-2.88936
-2.93861
-2.95714
-2.84973
-3.19063
-2.93163
-2.99876
-4.0598
-4.20148
-4.91027
-4.43602
-4.47109
-4.66437
-4.57344
-7.04712
41.6132
-6.40274
-23.8824
-19.0246
-9.30999
-49.1332
-3.46299
-6.53105
-5.68688
-4.71226
-6.85866
-6.77024
-3.0302
-2.35305
-4.26685
-3.45329
-5.94645
-6.8911
-3.26695
-5.27314
-2.9943
-2.05547
-2.81385
-2.77339
-2.62779
-2.47971
-2.60132
-2.35456
-2.04031
-2.86781
-1.47752
-1.28893
-2.50576
-3.38059
-2.29697
-2.27915
-2.30514
-2.28407
-2.29215
-2.33915
-2.32074
-2.45378
-2.4183
-2.40555
-2.36281
-2.37406
-2.4546
-2.42174
-2.38071
-2.40169
-2.31112
-2.23406
-2.26307
-2.25471
-2.27566
-2.20094
-2.23439
-2.20714
-2.36672
-2.2753
-2.32059
-2.40998
-2.2884
-2.3346
-2.70793
-2.62744
-2.65204
-2.6129
-2.77512
-2.6247
-2.86569
-5.37113
-4.97019
-5.26619
-5.94723
-5.52121
-5.31334
-5.37897
-2.58808
-3.37632
-2.58369
-2.34636
-2.20078
-1.6819
-2.09081
0.614963
12.0844
6.72147
3.08336
8.15235
6.8101
-0.333088
4.56013
8.95237
6.6784
21.745
9.04278
12.958
17.0989
7.52371
7.59864
7.85923
31.2897
20.8729
38.1812
11.2191
3.99727
5.70716
-11.8669
25.1743
4.34631
-0.212632
-7.34646
-5.19067
6.01051
16.0247
0.691244
5.75414
-20.9179
-22.0147
-7.48327
1.57398
-26.4649
-14.2322
-21.931
-21.5788
-34.88
-11.4118
-17.7037
-47.8212
-18.8666
-8.94197
-10.5639
-9.01962
-13.387
30.6032
68.0123
-4.38595
-3.63908
-8.90039
-2.9345
-14.6694
-45.5356
-24.8372
1.61507
4.37259
4.37139
4.34747
4.30721
4.30048
4.38373
4.45372
4.43006
4.51062
4.42943
4.43977
4.43886
4.4015
4.38342
6.31016
6.04025
18.9176
6.78724
4.89418
-0.499381
3.25597
4.18491
8.10976
3.17765
17.7084
5.86474
11.7514
18.2045
1120.29
551.168
1228.01
623.247
697.03
698.077
930.985
46.8492
-151.539
-1.03624
-35.8308
172.934
141.522
0.818406
-5.59468
-2.28418
-3.23144
-5.71245
-2.46588
-1.97171
-0.12446
-5.98908
0.745138
-3.26401
-4.08892
-1.36737
-4.42622
-0.500577
36.2419
-5.98029
31.1717
31.1187
9.76493
4.78076
59.5245
41.5569
13.9354
35.5319
92.5118
45.507
18.7436
37.0781
77.6285
93.7504
60.7574
55.2833
44.2207
42.8454
44.8921
22.7374
30.3389
1.49822
-0.276941
0.0746017
3.95606
1.70187
0.878547
0.527302
-1.47478
-4.68632
1.43626
-1.61395
-1.05654
-3.93795
-2.80455
-6.90699
-5.21318
-4.88002
-4.39662
-0.649341
-5.95292
-5.63273
-6.29994
-5.94084
-3.90148
-8.48764
-6.59678
-8.22617
-5.89283
-5.22609
-5.20248
-5.38034
-5.05208
-5.17854
-5.30525
-5.15701
-5.00371
-4.90944
-4.85416
-4.92496
-4.90354
-4.78771
-4.76968
-4.31914
-4.53269
-4.2856
-4.48918
-4.33217
-3.6567
-3.38371
-4.09225
-3.87693
-3.80273
-4.15836
-4.44409
46.5144
-16.4506
21.9002
12.786
0.412407
-6.29162
7.56916
-3.12564
-4.11253
-5.77264
-2.46734
-3.24103
-2.88662
-3.13301
-2.45645
-2.63295
-2.45541
-2.65922
-2.93052
-2.59979
-2.63871
-2.83938
-3.55061
-3.05692
-2.83103
-2.91051
-2.84695
-2.91712
-2.85386
-2.88093
-2.83806
-2.83132
-2.93014
-2.84818
-2.89215
-2.87484
-2.9294
-2.85587
-2.8937
-2.88946
-2.91803
-2.93417
-2.91744
-2.89503
-2.8952
-2.88269
-2.88243
-2.69132
-2.6454
-2.70771
-2.72897
-2.68483
-2.72258
-2.76568
-2.38118
-2.3609
-2.28109
-2.33679
-2.31737
-2.30807
-2.36722
-2.77425
-2.64562
-3.1826
-2.93625
-2.82081
-2.81174
-3.14618
-3.94317
-4.11708
-4.18637
-3.86112
-3.43958
-3.8609
-4.12314
-4.50724
-4.16171
-4.10516
-3.69606
-3.41692
-3.80824
-3.57555
-3.98502
-4.1896
-2.53246
-2.85728
-2.45526
-2.4775
-2.70435
-2.54255
-2.4237
2.31557
0.579409
-12.696
-5.09634
-4.23637
-1.24614
1.55809
-19.2515
-18.8749
-4.66132
26.4003
18.5159
23.9749
-20.1914
3.44069
-38.7136
-3.96779
-9.53337
-18.9073
-8.05216
-19.567
-1.83606
-28.9947
4.35278
10.9946
4.61605
1.73052
-4.39974
0.820455
-0.148466
-3.06997
10.7765
3.1211
19.3436
34.1088
8.77137
10.3844
19.042
27.5764
17.5846
15.6747
14.5763
13.5061
6.26535
5.44966
8.14558
2.4694
-0.885457
2.99928
-0.0317427
3.98563
4.04308
3.91257
4.3128
4.16098
4.1741
4.12839
4.14856
3.99519
3.95411
4.05046
4.11506
4.48433
4.41468
4.44032
4.35351
4.43807
4.36891
4.45417
4.24191
4.16893
4.23309
4.41377
4.21023
4.58335
4.46332
4.70145
4.96569
4.83811
4.8711
4.83765
5.0875
5.07726
4.82465
4.52693
4.50196
4.67222
4.72399
10.6074
9.92951
8.083
9.18054
7.97672
6.71659
7.39769
671.926
113.318
494.944
2764.92
1262.75
2191.16
2154.63
1673.57
2651.68
2208.27
1602.83
720.295
1785.91
1368.66
1762.99
1746.83
1095.78
671.523
637.372
483.623
603.548
-81.931
365.278
592.585
3533.74
2352.88
58.6587
116.774
149.415
122.125
191.847
63.8367
71.1483
18.7031
44.4969
119.263
-13.2335
45.2245
45.2682
22.0087
17.5648
16.7309
17.7487
7.00092
6.37232
8.14263
4.6194
4.8409
5.69055
5.01749
5.71686
5.24024
4.38923
7.2145
8.98069
6.76644
5.76138
-4.88491
-4.92697
-4.95382
-4.51256
-4.26147
-4.8842
-4.16837
-4.38877
-5.1128
-4.20191
-5.05178
-5.4389
-3.5196
-4.90718
-3.26579
-3.40988
-3.53083
-4.08479
-3.24061
-3.62063
-3.45571
-4.02953
-3.85315
-3.45272
-4.17222
-3.82323
-3.86865
-4.33391
-2.19178
-2.19783
-2.52093
-2.48619
-2.49781
-2.62373
-2.41543
-2.12088
-2.27467
-2.17275
-2.2539
-2.42892
-2.30953
-2.28653
-2.31856
-2.3315
-2.79201
-2.78343
-2.71898
-2.97435
-2.77019
-2.96402
-2.72458
-2.77956
-2.72053
-2.75257
-2.70196
-2.66519
-2.70816
-2.73889
-2.87546
-2.85701
-2.88976
-2.88173
-2.91822
-2.8699
-2.91513
-2.87904
-2.88137
-2.84855
-2.89558
-2.93459
-2.89395
-2.87585
-2.86009
-2.92703
-2.83703
-2.88265
-2.88148
-2.90994
-2.93092
-2.90813
-2.87391
-2.87837
-2.86359
-2.86322
-2.40522
-2.38612
-2.32456
-2.3805
-2.3484
-2.24516
-2.2897
-2.28043
-2.31112
-2.38738
-2.44939
-2.48905
-2.34243
-2.3307
-2.34623
-2.27837
-2.3651
-2.24162
-2.22291
-2.32615
-2.25087
-3.05816
-2.11297
9.86286
22.7078
6.97955
-18.874
9.92621
-53.4774
-1.93477
-22.0253
23.9838
17.2052
20.7947
11.8339
10.743
-6.85234
-55.5221
14.7202
-1.68805
-4.97454
-20.5977
-7.17739
-1.86022
-6.06054
-21.3653
2.33366
2.38474
-12.7991
-3.18891
-2.67825
-3.29522
-3.37227
-3.41841
-3.32475
-3.22692
1.86933
1.4851
1.78765
1.63988
1.98384
1.16443
1.74808
-5.67034
-2.02673
-3.91877
-2.87906
-0.418907
-0.232343
-2.95377
2.74904
2.8364
2.55086
2.88758
3.71514
3.32071
2.88075
4.25256
4.2919
4.08927
4.10723
3.28523
4.39134
4.08072
3.91958
4.04752
3.92234
4.05786
3.9725
3.93208
3.98539
3.44624
3.42699
3.50694
3.36533
3.54663
3.47218
3.31514
3.85743
3.82286
3.76366
3.66134
3.80051
3.97417
3.96519
4.03153
4.2056
4.11159
4.13266
4.24328
4.39595
4.39221
4.45436
4.41616
4.37033
4.50794
4.44296
4.51338
4.43842
4.52074
4.47124
4.44391
4.48706
4.48675
1261.43
814.87
413.128
393.85
263.843
773.983
-41.9497
154.799
-14.247
55.7729
-615.208
39.5598
439.417
6.36373
180.389
-243.484
-50.2396
190.455
87.9871
-260.928
65.1004
-147.56
64.1403
-162.591
11.2195
16.1094
37.3384
39.551
37.6924
41.3841
49.3032
42.6695
41.7573
41.5709
29.9493
52.7751
23.9835
15.5581
61.7268
49.1487
21.3279
13.0275
53.9341
47.5426
21.1901
70.5875
39.0772
41.142
28.8301
85.1576
94.7301
61.2597
75.6843
28.0619
14.6185
31.2871
25.8076
-4.07071
13.2242
0.49167
28.0581
29.1525
33.3638
23.9715
26.4773
24.885
23.3498
30.2817
30.0699
-1.24739
-0.894845
-1.30829
-1.16003
-1.25579
-1.30214
-1.37079
-1.22377
-1.71558
-1.59884
-1.58886
-1.91146
-1.52224
-1.98182
-2.43926
-2.38729
-2.38668
-2.37479
-2.39892
-2.44328
-2.40441
-2.85614
-2.83056
-2.87292
-2.61119
-2.54862
-2.60081
-2.63131
-2.57533
-2.54139
-2.58889
-2.85363
-2.90576
-2.83566
-2.79951
-2.74492
-2.84929
-2.89733
-2.84413
-2.7987
-2.87602
-2.93116
-2.8734
-2.92955
-2.90296
-2.90791
-2.86035
-2.86534
-2.85155
-2.85012
-2.84956
-2.84307
-2.80857
-2.86489
-2.92572
-2.84875
-2.81778
-2.85924
-2.86419
-2.89113
-2.84024
-2.81676
-2.8892
-2.82836
-2.77152
-2.81868
-2.29874
-2.33553
-2.1977
-2.26143
-2.26312
-2.30745
-2.29359
2.75893
-8.60556
13.0145
2.57098
0.986405
-19.5365
11.5988
-16.5195
-5.40583
0.0270107
-19.504
8.17753
-19.955
-58.5308
7.41843
12.8321
-34.7479
-3.61173
-3.23049
-3.53127
-3.62907
-3.82038
-3.4317
-3.36553
-3.37304
-2.91608
-3.07346
-2.63432
-2.99307
-2.78212
-3.13412
-2.8346
-2.804
-2.60076
-2.50363
-2.36585
-2.67282
-2.83709
-3.50152
-3.12736
-3.44051
-3.94697
-3.66953
-3.489
-3.78312
-3.42438
-3.14784
-3.47269
-3.17769
-3.37045
-3.2471
-2.9639
-4.75109
-4.75334
-4.70164
-4.69519
-4.48673
-4.69558
-4.98088
-3.11077
-2.62066
-3.15236
-3.74374
-3.11962
-3.02981
-3.68489
-0.984974
-1.29502
-1.86587
-2.77463
-2.99454
-1.54353
-1.50586
0.0331734
-1.03915
-1.73134
-0.942175
-1.98638
-1.92613
-1.63679
-0.914039
1.4704
0.923998
0.727918
-0.0830892
2.11585
2.28171
2.42577
2.64736
2.42411
2.08812
2.2804
2.2668
2.44129
2.37764
2.73767
2.39332
2.24043
2.29675
2.38665
2.56696
2.30784
2.16069
2.84742
2.97812
2.84366
2.9183
2.70699
2.9646
2.83535
2.92451
2.94294
2.81779
3.09905
3.04438
2.99084
3.05444
3.42539
3.56826
3.53243
3.36687
3.58302
3.40355
3.30149
3.60656
3.62742
3.54337
3.63678
3.55065
3.60812
3.61289
3.6478
3.60069
3.66898
3.76062
3.62083
3.63121
3.59026
10.2119
8.85145
19.3618
7.54713
6.34644
9.3529
8.33485
-264.977
-2.37659
-88.4521
116.17
-23.765
50.8082
50.661
-39.7416
146.697
77.7186
185.473
53.1911
62.2564
56.4087
-177.118
13.2376
-101.677
104.086
41.7156
18.3793
29.9175
73.8139
28.3884
95.0534
-43.8198
-112.88
16.2794
-12.8425
28.8046
-10.6115
23.2455
-81.8962
-3.52903
38.6182
5.02777
5.41464
5.58045
2.91692
4.60254
4.87963
5.43871
2.52139
2.38935
3.55307
1.94752
-1.00414
1.32679
2.76341
3.88485
3.29029
2.18768
3.96191
2.61926
2.08061
-0.581063
0.786105
2.41625
2.85413
3.89125
4.01463
3.45671
2.75274
3.58213
4.38918
4.03848
3.23665
-18.5999
-12.1139
-14.8032
-25.8088
-18.2599
-20.6997
-18.8165
-15.7735
-25.5681
17.8839
4.56929
4.26718
34.614
10.3432
174.949
180.156
252.167
164.1
142.992
154.842
192.151
201.121
294.269
345.216
348.509
265.27
241.728
307.467
147.978
140.365
153.086
198.736
148.576
130.153
203.215
127.945
204.117
178.082
223.741
217.086
162.961
205.608
200.2
148.218
227.05
270.368
218.652
47.3125
95.238
96.2811
70.7417
65.1794
86.0197
123.114
47.2387
76.5368
69.8754
89.4328
85.9199
149.528
184.727
131.56
189.854
173.104
131.477
156.283
74.3031
206.077
7.89881
61.6409
141.54
218.793
68.0152
-1.33431
19.659
26.7523
12.8137
81.4231
11.2375
51.5484
-14.1583
-198.266
7.18597
294.07
105.01
-27.3155
-140.743
1370.92
1413.28
1319.04
455.904
964.171
1254.43
389.225
437.133
573.769
607.536
516.581
85.1044
349.275
181.317
249.471
379.466
784.922
475.954
572.064
705.18
-27.0383
-34.4836
-17.6812
-22.8642
-18.8889
-21.4572
-22.8656
-24.8752
-33.1656
-21.7462
-24.5408
-21.2472
-24.6221
-18.0674
-36.6594
-10.0938
14.2906
-19.1063
41.2717
4.37194
-8.10977
5.9453
5.57954
5.4172
5.26975
5.31431
5.30726
5.49699
6.0916
5.87401
5.73023
5.894
5.54945
5.29145
5.32834
6.3661
6.23244
6.29736
6.23591
6.26414
5.83286
5.7194
6.46334
6.09255
5.58096
5.77904
5.98458
5.43533
5.17353
5.64052
5.7094
14.519
14.4634
-15.1804
4.49212
-7.18488
4.9882
1.05763
5.28982
0.925935
5.5712
7.7676
-13.6438
11.6569
4.99983
6.97096
6.30389
-1.11703
8.94431
-5.80598
5.28545
1.79337
4.76385
7.44808
3.43062
1.07726
1.68248
0.484657
-0.484588
-1.91184
-1.48739
-1.97122
-1.22406
-1.00909
-1.23336
-1.26346
-1.28499
-1.15146
-1.22345
-1.32035
-1.29494
-1.3526
-1.3286
-1.38315
-1.42584
-1.22094
-2.41468
-2.41786
-2.5097
-2.41272
-2.43318
-2.41536
-2.46393
-2.29036
-2.42417
-2.41723
-2.39601
-2.37189
-2.36656
-2.40992
-2.28359
-2.33014
-2.31085
-2.31605
-2.33029
-2.28219
-2.30766
-2.30017
-2.23803
-2.25958
-2.24427
-2.29517
-2.31414
-2.26374
-2.33419
-2.26005
-2.33704
-2.32055
-2.40297
-2.50326
-2.40838
-2.50492
-2.52602
-2.48322
-2.38765
-2.45747
-2.78705
-2.82041
-2.77986
-2.68013
-2.74852
-2.75402
-2.69796
-2.92758
-2.86598
-2.8517
-3.07167
-2.67011
-2.73306
-2.95062
-3.69809
-2.96834
-3.1672
-2.82338
-2.76879
-2.79246
-2.99546
-3.04581
-4.31357
-3.31059
-2.85656
-3.25681
-2.97325
-2.7686
-6.6888
-5.87184
-5.32269
-3.27588
-3.60349
-3.41189
-3.44211
-3.99379
-3.51727
-3.29143
12.8656
-17.6748
21.1857
-0.473777
-0.413712
5.09102
-20.9942
-7.11374
-54.3161
-9.44601
2.74519
13.2794
16.2418
6.31878
1.54536
-34.4505
-2.19544
-1.50088
-2.15048
-2.25971
-2.29929
-2.38961
-2.15297
-2.18613
-2.26581
-19.6877
-8.82778
-6.91195
-1.16383
-5.91634
-3.91
-14.5634
-3.30183
-3.67375
-3.29869
-2.8823
-3.13767
-3.43492
-3.5475
-2.72523
-2.88759
-2.63111
-2.58618
-3.0367
-2.44603
-2.65232
-4.42546
-4.59212
-4.61966
-4.74843
-4.84877
-4.49503
-4.237
-3.81812
-3.69806
-3.93201
-3.46581
-4.25344
-4.40102
-4.59703
-4.91493
-3.99952
-4.02718
-4.08463
-4.29737
-5.40501
-5.03971
-5.29486
-5.38389
-5.13556
-5.05435
-5.36169
-5.2115
-5.01853
-4.94349
-4.86649
-5.04765
-5.0643
-5.28069
-3.85599
-4.16874
-4.39302
-3.31886
-3.67808
-4.96186
-5.15846
-5.07283
-4.93839
-5.05597
-5.34696
-5.05489
-4.99561
-5.00537
-4.77819
-5.02916
-4.97508
-4.89181
-4.83262
-2.1205
-2.46689
-2.66934
-1.92772
-1.79331
-2.09258
-2.23053
-0.802421
-0.712638
-0.549815
-0.279313
-0.389681
-0.485041
-0.587488
-0.791813
-0.886116
-1.85736
-1.47394
-1.27566
-1.65238
-0.820578
-1.23117
-1.87588
0.339485
0.00436098
0.170743
0.374871
0.64334
0.309242
0.200404
-0.147616
0.132869
-0.114212
-0.147017
0.142926
0.608669
0.885022
1.0656
0.921348
1.19807
1.37064
1.16781
2.74322
2.66655
2.65226
2.55764
2.66028
2.6175
2.71137
2.67914
2.6321
2.59668
2.72276
2.78169
2.69049
2.80203
3.24528
3.22122
3.08476
2.99888
3.06026
3.06544
3.09488
2.99193
3.14448
3.18037
3.25217
3.1565
3.33016
3.2512
3.19411
3.23335
3.25469
3.16612
2.94356
3.32472
3.4899
3.456
3.5735
3.50038
3.55814
3.52796
19.3693
17.6919
19.9225
8.29528
8.18534
6.62152
3.92418
74.1506
-107.122
-59.2728
211.306
51.9762
140.738
-57.1058
45.6952
-79.1798
53.5431
-23.9532
87.4796
1.18221
55.2074
-57.6207
4.6884
166.344
33.6134
-17.991
-22.0491
-39.7672
38.5925
156.101
37.1137
44.39
63.5101
247.162
320.637
220.773
272.138
273.079
355.637
232.008
215.061
255.948
244.017
360.689
274.131
297.547
249.342
225.687
395.604
333.471
361.287
265.082
246.794
230.541
216.3
343.365
201.356
249.662
326.394
385.728
89.204
216.816
158.576
54.7909
64.7329
93.6628
371.933
191.4
57.6093
194.493
154.555
98.3146
150.411
380.211
164.579
411.66
150.75
141.526
-275.399
0.872482
-38.0288
-4.81697
-8.06402
0.608207
0.479155
5.23077
-8.94723
27.0939
83.6252
43.9139
224.144
18.2188
104.469
185.25
200.352
215.582
340.359
220.097
-127.852
15.351
24.3043
137.79
-152.25
-32.1841
10.3315
8.99464
-21.2343
11.2151
14.9313
23.0295
-9.08883
-1.62051
4.57893
58.5949
6.24566
-5.51695
27.5129
10.6159
-2.24325
-11.154
2.05581
-7.679
-9.65618
-6.30269
-6.17835
-9.6769
-10.4496
-6.9323
0.416887
2.21354
3.28568
4.12756
2.85135
3.3047
2.44594
4.31723
1.75608
2.37836
5.49222
5.75389
5.57713
5.68415
5.57893
5.66903
5.49176
6.88981
7.0149
6.88149
6.86717
6.83412
6.98633
6.92151
6.90992
6.79992
6.85776
7.07798
6.95683
6.84918
6.92209
7.18227
7.08501
7.14851
7.23728
7.15833
7.05097
6.90248
6.71146
6.69235
6.96194
6.34346
6.48025
7.20009
7.26983
7.58683
7.20572
6.93735
7.76145
7.51403
5.74225
7.56698
7.34295
6.39183
6.81149
3.763
6.83284
5.86859
24.9221
16.0074
8.03557
5.98274
6.02066
-2.03277
-0.124915
-0.101068
-0.20628
-0.229697
0.0661851
-0.124026
-0.216908
-1.66671
-1.473
-1.70435
-1.36536
-1.30463
-1.5806
-1.63379
-1.17607
-1.38208
-1.01928
-1.64319
-1.64996
-1.48631
-1.48977
-2.52365
-2.3397
-2.45949
-2.19557
-2.16354
-2.39041
-2.44232
-2.98584
-3.29089
-3.37865
-3.15616
-3.49941
-3.39875
-3.09388
-4.76769
-4.43456
-4.59519
-4.55431
-5.00098
-4.28073
-4.66539
-2.28026
-2.57496
-2.6824
-2.44565
-2.59028
-2.49006
-2.22591
-2.16815
-2.15736
-2.17141
-2.09284
-2.24229
-2.19918
-2.14504
-2.27611
-2.12989
-2.13996
-2.37771
-2.09822
-2.07783
-2.07447
-2.46901
-2.38401
-2.11964
-2.35984
-2.31504
-2.19219
-2.26794
-2.30207
-2.33035
-5.36744
-5.13123
-5.48339
-16.3781
-95.778
-40.4102
-21.6163
-49.659
-39.8979
-102.583
-84.0654
-41.9642
1086.66
1493.18
1315.67
1248.46
1314.25
1309.84
1323.12
1329.58
1297.76
1172.12
1237.97
1269.54
1257.82
1299.08
1250.46
1267.19
1304.74
1047.69
1297.94
1439.46
1291.7
955.073
-28.2728
-1.21286
-28.2415
-32.4135
-44.7432
-41.0108
-13.4628
-22.9702
-19.4289
-6.98193
-123.231
-9.20582
-49.9203
-4.51667
-4.17568
-4.14742
-4.88031
0.0388136
-2.39399
-4.0389
-185.331
-192.039
-131.579
-186.404
-209.25
-86.1144
-114.329
-40.6631
-19.9129
-13.2417
-12.7996
-14.7902
-28.9386
0.128404
-2.97935
-2.97157
-2.82327
-245.738
-176.807
-222.694
-503.783
-520.533
-493.392
-494.307
-468.857
-495.039
-503.942
-479.422
-484.923
-470.831
-486.793
-487.449
-478.543
-465.401
-487.169
-502.243
-485.208
-467.657
-446.426
-511.194
-525.997
-516.303
-474.569
-504.963
-500.679
-527.088
-506.982
-494.458
-491.144
-514.291
-503.496
-495.359
-497.828
-496.673
-470.911
-488.026
-489.053
-508.683
-532.33
-517.41
-517.195
-506.275
-500.23
-446.233
38.6793
-8.23245
-31.4639
-39.3757
-20.9468
-65.7531
-32.5164
-153.438
-90.8369
-92.8503
-107.557
-125.715
-75.3615
-110.288
-149.854
-122.935
-3.73243
-3.87508
-3.93173
-3.90294
-1.77634
-2.00604
-3.59906
-220.614
-174.598
-212.745
-124.658
-170.57
-142.201
-204.473
-111.671
-125.765
-188.839
-3.04765
-3.56289
-3.27665
-36.4297
-36.1669
-30.9895
-57.2357
-14.269
-64.2188
-24.0865
-24.5668
-58.6748
1269.08
1519.13
1595.42
1370.35
1539.73
1459.3
1444.49
1495.9
1438.82
1466.99
1632.9
1482.32
1334.67
1561.6
1594.18
-37.6442
-39.2036
-27.5926
-67.7313
-12.0062
-33.8696
-3.75514
-3.72014
-3.4948
-2.99691
-2.81722
-3.5938
-3.62826
-3.41117
-3.27138
-3.3616
-3.31357
-3.32742
18.3777
-0.433107
-5.51651
-6.21999
-2.00347
-1.02327
-4.59344
-6.70699
5.50928
5.75478
5.69484
6.02655
-1.0713
-1.26039
-1.02747
-0.893957
-3.61472
-3.66543
-3.25904
-3.32783
0.963915
1.28519
1.20307
0.841245
-1.5694
-1.42647
-1.24975
-1.19807
0.00166496
-0.157667
1.94102
1.2694
-18.9522
-19.0642
-17.7637
-18.5474
1.48598
1.71804
1.59756
1.74534
-7.14882
-6.59751
-10.0527
-10.2312
-9.86526
-11.2646
-6.79992
-7.62667
6.73788
6.29216
6.44452
-0.0598822
0.239696
0.0338758
0.328433
3.34231
3.16557
3.72
2.73164
2.02353
2.25448
2.04363
2.24879
-15.7422
-14.6089
-18.2038
-16.8737
-14.7731
-12.9484
-13.0298
-10.5968
-1.04844
-0.734402
-1.00473
-0.721734
7.99991
7.98241
10.3398
10.4771
-0.587385
-0.441165
-0.820116
-0.570123
-2.90466
-2.84668
-2.90484
-2.87997
3.77984
3.66921
3.79716
3.72381
4.42067
4.49144
4.58957
4.74034
-2.13568
-1.92136
-2.23932
-2.04029
-4.0303
-2.63004
-4.87697
0.919904
-0.286941
-0.63827
0.0685549
-0.0639112
6.12347
6.28152
7.02577
8.11471
-4.10538
-3.91041
-3.86573
-3.66723
-2.84518
-3.04034
-2.5994
-4.4804
-4.35512
-4.80541
-4.50511
4.35078
4.13775
3.97375
3.89909
10.6264
12.3668
8.95195
11.3504
-3.61119
-3.51666
-3.62482
-3.37537
4.76894
4.66493
5.6738
5.4552
8.73857
8.35582
12.2674
16.8095
72.6501
60.8809
39.029
30.648
-2.12841
-2.17713
-2.10169
-2.10253
-2.43637
-2.43552
-2.56372
-2.54975
-2.73086
-2.86978
-2.51609
-2.64099
-2.81959
-3.47715
-4.72867
-4.69356
49.6096
19.5611
-6.80618
-26.416
20.4986
-11.8688
-2.44785
-13.5676
-2.37812
-2.30901
-2.34391
-2.33871
-2.41607
-2.47689
-2.68578
10.4152
11.5287
3.63174
3.64071
3.67436
3.7883
4.2941
4.3713
-2.75163
-2.83399
-2.85008
0.0929129
-0.247488
-0.357576
-0.187194
3.55114
3.61933
3.61927
10.6385
4.61999
0.742022
-5.41729
2.09551
-4.25244
-20.66
-15.9069
-21.8037
-21.0291
-18.0004
-5.04314
-4.69114
-2.97097
-2.96408
-3.75077
-3.07005
-4.33042
-3.3677
-2.80364
-2.76843
3.65116
-0.937306
-13.3378
-2.44592
-3.81365
-3.72137
107.545
-10.5634
-5.59729
2.52741
-1.24425
5.1431
0.239838
71.0028
2.67747
217.574
-1.80222
-2.30068
2.88453
10.8234
0.614391
-0.333816
-3.2574
7.45773
-3.63239
4.37035
-2.24609
-4.25508
-1.92124
-2.38408
-3.36047
-3.40856
-2.92819
-4.21936
184.445
6.02117
0.409344
-3.13255
719.035
-1.42003
857.257
-0.703365
487.033
177.943
127.763
-3.28458
-200.95
585.918
207.871
36.3822
173.964
29.0432
21.697
4.24804
15.6762
22.4387
13.4575
46.8097
69.539
24.2131
18.7138
170.645
195.716
6.42962
113.298
105.487
62.5304
152.147
-3.20825
13.7513
19.2312
-2.58004
3.9558
6.48586
47.2428
11.4943
-2.33127
55.9482
15.067
48.4708
32.2729
5.24489
-1.08577
12.5637
23.4273
5.03853
4.02692
-5.38658
51.4322
6.49022
16.5768
6.57461
6.2601
50.2598
8.55328
3.61846
3.41415
21.9774
87.931
7.75311
3.099
3.38008
3.70975
4.02428
3.41247
3.33608
3.4223
3.12187
3.96601
108.291
4.26833
0.685566
3.79678
3.64099
3.71459
3.12898
3.27113
3.34869
3.46947
79.8516
4.09612
3.86365
3.89736
3.95219
3.92992
3.48098
3.23336
-16.8996
-5.36954
3.60322
-2.20769
6.57709
290.741
5.1313
4.66399
5.64652
8.43706
5.88541
1.00951
5.10919
5.10125
4.76599
4.49999
4.06738
4.61982
-5.13309
14.655
18.9332
-7.26945
17.0057
-2.63242
4.45592
35.1541
3.18424
4.721
-12.4072
-2.78411
2.93947
3.66797
1.63406
2.99547
4.0981
1.98747
18.4574
6.97422
10.114
4.02918
2.81941
-4.57233
3.71436
3.40948
-4.44045
16.7575
-2.96403
-15.87
5.18223
6.51532
8.60456
4.61465
4.92211
48.5049
4.3234
4.94605
5.63867
3.95586
3.96568
3.94932
3.92699
4.02874
3.31022
3.25133
3.39541
-2.32688
14.0366
3.88849
14.6651
-3.26355
4.43149
4.5192
4.04055
6.30708
23.1794
4.43006
-2.71449
4.52539
4.19393
4.51083
4.27413
69.7323
227.778
4.41287
4.34923
54.2701
4.74636
4.5393
4.25666
5.25336
5.70928
5.49335
7.4066
-14.5854
4.15229
-2.17192
4.1942
-5.54317
5.04018
4.76449
4.31085
4.54026
-3.79989
-2.37957
-0.349637
4.41992
4.56098
3.42734
8.02187
4.72466
8.47873
7.87922
5.56447
4.84325
5.86663
-2.50336
5.03962
5.33581
8.23189
9.38802
29.5839
580.641
353.617
175.32
16.7926
210.546
4.17415
16.694
33.4125
3.59526
44.8183
5.69924
2.50901
2.9867
-14.5725
96.2265
6.61531
64.097
15.1979
68.0433
11.0897
71.4381
476.676
799.075
6.26828
181.912
2.97032
6.67321
2.59454
0.678044
0.939412
1.39859
1.17809
1.81583
-6.02105
2.53898
2.57744
1.09974
0.856199
1.84411
2.74541
2.09847
1.47689
2.28413
1.57204
-2.43384
1.16813
2.84057
2.75044
1.58929
0.915365
11.7436
2.65802
2.04361
1.80985
1.77784
2.18227
3.10525
3.84014
3.17612
0.858391
3.38462
10.4126
1.6108
3.80095
-2.88992
7.35859
3.78886
-4.90823
4.71173
3.88232
1.56936
37.3318
4.39011
3.75661
-2.28185
2.93538
3.19851
3.59663
3.83056
-5.53564
4.20113
130.589
57.2556
9.40528
24.0444
3.80776
3.34325
0.271034
2.12918
3.658
3.48117
3.55391
2.63451
12.2254
-2.70301
3.73009
-2.69958
-3.15123
-2.4995
612.905
74.4296
1226.58
-2.62201
33.9869
-2.83881
3.72212
26.6437
2.31304
95.4317
3.87792
12.0112
-5.61385
6.16363
3.91597
4.36869
4.23546
1.66399
3.92856
3.58379
3.45505
4.02893
3.3274
5.34671
4.10768
3.32256
2.87572
-1.01559
4.41645
3.62107
3.77306
-4.82585
2.58645
3.48999
3.82947
3.97852
2.08923
3.22105
4.02489
3.06213
2.08751
5.32724
2.7103
2.43526
8.43761
1.74467
3.00544
4.16647
-3.14175
50.2017
1.96301
-3.87458
-17.1924
-2.56558
0.939917
1.09019
0.0585503
0.442678
-0.444196
1.75302
-4.1413
2.19118
-2.54815
3.22766
1.37024
2.21592
6.24974
-1.88154
0.413647
-4.64718
-1.47596
-3.28156
3.60274
-0.200322
-0.437066
0.980828
1.70773
-0.837319
-0.73897
-1.24614
-1.70573
5.1468
-1.44857
-2.74601
-3.12078
4.53035
4.9868
4.37821
4.32175
-2.67677
-3.21214
-6.004
-2.27235
4.03722
3.79903
4.74333
4.17482
-4.19372
-28.5888
3.40065
3.91762
5.08192
4.1707
2.50133
3.55236
3.40449
3.73342
-13.395
-1.0883
4.27406
9.16597
3.26615
-0.342301
48.055
201.233
66.1506
3.64103
29.4614
-11.8348
-2.45701
-0.952644
5.32914
3.99135
13.1581
74.3711
23.8934
30.281
42.202
68.1704
1.96558
-2.6916
4.83161
3.50151
47.2613
3.28174
2.3812
73.9052
-3.87697
69.1401
-1.08275
6.6813
-2.64543
16.4334
51.5348
70.7118
44.8678
35.7185
64.8854
237.023
35.5286
5.00824
54.5413
28.9483
50.8943
4.87151
55.8843
-1.66079
10.9222
3.0842
45.8623
27.2776
69.7761
46.166
4.35205
5.31966
0.748628
1.4734
-0.0553939
-0.672675
-0.169474
502.221
4.09491
0.0882041
-2.08196
-1.44004
-0.393982
-0.174026
0.90777
69.7513
-11.4829
12.1657
-1.03586
4.73933
4.4469
7.37281
1.57096
22.2722
9.35943
-24.8801
-23.1631
-1.57768
-0.421036
0.162299
0.0237986
5.64667
138.682
-4.77081
-19.8456
8.2307
-4.89506
17.9669
29.7576
-2.4405
-1.30798
-1.59599
-1.1588
-0.402561
-1.40535
-3.53104
2.41446
-3.48407
-2.81949
-11.8251
-0.0941798
2.83213
-3.35838
-2.29687
-4.247
-2.99558
21.176
-2.63498
-3.47015
-24.7984
138.711
-5.94265
46.6227
-4.24937
-1.07215
-2.67695
-2.045
-2.38203
-2.17846
-2.32651
-2.07008
-2.10444
-2.19157
72.3948
-3.45038
-6.0815
-21.826
-2.98683
6.63166
-26.049
-2.1672
-2.24349
-2.20088
-2.39283
-2.35477
-3.54942
107.671
-3.01216
-2.32777
-2.21171
-4.63929
-2.84041
-3.30729
-2.58249
-2.48677
-2.24515
-2.31309
-4.09214
-3.39582
-2.67151
-3.34522
-2.39519
-2.27199
-2.28616
-2.2055
-2.1638
-4.91141
-2.29932
-2.29113
-2.34612
-4.27171
-3.95805
-4.47381
-3.07442
-2.80946
-3.20296
-2.49922
-3.08589
2.25064
7.40902
17.0764
-3.33969
3.49072
-2.46431
-0.865376
-4.0129
-4.29186
-1.16299
-5.01729
-3.20865
-5.16748
-2.38853
-2.80952
-4.46915
3.93513
-2.81481
271.03
-2.75463
-5.57033
-2.54322
-3.81712
-3.81965
-5.42651
-2.41677
333.067
94.8662
-14.266
-4.89061
-4.99009
-2.49873
-2.27153
-2.80021
-4.79797
2.83028
-4.99061
-2.18978
-3.0556
-3.79706
-2.22727
-2.29389
-2.59254
-2.21103
-2.51776
0.107047
4.03611
-3.2976
-3.36262
6.73238
-2.12784
-2.18227
3.66101
9.79341
-3.38324
-12.5822
-14.4142
-2.77833
-2.23332
-2.25208
-2.06702
-2.11503
-2.58363
-2.3724
3.91815
-2.16693
-4.17055
-2.19529
-2.10043
-5.39334
-2.29452
-2.30689
-2.23934
-2.32208
-2.16632
-2.17224
-2.37325
-2.45828
5.74555
137.574
-2.40689
-2.55081
-2.89868
-3.30145
-2.64057
6.70388
-2.36364
-3.63043
-2.89438
-2.51114
-2.81812
-2.19197
-2.79453
-2.83214
11.9847
-2.82056
-1.43549
-2.56701
3.87066
-8.02831
-2.84476
-2.6584
-2.47896
-2.50458
-2.62509
-1.78584
-2.80233
-2.70077
-2.58045
-2.30076
1.29783
-2.70366
-2.38164
-2.79742
-2.0891
2.71122
-2.38128
-2.43764
-2.39941
-2.45318
-2.51469
-2.38249
-2.33717
-2.32697
-2.49812
-2.66731
5.96868
-2.31971
-2.64955
4.31268
-1.14441
-2.52858
-4.07957
-2.14443
-2.59726
-3.39969
-2.24044
-2.55598
-2.64645
-2.44284
429.869
4.05365
-3.9753
-2.65915
20.1909
-14.5077
-2.38585
240.097
218.76
-2.29178
-1.49367
-2.73636
-2.69958
-2.79652
2.22108
-2.48211
-2.85276
-82.9093
-2.80207
-2.19414
-3.91441
-0.14554
4.34834
24.0392
-107.932
-5.99811
-1.66223
-4.55571
-1.11617
-1.1749
-1.7796
-0.573196
-0.550219
-0.201461
-2.9222
-5.00918
-0.225413
0.212815
2.85823
2.76227
0.443539
-1.26056
-2.63219
-2.73588
-2.06547
-2.49854
-3.75145
-1.77378
-1.88714
-2.32259
-2.25907
-2.11456
-2.57894
-2.56145
-2.3988
-2.25675
-2.25424
-2.51418
-2.26509
-2.41987
-1.89326
3.85316
-2.28611
-2.05917
-2.26557
-3.09523
-3.45263
-2.28186
-2.20691
-1.34444
-3.73032
-2.37037
-2.53776
-1.9159
-1.44336
-1.46459
-1.38105
-2.45225
-1.3938
25.2461
-2.816
-2.32434
-2.03463
70.7083
-1.25964
-8.28392
-2.56136
-5.2925
-0.987584
-3.44385
-2.56206
-1.80906
-2.41136
6.81227
-4.06916
-1.20955
-1.29711
-4.16343
55.4079
-0.394048
-1.60986
-0.420144
-5.24697
-1.42308
-1.23821
9.87405
-0.374696
-1.05504
-0.613254
0.40696
-1.38592
-2.95524
6.99743
-0.928647
-4.40073
-0.299885
-0.396497
-1.40985
8.98999
3.47371
0.826476
-2.02842
0.590783
157.377
0.89326
-1.83101
100.748
-2.00399
-1.98873
-1.29597
-0.770543
-1.16712
-2.42672
-11.9166
-7.89499
1.13271
-1.48415
0.752135
-4.09718
-1.99857
-1.00721
-1.33316
18.5141
3.09514
-25.9476
-2.71479
11.5505
-3.67651
-3.52601
-4.86928
-1.68987
4.07767
-4.0011
-3.07261
-2.64286
-2.07166
-2.584
1.67579
-13.9885
-5.22579
-0.653566
-2.98072
-2.39648
-0.638607
5.17251
-4.9715
1.90043
9.09736
-2.15327
2.45587
2.45496
-2.39412
-4.72177
-5.15845
-0.594009
-1.92027
-2.53425
-2.27237
3.27147
-2.23277
-3.34256
-4.12023
0.860509
-3.53539
-0.731434
-1.35522
-3.30842
0.0804957
-2.91134
-0.430948
-1.44397
-3.6853
-2.28109
-3.16735
-4.38081
-5.77344
-4.19394
10.9405
-4.89095
-2.43737
-4.52133
-4.39214
-3.62756
-1.86932
1.60778
-0.498952
-3.0575
-4.85288
-3.26107
4.27174
-4.8767
-3.36764
-3.93634
-4.99834
-5.03801
-4.55804
-5.47582
-5.77615
-5.25724
-3.81291
-1.43188
-3.68098
-3.33682
-4.36567
-3.68349
1.43464
-3.66973
-4.24462
-3.32733
-5.75455
23.9132
-3.87268
-3.82397
4.23989
8.11059
-7.72241
-4.64098
-5.82059
-6.47526
-6.27123
-4.87152
-5.70423
-3.42054
-4.21909
-7.93471
-7.16871
-4.98419
-4.48589
-4.25892
-5.39336
-5.16827
-5.0472
-3.41199
-5.12509
-4.15633
8.57205
8.29129
-4.06343
-0.979256
-5.70415
-5.31174
-5.7661
-1.34683
-359.36
-5.279
-2.59483
1.59668
-2.6049
-3.61754
-1.55654
85.7065
3.96026
-1.55632
-2.96183
-3.19365
-3.12896
-4.04822
-4.31347
-3.23063
-3.41749
-3.05691
-4.51144
-3.93738
-3.4822
-5.06693
-3.63305
-2.63311
25.0064
89.1555
-1.33416
357.025
5.9662
1.78795
-5.41958
6.9867
1.01248
-22.8451
3.36122
-3.86703
-5.18272
-3.25593
8.74487
-3.45985
-4.671
17.0352
-2.45087
-1.71339
3.37499
-0.908753
-33.7712
9.78977
-2.52938
-3.70535
-7.9134
-12.7877
-2.88205
-3.32926
2.3044
3.4749
-2.56304
82.4011
-4.10713
-4.88142
-6.85189
-3.09531
-3.10784
43.5799
-3.72414
-3.07794
-3.54164
-2.90075
-3.04712
-2.98202
3.90623
-3.22761
-2.9766
-18.2957
-18.4844
-2.95536
-3.06663
-3.0606
-3.043
3.65666
-3.02975
-3.24796
5.87347
-3.04575
-33.9139
-3.10737
-3.00461
-3.81466
-159.875
-2.89079
-2.8543
-267.785
-2.95514
-2.74474
-2.50628
-2.43981
-1.17156
-2.97044
-2.94246
186.938
-2.86285
-4.71568
8.87387
-2.68796
-2.77452
-2.89904
-2.91939
-2.77772
9.8356
-2.67216
-3.02193
-2.9026
-6.90974
-3.31986
-2.7626
-3.06551
-2.69103
-2.61695
-2.11926
-2.89624
-2.13227
-3.73115
6.0158
-2.49637
-2.33882
-2.20312
-3.08262
-2.80283
-3.31097
-2.68615
-2.12311
-2.26282
-2.78317
76.4956
-3.62019
6.8644
-7.10342
-5.44342
17.3822
-11.744
-2.48921
-15.6941
-2.207
-5.15754
-2.72562
-8.52187
28.9207
-3.02384
-10.2404
-2.63333
-2.27239
-3.04697
-2.45321
-3.443
16.8152
-2.6843
3.77029
-18.8874
-18.6231
-6.75115
-17.0646
-19.2964
-3.38664
-14.5657
-12.9473
-13.0952
-14.5474
-13.7499
-11.1495
-12.6069
-12.0496
-14.1819
-14.9831
-11.3861
9.98034
-6.07228
-4.90524
-10.384
-18.1502
-2.67599
-10.3694
-17.5134
-9.34775
-15.7893
-5.53669
-9.5024
-8.55059
-5.86398
-6.65117
-3.67133
-4.87737
-6.14187
-6.6323
252.168
-4.03102
-4.06927
0.873617
73.2603
-5.03686
-12.1286
-9.94224
-6.21574
-14.0621
-12.3924
5.67808
-12.445
-9.34744
-7.66449
-18.9695
-2.18706
-15.4385
-3.30617
-16.3323
-16.1096
-13.4249
-3.56824
-3.99761
-11.1708
-21.1641
-2.8446
-0.880769
-2.94244
14.9003
-2.27206
-12.3168
-3.12625
3.67718
0.965007
3.45634
-10.9344
-2.44921
-2.40865
5.31067
-2.96399
-2.14826
-2.56583
2.88609
-1.80845
0.125172
-2.5477
47.5199
-3.01152
-2.86592
-8.7526
-7.16044
-8.27146
-4.6506
-12.0369
-7.24883
-6.55676
-4.78187
-11.6788
-7.96498
-6.53161
-2.19769
2.13921
-14.5858
1.28755
-2.24905
-0.668752
-3.89129
2.45701
27.4825
-1.26815
-1.8986
-4.21026
0.423116
55.6429
3.4688
18.1903
29.3822
30.3591
8.05228
25.3784
45.4716
4.48535
80.1269
116.62
11.0081
37.1298
28.1184
3.24443
2.67396
-24.0073
11.8481
14.1253
-4.28996
-4.56078
-2.24544
-1.07462
0.23599
8.22764
10.8514
-2.76083
12.3509
-4.31456
26.0924
-4.23362
-14.0271
-4.10394
1.73836
4.04206
-2.82985
-2.07059
-6.03169
2.06991
-0.991643
-2.53324
-3.18028
-2.64598
-4.39797
-5.19648
10.7456
11.1946
5.94083
-4.1305
6.44889
9.57729
2.08323
1.13608
0.695342
0.368969
0.295006
0.238222
11.7848
1.9591
120.987
-3.54766
-4.82016
-1.24505
-2.02149
5.86339
-4.07518
-4.82097
0.69756
5.4297
5.47859
5.62069
5.30362
5.57173
4.44525
6.42844
-2.39964
4.20373
3.27228
-2.89525
3.87731
10.3257
-0.680782
-0.256911
3.09217
5.7072
6.7882
7.99127
7.94205
6.93118
7.28803
7.57121
9.72493
12.2398
7.06451
5.90087
1.41737
24.3322
45.7281
-5.40687
-0.41923
78.4425
110.092
129.254
45.6891
29.9772
37.7913
8.86217
5.03536
6.80747
123.47
-2.59814
4.36679
31.5706
3.25519
1.18118
12.9221
9.01341
9.4702
154.587
-2.22446
0.909474
10.5294
4.50919
26.2431
27.3152
42.3066
7.21389
25.7812
6.1379
116.355
5.50154
4.27096
5.25478
283.881
0.838823
277.362
59.3596
234.436
275.413
-4.35691
27.2704
7.13097
-0.124033
101.77
-13.1921
6.77209
-8.61977
7.51977
16.2398
-15.3296
-1.05567
24.1359
-23.1566
-22.2867
-20.8978
-19.8407
25.7307
38.1869
-16.7597
-2.01971
-17.3024
-19.1212
125.112
31.2671
183.765
346.791
-24.5617
-23.7701
337.411
-26.3067
9.04138
1585.09
839.041
1158.99
52.894
4.42525
247.681
-18.8388
4.82038
-16.0188
6.23747
-7.65698
-17.8775
131.196
-16.226
-7.14814
-16.868
-24.8513
-12.0289
238.303
-16.5957
-24.6731
35.4129
287.101
-16.5841
-14.5324
-18.2656
-21.3257
-17.9402
-18.2887
5.37231
4.92054
7.10721
-2.49445
28.2131
-9.45474
-26.9261
-11.7336
0.433858
-4.93031
-15.3021
6.23645
-5.93532
-8.91249
11.5413
5.39723
-2.92716
1.3668
5.33039
73.0282
-1.8001
13.8602
20.8296
-11.8415
56.1306
15.1448
6.80034
6.48985
9.77107
7.23174
100.92
-19.8593
3.48569
-3.12008
1.83708
-23.7716
6.58937
8.50862
6.62919
5.27563
6.29003
-13.9762
6.91045
6.31458
6.30686
6.35897
6.31623
6.27107
-1.08721
-17.1539
5.92396
5.91973
6.04142
5.85705
4.43357
6.15232
6.28682
6.22014
6.11362
5.97209
6.18361
5.28177
6.35578
6.06886
6.47808
6.40889
6.41489
6.34493
5.66436
6.11803
6.44157
6.0998
6.18219
6.67187
6.63156
6.17678
6.44937
6.47887
6.63687
-4.84579
4.78744
15.9389
53.4339
6.10268
6.33857
5.7304
5.59457
5.08733
6.20067
-4.34136
5.69147
5.09705
6.37744
16.9878
6.53804
5.6617
7.02754
31.9345
6.68213
3.19461
51.1218
3.97651
4.89424
5.95622
1.88809
-6.27756
59.959
9.66246
-1.91604
5.71299
12.2319
4.98172
7.46312
6.34707
0.140132
8.00553
8.02505
12.7168
6.61189
6.65759
69.5948
7.12134
7.04409
24.5357
19.7919
40.7353
1943.09
-2.76443
3.16954
492.622
605.9
16.8511
313.294
8.5631
41.2687
14.3114
27.9066
-1.32653
-2.32222
13.5645
6.40816
6.78368
6.73447
6.83175
6.86753
-15.307
6.29029
7.03634
6.95293
6.99867
6.91623
7.02115
-2.02135
6.61262
6.73097
5.28931
7.21948
6.96063
6.6751
6.63747
6.60588
7.58992
7.40902
8.07208
6.92633
6.93682
8.44575
6.52075
6.92437
6.34156
93.1218
3.58133
5.10737
234.817
6.97075
20.1658
2.29884
3.21554
31.4177
3.7375
56.4161
-5.54751
3.49671
11.513
4.83593
7.905
3.59833
-13.4573
185.05
-2.86997
6.87222
6.55627
4.72566
10.6049
-2.54454
4.56571
5.88502
5.66038
1.97223
4.41096
8.9502
11.0724
8.33967
3.37089
6.53561
9.70705
3.12485
8.13759
8.29782
7.85108
3.32259
2.51161
3.33985
5.61105
6.93622
5.29239
7.21963
5.25012
7.49459
-2.95702
-4.76154
-3.39723
1.96888
2.53579
5.49904
4.51451
4.33783
10.0423
-8.01322
0.853674
3.8163
4.59751
-4.83086
10.941
5.29063
3.97677
4.53429
4.38767
6.3938
5.09963
4.04035
-2.36915
-0.32532
6.80113
5.65711
-4.24927
5.41598
4.431
4.32403
5.83275
3.60214
2.26971
-2.40429
-2.15967
5.54471
5.67141
6.43709
4.94455
5.98626
-3.32968
-3.31911
-2.71723
-10.7784
-1.13893
0.0713711
-0.308963
-0.871419
7.47638
-1.87243
-3.30064
6.25733
0.944934
9.6107
-2.8529
1.35831
4.59383
2.51587
4.52444
0.246574
3.38473
56.0951
23.2042
2.99831
1.87451
6.10484
2.56572
2.13281
1.9576
2.5762
3.70267
17.8917
26.3965
4.76523
5.58831
4.30857
5.9771
7.38346
13.0398
10.3101
6.7608
6.83211
517.976
-14.2291
6.54203
6.71741
6.56904
-0.722776
-3.02513
6.52429
-3.95651
0.662468
0.647841
-2.13601
-15.462
1.72934
5.98742
5.41575
4.44494
2.42219
1.25773
-2.4712
6.17776
-9.53147
4.381
3.81018
-2.29379
3.52096
6.32608
29.3852
2.86333
5.41757
2.10618
-6.0379
5.98576
3.60937
5.59097
6.37854
3.50439
7.48884
-7.2311
-4.12409
-2.82317
2.52745
-0.0509065
4.07563
-4.05774
-0.840209
-5.88968
5.45771
-4.22464
4.49749
-0.230749
5.30208
5.69726
-4.21289
4.74391
0.348198
6.21973
5.19564
4.74695
-0.299789
7.35371
6.84275
3.8767
3.97992
-0.725053
3.94781
6.05585
0.146727
24.1947
10.3779
-20.8576
16.1969
8.49604
5.81347
12.529
-10.3031
6.3802
-4.91536
6.49833
1.6915
209.506
0.389694
6.56758
1798.71
2.89014
6.88992
11.053
8.87945
18.3302
37.7428
6.98729
10.5377
15.7915
7.53598
4.07359
31.2466
-298.29
6.34874
32.3969
6.85472
7.69271
4.83958
6.51813
9.33097
5.4354
6.36304
42.3841
6.61709
6.41791
7.16377
6.59508
-2.38237
6.14926
3.95092
-2.25902
6.45172
6.01159
5.61034
5.62491
6.19559
-2.32142
-24.0553
6.56976
6.21718
4.46375
6.04288
5.97257
6.62774
3.97781
5.82018
72.865
-22.0345
-2.19466
4.49084
16.2559
6.42368
5.11818
5.98554
-3.10142
6.52915
6.55312
6.49045
5.71625
-4.97537
8.01535
-27.2562
1.45095
8.79464
5.533
5.70958
-26.4518
-4.08825
-0.664738
-23.9311
-24.3784
151.619
-23.0234
-14.1762
26.1496
7.12671
6.6787
-1.60572
26.6164
-21.0759
77.0668
5.19224
203.955
1.83215
416.084
128.984
-4.08522
147.128
-4.99123
-4.25583
107.854
5.28579
7.74937
249.82
73.0858
4.29497
37.3198
169.43
204.633
90.2375
5.40461
-37.8644
122.722
7.98235
27.7703
-26.1705
1.8396
5.07199
4.63278
40.2813
6.40877
1.84534
9.52063
6.30584
5.06806
0.53864
6.15323
-0.921375
5.34873
6.4699
5.21488
2.17107
-14.3719
5.47869
-2.36592
-3.47663
11.6504
-0.897229
3.96624
48.2886
-3.8119
-2.08588
21.0065
4.52719
7.81689
20.3373
77.4467
222.018
-4.58428
6.46828
12.3056
-2.07767
21.2564
1.06856
6.53892
85.0413
3.97209
-6.06155
-5.46174
-6.17648
-1.47706
-10.2967
-0.888526
-5.32123
-3.20853
-3.59864
518.031
-3.25441
4.45502
2.07687
-2.15802
0.714373
3.93768
-2.71477
3.94919
-4.46978
-12.8313
4.88992
-2.08736
1.67021
5.12599
-13.6138
-2.27722
3.97116
-3.01233
10.3869
6.64912
-3.28217
15.3812
6.8138
3.63469
8.48241
956.029
-2.69097
-4.35109
-1.49415
68.2136
-2.54246
3.99255
-0.456541
75.9054
-18.9513
-2.85232
-3.86732
7.71757
-2.29372
-15.4169
96.4656
4.02447
-4.36918
-2.3049
5.09609
0.89367
-1.52657
-2.55892
-13.4815
-2.86749
-2.29234
-4.7554
-2.34549
-2.49193
-2.31923
-0.182218
-2.52834
3.45687
-1.02799
-3.84229
-0.454353
-3.70708
4.52133
-3.84503
-2.41008
-18.8582
-0.88238
0.516357
-2.2934
-3.31232
-1.15398
3.81156
-3.05677
-5.49197
1.17868
-3.74378
-2.81498
5.11924
-3.38133
-2.26419
-1.38604
-1.13946
-60.4715
-2.26513
-2.24284
-2.42264
-2.62233
-6.04718
-10.6868
1.05691
-3.70937
2.35695
-1.25771
-2.51706
-4.32484
-2.29496
-49.929
-4.46479
-1.19391
-3.10479
-3.61665
-2.42632
-2.55399
-2.30123
-2.42304
-2.63114
5.2583
-226.359
2.9938
-1.52598
-2.58275
-1.31719
3.99764
-1.83978
25.2094
-4.02024
-2.52044
-4.60064
-3.3468
-1.94688
-6.91391
-2.77352
-2.36554
-2.76955
-4.69144
-2.80199
-2.30109
-2.13747
-2.56954
-2.27403
-2.64545
-2.16418
13.3223
-2.63341
-14.175
-3.76501
-2.7178
-4.26671
-4.65235
5.31354
-2.57249
-2.41451
-261.342
-12.099
-3.92936
-5.21631
-4.67723
-3.83753
-0.844559
-4.47846
4.73774
-4.09225
-2.29387
-4.23326
2.29015
-4.77309
-2.85349
-2.24596
-5.0211
-4.24924
-2.98379
-2.41161
-0.0338629
-2.46191
-21.8425
-2.33041
-4.63429
-5.19731
-7.89453
-16.1817
-2.16532
-6.13376
-7.60742
-1.7041
893.571
0.436621
3.94909
-7.62856
2.71479
-2.00489
-2.78142
11.2965
-2.40984
-2.86397
-5.04966
-0.292552
-2.80826
-3.20205
133.623
-2.41913
-6.73799
-1.71998
-3.84092
3.89145
9.09093
3.38131
2.05845
15.9518
0.233302
2.20701
-2.49777
42.8445
-3.42361
4.36815
24.613
-2.35275
169.323
8.55613
4.46969
-3.15491
55.8439
-2.36818
-1.24358
-3.61642
46.3044
-2.7242
-2.16617
52.0342
61.3071
4.71345
58.8604
60.7942
4.95527
48.863
-2.35073
5.10244
4.03102
9.06494
1.56126
6.11642
3.3356
-9.19858
7.41888
-3.49343
1.92794
15.004
12.1748
3.34395
-3.93115
-0.450936
0.410645
-2.35704
-6.72785
2.95103
2.81801
2.92251
0.722702
-2.71347
4.97189
-4.94687
-0.10651
2.47666
1.27314
0.640421
-3.72237
1.60022
2.19943
-4.03145
-3.2917
2.4455
-2.53257
4.39963
-3.3828
-3.24412
4.67577
1.17793
0.339901
2.8487
3.91323
4.17362
-16.9991
2.48887
3.79688
-380.22
5.27132
5.10037
-1.95168
14.8639
-0.164406
-2.4791
-2.55714
-3.02389
1364.32
10.1187
5.80333
98.0942
12.6636
3.21543
290.5
-3.15095
6.4872
877.514
7.59555
5.90769
6.52547
728.355
-0.247117
-4.03157
6.63483
7.3027
-2.78797
3.30582
16.7109
0.0788606
5.57026
5.6367
5.9665
3.82879
3.89031
4.32383
3.30311
-10.0276
4.73204
-2.66035
6.87155
3.67668
-48.3154
5.7011
8.57776
8.8136
5.47685
3.1327
5.6453
44.4035
350.554
4.44334
90.5105
13.4546
13.1785
3.86397
3.93491
-5.33726
3.83761
4.28349
23.81
-2.68311
22.5215
6.70972
3.36132
3.81402
5.45783
47.0449
3.53863
-12.0665
3.41985
-2.23742
4.41399
-3.33349
3.19801
-5.0659
57.272
-2.45189
3.36125
3.57028
-2.3653
15.2893
66.9253
-4.86806
12.1989
1.76557
-8.8812
30.2673
5.36714
-10.5985
-6.41883
-1.31801
6.58352
59.2488
4.00277
453.095
7.78244
-2.14479
73.4845
9.70921
3.80549
127.123
25.2358
-9.95265
-2.96435
68.9649
3.2213
7.16554
6.2788
9.90723
-2.60265
3.58789
322.655
-5.0729
9.85508
5.71564
-6.26914
5.14317
35.8592
5.11272
-2.16651
3.80844
6.63656
1.63892
3.79047
3.23175
3.32253
3.63489
-4.90864
-2.31634
-0.234232
19.7155
-0.56195
24.7651
-2.87236
-3.30142
-3.28455
-0.609528
-2.7214
-2.61928
7.12391
-4.40074
-3.55285
-1.79992
3.49758
-6.239
5.35412
-3.50749
11.8667
-2.71717
4.60964
2.70468
-3.45533
-6.32381
26.1366
5.87827
-3.23189
-8.03461
-3.62379
-2.86629
5.1388
-6.23351
-3.40916
-3.91241
3.84416
5.9469
-2.97197
-8.10888
42.0167
-5.3957
-5.574
-2.74104
12.6871
6.49562
6.55124
-2.82482
-3.26803
-3.2882
-3.89054
6.26775
0.893962
-16.4241
-3.87711
-2.98379
5.62866
4.62008
-3.66214
-4.50117
1.50339
4.19313
1.19024
2.12892
-9.33703
-4.50708
-5.19085
3.63554
-2.104
-3.67912
0.479348
-2.98236
3.88928
19.1583
34.4775
-2.79467
-26.8201
1.2268
6.61054
6.66509
-4.31018
3.25348
-3.18567
-5.46107
-8.19265
29.0657
-10.285
157.617
-2.61049
-2.56031
5.81458
0.438018
-4.5677
90.7848
-3.95046
11.9105
-3.16111
-8.4169
5.25557
-4.86394
7.40319
4.40929
-5.46187
-5.20188
-2.83001
2.29881
-2.28652
-388.368
-7.22668
0.856263
2.13911
-3.30501
74.624
-0.335241
227.485
-2.98751
1.30007
-2.65816
440.868
3.56034
2.2077
6.14651
-4.39396
63.3464
-1.0784
-7.13201
4.21758
1.69204
31.9203
9.69347
-3.23833
155.892
28.2078
502.657
1.92834
-1.80151
-6.4814
6.82097
5.68655
-2.71514
-7.24583
3.80202
41.2332
-1.91016
3.13308
-2.23794
7.13903
-5.03987
-6.32689
-2.25161
6.18385
-2.97125
0.976835
-3.88389
-3.54445
)
;

boundaryField
{
    FrontBackPlanes
    {
        type            symmetry;
    }
    wallz
    {
        type            calculated;
        value           nonuniform List<scalar> 
97
(
-363.249
-314.425
-395.877
-241.579
1222.93
930.311
462.774
408.029
1095.89
0.187462
-2.24121
-11.5665
211.543
127.935
304.977
369.458
-16.6321
131.678
-5.67083
17.1249
-12.4106
103.967
140.38
186.959
122.745
-3.13847
47.1012
2.91069
11.5425
-10.266
16.6238
75.4222
33.1303
48.7435
177.68
-11.2267
19.9107
32.0358
17.1632
-6.85758
1233.52
-144.434
92.7523
24.5608
-19.567
10.7891
1793.94
642.946
3538.62
16.7881
7.43249
15.2685
-4.97456
447.309
93.292
15.8337
39.5897
77.2948
13.0144
11.8962
69.7419
108.508
33.4626
224.835
94.9243
1368.52
1253.31
-6.76858
16.2418
-102.911
144.626
44.4521
331.507
218.51
98.3146
148.323
-277.546
217.853
27.1921
1.85993
1275.47
1441.84
-28.6251
-243.302
-489.304
-504.326
-107.614
1487.31
1596.32
-37.7947
223.708
-190.393
14.9739
507.287
367.581
-34.6687
-1.75843
)
;
    }
    outlet1
    {
        type            calculated;
        value           nonuniform List<scalar> 
31
(
-4.83506
-2.943
-2.943
-9.6959
-5.61801
-4.03019
-2.99172
-2.95147
-2.94325
-2.94302
-2.94382
-2.95034
-2.943
-2.943
-2.943
-2.943
-2.943
-2.943
-2.943
-2.943
-2.943
-2.943
-2.94303
-2.94305
-2.943
-2.943
-6.83354
-130.93
-2.943
-2.943
-70.6235
)
;
    }
    inlet1
    {
        type            calculated;
        value           nonuniform List<scalar> 2(-530.912 -537.245);
    }
}


// ************************************************************************* //
