/*--------------------------------*- C++ -*----------------------------------*\
| =========                 |                                                 |
| \\      /  F ield         | OpenFOAM: The Open Source CFD Toolbox           |
|  \\    /   O peration     | Version:  v2012                                 |
|   \\  /    A nd           | Website:  www.openfoam.com                      |
|    \\/     M anipulation  |                                                 |
\*---------------------------------------------------------------------------*/
FoamFile
{
    version     2.0;
    format      ascii;
    class       volScalarField;
    location    "0.1";
    object      p;
}
// * * * * * * * * * * * * * * * * * * * * * * * * * * * * * * * * * * * * * //

dimensions      [1 -1 -2 0 0 0 0];


internalField   nonuniform List<scalar> 
6576
(
-604.003
-663.205
-623.131
-617.384
-602.011
-567.282
-609.717
-598.989
-583.805
-598.396
-534.502
-547.809
-557.842
-554.714
-528.814
-530.999
-626.891
-573.52
-547.389
-463.736
-605.664
-539.405
-543.735
-693.783
-470.652
-383.261
-219.538
-621.284
-671.12
-670.614
-624.772
-687.791
-581.475
-447.908
-440.589
-419.18
-484.636
-442.531
-498.409
-468.969
-556.748
-625.62
-525.212
32.9364
6.81213
44.8455
15.0047
29.2408
72.0198
47.2794
21.8556
46.7497
-2.91147
-2.9146
-2.9328
-2.87241
-2.8804
-2.90029
-2.89054
-2.91244
-2.87509
-2.86049
-2.83716
-2.87641
-2.91184
-2.86922
-2.59261
-2.63672
-2.66695
-2.6812
-2.64028
-2.73621
-2.68868
-1.23004
-0.604768
-0.159632
-0.843757
-1.01863
-0.649316
-0.326371
-1.55714
-1.64189
-1.01312
-1.14651
-1.48068
-1.57599
-1.30568
2.21433
2.15777
2.03858
2.05295
1.88167
2.13075
1.98648
55.3718
46.6274
84.3578
10.6187
31.2552
56.8
28.7837
185.557
159.003
151.457
159.233
186.055
138.4
165.421
165.738
153.493
193.014
140.175
167.133
167.648
-2.88327
-2.89833
-2.85998
-2.9243
-2.85517
-2.83681
-2.89499
-38.5584
-38.2462
-283.153
-244.657
-222.347
-23.8001
17.6567
-2.6806
-3.227
-3.00545
-3.70867
-3.3486
-3.89155
-3.58414
0.381202
0.35916
0.347479
0.446318
0.449764
0.421741
0.410614
0.317634
0.36544
0.321139
0.46959
0.450468
0.401842
0.404738
0.130934
0.125792
0.033833
0.197195
0.109898
0.061113
0.147914
0.257434
0.247851
0.368638
0.310846
0.311703
0.49711
0.46782
0.43492
0.420906
0.113386
-0.0199769
0.11919
0.193675
0.0829488
0.016304
0.140865
0.288934
0.269904
0.435761
0.346499
0.351417
0.562001
0.61277
0.505866
0.487185
0.120254
0.0114256
0.62861
0.472664
0.44674
1.22647
1.16255
1.03042
1.03632
-2.57376
-1.97936
-3.7994
-1.25175
-0.856045
-1.90766
-0.836009
-1.9714
-2.68177
-1.66653
-1.26441
0.179639
-1.13935
-1.78047
-5.34462
-6.33416
-4.69962
-2.94825
-6.62488
-7.10329
-4.32596
-3.23464
-2.75351
-4.06744
-2.90675
-3.85827
-3.22389
-2.44097
-4.59752
-4.71369
-5.23426
-4.00631
-3.81396
-4.13396
-4.50721
-3.06867
-3.85718
-3.27176
-3.76792
-2.9643
-2.87697
-3.56636
-1.01452
-0.850739
-1.06262
-1.79106
-1.0933
-1.14306
-1.43871
-0.453369
-0.516647
-0.270875
-0.54002
-0.835487
-0.389607
-0.596279
-0.218856
-0.10144
-0.246399
-0.378962
-0.14568
-0.34082
-0.146385
-0.119526
-0.278999
-0.0778912
-0.0137747
-0.116417
0.0383585
-0.0916489
0.0214777
-0.0812795
-0.0537699
-0.0712556
-0.00338998
0.0156172
-0.0427911
-0.0371484
0.0211815
186.911
159.959
153.831
173.85
146.887
114.453
141.553
126.863
154.481
48.2174
81.2619
51.1123
51.6307
28.2141
38.2266
20.0077
0.499938
0.464397
0.557444
0.64251
0.532486
0.536069
0.566335
0.575943
0.518553
94.469
53.5003
64.6368
0.719958
1.08509
0.462581
1.34592
0.322298
0.0125517
0.367369
-0.767563
-0.765881
-0.695265
-0.727956
-0.735623
-0.669386
-0.66742
3.1177
-0.328257
-1.16807
-1.13277
0.439692
0.0970178
0.456065
0.23311
0.135221
-1.44441
-1.5117
-1.4142
-1.36399
-1.32771
-1.40882
-1.34903
0.541294
0.380084
0.303941
0.194703
0.325319
0.539786
0.194188
0.000974627
0.322791
0.390377
-0.231704
0.0144393
0.175112
0.0473963
0.173102
0.179912
0.408662
0.296865
0.117044
0.0679302
0.299518
0.176665
-0.439585
-0.252188
-0.0387868
189.208
189.591
199.822
162.948
162.86
173.41
173.28
188.268
187.607
200.893
173.931
160.833
114.394
140.945
154.687
168.938
27.6596
3.63278
42.5952
53.4778
83.7088
28.6319
57.1679
0.610166
0.122851
2.08591
2.62112
3.42459
1.64217
0.791777
-1.11279
-1.02672
-0.875572
-1.21851
-0.936665
-1.18946
-0.937039
-0.90555
-1.1434
-2.79435
-2.93951
-3.30846
-3.49131
-3.13225
-3.10059
-2.84565
-3.08187
-4.24442
-3.5005
-4.81658
-4.89968
-4.68741
-4.55874
-3.877
-3.63109
11.938
-9.77451
8.52829
7.34152
3.35563
-0.356253
8.78664
2.09335
-1.10882
-8.89129
17.1807
-4.61206
14.6864
20.6416
-0.970466
-0.950067
-1.09095
-0.925955
-1.015
-0.992185
-1.10429
-1.23115
-1.29365
-1.34715
-1.31686
-1.25384
-1.3347
-1.40656
-1.09883
-1.09504
-1.20642
-1.14123
-1.0655
-1.1187
-1.21307
-1.16191
-1.26014
-1.14773
-1.13526
-1.21947
-1.11707
-1.03668
-1.1474
-1.07096
-1.50013
-1.58729
-1.48801
-1.5053
-1.45092
-1.58576
-1.50974
-1.76587
-1.63694
-1.72875
-1.75972
-1.85475
-1.69289
-1.76792
-1.77778
-1.80944
-1.89953
-1.7322
-1.65339
-1.72827
-1.79729
-2.44175
-2.39821
-2.30406
-2.44768
-2.53816
-2.44433
-2.34895
-2.0354
-2.10659
-2.12579
-2.1141
-2.19361
-2.23614
-2.1545
-2.5971
-2.44867
-2.49551
-2.06397
-2.10298
-1.95154
-2.86996
-2.78528
-2.79321
-2.79577
-2.87286
-2.82001
-2.75647
-2.78241
-2.80519
-2.88035
-2.64568
-2.73208
-2.71952
-2.78709
-2.84392
-2.9201
-2.76299
-2.77549
-2.65099
-2.73134
-2.87703
-2.7979
-2.83609
-2.75513
-2.69038
-2.776
-2.92315
-2.87694
-2.86358
-2.84077
-2.79748
-2.76615
-2.64734
-2.73444
-2.82354
-2.87458
-2.88615
-2.9237
-2.80444
-2.79453
-2.83679
-2.8359
-2.13559
-2.0798
-1.99029
-2.16732
-2.2708
-2.1227
-2.21885
-2.12452
-2.03668
-1.73262
-1.61618
-1.79416
-1.84749
-1.96343
-1.7338
-1.83259
-1.89023
-2.01315
-1.86059
-1.84315
-1.95119
-2.04067
-1.89459
-1.31148
-1.37941
-1.39798
-1.40564
-1.57401
-1.55079
-1.4326
-0.227365
-0.0498003
-0.0334809
-0.44012
-0.358404
0.137939
0.29563
0.0781936
0.211548
-0.0748457
0.313611
0.0995286
0.654147
0.804566
0.823128
0.828794
1.01913
0.850698
0.687043
1.57504
1.71808
1.74978
1.96761
1.81412
1.91787
1.9303
-0.830586
-0.86154
-0.842657
-0.86669
-0.878684
-0.864131
-0.835792
-0.978198
-0.952437
-0.952066
-0.995361
-1.00642
-0.994191
-0.993886
-0.966601
-0.969217
-1.09227
-1.09333
-1.07699
-1.07407
-1.06705
-1.06162
-1.04756
-0.511654
-0.536905
-0.581655
-0.606697
-0.631391
-0.576628
-0.554811
-0.521775
-0.567763
-0.51667
-0.485815
-0.531213
-0.455053
-0.504011
-0.420598
-0.451518
-0.48477
-0.532687
-0.503457
-0.459341
-0.486672
-0.0188961
-0.0604452
-0.00320445
0.0172598
-0.0207972
0.0514785
0.0112375
0.166007
0.204767
0.156216
0.145645
0.100906
0.218796
0.176159
0.187586
0.142289
0.10532
0.14879
0.167471
0.208215
0.170549
0.169577
0.130247
0.144929
0.106377
0.343523
0.372282
0.320729
0.330947
0.282799
0.308601
0.342816
0.282091
0.32037
0.266319
0.33035
0.370511
0.330116
0.32682
0.285098
0.262628
0.491262
0.515851
0.472007
0.468953
0.416768
0.44952
0.535535
0.510397
0.571775
0.562137
0.642714
0.340682
0.23768
0.260472
0.231527
0.216858
0.354866
0.327401
0.598906
0.537709
0.529057
0.385819
0.629378
0.432759
3.10801
0.4812
0.333089
0.633238
0.406851
0.62997
0.524921
-0.221516
0.43311
-0.0244503
-0.272324
-0.0823842
-0.0877163
0.358417
86.7233
58.545
48.1062
34.7387
7.2213
32.2943
61.14
155.952
142.751
169.633
114.234
139.461
152.703
187.477
161.25
161.268
135.329
161.953
188.101
153.859
161.915
188.29
140.667
112.945
167.41
140.719
173.989
200.197
173.972
187.576
187.743
198.046
161.139
161.256
183.91
183.833
157.532
157.612
190.803
190.839
201.37
164.735
164.61
175.066
149.085
168.93
155.942
142.695
190.561
164.185
156.395
190.726
164.261
143.36
169.845
139.426
112.935
151.553
164.826
138.396
111.519
138.784
33.0125
49.1865
15.1235
86.7448
58.3567
33.9222
58.6263
31.9825
7.85513
45.7562
54.3867
85.6288
27.9047
54.8813
1.03022
0.992924
0.772137
0.91715
0.944696
0.80435
0.885395
0.69266
0.689114
0.614182
0.704603
0.686161
0.654739
0.698164
0.780575
0.692728
0.796814
0.670732
0.7562
0.82137
0.868605
0.367023
0.626597
0.587104
0.777719
0.833928
0.639753
0.761162
0.627356
0.444362
-0.247974
-0.0384831
0.0579766
0.241027
0.178587
0.207744
0.0956678
0.049723
-0.129263
-4.47843
-4.01578
-4.32687
-4.81394
-4.48711
-3.96192
-4.06952
0.566866
0.522687
0.567807
0.449403
0.443837
0.494773
0.495518
0.685668
0.757771
0.73291
0.657681
0.734533
0.755508
0.677374
0.451162
0.315858
0.364874
0.410876
0.307414
-0.480093
-0.470757
-0.580909
-0.469179
-0.37547
-0.420128
-0.504193
-0.641373
-0.560879
-0.547934
-0.601542
-0.532466
-0.578535
-0.655802
-0.584754
-0.518576
-0.617259
-0.582664
-0.642422
-0.714086
-0.63943
-0.883078
-0.771138
-0.84842
-0.885498
-0.963406
-0.830959
-0.888343
-0.87941
-0.910895
-0.999547
-0.778166
-0.850225
-0.845873
-0.912988
-1.28074
-1.15198
-1.15823
-1.15546
-1.06489
-1.08386
-1.14405
-1.19544
-1.04328
-1.14988
-1.17855
-1.11063
-1.05756
-1.46872
-1.59217
-1.46753
-1.42355
-1.35741
-1.51334
-1.34623
-1.4236
-1.79855
-1.76202
-1.88343
-1.73021
-1.77774
-1.64209
-1.90136
-1.81301
-1.72814
-1.80335
-2.57204
-2.48411
-2.44963
-2.39575
-2.30791
-2.39769
-2.47128
-2.4411
-2.48458
-2.5738
-2.40169
-2.31034
-2.40489
-2.48073
-2.78513
-2.82007
-2.74329
-2.40454
-2.46259
-2.31649
-2.58209
-2.49577
-2.40615
-2.47953
-2.79947
-2.8362
-2.91781
-2.76382
-2.83215
-2.82816
-2.82617
-2.91762
-2.83228
-2.8507
-2.81974
-2.78487
-2.89895
-2.89844
-2.93244
-2.83739
-2.82392
-2.86499
-2.86124
-2.91156
-2.84251
-2.87012
-2.91512
-2.84661
-2.8584
-2.91563
-2.54595
-2.49236
-2.61436
-2.68933
-2.72267
-2.60665
-2.56864
-2.66656
-2.70706
-1.90933
-1.94343
-1.73341
-2.1728
-1.96573
-1.87147
-2.02642
-1.59335
-1.92514
-1.58513
-1.93668
-3.00364
-2.08448
-2.59758
0.774698
0.582796
1.06079
0.662488
0.937878
1.07833
1.91518
1.36315
0.914475
1.03861
1.89145
1.22826
1.84948
2.08411
1.86126
2.05875
1.58152
1.88325
1.73728
1.97427
1.92819
-0.864717
-0.874712
-0.921028
-0.894272
-0.901225
-0.971134
-0.977839
-0.95163
-0.945656
-1.08878
-1.08713
-1.06241
-1.06328
-1.09021
-1.07733
-1.05911
-1.05655
-1.05636
-1.05455
-1.04735
-1.0364
-1.04463
-1.05411
-1.01019
-0.99523
-1.01374
-1.00836
-0.997472
-1.01865
-1.00479
-0.998585
-1.01443
-0.885163
-0.907255
-0.864137
-0.932076
-0.920951
-0.889859
-0.905372
-0.252113
-0.280445
-0.289902
-0.319091
-0.282529
-0.337205
-0.301071
-0.13593
-0.117005
-0.0841534
-0.134569
-0.170972
-0.182449
-0.143804
-0.152581
-0.116645
-0.191406
-0.143775
-0.0992221
-0.14001
-0.138844
-0.176848
-0.198215
-0.0258593
0.0261435
0.0241897
0.0167816
0.0697904
0.0403575
0.0798821
-0.0522297
0.0264263
-0.0067965
0.175527
0.235696
0.196558
0.3258
0.385829
0.346748
0.519412
0.302476
0.670929
0.369419
-0.341124
0.251197
0.31662
168.838
155.426
142.376
161.629
148.479
134.855
135.904
108.835
109.469
135.214
200.215
173.777
173.843
189.587
189.782
200.292
163.546
163.568
174.108
174.048
169.263
156.496
143.352
191.371
165.08
157.257
170.778
144.163
165.092
191.669
171.123
197.423
158.125
171.52
144.751
171.171
15.1657
33.4387
51.8277
60.2561
88.8825
61.8163
37.2845
32.2578
8.3326
47.0794
57.7294
85.2406
32.101
58.339
2.115
2.12117
2.45175
2.25285
2.24669
2.72741
2.92926
1.53026
1.26182
1.43029
1.68268
1.99828
1.52333
1.68726
8.23346
-10.6643
-6.46842
7.76431
1.04146
15.7709
6.62413
34.0023
3.06684
-9.97844
-6.94987
-13.4421
9.33974
-0.984532
-3.38496
-25.8288
-11.3173
1.76776
12.8335
0.542373
1.3958
-0.143473
-0.914965
-1.03584
-0.729638
-0.999982
-1.21478
-0.939673
-0.93395
-1.60723
-1.01704
-0.543183
-0.217256
-0.517112
-1.06287
0.367197
0.398204
0.396478
0.285912
0.305698
0.333002
0.315824
-0.00194748
0.00841249
-0.0758824
0.00395917
0.0759449
0.0451312
-0.0227509
-0.0657687
-0.145558
-0.0776561
-0.109344
-0.0552672
-0.157544
-0.09002
-0.188049
-0.118471
-0.116358
-0.145526
-0.0942147
-0.132356
-0.194375
-0.215505
-0.141873
-0.148109
-0.165319
-0.117318
-0.220219
-0.163443
-0.455387
-0.384759
-0.36083
-0.417921
-0.356212
-0.310498
-0.265366
-0.29538
-0.34595
-0.14881
-0.0479199
-0.111473
-0.147568
-0.207989
-0.0949548
-0.143127
-0.134605
-0.159664
-0.22613
-0.111366
-0.0572119
-0.10913
-0.160868
-0.361658
-0.287517
-0.361123
-0.361825
-0.428694
-0.473769
-0.400048
-0.693814
-0.616814
-0.622458
-0.517464
-0.586681
-0.558569
-0.621757
-0.362945
-0.265959
-0.332027
-0.719331
-0.616966
-0.650381
-0.995611
-0.919062
-0.895253
-1.28369
-1.18844
-1.16586
-1.12096
-1.19529
-1.04966
-1.12977
-1.14323
-1.18091
-1.26334
-1.09802
-1.0314
-1.57133
-1.49699
-1.46982
-1.42758
-1.34185
-1.42278
-1.49328
-1.09904
-0.999457
-1.07855
-1.13033
-1.04417
-0.998928
-1.07392
-1.56867
-1.45191
-1.48843
-1.47365
-1.4143
-1.49075
-1.56876
-2.12586
-2.16483
-2.26452
-2.07121
-1.99234
-2.61372
-2.53792
-2.50881
-2.60604
-2.53899
-2.52475
-2.46504
-2.00809
-2.06731
-2.17636
-2.21265
-2.12985
-2.09859
-2.034
-2.54522
-2.63358
-2.54938
-2.55509
-2.64574
-2.59883
-2.51373
-2.82322
-2.77893
-2.83582
-2.84533
-2.92133
-2.86251
-2.77561
-2.84308
-2.83049
-2.75699
-2.86004
-2.93733
-2.79669
-2.95149
-2.9793
-2.96003
-2.9463
-2.95062
-2.90037
-2.91795
-2.93547
-2.9428
-2.94336
-2.9383
-2.96875
-3.00465
-2.98592
-2.91802
-2.92846
-2.90449
-2.99001
-2.96974
-2.9521
-3.08939
-3.04313
-3.09622
-3.0442
-3.03989
-3.09616
-3.06792
-3.14657
-3.07809
-3.06677
-3.19019
-3.05271
-3.15299
-3.13635
-3.05998
-3.12694
-3.19345
-3.15433
-4.25436
-3.65335
-3.92025
-3.56169
-3.83181
-3.46329
-3.84771
-1.25313
-1.11269
-1.17371
-1.27321
-1.28795
-1.33583
-1.27151
-1.1622
-1.10088
-1.10876
-1.17681
-1.11364
-1.14176
-1.10619
-1.30997
-1.29148
-1.38044
-1.34994
-1.45414
-1.36654
-1.44659
-1.18501
-1.24018
-1.1775
-1.29568
-1.3023
-1.26949
-1.27175
-1.21106
-1.21265
-1.11762
-1.0752
-1.11754
-1.15427
-1.09605
-1.07021
-1.12182
-1.17926
-1.22825
-1.17534
-1.2586
-1.25583
-1.20356
-1.20314
-1.189
-1.17471
-1.21394
-1.25242
-1.2563
-1.23235
-1.23883
-1.19679
-1.20154
-1.27226
-1.31038
-1.26711
-1.24924
-1.28781
-1.2557
-1.29441
-1.30483
-1.26393
-1.15329
-1.19882
-1.16404
-1.19746
-1.20898
-1.16174
-1.17342
-1.07223
-1.05659
-1.02508
-1.08187
-1.10826
-1.08027
-1.05336
-1.08355
-1.07081
-1.11136
-1.02426
-1.0544
-1.08193
-1.05439
-0.827883
-0.81362
-0.77883
-0.840256
-0.874341
-0.841319
-0.809405
-0.878386
-0.843426
-0.821415
-0.844707
-0.873722
-0.811045
-0.841591
-0.710856
-0.748386
-0.701117
-0.681853
-0.645832
-0.676563
-0.709837
-0.388897
-0.417521
-0.421223
-0.387667
-0.417776
-0.437209
-0.406731
-0.516801
-0.558529
-0.559564
-0.622247
-0.581005
-0.558238
-0.597992
-0.370515
-0.419029
-0.417972
-0.477678
-0.373
-0.43632
-0.225903
-0.264754
-0.280311
-0.26605
-0.2296
-0.288203
-0.303027
-0.341445
-0.265348
-0.299999
-0.0768234
-0.11241
-0.134389
0.731587
0.4065
0.628339
0.349102
0.22652
0.63696
0.511437
162.396
149.283
135.501
136.794
109.926
109.508
136.051
201.068
174.634
174.713
190.822
191.383
202.106
165.924
165.103
176.407
177.019
170.277
158.021
144.149
54.2478
67.0177
39.6058
14.0587
38.3307
39.7695
16.9886
52.3569
33.0747
8.63998
38.3038
63.6909
37.8762
13.5738
-1.91649
-2.83185
-2.5632
-1.04117
-1.45654
-1.86228
-1.64939
-1.93941
-6.43796
19.8511
13.5233
19.1191
6.06596
-11.7039
-0.710254
-4.37865
41.5235
4.95356
-3.79639
-6.62659
-98.6882
-37.141
-53.3752
-2.207
-1.19403
-2.37388
-3.74203
-3.15646
-1.98256
-3.82223
-1.32005
0.438471
-1.0866
0.00169589
-0.142356
-0.226313
-0.763449
-0.532143
-0.491749
-0.610924
-0.0485917
-2.30237
-1.46668
-1.29173
-1.65481
-1.04213
-1.19255
-0.6012
0.318017
0.256674
0.31353
0.246758
0.299485
0.286055
0.332198
0.28012
0.221545
0.283443
0.217259
0.266368
0.259121
0.304066
0.192603
0.274404
0.249457
0.280326
0.322396
0.275749
0.223489
0.0183331
0.0717079
0.0738143
0.128562
0.0743679
0.103482
0.15195
0.279865
0.337266
0.278598
0.286426
0.331745
0.0125503
0.0742063
0.0734435
0.0636514
0.00547401
0.348827
0.278656
0.348252
0.30989
0.261588
-0.00267096
0.0709708
0.0895905
0.0396883
-0.0140201
-0.149001
-0.22626
-0.165606
-0.352748
-0.450699
-0.369062
-0.268362
-0.32643
-0.0212309
-0.080892
-0.0938492
-0.11382
-0.0524789
-0.0764774
-0.0203601
-0.594817
-0.514757
-0.571018
-0.480309
-0.550365
-0.476339
-0.54398
-0.382888
-0.299551
-0.305664
-0.323282
-0.394564
-0.344068
-0.281126
-0.939054
-0.850468
-0.827953
-0.71206
-0.790803
-0.784639
-0.859191
-1.39441
-1.52434
-1.33261
-1.3009
-1.40335
-1.18366
-1.28564
-2.76434
-3.07958
-2.79108
-3.46063
-3.22089
-2.90669
-2.93572
-3.03208
-3.05238
-3.06057
-3.183
-3.05371
-3.25772
-3.25936
-3.17101
-3.33695
-3.33095
-3.10256
-2.95826
-3.19193
-3.02529
-3.08165
-2.96916
-3.22849
-3.23627
-3.22195
-3.16269
-3.16455
-3.22021
-3.29105
-3.20425
-3.17502
-3.32624
-3.16051
-3.50433
-3.30043
-3.4214
-3.12235
-3.13356
-1.98524
-2.28712
-1.80259
-2.47021
-2.59848
-3.91095
-2.21951
-6.39781
-224.318
-72.088
-72.0071
-45.1702
-42.7866
56.7609
-2.71898
-3.19731
-3.38465
-3.93384
-3.74832
-3.83345
0.416116
-4.01967
-2.88638
-2.8565
-2.64468
-4.92659
-5.27989
-4.093
-2.66671
-2.35568
-2.82239
-2.7941
-2.802
-2.5098
-2.65647
-1.89742
-1.95933
-1.59185
-2.19764
-2.24723
-2.36445
-2.29344
-1.4665
-1.54781
-1.54065
-1.50712
-1.60211
-1.65967
-1.54467
-2.01825
-1.91095
-1.93384
-1.85139
-1.9204
-2.03773
-1.95794
-1.89939
-1.98087
-1.45999
-1.52398
-1.51595
-1.51238
-1.57725
-1.5625
-1.50213
-1.53946
-1.53172
-1.60293
-1.57172
-1.55657
-1.6345
-1.62153
-1.6082
-1.62701
-1.56381
-1.58936
-1.5708
-1.53419
-1.51479
-1.4392
-1.40138
-1.38905
-1.43698
-1.45542
-1.4144
-1.39836
-1.20773
-1.23747
-1.19313
-1.17551
-1.14219
-1.1764
-1.20518
-1.0436
-1.06702
-1.07477
-1.0708
-1.10497
-1.11709
-1.08488
-0.930656
-0.901721
-0.947566
-0.945761
-0.974498
-0.958876
-0.928776
-0.984053
-0.949171
-0.989934
-0.948712
-0.904088
-0.947765
-0.945402
-0.9807
-0.997215
-0.856625
-0.821973
-0.819484
-0.821641
-0.779527
-0.770857
-0.803079
-0.821211
-0.876018
-0.841965
-0.655612
-0.693228
-0.69982
-0.727268
-0.692355
-0.75088
-0.716016
-0.710428
-0.698201
-0.746083
-0.682581
-0.647871
-0.681544
-0.713499
-0.688761
-0.64288
-0.672566
-0.559565
-0.508692
-0.54121
-0.566389
-0.548091
-0.513497
-0.584102
-0.617633
-0.581974
-0.551035
0.877721
0.931781
0.825124
0.776067
0.799832
0.8259
0.86025
1.31414
1.15518
1.62132
1.90197
1.61704
1.62159
1.56048
61.9273
50.7126
86.1012
32.9171
14.4592
34.8486
59.1495
60.1582
47.0504
72.0336
99.7124
74.0372
73.2104
98.9506
199.415
199.169
209.902
173.197
173.177
183.765
183.755
179.757
206.122
179.236
180.314
166.711
153.75
0.641707
0.59227
0.646426
0.632011
0.587362
0.664055
0.62311
0.620821
0.573949
0.629362
0.614228
0.570891
0.649574
0.610929
0.562014
0.623346
0.612351
0.604
0.643393
0.603489
0.558814
0.62548
0.610255
0.564341
0.641557
0.69197
0.647925
0.606084
0.401889
0.457212
0.456151
0.52934
0.479435
0.4986
0.453715
0.45417
0.379813
0.432189
0.450272
0.389389
0.442754
0.429739
0.469087
0.386413
0.431984
0.460605
0.403925
0.458181
0.481379
0.442379
0.39777
0.444246
0.429076
0.47968
0.481381
0.50036
0.461028
0.46871
0.422601
0.530558
0.564668
0.595408
0.475331
0.507141
0.529193
0.55636
1.20971
1.20643
1.14675
1.32222
1.2716
1.237
1.28449
1.2793
1.15092
1.39982
1.35967
1.29214
1.42946
1.48416
1.59014
1.84583
2.0905
2.01239
1.65938
0.194963
1.01303
0.638716
1.04594
1.52494
0.568975
1.07957
181.583
38.8948
58.4644
42.8037
13.2584
-3.12448
-8.48051
-2.8273
-3.40796
-3.48176
-2.30884
-1.8387
-2.30449
-2.32805
-1.69794
-1.58232
-1.83751
-1.39109
-2.11627
-1.84651
-1.51066
-2.77677
-2.83068
-2.87069
-2.92283
-2.9394
-2.95306
-2.99114
-2.94606
-3.05898
-2.95685
-2.91123
-2.95482
-2.92129
-3.21896
-3.15101
-3.00184
-3.21901
-3.05809
-3.08275
-3.24254
-3.14359
-3.2213
-3.09887
-3.16936
-3.22585
-3.30067
-2.59422
-2.53751
-2.56981
-2.59922
-2.56207
-2.61805
-2.76671
-1.87503
-1.94568
-1.89537
-1.94701
-1.97699
-1.91859
-1.89318
-1.84248
-1.80052
-1.77972
-1.84528
-1.86932
-1.81821
-1.79327
-1.74513
-1.71066
-1.68687
-1.76887
-1.79909
-1.7456
-1.72151
-1.61917
-1.59795
-1.65185
-1.67999
-1.70878
-1.65954
-1.68599
-1.61802
-1.64075
-1.75996
-1.72109
-1.71104
-1.76368
-1.72543
-1.69512
-1.73036
-1.32274
-1.30323
-1.27003
-1.37141
-1.33536
-1.33454
-1.30322
-1.2411
-1.19771
-1.21225
-1.28099
-1.32156
-1.32361
-1.35487
-1.3174
-1.37696
-1.33842
-1.14781
-1.18445
-1.17818
-1.19135
-1.14273
-1.25101
-1.05458
-1.07019
-1.0187
-1.08438
-1.1187
-1.07497
-1.05625
-1.02344
-1.05349
-1.08416
-0.925232
-0.943063
-0.893397
-0.965155
-0.996978
-0.95622
-0.939209
-0.967013
-0.967411
-0.998428
-0.703063
-0.672822
-0.722459
-0.741543
-0.769572
-0.710863
-0.737934
0.0657693
0.0396073
-0.192245
0.164811
0.226781
0.604343
0.648197
0.571883
0.524621
0.380792
0.578751
0.605632
0.300475
0.608928
0.690476
0.983941
0.84048
0.82665
0.663174
0.579547
0.695267
0.761493
0.588859
0.33707
1.74145
1.43486
1.69289
1.57847
2.59773
1.08922
1.80601
1.46153
0.695114
1.43144
1.42501
1.55231
1.51904
1.64129
6.10836
4.38
5.44519
3.12078
4.91601
-9.14439
1.14128
166.124
178.853
152.934
201.451
175.111
167.25
154.067
180.37
201.356
175.102
168.04
181.095
207.499
154.821
181.274
181.295
199.375
199.421
209.84
172.748
173.035
182.946
183.612
184.701
211.065
184.857
0.962912
0.999889
0.957475
0.939361
0.893906
0.916927
0.960516
0.962004
0.982185
1.0247
0.862666
0.822504
0.798513
0.823056
0.865672
0.786649
0.834631
1.05804
1.06544
1.09952
1.06357
1.11358
1.12394
1.07986
0.953195
0.936812
0.964216
1.00152
0.97327
0.967622
0.992843
1.49953
1.48578
1.40735
1.39102
1.5866
1.58833
1.50613
1.61774
1.71358
1.62273
1.63312
1.64239
1.7202
1.54361
1.20519
1.55181
1.48122
1.89377
1.1172
1.18918
0.843155
0.879992
1.27719
1.89037
0.502525
1.04664
1.59258
-0.515293
-1.61031
-1.5804
-1.9257
-1.57411
-1.60727
-1.76156
-1.54956
-1.50333
-1.62364
-1.35719
-1.40488
-1.66229
-1.43108
-1.22562
-1.48156
-1.63503
-2.37685
-2.4764
-2.41134
-2.44323
-2.18366
-2.44003
-2.31294
-3.25887
-2.85117
-3.19347
-2.66875
-2.55884
-2.96296
-2.97009
-3.26131
-3.33724
-3.28183
-2.94894
-2.94654
-2.90056
-2.90816
-2.90567
-2.82759
-2.84766
-3.01646
-2.94328
-2.94891
-2.83841
-2.80552
-2.92563
-2.78411
-2.80919
-2.84642
-2.88923
-2.92767
-2.88497
-2.85461
-2.85404
-2.82293
-2.82179
-2.5102
-2.44609
-2.43921
-2.48697
-2.42731
-2.36949
-2.41984
-2.38884
-2.44181
-1.93095
-1.99031
-1.96533
-1.97291
-2.0115
-1.97069
-1.93515
-1.83092
-1.79872
-1.8562
-1.80451
-1.8355
-1.83892
-1.87367
-1.68108
-1.72354
-1.7301
-1.76176
-1.72274
-1.79025
-1.74833
-1.62383
-1.58808
-1.58421
-1.54205
-1.58391
-1.56366
-1.52832
-1.64583
-1.58727
-1.60544
-1.45467
-1.40009
-1.45317
-1.44091
-1.47061
-1.50415
-1.30064
-1.3201
-1.27338
-1.23065
-1.20202
-1.18182
-1.23099
-1.20261
-1.16966
-1.19807
-0.905097
-0.868031
-0.899151
-0.852925
-0.891966
-0.848293
-0.896656
-0.687891
-0.745185
-0.738316
-0.719448
-0.765701
-0.77719
-0.734852
-0.963644
-0.941616
-0.890643
-0.927285
-1.02223
-0.959968
-0.897561
-0.814594
-0.865926
-0.825739
-0.948765
-0.91485
-0.926184
-0.904566
-0.727952
-0.670016
-0.549171
-0.670891
-0.837256
-0.798538
-0.65377
-1.68793
-1.74953
-1.91597
-1.50138
-1.97599
-2.07909
-1.71792
-0.801516
-0.822375
-1.0531
-1.30866
-1.26912
-1.64969
-1.63662
-1.13059
-1.54328
-2.09597
-1.71916
-1.23374
-0.0373985
0.0473841
0.10914
0.148323
-0.0972142
0.155024
-0.0479409
-0.6609
-0.103405
-0.0045442
-0.627349
-0.908895
-0.364706
-0.207251
166.013
153.013
179.369
197.047
170.205
162.842
176.836
149.894
197.524
170.722
166.144
179.859
205.554
153.15
179.18
178.301
193.005
193.5
203.522
166.361
166.664
176.55
177.102
179.421
206.696
180.327
1.36981
1.42886
1.41237
1.45493
1.49219
1.41702
1.45359
1.28725
1.31958
1.27818
1.24116
1.28053
1.21571
1.25744
1.11513
1.12057
1.07711
1.18264
1.14227
1.15686
1.11816
1.28863
1.30244
1.34424
1.05273
1.09409
1.11226
1.05216
1.10066
1.11152
1.12859
1.09445
1.09412
1.05315
1.13885
1.1777
1.11942
1.10038
1.05561
1.14075
1.09965
1.181
1.14103
-0.925517
-0.943611
-0.895588
-0.897182
-0.872213
-0.927221
-0.934667
-0.974265
-1.03269
-1.00596
-1.00401
-1.05705
-1.01129
-1.06493
-2.11567
-2.06843
-2.01681
-1.98638
-2.00451
-2.09628
-2.06214
-2.80451
-2.78025
-2.83089
-2.55928
-2.48091
-2.51602
-2.59659
-2.54016
-2.4937
-2.53566
-2.84392
-2.90346
-2.84053
-2.79611
-2.74252
-2.84021
-2.90391
-2.84543
-2.79172
-2.86318
-2.93134
-2.86434
-2.92949
-2.89673
-2.90029
-2.87494
-2.87103
-2.84279
-2.85238
-2.85168
-2.83792
-2.80653
-2.88225
-2.92664
-2.85092
-2.82777
-2.87484
-2.87401
-2.9154
-2.87362
-2.86325
-2.91547
-2.86655
-2.83529
-2.87609
-2.35659
-2.39552
-2.33736
-2.34339
-2.31316
-2.35196
-2.39058
-2.02213
-1.95912
-2.01827
-1.99924
-2.04006
-2.08856
-1.86595
-1.81603
-1.87218
-1.88617
-1.92672
-1.85046
-1.89232
-1.93249
-1.7015
-1.71889
-1.66761
-1.55635
-1.60436
-1.57495
-1.53541
-1.56008
-1.59818
-1.57043
-1.57936
-1.62059
-1.57669
-1.5926
-1.5597
-1.62382
-1.58661
-1.42584
-1.45216
-1.44375
-1.4923
-1.46058
-1.48968
-1.4597
-1.42133
-1.44843
-1.41085
-1.42886
-1.46655
-1.47309
-1.43561
-1.34958
-1.31888
-1.30606
-1.25542
-1.28572
-1.31568
-1.2871
-1.30576
-1.2859
-1.26247
-1.30188
-1.28009
-1.24907
-1.26999
-1.06845
-1.02862
-1.05767
-1.10082
-1.07785
-1.05422
-1.07855
-1.02706
-1.04226
-1.05823
-1.0663
-1.04816
-1.03125
-1.04707
-0.957154
-0.983835
-0.992096
-0.978807
-1.00229
-1.01578
-0.994574
-0.99063
-0.983879
-1.00595
-1.01462
-1.0185
-1.08631
-1.07312
-1.10203
-1.11594
-1.14455
-1.08059
-1.07498
-1.13509
-1.12226
-1.00005
-1.00858
-1.02603
-1.05579
-1.03559
-1.00503
-1.01527
-1.03417
-1.02201
-1.31768
-1.28413
-1.36758
-1.43806
-1.52461
-1.34028
-1.4055
-1.90716
-2.01244
-1.8768
-2.18283
-2.32346
-2.24205
-2.16534
-1.72746
-1.57777
-1.52931
-1.59909
-1.49732
-1.58691
-1.7465
-2.3582
-2.05532
-2.00587
-1.97611
-2.19319
-2.14899
-2.40786
-2.57815
-2.80312
-3.22025
-3.56921
-3.38158
-3.10449
-2.89982
-3.39339
3.58875
6.45418
5.846
2.71243
2.10417
4.98149
159.704
146.693
173.638
193.381
167.223
159.252
146.064
172.304
193.382
167.071
160.088
173.59
199.509
146.937
173.143
173.146
176.933
203.033
176.721
194.33
168.005
160.118
146.976
172.849
168.098
194.071
143.876
117.962
157.244
170.531
196.624
143.961
170.151
170.435
47.7048
1.98729
34.8482
59.9525
33.4438
9.68666
32.1876
42.0446
56.4968
31.3076
3.09727
14.1827
23.362
12.501
3.07645
2.46051
1.5765
3.16582
1.97657
0.794078
1.72836
1.76666
2.71645
2.26863
2.15848
2.37997
2.40554
2.23211
2.5068
2.63919
2.52086
2.36666
2.14565
2.15849
2.12674
2.15776
2.16554
2.15711
2.15131
2.03549
2.06264
2.02531
2.04467
2.00916
2.01846
1.97774
1.73792
1.67968
1.71927
1.75464
1.72464
1.67926
1.71516
1.74918
1.78397
1.7274
1.71327
1.67616
1.71289
1.74866
1.5681
1.52319
1.58366
1.60466
1.56684
1.60268
1.64006
1.52243
1.57553
1.56363
1.57857
1.61361
1.54299
1.57943
1.5592
1.52308
1.58334
1.63864
1.60298
1.39296
1.43796
1.44575
1.43092
1.4674
1.45794
1.49648
1.37113
1.41366
1.4306
1.41004
1.37034
1.56633
1.57961
1.52536
1.60213
1.63703
1.60212
1.5668
1.85645
1.81035
1.85343
1.87467
1.84557
1.80907
1.84432
1.92277
1.88069
1.89803
1.86115
1.8247
1.89214
1.8636
2.31329
2.16805
2.5067
2.23522
2.03605
2.13177
1.88073
50.175
63.1361
88.9446
4.04992
3.7906
5.44726
3.27826
1.87878
6.32853
4.69181
3.52732
1.92027
2.7533
23.5526
30.8713
49.4691
51.6744
81.8906
57.8823
38.8479
2.09863
2.13967
2.12637
2.11976
2.08605
2.11035
2.13621
2.15931
2.15374
2.11885
2.17498
2.17047
2.1736
2.15333
2.0446
2.04287
2.11171
2.09063
2.07282
2.07211
2.10766
0.608494
0.210909
0.260158
0.321228
0.129494
0.148028
0.384864
-0.827702
-0.487885
-0.567158
-0.659576
-0.319319
-0.358172
-0.607205
0.826087
0.734751
0.645019
0.471677
0.63705
0.741454
0.643835
0.600094
0.424027
0.82099
0.963893
1.10307
0.904771
0.553703
0.878693
1.15117
5.41391
-8.50757
-21.9065
5.63291
-3.3862
7.56078
0.281132
-10.1394
-9.05785
-10.2641
2.9481
-24.8741
9.02505
-4.21459
8.49893
-2.73387
3.00745
5.71874
-7.11736
9.67696
5.70141
1.98376
1.66348
1.77605
-0.0750187
-0.277065
-1.16467
1.11771
-0.566559
-0.200189
-1.0675
-0.329779
-0.566067
-0.810665
-0.864303
-0.872287
-0.786743
-0.788164
-0.844595
-0.83881
-0.9232
-0.89328
-0.944358
-0.95588
-0.903574
-1.44398
-1.4727
-1.42728
-1.52071
-1.52784
-1.49464
-1.48308
-1.69637
-1.71366
-1.68609
-1.76578
-1.79068
-1.77038
-1.74758
-1.87594
-1.95008
-1.89595
-1.90105
-1.96887
-1.93432
-1.87953
-2.28619
-2.24291
-2.20429
-2.18013
-2.20832
-2.27247
-2.23562
-2.43467
-2.36
-2.39711
-2.46692
-2.51721
-2.64582
-2.57377
-2.61915
-2.66805
-2.62721
-2.58199
-2.62396
-2.8094
-2.86112
-2.84555
-2.77086
-2.82438
-2.82006
-2.77005
-2.93383
-2.88911
-2.88271
-2.85091
-2.78258
-2.8323
-2.9058
-2.86144
-2.88288
-2.83974
-2.80564
-2.85158
-2.9071
-2.9056
-2.93163
-2.88222
-2.86093
-2.78278
-2.82688
-2.85257
-2.87461
-2.93297
-2.88819
-2.89269
-2.61152
-2.68238
-2.65435
-2.65296
-2.69713
-2.6547
-2.61271
-2.68278
-2.73035
-2.67198
-2.68477
-2.6349
-2.65649
-2.61359
-2.6903
-2.76666
-2.71501
-2.51284
-2.43715
-2.50807
-2.48642
-2.53125
-2.58338
-2.40271
-2.36044
-2.34112
-2.2788
-2.31492
-2.40384
-2.36474
-2.32173
-2.35528
-2.33969
-2.28602
-2.35339
-2.36345
-2.40976
-2.327
-2.37166
-1.7336
-1.75938
-1.78981
-1.84253
-1.81251
-1.76864
-1.79424
-1.81618
-1.83062
-1.85895
-1.87996
-1.83369
-1.88878
-1.84338
-1.67139
-1.64636
-1.61681
-1.59522
-1.61547
-1.63707
-1.66065
-1.60461
-1.65132
-1.6459
-1.70005
-1.65116
-1.52685
-1.50673
-1.52964
-1.57665
-1.55177
-1.545
-1.57083
-1.48855
-1.5215
-1.47895
-1.48611
-1.528
-1.53917
-1.49711
-1.41841
-1.39468
-1.37283
-1.32915
-1.35501
-1.36606
-1.38785
-1.28332
-1.32546
-1.31335
-1.24277
-1.24002
-1.33453
-1.33488
-1.29885
-1.34073
-1.37675
-1.36007
-1.32483
-1.23722
-1.22134
-1.23725
-1.2768
-1.26177
-1.25179
-1.26928
-1.13828
-1.17608
-1.17919
-1.12217
-1.12812
-1.16131
-1.16103
-1.05854
-1.05931
-1.02743
-1.01127
-1.01273
-1.02514
-1.02369
-1.04571
-1.04144
-1.11147
-1.08155
-1.08544
-1.09787
-1.07442
-1.08919
-1.11207
-0.964199
-0.962707
-0.99877
-0.970682
-0.990857
-1.02368
-1.02725
-1.039
-1.0189
-1.01423
-1.02541
-1.01437
-0.979108
-1.04314
-1.06784
-1.03356
-1.07509
-1.08261
-1.07978
-1.75943
-1.84152
-1.75016
-1.61276
-1.60797
-1.73218
-1.70409
-2.50426
-2.50316
-2.31544
-2.73165
-2.74454
-2.4983
-2.67475
-3.11473
-3.53872
-3.00762
-2.62021
-2.52669
-2.97494
-2.76785
-5.14731
-4.57403
-4.77809
-5.01032
-5.05315
-5.58764
-4.61265
-4.20698
-3.87635
-4.50556
-4.50446
-3.1632
-4.61505
-4.30483
-4.90216
-4.53924
-4.78082
-5.01483
-5.18122
7.21543
-10.7782
13.8922
11.3035
26.4768
20.1692
34.715
177.643
203.926
177.795
191.608
191.281
201.805
165.098
164.987
175.545
175.226
158.103
171.639
145
190.768
165.077
156.555
168.659
143.132
164.486
190.161
172.021
199.284
160.022
173.032
173.01
147.104
1.86165
1.89326
1.85948
1.83031
1.86306
1.81003
1.84457
1.72688
1.72906
1.68784
1.78127
1.74605
1.76105
1.72507
1.86491
1.89813
1.8643
1.89635
1.86704
1.66551
1.70472
1.72383
1.81263
1.84654
1.86379
1.91311
1.90771
1.88109
1.84847
2.0185
2.05222
1.9851
2.0102
2.12482
2.14571
2.02939
1.94224
1.99379
1.97373
1.97688
2.07208
2.0188
2.16059
2.2288
2.04909
2.27401
2.47532
2.19744
27.9216
8.46739
41.3132
53.5534
26.4069
77.3653
51.133
131.684
103.654
143.281
103.046
130.402
129.35
156.299
195.216
168.469
168.627
184.471
184.884
198.145
172.897
158.857
146.04
158.686
158.229
111.611
137.405
149.917
162.394
136.634
200.429
174.469
175.1
134.639
108.391
148.673
162.212
136.698
109.902
135.207
52.8065
37.5428
9.6084
64.8194
88.2793
64.2877
37.4681
1.38147
1.1756
2.21676
4.40388
3.68884
2.43773
2.51337
2.58424
1.89657
2.11015
2.70668
2.72749
2.77243
2.87692
2.98189
2.8278
2.83292
-0.942526
-0.799821
-0.326545
-0.164515
-0.133564
-0.37646
-0.451181
0.0608492
-0.447614
-0.258172
1.0346
-0.745708
-0.800467
0.494838
1.06105
-0.925982
-1.13141
0.863546
1.24675
-3.73227
-3.02912
-3.13812
-2.96756
-3.28599
-3.30725
-4.13299
-0.805292
0.610197
-0.351087
-0.0775225
-0.894201
-1.68507
-0.874665
-2.60323
-2.66482
-1.44659
-1.84368
-1.11024
-1.13966
-1.85202
0.971939
23.2471
23.7713
8.74489
-0.036621
5.93541
-5.85898
-0.887343
-0.875186
-0.884388
-0.916515
-0.900495
-0.889891
-0.915959
-1.09292
-1.05561
-1.09182
-1.03992
-1.04034
-1.07913
-1.07749
-1.0651
-1.07595
-1.06626
-1.10946
-1.10941
-1.09435
-1.0926
-1.2775
-1.23902
-1.28492
-1.21632
-1.20414
-1.25932
-1.25087
-1.70577
-1.6787
-1.64166
-1.61366
-1.59008
-1.64062
-1.66365
-1.54436
-1.55817
-1.56651
-1.625
-1.60352
-1.61115
-1.59035
-1.95992
-1.90561
-1.9055
-1.9429
-1.89363
-1.92163
-1.97384
-2.14376
-2.12227
-2.15447
-2.2113
-2.16757
-2.16594
-2.20468
-2.31557
-2.36689
-2.31095
-2.29557
-2.25053
-2.32617
-2.37452
-2.33137
-2.28917
-2.25379
-2.29394
-2.31672
-2.26075
-2.29894
-2.33778
-2.30251
-2.86554
-2.84209
-2.88241
-2.88204
-2.91285
-2.8663
-2.86196
-2.81939
-2.8738
-2.92405
-2.9094
-2.85879
131.611
157.436
159.886
192.782
165.772
157.559
184.101
193.15
166.452
190.328
189.576
203.334
163.87
163.173
157.542
169.625
144.615
118.259
143.362
155.542
142.037
117.141
-2.85611
-2.79941
-2.86039
-2.84687
-2.80603
-2.79248
-2.8545
-2.79013
-2.87016
-2.82851
-2.93331
-2.90042
-2.89055
-3.42466
-3.12677
-3.23512
-2.44505
-2.38794
-3.45322
-2.94521
-392.381
-444.895
-291.639
-431.199
-526.636
-216.235
-261.261
-115.715
-91.1091
-90.686
-85.4661
-68.67
-150.808
-35.6487
-2.43615
-2.97099
-2.77191
-584.026
-344.438
-501.062
-784.518
-787.607
-768.432
-776.238
-750.491
-760.302
-743.54
-696.126
-751.9
-768.598
-764.861
-761.59
-743.644
-750.58
-781.721
-780.833
-756.093
-776.825
-714.28
-787.691
-785.848
-801.283
-767.132
-806.507
-788.827
-805.678
-793.729
-778.482
-728.21
-771.849
-783.687
-789.862
-841.104
-787.138
-766.669
-770.137
-787.076
-798.385
-803.054
-804.338
-803.932
-880.529
-797.601
-715.581
-132.599
-3.10141
-75.5993
-98.0519
-94.6358
16.7621
-94.9601
-359.181
-242.35
-189.657
-224.541
-234.877
-236.609
-263.247
-395.612
-273.753
-4.4018
-4.13787
-4.27963
-4.46156
-1.58698
-2.30164
-4.05317
-482.822
-404.947
-505.708
-294.933
-370.331
-315.639
-440.051
-249.843
-209.644
-383.672
-3.1278
-3.56396
-3.22345
-2.79562
-2.72028
-2.79251
-2.87377
-2.82245
-2.9184
-2.80831
-2.78948
-2.89037
125.565
151.676
154.202
188.331
161.67
151.691
177.914
188.406
162.063
172.53
171.792
198.776
110.447
135.897
149.107
-2.7991
-2.65239
-2.75441
-2.92432
-2.85391
-2.84149
-2.35919
-1.33348
-1.71727
-0.196189
-1.0546
-2.55619
-1.99273
-1.51068
-7.26294
-8.60224
-7.91682
-8.47196
75.1087
12.2639
16.1491
-4.60381
-1.28136
0.601991
-5.01111
-4.6695
1.33917
1.25413
1.24072
1.13115
-0.382245
-0.375213
-0.47683
-0.427114
-0.799107
-0.808124
-1.2524
-1.18065
-0.444692
-0.380263
-0.260673
-0.194219
-0.944218
-0.812952
-0.857975
-0.797072
0.873578
0.870731
0.854394
0.860965
0.186795
0.159485
0.0338883
0.0105068
-0.773418
-0.936062
-0.487974
-0.555653
-0.579713
-0.610452
-0.42323
-0.426555
-0.294528
-0.314177
-0.504313
-0.513637
-0.93215
-0.0751994
0.0589467
-0.637307
-0.625931
-0.73387
-0.732978
-4.79656
-4.07093
-5.17318
-5.57817
-1.31475
-1.54593
-1.41028
-1.54357
0.414795
0.405379
0.30523
0.293286
0.250183
0.230928
0.344742
0.345148
-0.882368
-0.837822
-0.941084
-0.897143
1.19359
1.22469
1.10584
1.13507
-0.927571
-0.897734
-0.986602
-0.955827
-2.70112
-2.53549
-2.78655
-2.68148
-1.89564
-1.83563
-1.45452
-1.44583
-1.00943
-1.40174
0.563352
0.767489
-1.18599
-1.13711
-1.23568
-1.18533
-0.699413
-0.730477
-0.641682
-0.682253
-0.858088
-0.858826
-0.790381
-0.788122
7.03404
9.18282
12.1711
11.8988
-1.23752
-1.24351
-1.18515
-1.20437
-1.42529
-1.47065
-1.49747
-1.3224
-1.32764
-1.36355
-1.38566
0.906929
0.728687
0.905224
0.822176
45.9304
85.9837
27.8472
68.5083
-0.63722
-0.617629
-0.807717
-0.784702
5.13888
4.92713
31.5905
44.5736
0.31282
0.246216
0.261259
0.215355
-0.418527
-0.470151
-0.396263
-0.44754
-2.22559
-2.29915
-2.22745
-2.29836
-2.45837
-2.41792
-2.58455
-2.53995
-2.05625
-2.18828
-2.0141
-2.13816
-2.52833
-2.6413
-2.81207
-2.8283
-0.529452
-0.576888
-0.530841
-0.579786
2.80903
2.52153
0.637559
2.47071
-1.28461
-1.23059
-1.34424
-1.31441
-1.87842
-1.82797
-1.79502
0.228937
0.12206
-0.85714
-0.659428
-0.768456
-0.536019
-1.85414
-1.23295
-2.92396
-3.43022
-3.33202
0.254636
0.238197
0.104922
0.142664
-3.83826
-2.94708
-3.68315
-2.40568
-4.06053
-3.86968
-4.46651
0.672937
-2.85857
2.24807
2.15027
2.17865
2.13334
2.15812
-0.781977
-0.8391
-1.01292
-0.994471
-1.01421
-1.12372
-0.90883
-1.04904
-1.00171
-1.05196
-1.39239
-0.705514
-0.0257087
-1.70011
-0.910707
-1.39237
149.087
0.100344
69.5559
-1.9674
-0.900399
1.3511
-0.263061
-0.342289
-0.531861
0.782748
-1.33131
-1.35282
-1.19555
59.4976
60.7543
-0.842299
-1.78071
-2.27581
-0.591199
0.724974
-1.44476
1.2897
-1.10977
-1.2914
-0.580819
-0.909711
-1.82318
-1.22644
160.491
-0.892073
-0.548299
-1.35359
26.6804
-0.104991
67.4165
-0.781351
0.193413
21.5308
33.6583
-1.2723
198.458
126.897
59.9926
0.0666241
74.1148
0.472813
76.99
1.10711
23.781
62.4225
41.2944
0.153804
0.110266
0.0256996
0.696897
0.0489783
0.190986
-1.66002
0.319612
0.352976
0.264874
0.131755
-1.60487
0.310936
0.274523
-2.24297
0.32712
0.480787
0.325205
1.00016
-1.36513
0.0254629
0.232984
-0.0474493
0.21147
0.372666
0.677164
0.106016
0.0118328
0.0348581
0.00222789
1.21633
-0.0302333
0.13987
-0.0290035
-0.037088
2.50306
0.230553
14.6772
0.199498
0.49017
-0.0534688
0.238244
-0.282679
0.209205
0.232074
-0.058992
0.157635
0.351345
0.551048
0.601462
0.335822
0.751292
0.105152
-0.375589
-0.824084
0.513936
0.407522
0.482847
0.368545
0.125464
0.22019
0.252927
-0.0334833
0.224528
0.265755
0.110614
0.133986
0.0799401
0.556153
0.509377
-2.33315
-2.48101
0.493138
-2.05224
-0.542167
31.0847
0.127282
74.2616
4.18985
3.16227
1.46077
-2.19623
33.3597
0.983675
0.868042
0.732393
1.18736
18.4456
1.9871
127.618
140.083
0.868076
128.141
-1.92583
0.568556
30.1906
0.417204
2.15599
-0.206228
-2.47459
-2.18989
0.876515
-0.955655
-1.08666
-0.319514
-1.28991
60.5096
36.2569
67.0779
-0.0808449
-1.13655
0.530416
-0.105717
-0.0138816
-0.879613
140.969
-2.13819
159.084
3.75028
62.7891
80.3488
0.710398
1.64998
0.425474
2.91023
1.89083
0.92858
0.212344
-0.173384
-0.334074
0.725665
-0.327112
0.543237
0.448142
0.401655
-2.44666
-2.19248
0.56039
-0.670144
-5.66719
-0.657377
0.46689
0.700625
62.2013
-0.738096
-0.264909
-1.45194
0.485624
1.29023
0.866838
1.12071
126.849
0.840127
1.55243
0.913264
-0.149945
2.1557
1.7307
0.928724
0.801602
7.19529
8.32759
9.22692
2.0059
-2.81834
-2.46281
-3.11291
-1.46336
1.57277
0.121935
-1.8936
0.703067
-1.47533
-2.07124
-11.6898
-3.09262
10.0246
4.89057
7.44919
8.38552
11.0866
8.37442
5.34621
3.00179
0.110313
-1.9462
4.03051
5.6373
9.61348
10.4885
13.026
47.6935
32.3783
14.7286
11.4481
14.1986
-4.61645
12.6142
12.3124
0.711368
84.254
40.1597
45.1956
-1.22183
0.177785
143.517
0.848085
13.2716
6.50288
71.8348
10.2045
31.5588
32.0755
73.936
12.9826
51.0039
-2.82385
76.6646
-2.13115
-0.686909
-0.713274
-0.935995
-0.951544
-1.24822
-0.686544
-2.08931
-2.28332
-0.651719
-0.643261
-0.718054
-2.56123
-1.48684
-1.05196
-1.66368
0.473805
-1.46152
-0.423155
-2.70015
-2.49047
-0.383817
-3.45473
130.377
-2.58803
1.74504
-0.3714
-0.494868
-1.25458
-4.40933
-4.25677
-5.31167
1.13612
-5.38561
3.89865
-7.81949
-5.8494
-1.64625
2.3884
-5.0268
-1.51546
1.59887
-3.98926
1.75123
1.39648
-2.91646
-1.76983
-1.32594
-5.06081
-4.39653
-5.63104
3.1342
-0.70389
-3.39288
1.87868
0.669804
65.6318
11.6118
-2.86479
-5.5835
-0.388559
-1.44701
-5.38904
-5.00243
-5.44061
-1.99302
11.4969
0.900361
-2.93268
-2.76051
-1.69683
-1.81526
73.3717
2.02885
62.4267
-2.62719
-0.68896
76.169
-6.39574
0.937929
-1.36925
0.77487
-3.7092
0.980617
-0.710782
-4.05667
-5.17294
1.32387
1.22355
0.414315
-3.75391
-2.27789
0.154311
-0.581275
-1.43541
-3.20101
-0.650778
-2.0675
-1.75552
0.351166
0.690732
-1.41765
-1.17268
-1.41026
-1.02584
-1.12428
-1.17051
-2.03616
-1.40066
-1.59929
-0.853135
-1.946
-1.02373
6.42288
-2.33336
-1.20184
9.3534
-1.05835
-0.981786
-0.408148
-2.75949
2.01117
-1.0383
-0.582526
4.69245
-1.60915
-1.02637
-1.03037
-1.04103
-1.01626
-1.05122
-1.26457
-0.877387
-1.12078
-2.27702
-1.02491
-0.836176
-0.902212
2.83518
-1.00222
-0.902882
-2.48396
0.481661
-1.04956
-0.631098
-0.82457
-0.754877
-1.02545
-1.18742
-0.970741
-0.4785
-0.955187
-0.989639
-0.202994
-0.959502
-1.05488
-1.08909
-0.477103
-0.498644
-0.198616
-0.454905
-2.56833
-4.68959
1.04975
-1.0426
-0.274542
-1.04672
1.20943
-0.340266
-1.08113
-0.572446
-0.687325
-0.85207
-0.553677
-0.268442
-1.65721
-1.15698
-0.0298647
-0.115554
-0.545337
-0.530329
-0.493904
-0.637993
-2.36025
-0.789753
-0.469884
0.780249
-0.361667
-2.4024
-0.338576
-0.494673
-1.81603
-0.623546
0.139813
0.496167
-0.167421
-0.289365
-0.170034
-0.150234
-0.298421
-0.195482
-2.05251
-1.08078
-0.718555
0.0197277
-0.307435
0.159392
1.16187
-0.18098
1.02801
-0.432835
1.23165
-0.452404
-2.45961
-0.599488
-0.568963
-0.424413
-0.617245
-0.609006
-0.483077
1.95719
-0.413689
6.92258
-0.328992
-0.305608
-0.556381
0.761893
-0.591858
-1.05508
-0.184869
-1.13372
-0.158828
-0.464675
-0.12086
-0.106541
-5.17285
1.48524
-0.75829
-0.96585
-0.855241
-0.946071
-0.876747
186.668
-3.25102
-0.837735
-0.734392
-1.08251
-0.969829
-0.939961
-0.763133
0.277009
-0.662634
-0.685134
-0.984467
28.1215
0.803607
0.397439
-0.7223
-0.942331
-0.932353
2.20545
-0.793203
-1.03934
-0.81044
-1.09699
-1.05391
-1.08675
0.0210018
-1.3449
2.52302
-0.979103
1.40789
-1.05439
0.643787
-2.25945
-1.0564
-1.34944
-1.30255
-0.980694
-1.21289
-1.16725
-0.822393
-1.15633
-1.42493
0.629806
-0.81128
0.959922
-1.53511
-1.20578
-1.50896
-1.40262
0.183047
-1.43802
-2.40204
2.23731
0.293765
-0.699925
-0.561454
-1.68958
-1.59829
-1.2837
-1.37116
-1.67662
-1.72992
-1.86543
-2.13675
-2.10953
-2.20266
-0.331003
-1.26857
-1.98041
-0.709943
-2.05393
-1.53899
-2.39241
-1.87711
-2.08965
-2.09054
-1.9581
-1.9935
-1.64035
0.779121
-1.54971
-1.96094
-1.995
-1.60192
-1.66767
-2.65693
-1.90327
-1.86351
-2.03148
-1.95618
-1.73643
-1.72043
-1.87446
-1.31391
-1.72988
-1.9677
-2.01605
-2.08644
-2.12204
-1.56761
-1.85608
-1.84265
-2.01169
-1.40204
-1.3607
-1.36979
-1.41771
-1.37303
-1.65184
-1.56686
-1.58155
-0.851531
-0.107723
1.13639
-1.19622
-0.986849
-1.12818
-0.893387
-1.1496
-1.18909
-0.976418
-1.15217
-1.15044
-1.17041
-1.15897
-1.11221
-1.25264
-4.95537
-1.31471
133.289
-1.53854
-1.38119
-1.76171
-1.52243
-1.40318
-1.47959
-0.921834
107.04
105.927
0.200503
1.51304
-2.83444
-2.64414
-2.52952
-2.71189
-1.23215
-0.987235
-1.22434
-2.50291
-2.6292
-2.72242
-2.44387
-2.51873
-2.70173
-2.18257
-2.51706
-2.46618
-3.09415
-2.69879
-1.20996
0.148836
-2.19
-2.01362
-0.888707
43.1988
-2.80643
0.127729
0.175671
0.0781657
-2.40886
-2.12699
-2.17594
-2.43324
-2.02972
-2.37983
2.03469
-2.33284
0.819955
-2.07555
-2.26131
-0.774934
-2.48257
-2.12431
-2.14064
-2.20607
-2.18775
-2.12136
-2.1495
-2.38478
0.0862546
1.61296
-1.81148
-1.57457
0.084818
-1.26253
-2.60127
-0.988797
-1.991
-1.79694
-1.34326
-2.33494
-2.77217
-2.26352
-2.80202
-2.76773
-1.03895
-2.78047
-0.966638
-2.1878
-3.68754
0.208004
-2.91332
-2.49414
-2.26707
-2.22441
-2.52164
-0.843936
-2.78672
-2.61045
-2.32315
-2.07527
1.17733
-2.56822
-2.10404
-2.73804
-2.46731
0.478171
-1.76335
-1.84217
-1.72956
-1.82218
-2.09034
-1.87845
-1.33662
-1.53371
-2.39487
-2.58319
0.777985
-1.26867
-2.38758
4.27538
-0.984451
-2.14252
-0.958913
-1.46272
-2.4957
-1.3936
-1.3963
-1.93161
-1.28003
-1.71376
147.037
30.3211
-3.99137
-1.42561
-6.46272
-2.31776
-1.56323
1.59721
140.046
-2.12388
-1.05093
-2.9117
-2.87595
-2.95952
0.789639
-1.78289
-2.84439
158.952
-2.73988
-2.00136
-2.70514
-0.938429
1.33774
6.54169
-250.557
-0.354972
-1.03248
46.7502
-1.02618
-1.01169
-1.0355
-1.03973
-0.991811
-0.954979
-2.60866
-1.12041
-0.968618
-0.764791
-0.395263
-1.37189
-0.355168
-1.07351
-1.26378
-2.6525
-1.15189
-1.51889
-1.11144
-1.11962
-1.16288
-1.37505
-1.61199
-1.40123
-1.35866
-1.32845
-1.46915
-1.67306
-1.46791
-2.58145
-1.50069
-1.64758
-1.11388
-0.594084
-1.26403
-1.22914
-1.66916
-2.96812
-1.51252
-1.77272
-1.17544
-0.978571
-1.43159
-1.18831
-2.03007
-1.12564
-0.989608
-0.931526
-1.0105
-1.33645
-0.916659
0.253975
-3.0862
-1.27402
-1.13912
1.44873
-0.816599
-5.65571
-3.27829
-1.44552
-0.926411
-2.1861
-2.11411
-1.07671
-1.57366
6.19236
-4.83937
-0.589925
-1.18672
-6.10523
0.00706048
-0.383575
-1.03961
-0.756035
-2.69249
-0.490675
-0.485324
1.68929
-0.56229
-0.685444
-0.60515
-0.931641
-0.882805
-2.05499
1.25611
-0.828298
-0.0135427
-0.763942
7.45432
-0.684096
-0.641591
-1.19806
-0.837623
-1.06385
-0.814224
136.3
-0.378032
-0.421981
0.451552
-0.0823616
-1.31009
-0.694253
-0.418835
-0.940203
-2.32062
-0.249378
-3.68998
0.996358
-0.778036
-0.358827
-9.30439
-1.1073
-0.760877
2.18932
15.9545
1.6158
2.20563
-2.28895
-3.76753
1.64739
-3.57504
1.49569
1.68445
-0.808124
1.37078
2.43025
1.70376
2.33497
1.32053
1.51251
-46.4136
-11.3367
0.259412
1.6454
1.59163
-0.680303
16.1325
1.53392
-5.02546
13.3202
-1.03511
2.22986
1.54341
-1.40824
1.54981
-4.78331
2.23135
-1.8024
-2.61865
5.41129
51.3028
-1.86047
1.43052
-4.91614
-1.2328
3.53242
-0.889314
-1.26293
1.59663
-2.68489
-1.30466
4.26138
-1.02164
2.29252
-1.86663
1.29722
1.62423
1.34659
1.94349
0.945003
1.69074
-1.70187
1.90125
6.65079
-0.363344
-1.13488
2.18632
1.78482
1.46718
1.30288
1.66343
10.5747
1.60797
15.3069
1.65705
1.47911
1.306
0.816102
1.03194
0.907909
0.886756
0.0895154
-0.849068
-0.864985
1.24221
1.33394
-0.101137
1.48184
-0.395408
0.311144
-1.3132
0.454421
1.77622
-0.334265
-0.606497
-5.17524
1.44205
0.616352
-0.360884
1.06888
0.955699
0.96888
1.5791
1.01382
-1.07178
1.39816
0.803135
0.873449
0.881494
0.87174
0.91139
1.02329
1.09525
0.999011
1.63322
1.27985
1.3102
8.52028
18.2392
-2.5885
-1.04556
1.07024
1.2261
1.09373
-1.51465
-598.602
1.2558
-2.28226
-1.0525
-2.20031
0.233943
0.841447
160.496
10.6886
-0.96434
-3.01126
-3.68792
-7.18603
1.62091
-2.80813
-4.28153
-3.58214
-4.4007
-2.1984
-1.59706
-0.679001
-1.23247
-2.44398
-1.0056
1.1002
0.797271
-0.669196
199.887
1.15784
-3.58466
-4.77048
0.170115
-7.12919
2.15069
1.37277
-4.43662
1.28979
-4.98226
18.8271
-13.849
-2.84721
8.51138
-1.82795
7.0934
2.51731
-0.708991
-2.34254
12.5299
1.7098
-2.72857
-6.77187
9.71197
-1.26583
-5.2221
-0.551186
-1.11832
-1.54318
-0.457289
2.17905
0.123068
0.692912
-2.11021
-2.31394
1.47189
-2.57619
-2.76136
-2.82942
-2.51888
-2.49249
-3.23472
-0.985436
-7.82693
-2.99305
0.115744
0.240735
-3.14453
-5.96478
-5.53579
-4.70018
-1.2584
-3.36456
-7.42775
0.84961
-3.72059
-109.988
-4.9419
-3.45361
-2.44219
-342.801
-2.74607
-2.72438
-484.277
-1.3245
-2.40771
-2.19992
-1.57984
0.512249
-2.7386
-1.77808
0.48904
-2.60204
-1.3113
-1.69142
-2.20271
-2.46678
-2.82923
-2.89786
-2.15099
-0.334819
-2.45157
-3.79294
-2.88197
0.595401
-1.23423
-2.25375
-2.70414
-1.8315
-2.66023
-1.5299
-1.75466
-1.45884
-1.5097
-0.792142
-1.80297
-2.02071
-1.72316
-4.12082
-1.84664
-2.06399
-1.18088
-1.68664
-1.81428
-1.43232
0.756139
-2.18691
1.56665
-2.52237
-2.48234
-0.391239
-0.248103
-2.05795
-2.75329
-1.72068
-2.39817
-1.39821
0.758295
-0.195236
1.24536
0.686995
-2.36705
-1.85059
-1.40038
-1.72685
-2.74113
-0.294465
-1.68266
-4.66757
0.251697
0.0500449
-2.70298
-0.0995806
0.0628815
-4.87911
0.486795
0.523803
0.540712
0.505693
0.460937
0.64136
0.588298
0.621658
0.539751
0.503178
0.612678
2.11945
0.992465
1.06475
0.693998
-0.0861195
-2.59568
0.400282
0.264025
-0.159357
0.356458
0.809757
0.608863
0.683197
0.781276
0.773874
0.755643
1.41101
0.891013
0.128613
47.9606
-0.77374
-0.637399
0.886833
0.394675
1.55102
-0.186268
-0.445606
-0.622036
-0.160184
-0.334064
3.51746
-0.240788
-0.439783
-0.549509
0.214801
-1.81027
-0.0273426
-6.20593
-0.159406
-0.169208
-0.228128
-0.878684
-0.77311
-0.372834
2.1331
-2.01813
-1.00166
-0.905609
1.25979
-2.21634
-0.330521
-0.812486
-0.948732
-1.01115
-3.4886
-0.306462
-2.15198
-1.17918
-5.24583
-2.07569
-1.67271
-1.09973
-1.11695
-0.0818996
-0.391328
-1.56282
1.41311
-1.20825
-2.36653
0.398928
0.179207
0.346839
0.0588806
1.98373
0.598222
0.512819
0.543692
0.642729
0.653732
0.478973
0.335661
0.324755
-0.185607
0.300404
-1.34422
-0.341586
-1.27347
0.583858
0.776641
0.0608753
0.493879
-1.28391
0.949985
0.674096
-1.24846
1.09578
0.941531
0.919692
0.985185
0.972249
0.817339
-1.69228
0.980106
0.921262
1.15888
0.918023
1.10193
0.499486
0.774771
120.457
1.00072
0.984235
0.317292
-1.28629
0.651025
0.657186
0.698978
0.925746
0.926796
-2.31715
0.944985
-1.26071
0.656549
0.129275
31.3863
-1.28107
0.853439
0.865948
0.685026
0.723755
0.596689
0.802245
0.819637
-2.07549
-4.5282
0.662704
0.720582
0.724226
1.05305
1.07879
1.04117
0.682324
0.934021
0.924693
1.0144
0.98101
0.911658
0.89585
0.943175
0.989826
0.973312
0.920968
1.60767
0.828458
-1.48175
0.867907
0.857584
78.63
0.794973
0.764797
0.903914
1.5608
1.47312
1.50648
1.61983
1.73242
1.41406
1.48655
0.756704
1.47632
1.30683
-2.79761
1.39637
1.12599
1.03823
0.975787
1.28738
1.34879
1.35227
1.21839
1.60496
1.38518
1.42047
1.45196
1.55632
1.54363
1.5286
1.18743
1.1318
1.31822
1.45337
-0.497075
-0.467898
1.54975
1.57009
1.7316
1.41555
1.60889
1.56791
1.46757
0.830746
-0.434794
1.77363
-2.18685
0.916713
1.45265
-1.17749
1.02443
1.62481
1.1494
1.24399
1.79022
-1.46291
0.825486
1.40485
1.7361
1.25865
1.15479
1.29709
0.839857
1.29111
-1.6944
1.4525
1.18973
1.21564
1.663
1.76059
0.679628
1.76173
1.97178
1.83234
1.74558
1.97521
1.95633
0.854518
1.03296
1.89411
2.01151
1.37786
0.551634
1.99781
2.05063
2.07017
2.05103
1.29731
2.23119
2.16679
2.13122
2.09462
1.88312
1.86736
2.02395
-1.13832
2.07234
2.09446
-0.00563133
2.01353
72.0313
1.75197
2.19225
2.14818
1.69885
2.20103
3.19797
138.597
121.742
136.48
121.347
0.890792
1.84729
2.09354
2.09804
2.06915
2.01543
0.112356
2.073
1.57169
0.201476
54.5502
2.07408
2.86571
3.5921
1.7094
2.70801
2.1706
120.692
174.172
0.0813382
73.0938
58.8169
19.869
2.08213
2.61136
3.94765
4.80969
66.1473
-1.30533
141.459
2.28481
2.27374
10.8895
1.89555
1.9191
1.98313
1.9594
1.95113
2.07942
2.04486
2.10772
2.13001
1.96973
2.14211
1.88463
-2.30473
1.79818
2.06167
1.99069
1.92423
1.76827
2.19734
2.48652
15.0014
2.12677
2.0396
2.15355
2.00439
-2.17422
1.92141
2.5754
2.07384
1.78064
2.30733
2.8567
2.62254
61.8369
1.90275
2.21853
2.16825
2.36056
2.33006
1.65444
2.03369
35.831
2.97292
2.89785
2.86334
2.9599
2.18145
2.78241
2.63522
2.71051
2.69825
2.70596
2.52007
2.37701
1.72438
1.42294
2.71554
2.65704
2.96856
3.35411
1.52153
2.55554
2.50271
2.48526
1.91566
0.903349
1.54186
2.75418
2.32
1.30169
0.651153
-1.55111
77.7514
130.372
143.136
1.97503
1.48334
5.19239
3.51238
39.7475
1.25249
0.58133
3.60829
0.91653
4.17201
142.612
2.91129
23.4564
64.0888
142.457
0.242671
1.96447
143.472
24.9673
77.798
5.46717
0.50256
133.074
145.93
83.2587
2.07326
3.76646
144.038
2.23523
6.86055
2.59054
0.896776
7.02088
7.52899
30.5792
1.01207
0.477781
148.38
6.82032
6.27586
48.6093
14.7923
12.3524
137.265
-3.16263
-1.14861
137.151
150.482
10.642
10.8778
14.7435
135.502
11.4407
11.1899
-0.858883
-1.47674
2.12284
2.05683
2.84653
4.19707
3.81508
1.90968
2.02242
2.6349
5.00797
1.52689
5.46443
2.14954
-9.04589
-1.08539
-0.855179
1.14476
2.69048
8.61424
10.1472
0.066292
5.0202
1.78624
8.79431
10.2914
15.5329
14.3266
6.69409
6.0109
11.3404
0.283591
2.66217
13.6544
10.8374
13.6841
1.75674
-2.01413
-9.08482
-0.956234
0.586386
14.6341
-4.42302
3.00497
0.722084
-5.60619
14.3601
2.2986
12.9488
-2.50319
-9.35393
13.2038
-2.71464
-3.80843
1.77337
5.12192
-13.4028
-2.19901
0.552462
-1.59159
9.92185
-3.55683
-0.0359898
2.35405
1.25365
1.04012
-2.23304
-1.63942
-2.45505
-8.66226
-9.12284
15.4883
2.12506
-4.83827
-1.92107
-3.93715
1.86659
-1.39528
-0.0525358
7.9426
-0.403515
-3.04939
1.13897
2.72177
1.3868
-1.49124
-2.03589
0.092965
1.4225
1.81795
3.52491
0.804166
1.59491
1.30546
1.31116
1.20469
15.2467
0.842522
-4.04375
3.76474
1.21974
-8.42833
0.999745
-0.352036
-1.44631
2.29406
0.773624
-1.45217
-2.35977
0.482832
0.774559
0.824975
0.771605
-5.40935
0.882551
1.05456
1.10935
0.698665
0.921261
0.476177
2.14358
0.756268
0.8861
0.918979
0.876755
0.549838
0.876126
-0.560323
1.16717
0.891639
-18.3387
0.934471
-3.91375
0.641318
0.928758
4.10135
-2.73174
0.935147
0.788436
0.998941
0.528895
1.08503
0.978827
1.7122
1.73296
1.09356
0.852333
1.28022
1.26227
-1.16778
1.18336
1.0597
0.645311
1.2545
1.23876
0.998545
0.911505
0.619601
0.87894
13.668
14.9083
15.423
0.0234086
-0.399291
147.148
0.0251925
0.45005
0.167619
0.594849
0.101377
-2.48331
0.810111
-0.637516
1.226
0.920303
0.968705
0.473634
0.852383
1.23629
0.0656547
1.07491
76.2626
1.09768
-1.99174
1.04925
0.712247
0.558884
0.70204
-2.01673
0.701217
0.323323
1.29598
0.935878
0.523443
0.802504
-19.9443
0.791077
0.821795
1.51096
0.661246
12.3477
1.63744
0.724134
0.841492
0.963618
0.807699
0.729747
0.875312
1.14633
1.05035
0.903074
0.263515
1.06729
1.32586
1.10029
0.267806
0.634102
1.00703
0.0119057
1.51442
0.946238
1.06442
1.34738
6.88058
-1.57362
-1.72948
1.34825
1.43179
1.00199
-0.973528
1.73136
0.881882
-0.0242274
2.21984
2.82021
-12.7204
11.3664
1.89695
16.5635
0.62339
2.28118
-0.481852
4.92806
-4.79542
150.216
1.14613
5.38659
150.554
1.28503
-2.88056
12.7145
80.1041
71.6137
12.0336
5.36929
13.3213
130.772
25.0898
-0.192789
1.93377
-531.872
2.37799
142.303
64.6887
39.6242
3.8653
2.18421
10.915
37.6014
2.17814
32.7437
2.87398
1.06054
65.3249
2.1445
-2.30981
2.5781
2.26679
-1.41674
0.838281
0.726103
1.62975
1.37955
0.191545
-2.15869
2.17806
2.26222
2.62568
0.650781
1.83329
2.01352
2.28298
1.15459
1.84039
1.63168
0.348185
1.9667
1.8843
1.70727
2.16842
1.98395
124.498
1.90546
1.33918
3.58966
2.02646
129.302
-2.28284
3.79972
2.26236
129.121
129.395
3.47688
-0.533081
2.58317
2.02978
-0.401146
2.44697
145.306
66.3228
2.57107
25.3757
26.8223
-0.899747
2.12937
2.58815
1.23753
0.616748
2.06669
119.479
2.01885
147.815
58.4176
0.0521365
2.04581
1.78242
1.44846
-0.274054
16.643
2.38139
-2.13368
1.7091
2.03313
1.36258
1.39356
2.45871
1.62475
2.71314
1.25279
1.91883
4.8238
1.52522
1.31273
2.20744
1.19538
1.54052
1.30686
1.79793
1.42045
1.22821
1.59663
1.87511
0.701861
0.900417
1.9895
0.861096
0.844137
1.59802
0.812548
0.8395
0.512543
1.36331
0.839857
0.842518
0.941699
0.871011
0.388888
0.756366
0.978594
0.862931
1.00624
0.812485
0.860907
1.23144
1.47017
1.69428
1.24143
1.28746
0.993734
0.690349
1.39154
0.708898
1.3057
0.83633
-0.732991
-0.587845
-0.758535
-0.506522
0.15265
0.16677
-0.957558
-0.297275
-0.310404
-0.663579
160.357
-0.675842
1.19136
-0.905198
-1.54727
-0.788081
0.13927
-2.5503
-4.74081
-1.1652
0.141425
-0.684815
-2.15095
-3.21494
4.262
-11.7122
-1.21493
-0.767906
-4.65205
1.09103
0.43508
-3.87921
1.72215
-0.334821
0.693571
10.3658
137.139
-2.82962
-0.761026
-0.985025
0.188612
-2.35212
0.242916
-0.880558
0.365353
0.244768
-3.10797
-2.52094
27.2109
-1.69
0.0219742
0.146236
0.69197
-0.858466
-1.76684
-0.130076
1.42304
-1.01293
-2.32984
-0.245371
-2.78236
-1.39599
1.61792
-2.0611
-2.15995
-0.757399
-0.791666
-2.16056
-1.95775
-0.513838
-1.48506
-0.647781
-2.0273
1.22882
-0.329602
-1.67701
0.124981
-0.165167
-0.895903
-1.46335
-2.00084
-0.779394
31.3206
-1.88676
1.19375
5.08162
-2.69582
-2.9442
6.79783
-0.830786
-1.58955
2.71368
-0.741455
-251.316
-1.70794
-1.23524
1.82407
-1.41539
6.55725
23.6435
-1.0255
1.94631
-3.45098
-0.995787
-1.54843
-1.43289
-1.79513
-148.427
1.4412
1.8582
-5.29941
1.71723
-1.35589
-2.67964
-1.21473
-1.8142
-1.76756
20.8607
-429.855
11.5616
-1.00661
-2.19154
-0.816949
-0.985913
-1.14585
1.24007
-2.78588
-2.47603
1.75538
-6.72326
-1.06518
3.25239
-2.78882
-1.8547
-2.77169
1.47322
-2.81263
-1.86466
-2.32315
-2.1375
-2.21524
-2.6703
-2.11859
1.68639
-2.6901
-0.0610575
-2.70837
-2.54753
-2.727
1.23923
3.73893
-2.53669
-2.48527
-498.421
0.169268
-1.30213
-1.46376
-1.17016
-1.66808
-0.938105
1.18117
0.0551519
-1.07637
-1.35774
1.21855
-0.914625
0.928907
-5.39544
-2.05495
-1.85288
-1.48279
-3.3808
-1.41532
-0.78227
-1.85136
2.18583
-1.69986
1.36386
1.19664
0.762216
0.226926
-2.28241
1.01116
0.797279
-1.90044
160.697
-0.936258
-0.349764
-0.118405
-1.09936
-1.4193
-1.68414
-0.799891
-1.75681
-2.04242
-1.13582
-0.869372
-2.42574
-1.04804
-0.00894096
-1.93004
0.856306
-1.10783
1.16118
-1.04604
-0.840185
-0.718541
-0.827283
-0.913219
-0.81247
-0.97051
-1.61201
-0.458167
-5.63363
0.537852
-0.603258
-1.93043
0.434016
-0.156172
-0.0744081
-4.89823
-0.353152
-1.15449
1.42074
-0.449112
-0.276099
-2.08223
-2.15701
-0.125241
-0.140049
-0.267279
-0.543886
-0.277239
-0.612405
-0.393275
-1.71135
1.00908
-0.187958
0.696589
-0.965085
-0.594945
0.583705
-0.443906
0.159159
-1.13274
-0.9337
-0.526008
-0.220509
0.568558
-2.14743
77.9166
-0.753029
-1.96645
-0.3779
-1.02253
-1.26077
-2.37139
-0.812637
-1.20788
0.590568
1.45247
-0.830994
-1.49746
-1.03419
-0.912271
0.422178
-1.02508
-1.2638
0.365836
-3.50623
-1.76615
-1.65533
-0.667135
-6.62614
-6.39765
2.45689
-1.0431
-0.920632
-0.934216
-0.183527
-3.02781
-0.0568383
-1.08911
-1.74323
-592.028
-0.0659814
-0.640922
-1.09618
21.692
-6.12248
-1.48273
-2.13865
-4.14891
150.521
14.1015
0.295938
12.6511
15.0738
-1.22338
137.303
-1.42653
11.089
86.5318
14.6368
8.50548
0.0128152
134.453
-15.2063
-1.67521
-0.374902
5.81757
-2.53546
-1.09197
127.62
-0.308024
5.73703
77.5378
27.9913
0.588681
-0.350035
1.11228
0.523939
0.555288
0.205759
-2.39606
1.99652
0.60122
171.4
1.92603
4.94933
4.46282
2.6145
-1.50286
-0.297422
87.6971
87.2025
1.03268
9.82601
13.1712
9.43746
1.66625
-0.0767254
-0.382349
0.471032
-0.225915
0.0916209
-0.571197
0.206012
2.35044
0.359921
-1.27752
-1.26229
70.6142
0.391431
0.453961
0.447558
-1.32821
-0.997402
-8.1075
0.241601
0.776806
-0.262324
-1.70359
0.433394
0.132555
-2.33128
-0.116212
-0.315102
1.28753
19.8559
0.870308
0.721576
-1.74838
1.15296
-0.254202
0.674697
-0.761204
4.63564
-0.474585
0.307697
140.222
0.787623
4.38723
-0.175265
-4.76286
0.683282
0.368508
-0.319906
0.622179
-3.04272
74.3313
0.546949
0.928413
-2.97802
0.269834
-1.67172
0.609261
74.672
-1.33601
-0.0552922
0.297712
-0.627288
23.1174
-0.266828
2.38055
-1.49878
1.66651
2.18984
1.09561
-3.78399
3.91429
0.62994
-4.93961
-1.20188
-1.48324
-0.927592
-0.135126
-0.863631
-0.0497691
-1.27682
-3.41004
0.838395
-1.742
-1.80248
-1.89452
-3.22133
-1.13307
-1.14364
-0.993283
-1.58541
0.915717
5.22113
-2.5537
-20.7904
-2.6015
1.31005
-1.81698
-1.07603
0.849912
1.31824
1.70251
-6.57994
8.4611
1.09868
-2.35143
0.394234
0.808715
-0.889684
-1.82027
-0.569494
0.880147
-3.24128
-0.502564
1.15663
0.361286
-0.484557
-1.87381
1.00437
3.44078
1.02032
-1.72647
-6.46619
-7.5007
0.0607458
2.61209
0.94435
0.178945
-0.963583
1.00725
1.06727
4.18793
0.788773
1.87856
0.863603
-2.81096
2.12543
0.817947
-0.0752619
-4.83281
1.20235
0.788792
-2.19184
-0.931868
-1.02757
-3.4559
1.20065
-0.230529
1.89608
-2.73175
-83.0125
0.875955
0.168752
2.40688
0.529387
0.88348
-7.14081
-0.624283
-0.241382
1.88782
-0.625865
1.62882
-2.34767
-1.22458
-0.0430295
0.868805
1.16579
1.87227
-2.84594
1.0687
-1.54219
0.706735
-0.666038
-4.0352
1.0778
-5.37833
0.796092
1.31275
-3.32333
-1.25518
-2.04066
-611.586
0.644822
-0.812809
1.07543
-2.14209
-0.406176
-0.732288
0.835974
-1.83827
-1.09486
-2.64444
0.928582
-1.08698
-0.677066
-2.12464
0.97935
1.54991
0.0257411
0.705952
-0.897282
-1.06551
0.249494
0.0343433
-2.02215
0.262135
-0.252336
86.9286
-0.689799
-1.08954
-8.28877
-0.144238
-0.269665
-2.60103
0.792778
-1.2761
-0.208829
12.7517
0.983322
-2.02104
-8.47531
1.40484
-0.668811
1.69156
1.07239
-0.93835
-0.829501
0.883351
-1.7194
)
;

boundaryField
{
    FrontBackPlanes
    {
        type            symmetry;
    }
    wallz
    {
        type            calculated;
        value           nonuniform List<scalar> 
97
(
-585.444
-625.256
-671.492
-420.82
201.772
50.8785
1.09321
205.953
207.462
-1.76762
-2.44604
-2.10561
0.33204
0.472007
0.568787
205.452
205.313
205.875
-0.884829
-1.15229
-1.46966
-0.142086
0.0290539
0.172899
205.47
206.423
206.182
-0.150562
-0.359371
-0.62421
-0.557812
-0.419967
-0.282939
206.323
208.237
0.275679
0.0763631
-0.947023
-0.818583
-0.698068
216.033
214.881
0.454399
-1.32186
-1.19135
-1.07282
216.258
215.971
216.321
0.959376
-1.72835
-1.58464
-1.45467
214.312
209.654
211.951
1.286
1.11488
-2.01827
-1.86501
208.267
208.288
208.823
1.58071
1.44429
47.5475
5.42553
-2.68767
-2.50807
209.181
207.936
208.042
1.86196
1.72646
1.97373
2.22516
2.23999
200.471
202.837
205.684
209.903
158.169
-2.86331
-581.59
-760.189
-801.697
-245.786
204.031
151.734
-2.80172
0.795886
211.596
-2.17934
199.807
213.026
-2.35568
0.62818
)
;
    }
    outlet1
    {
        type            calculated;
        value           nonuniform List<scalar> 
31
(
-2.943
-2.943
-2.943
-2.943
-2.943
-2.943
-2.943
-2.943
-2.943
-2.943
-2.943
-2.943
-2.94304
-2.94455
-2.943
-2.943
-2.943
-3.08085
-2.94547
-2.94303
-2.943
-2.943
-2.943
-2.943
-2.943
-2.943
-2.943
-2.943
-2.943
-2.943
-2.943
)
;
    }
    inlet1
    {
        type            calculated;
        value           nonuniform List<scalar> 2(-790.762 -807.969);
    }
}


// ************************************************************************* //
