/*--------------------------------*- C++ -*----------------------------------*\
| =========                 |                                                 |
| \\      /  F ield         | OpenFOAM: The Open Source CFD Toolbox           |
|  \\    /   O peration     | Version:  v2012                                 |
|   \\  /    A nd           | Website:  www.openfoam.com                      |
|    \\/     M anipulation  |                                                 |
\*---------------------------------------------------------------------------*/
FoamFile
{
    version     2.0;
    format      ascii;
    class       volScalarField;
    location    "0.1";
    object      p_rgh;
}
// * * * * * * * * * * * * * * * * * * * * * * * * * * * * * * * * * * * * * //

dimensions      [1 -1 -2 0 0 0 0];


internalField   nonuniform List<scalar> 
6576
(
2581.75
2521.68
2537.18
2556.09
2596.04
2617.6
2550.59
2550.47
2602.52
2575.64
2678.85
2640.97
2606.36
2634.06
2535.52
2557.89
2464.46
2539.92
2541.49
2664.44
2497.96
2651.01
2658.97
2533.49
2616.58
2691.68
2830.85
2602.65
2515.95
2516.46
2574.59
2462.42
2568.74
2627.82
2610.58
2668.85
2605.85
2672.52
2567.49
2621.5
2535.36
2503.35
2579.18
202.086
170.891
201.02
133.812
200.598
204.14
204.884
206.537
205.155
0.0148916
0.0117529
0.00406412
0.0276704
0.0196769
0.010299
0.020054
0.0156715
0.0267378
0.0334523
0.0436502
0.0306775
0.0162649
0.0326115
0.153297
0.135467
0.118379
0.117266
0.131912
0.0885409
0.109784
0.248015
1.33907
1.08187
0.384402
0.182558
0.578645
0.928013
0.0700339
0.474914
0.489322
0.727151
-0.00508821
-0.257416
-0.0201188
2.55188
2.5348
2.44464
2.57644
2.5909
2.53659
2.3946
199.124
201.48
201.284
149.918
189.478
200.684
195.22
200.447
200.169
200.506
200.399
200.945
200.587
201.332
200.773
201.666
201.772
201.486
202.168
202.683
0.0272869
0.0385358
0.0505778
0.00203154
0.071161
0.0632179
0.00504167
1571.37
2530.16
2427.92
2485.9
2377.58
2748.02
2803.51
0.245736
-0.300671
-0.0685886
-0.808666
-0.448597
-0.981023
-0.673615
2.21616
2.18098
2.19557
2.26813
2.2453
2.21728
2.23243
2.27083
2.3055
2.24806
2.39651
2.35111
2.30249
2.33166
2.19361
2.17533
2.12279
2.20732
2.1463
2.12379
2.18432
2.32011
2.3368
2.41818
2.36039
2.38752
2.53351
2.47794
2.48446
2.44417
2.26803
2.17408
2.28697
2.30891
2.22446
2.18409
2.28237
2.45578
2.46302
2.58946
2.48706
2.51826
2.67629
2.75333
2.64643
2.60147
2.52078
2.48588
3.01531
2.8896
2.94431
3.67934
3.5331
3.42091
3.50729
-0.0881427
0.519817
-1.2125
1.28341
1.61226
0.658247
1.67454
0.514227
-0.192506
0.843109
1.19271
2.61801
1.31774
0.702892
-2.77367
-3.75015
-2.1414
-0.41672
-4.06706
-4.54492
-1.79442
-0.410056
0.0447777
-1.28223
-0.160992
-1.08622
-0.425581
0.33105
-1.92171
-2.01221
-2.5463
-1.36979
-1.15131
-1.46878
-1.86622
-0.479127
-1.23912
-0.693667
-1.16203
-0.392161
-0.31651
-0.980488
1.47395
1.57554
1.39581
0.749183
1.4372
1.29065
1.02496
1.89835
1.8482
2.05456
1.83797
1.56878
1.96211
1.78171
2.0409
2.1189
2.00021
1.9202
2.12721
1.94521
2.11336
2.11395
1.98075
2.07238
2.09708
2.02071
2.17549
2.07176
2.13233
2.05585
1.88629
1.88195
1.92354
1.91627
1.88414
1.88978
1.92183
207.557
206.881
207.322
207.634
206.946
207.358
208.182
206.63
207.972
203.89
210.551
209.34
207.954
210.866
208.623
187.067
0.910342
0.848197
0.928067
0.998025
0.904323
0.924021
0.978356
0.97269
0.929408
209.008
208.186
205.818
1.12173
2.3112
1.89462
1.71559
2.06719
1.22844
0.744818
0.379829
0.355235
0.412713
0.39316
0.411769
0.451731
0.427421
193.441
17.3931
2.43122
113.182
4.57164
4.22323
4.09047
2.87008
2.63737
-0.23571
-0.316138
-0.244912
-0.11587
-0.105864
-0.186984
-0.153461
2.23155
0.846382
0.957033
0.876872
0.805289
1.22811
1.25855
2.11104
1.04316
2.64871
0.504344
0.841697
0.614299
0.65227
0.837938
0.587031
0.719156
1.14593
0.559795
0.394289
0.5949
0.551307
0.0345266
0.148483
0.319724
205.85
206.233
205.953
205.866
205.778
205.818
205.687
207.975
207.314
207.462
206.776
206.816
206.361
206.635
207.239
208.352
194.852
123.226
198.406
197.532
201.479
187.371
199.204
0.984575
3.82909
8.5864
15.0669
56.649
3.46178
1.13595
-0.179984
-0.133333
0.0309555
-0.338259
-0.0826895
-0.296075
-0.069926
-0.0121606
-0.223737
-1.67761
-1.79649
-2.20486
-2.40084
-2.06806
-1.98377
-1.75519
-1.83178
-3.02636
-2.27823
-3.61883
-3.72774
-3.47725
-3.37362
-2.66519
-2.39473
317.695
564.512
1342.91
850.105
288.652
1.19134
438.11
1520.22
1530.69
1549.09
1521.24
1474.67
1520.14
1552.44
1.39878
1.43232
1.31771
1.43015
1.36738
1.3902
1.30437
1.19503
1.15882
1.11845
1.13561
1.17235
1.11777
1.07218
1.27042
1.28735
1.20224
1.24116
1.29061
1.26369
1.1956
1.21611
1.14416
1.21715
1.22962
1.17168
1.23467
1.28878
1.21748
1.26764
0.987376
0.926496
0.98636
0.982211
1.01031
0.928031
0.97777
0.807484
0.896991
0.831466
0.816257
0.74751
0.856814
0.808064
0.797324
0.778798
0.714991
0.829769
0.882295
0.83369
0.790952
0.341823
0.372225
0.440103
0.338529
0.274319
0.341875
0.410974
0.617657
0.572748
0.556173
0.565245
0.512013
0.485241
0.540611
0.230278
0.33929
0.305584
0.600481
0.574607
0.68663
0.0540616
0.112458
0.100153
0.101978
0.0511647
0.0864905
0.12375
0.106572
0.088174
0.0392931
0.20389
0.143767
0.147564
0.106273
0.0640377
0.0141413
0.118696
0.114018
0.199094
0.145028
0.045327
0.0981736
0.0731244
0.127802
0.172847
0.1135
0.0132794
0.0463464
0.0597073
0.0693801
0.0995353
0.124297
0.203681
0.14286
0.0800387
0.0517752
0.0402051
0.013167
0.0956358
0.105548
0.0737949
0.0746854
0.544623
0.587271
0.650498
0.526028
0.448822
0.557504
0.487637
0.555689
0.617254
0.829327
0.919491
0.780934
0.740732
0.651081
0.828152
0.75564
0.689231
0.605727
0.732017
0.723172
0.64141
0.578208
0.698013
1.14974
1.09495
1.08951
1.08184
0.939762
0.962975
1.05489
2.03239
2.17053
2.21313
1.85905
1.91449
2.38455
2.51596
2.33794
2.48443
2.22431
2.56021
2.37241
2.8263
2.95044
2.98215
3.02722
3.19128
3.02285
2.88547
3.74959
3.86513
3.91031
4.19797
4.01603
4.09567
4.14958
0.916775
0.872684
0.930981
0.82812
0.842401
0.883229
0.885293
0.650922
0.716097
0.690191
0.594345
0.60956
0.608653
0.635234
0.688795
0.659903
0.414223
0.386897
0.442643
0.406153
0.439453
0.444883
0.485211
0.552532
0.553557
0.521944
0.51004
0.511623
0.54011
0.535651
0.594963
0.575251
0.586929
0.604647
0.585525
0.609133
0.586451
0.643588
0.638944
0.61883
0.610327
0.613281
0.631121
0.630066
0.782528
0.767255
0.785081
0.792407
0.780627
0.80035
0.786385
0.835482
0.8476
0.838459
0.841026
0.822563
0.861661
0.845282
0.856693
0.837669
0.831293
0.848488
0.85403
0.865871
0.85448
0.853508
0.840455
0.844626
0.83235
0.908581
0.911065
0.898925
0.910833
0.888961
0.899936
0.907874
0.888254
0.900256
0.885499
0.910116
0.921372
0.907254
0.903958
0.888512
0.881807
0.951096
0.949408
0.944978
0.941924
0.929153
0.93563
0.970295
0.902623
0.94527
0.961887
1.26086
0.741918
0.671827
0.712196
0.631037
0.699358
0.785667
0.705239
1.79942
0.960446
0.910925
0.91429
1.44269
1.52024
17.0384
1.5721
0.900995
1.02579
0.767821
3.40977
0.835908
14.6537
0.776032
0.745944
9.36081
0.245248
0.317806
0.732913
204.092
201.016
200.285
192.756
122.47
195.186
197.943
205.877
205.814
206.42
206.951
205.902
206.007
205.87
205.919
205.938
206.275
205.497
205.368
205.285
205.458
205.557
205.231
203.786
205.699
205.283
205.52
205.452
205.504
205.353
205.519
205.313
205.191
205.309
205.253
205.175
205.151
205.23
205.818
205.854
205.875
206.026
205.901
205.847
206.142
205.717
205.867
205.757
205.451
205.351
205.444
205.616
205.427
205.546
205.756
206.053
205.698
205.044
205.178
205.025
204.415
205.413
197.317
204.061
164.456
203.6
201.559
191.838
201.501
192.201
137.641
199.912
197.472
202.522
168.261
195.746
1.65959
1.47149
1.15981
1.69272
1.56735
1.25097
1.31431
1.17884
1.16214
1.12662
1.22898
1.1773
1.14091
1.15806
1.27977
1.21799
1.28231
1.20755
1.25333
1.2931
1.3966
0.984616
1.20481
1.17842
1.34281
1.37272
1.21798
1.31309
1.20824
1.04879
0.474621
0.657835
0.741157
0.884824
0.84863
0.864668
0.778849
0.732903
0.580193
-2.71636
-3.03761
-3.38183
-3.85501
-3.55473
-2.98202
-3.11865
2.49816
2.46712
2.47283
2.43325
2.40141
2.42607
2.45309
2.61696
2.66279
2.67734
2.61525
2.66583
2.71308
2.66122
2.51384
2.40481
2.41441
2.421
2.34382
1.67456
1.69704
1.61316
1.67234
1.73977
1.72139
1.6636
1.55708
1.59816
1.62424
1.57063
1.61343
1.59364
1.54265
1.55677
1.59667
1.5374
1.55886
1.52538
1.47999
1.52837
1.37494
1.44747
1.39646
1.37515
1.32352
1.40341
1.3723
1.38036
1.36201
1.29964
1.44219
1.39641
1.40076
1.35992
1.12324
1.21259
1.20634
1.20473
1.26902
1.25005
1.21613
1.18226
1.27781
1.21062
1.19509
1.23673
1.26352
1.00033
0.916302
1.00152
1.03236
1.07222
0.968849
1.0834
1.03232
0.792324
0.815712
0.733714
0.831752
0.797364
0.893592
0.713154
0.775233
0.833827
0.784889
0.252708
0.314355
0.335699
0.376437
0.438001
0.374496
0.327185
0.344231
0.313887
0.250943
0.370493
0.435565
0.367294
0.317734
0.107945
0.0861405
0.136642
0.367646
0.322739
0.429417
0.242657
0.302696
0.366037
0.318937
0.0953536
0.0717611
0.0164274
0.117867
0.0758073
0.0797976
0.0817888
0.0166246
0.0756791
0.0572568
0.0750775
0.0968092
0.0274036
0.0279111
0.00442729
0.0626841
0.0761571
0.0455979
0.0493468
0.0124629
0.0552335
0.0232373
0.00889921
0.0511269
0.02182
-0.00912881
0.227164
0.254481
0.171897
0.110068
0.103006
0.192747
0.204472
0.132838
0.118614
0.65261
0.631647
0.802255
0.441698
0.622488
0.690469
0.5618
0.874136
0.551354
0.902449
0.633478
-0.42869
0.428817
-0.062976
3.20352
2.95908
3.39602
3.17466
3.38082
3.46174
4.2756
3.74057
3.29768
3.44792
4.27477
3.63779
4.13446
4.42039
4.25568
4.46831
3.87958
4.30049
4.02536
4.33458
4.33665
1.17167
1.1354
1.1285
1.15526
1.12203
1.11781
1.08483
1.0979
1.13015
0.64107
0.655856
0.654302
0.627156
0.626501
0.639384
0.631328
0.585713
0.612176
0.574576
0.56863
0.55331
0.571353
0.588155
0.500685
0.489374
0.510281
0.51566
0.50027
0.544779
0.532367
0.525434
0.53586
0.520613
0.511659
0.515363
0.526253
0.511102
0.515917
0.52668
0.71923
0.717175
0.710345
0.704805
0.715091
0.702457
0.712315
0.757582
0.763368
0.769944
0.760631
0.750505
0.739028
0.751396
0.754068
0.763728
0.743088
0.751305
0.766954
0.752443
0.753608
0.741881
0.736279
0.789579
0.815305
0.810723
0.805943
0.832675
0.813753
0.827001
0.778098
0.817339
0.797255
0.85608
0.876835
0.863973
0.901248
0.921863
0.909058
1.73185
1.35529
1.84306
1.08623
0.281799
1.60628
0.796937
205.625
205.35
205.439
205.423
205.411
204.925
205.974
205.178
205.792
205.284
205.47
205.309
205.374
206.229
206.424
206.423
206.464
206.486
206.516
206.455
206.05
206.42
206.414
206.261
206.246
206.306
206.688
206.349
206.258
206.559
206.158
206.182
206.298
206.554
206.062
206.205
181.988
193.654
207.864
203.957
206.029
205.652
202.107
188.94
163.436
202.204
201.26
202.383
193.999
199.405
2.65823
3.47432
2.97087
3.32182
14.3081
6.33943
11.2936
2.53338
2.21847
2.14689
2.54365
2.6381
2.65439
2.71201
187.103
40.3974
73.8739
538.904
372.637
283.513
179.595
841.033
800.501
810.052
834.962
861.726
825.826
816.109
-2.07328
178.701
42.9943
121.668
308.402
161.639
714.008
1.01014
0.26501
0.104202
0.397183
0.156602
-0.0344761
0.160061
0.360827
-0.403592
0.228785
0.685874
1.0446
0.753181
0.157548
2.21091
2.22878
2.25333
2.16904
2.16255
2.18985
2.19895
1.9425
1.96599
1.90797
1.93526
1.98097
1.97643
1.93483
1.89619
1.84268
1.87117
1.85262
1.88042
1.83069
1.87194
1.80019
1.83035
1.8456
1.81644
1.84147
1.82961
1.79386
1.77274
1.80695
1.81385
1.79664
1.81837
1.76802
1.79852
1.63358
1.67793
1.68872
1.65791
1.69334
1.72592
1.74477
1.7279
1.7036
1.79388
1.85536
1.81808
1.79775
1.76361
1.82409
1.80219
1.80984
1.79792
1.75773
1.81994
1.84782
1.82218
1.79672
1.68702
1.73488
1.69018
1.68685
1.64626
1.61695
1.6644
1.488
1.53872
1.53045
1.59603
1.55309
1.57069
1.53378
1.68398
1.74155
1.70176
1.47737
1.54032
1.52005
1.3062
1.35648
1.36715
1.12061
1.18957
1.19902
1.23078
1.18273
1.2758
1.22197
1.22165
1.1971
1.14096
1.25372
1.29407
0.938081
0.986139
1.00017
1.02927
1.08872
1.03408
0.989852
1.26146
1.32162
1.2688
1.24331
1.30319
1.32215
1.27344
0.945118
1.02246
0.999077
1.01386
1.04692
0.996757
0.945025
0.554351
0.528517
0.455102
0.595861
0.64845
0.215405
0.264918
0.280897
0.223084
0.263848
0.278099
0.311527
0.628317
0.595375
0.499468
0.47631
0.532831
0.564095
0.602407
0.257619
0.195543
0.240321
0.24775
0.183385
0.204009
0.262836
0.0698488
0.101001
0.0703909
0.0480313
-0.00168957
0.0264701
0.0914728
0.0502825
0.0453504
0.0925702
0.047923
-0.00309144
0.0849914
-0.0268848
-0.080977
-0.0703448
-0.0479796
-0.0785843
-0.0501025
-0.0414063
-0.00749178
-0.0148224
-0.00486758
-0.0365962
-0.0670484
-0.0924406
-0.0999877
-0.0118157
-0.0353972
-0.0245633
-0.0636516
-0.0433902
-0.0152373
-0.189318
-0.143055
-0.185641
-0.133616
-0.166975
-0.249529
-0.181863
-0.299943
-0.205174
-0.167575
-0.317276
-0.128589
-0.255157
-0.242896
-0.135843
-0.229175
-0.313144
-0.247722
-1.44658
-0.823601
-1.13013
-0.758232
-1.05461
-0.629569
-1.02804
1.23915
1.61418
1.30478
1.23234
1.30422
1.52973
1.36758
1.22097
1.26854
1.24752
1.23228
1.27731
1.27475
1.2771
1.20817
1.18432
1.16359
1.11144
1.03394
1.12234
1.07296
1.03438
1.01862
1.06816
0.976264
0.995919
0.976178
1.00019
1.0346
1.00674
1.03701
1.04002
1.02395
1.03977
1.07172
1.07129
1.04595
0.931582
0.92201
0.961779
0.878522
0.907573
0.907283
0.933983
0.743233
0.731253
0.731438
0.70609
0.728494
0.726167
0.745964
0.735442
0.756972
0.672179
0.673473
0.690464
0.655784
0.643489
0.662462
0.650033
0.665885
0.680512
0.642248
0.63613
0.657772
0.624354
0.639112
0.6338
0.648397
0.556901
0.559397
0.564629
0.56039
0.560277
0.561991
0.562633
0.558718
0.55832
0.55718
0.565455
0.561584
0.560337
0.561599
0.591033
0.592158
0.600672
0.591798
0.583989
0.590736
0.596373
0.584324
0.593008
0.601881
0.591727
0.588989
0.599112
0.594843
0.616094
0.604839
0.612694
0.61882
0.628564
0.62411
0.617112
0.685143
0.682795
0.680032
0.686373
0.68254
0.677184
0.681385
0.664753
0.649301
0.650893
0.627625
0.642591
0.649592
0.636114
0.692732
0.683634
0.68469
0.664399
0.690248
0.679481
0.730551
0.717976
0.715557
0.719307
0.729481
0.710293
0.708607
0.696465
0.72001
0.711635
0.774525
0.765215
0.756374
2.22853
1.39903
22.2765
0.626093
1.13687
1.95887
1.41561
206.189
206.215
205.571
206.864
206.272
205.854
206.12
206.323
206.166
206.245
207.463
208.024
208.237
208.842
208.021
208.814
209.427
207.063
207.945
207.212
214.544
215.785
214.562
192.198
213.469
214.908
196.81
210.803
207.183
137.075
209.33
212.183
212.337
165.768
-1.0841
-2.07324
-1.74486
1.51218
-0.5842
-1.07525
-0.489449
447.09
591.525
292.191
349.915
595.22
218.49
421.377
553.746
523.489
505.102
12.2212
82.3072
752.616
494.185
707.029
295.897
-0.741025
0.328103
-0.915606
33.0385
-1.69185
1.75018
-1.82746
1.00727
2.47788
0.674565
4.37426
0.920089
2.74439
3.54753
0.459206
0.649895
0.654803
1.96285
-0.990966
-0.424376
-0.28885
-0.587817
0.052662
-0.202806
0.414812
2.06977
2.0347
2.05214
2.02478
2.05123
2.0378
2.05767
2.03187
1.99957
2.02205
1.99529
2.01812
2.01087
2.02954
1.96795
2.01034
1.99853
2.01334
2.02914
2.00877
1.98278
1.88517
1.91226
1.91145
1.94284
1.91492
1.92798
1.95017
2.0068
2.03792
2.00991
2.01336
2.0324
1.88547
1.92084
1.9157
1.91029
1.87839
2.03927
2.00851
2.03869
2.0266
2.00458
1.88046
1.91469
1.92017
1.89655
1.86911
1.79807
1.76023
1.79461
1.69681
1.63827
1.69363
1.74178
1.70998
1.87942
1.84604
1.84622
1.83938
1.87445
1.85045
1.88029
1.5686
1.62238
1.57926
1.63056
1.58678
1.63453
1.59316
1.71046
1.76752
1.74827
1.74379
1.69878
1.723
1.75967
1.36013
1.42244
1.43181
1.50829
1.45583
1.46199
1.41372
1.08871
0.985057
1.13737
1.15594
1.07976
1.2469
1.1712
-0.101676
-0.403772
-0.15469
-0.797974
-0.531947
-0.244027
-0.299338
-0.125879
-0.159316
-0.18065
-0.289649
-0.13406
-0.36874
-0.392282
-0.277647
-0.460971
-0.479697
-0.194606
-0.0239832
-0.310239
-0.0982347
-0.155113
-0.0307474
-0.328304
-0.33609
-0.291549
-0.246439
-0.258235
-0.32702
-0.411028
-0.29417
-0.240789
-0.41911
-0.249556
-0.612423
-0.392237
-0.528364
-0.216177
-0.25372
0.78708
0.726699
1.2739
0.417072
0.32521
-0.954475
0.760182
729.727
2004.43
2708.36
2721.65
2722.25
2698.4
2824.15
0.0836896
-0.368017
-0.59511
-1.10486
-0.945678
-1.05708
168.664
7.39883
46.9545
1.02555
3.5423
1.4056
484.664
9.271
0.206091
0.490812
0.0636071
0.10505
0.0708505
0.336715
0.216347
0.878046
0.825932
1.15395
0.626941
0.551081
0.435269
0.4786
0.964029
0.909005
0.929295
0.949692
0.880977
0.84969
0.938409
0.597174
0.67819
0.64216
0.685203
0.642474
0.577697
0.631201
0.663479
0.608279
0.865451
0.827731
0.848902
0.865612
0.827017
0.815494
0.849588
0.807878
0.789342
0.757549
0.775619
0.764492
0.739114
0.725815
0.664699
0.672165
0.695946
0.683536
0.675814
0.712429
0.705551
0.605969
0.630654
0.616706
0.595048
0.602889
0.617628
0.607398
0.53964
0.536184
0.541099
0.545581
0.552631
0.5447
0.542191
0.558378
0.561229
0.556115
0.557456
0.549555
0.553208
0.559141
0.580348
0.583007
0.576577
0.580072
0.577611
0.578406
0.582228
0.568055
0.576661
0.575192
0.577
0.59272
0.57532
0.577682
0.568661
0.567911
0.589444
0.597819
0.597681
0.598152
0.613989
0.606893
0.600948
0.600334
0.584941
0.592718
0.631047
0.619708
0.615743
0.611943
0.62058
0.604097
0.612685
0.616521
0.61561
0.607143
0.618092
0.626526
0.619128
0.61345
0.622423
0.628889
0.625479
0.646513
0.657972
0.65173
0.642317
0.647477
0.655794
0.637742
0.630487
0.63987
0.644533
1.35388
1.45033
1.30253
1.26423
1.26314
1.30304
1.31221
2.24371
2.07598
2.70471
2.86965
2.59473
3.01664
2.23602
204.861
202.897
201.798
173.653
149.932
194.175
199.798
213.436
213.466
212.062
213.576
214.177
213.349
212.814
216.057
215.811
216.033
216.114
216.095
216.172
216.162
214.792
214.881
214.271
215.349
214.884
215.061
2.18324
2.16008
2.17483
2.17355
2.15518
2.17932
2.16465
2.16236
2.14176
2.15776
2.15577
2.13871
2.16484
2.15247
2.12983
2.15175
2.15389
2.14554
2.15865
2.14503
2.12663
2.1495
2.14741
2.12778
2.15244
2.17658
2.15881
2.14324
2.05817
2.08721
2.08353
2.1173
2.09367
2.10233
2.08372
2.08592
2.05098
2.07708
2.08378
2.06231
2.0894
2.07638
2.08945
2.05933
2.07863
2.09411
2.07684
2.10482
2.10175
2.08902
2.07069
2.09089
2.102
2.12632
2.11489
2.12073
2.10767
2.11535
2.09552
2.15968
2.18065
2.18512
2.14387
2.1494
2.17146
2.17235
3.268
3.25158
3.17877
3.35423
3.27733
3.24274
3.3165
3.39014
3.28804
3.55008
3.47051
3.42927
3.59285
3.62127
4.00244
4.17956
4.53144
4.2866
3.93962
2.50227
3.34944
2.91928
3.36876
3.81397
2.87564
3.41802
2327.3
2185.92
2514.83
2372.68
2315.23
1128.58
2423.08
0.256216
1.70835
1.1269
0.916003
1.1172
1.53717
1.61559
1.01204
1.11056
0.80953
1.32878
0.578563
0.821892
1.18295
0.103064
0.0754687
0.0223264
-0.0208237
-0.0113075
-0.0588562
-0.0630464
-0.0442459
-0.151858
-0.075983
0.000204789
-0.0170776
-0.00985133
-0.309996
-0.255744
-0.0675986
-0.33735
-0.150149
-0.174646
-0.298323
-0.0691605
-0.276921
0.0127282
0.017021
-0.290811
-0.225091
0.223089
0.209947
0.217244
0.455721
0.338907
0.249993
0.1839
0.551146
0.519923
0.55709
0.505452
0.501751
0.533872
0.532998
0.518014
0.546835
0.541358
0.502075
0.504314
0.529139
0.527805
0.514637
0.53597
0.533481
0.504036
0.500095
0.527305
0.525118
0.522353
0.51729
0.502808
0.487814
0.485291
0.495117
0.49495
0.510361
0.513912
0.438497
0.451091
0.448007
0.43478
0.446752
0.450782
0.441822
0.516599
0.522972
0.529897
0.507349
0.517124
0.517937
0.522982
0.532553
0.536528
0.535123
0.531197
0.516906
0.517479
0.509871
0.521067
0.503548
0.515809
0.54701
0.549782
0.542915
0.542888
0.552091
0.52264
0.558787
0.556312
0.568388
0.557888
0.549842
0.554158
0.559744
0.566271
0.562501
0.558102
0.583025
0.578332
0.588583
0.576385
0.570838
0.572182
0.576054
0.574527
0.574129
0.569388
0.59761
0.601574
0.591351
0.585406
0.583653
0.589809
0.589015
0.762088
0.722789
0.530349
0.834853
0.870598
1.15634
1.22183
1.1519
1.11781
1.00112
1.17336
1.17344
0.918019
1.20018
1.26859
1.5231
1.40579
1.39171
1.25458
1.15764
1.27142
1.31785
1.18009
0.954634
2.22744
1.90192
2.16594
2.01244
3.06059
1.55403
2.27006
2.32982
3.23962
2.26922
1.93228
2.67699
2.46714
2.67865
61.3665
10.0597
11.4474
27.0802
31.3354
12.6298
10.809
216.048
215.64
215.997
216.341
216.277
216.299
216.254
216.28
216.246
216.268
216.212
216.13
216.258
216.132
216.309
216.329
216.017
216.063
215.971
215.666
215.953
215.353
216.02
216.233
216.321
216.388
2.27585
2.28655
2.27304
2.26806
2.24888
2.25614
2.27345
2.27319
2.28023
2.29647
2.23779
2.2239
2.21305
2.22445
2.24079
2.21432
2.23603
2.2755
2.26976
2.29071
2.25475
2.27849
2.28885
2.27104
2.26262
2.25938
2.26051
2.27153
2.26956
2.26391
2.26286
3.58338
3.45805
3.36476
3.50668
3.60275
3.65405
3.62179
3.78083
3.81927
3.82178
3.81532
3.71631
4.04428
3.89774
3.45445
3.74553
3.80537
3.98815
3.1811
3.35157
2.93842
3.35886
3.78715
4.34658
2.86568
3.43242
4.02549
1.87239
1.02715
1.13191
0.697171
1.05893
1.06294
0.861378
1.11049
1.14219
0.994626
1.23566
1.31666
0.956006
1.27229
1.46942
1.24434
1.04854
0.328125
0.247617
0.291163
0.264624
0.502648
0.283972
0.384884
-0.171056
-0.00142897
-0.222639
0.227215
0.248974
-0.162797
-0.054381
-0.350596
-0.207583
-0.345332
-0.0417326
-0.01683
-0.00636684
0.0231249
0.0168312
0.079538
0.0371162
-0.0317857
-0.00306667
0.0760335
0.0695496
0.0892943
0.0086405
0.0975692
0.0988098
0.0620047
0.0371268
0.00919922
0.041382
0.0559766
0.0565529
0.077146
0.0782815
0.209427
0.24726
0.240999
0.219516
0.252902
0.271304
0.247234
0.265092
0.238403
0.390134
0.370194
0.382036
0.374458
0.362137
0.376669
0.385938
0.411339
0.417258
0.399191
0.41147
0.406754
0.403331
0.394866
0.446436
0.430248
0.426314
0.418303
0.431052
0.405585
0.421227
0.452878
0.462354
0.463593
0.48211
0.466526
0.471007
0.480073
0.445768
0.464912
0.459883
0.489778
0.504944
0.491282
0.490401
0.48698
0.479718
0.522932
0.516612
0.523915
0.54738
0.54973
0.556795
0.547038
0.549141
0.555809
0.553678
0.448126
0.458916
0.414658
0.447745
0.434981
0.426102
0.404015
0.481399
0.450381
0.470388
0.476118
0.456141
0.470928
0.486991
0.24068
0.275846
0.300543
0.237624
0.168958
0.231218
0.267349
0.24959
0.237672
0.264721
0.167972
0.228163
0.164276
0.21217
0.152299
0.223373
0.304805
0.235637
0.0955479
0.107989
0.226481
-0.781407
-0.856137
-0.983168
-0.647403
-1.09574
-1.17256
-0.837665
0.0787356
0.0316003
-0.159708
-0.402135
-0.336313
-0.865768
-0.839552
-0.359803
-0.798758
-1.32517
-0.948373
-0.489211
0.628264
0.726185
0.748531
0.813986
0.594724
0.79441
0.617722
0.0179028
0.562259
0.634845
0.0383181
-0.216952
0.30096
0.432139
215.938
216.075
216.156
211.936
211.371
211.891
212.746
212.081
212.414
211.888
214.317
214.894
214.312
214.461
214.215
213.336
209.646
210.142
209.654
209.279
209.582
208.957
209.509
210.952
211.951
211.859
2.40771
2.42736
2.424
2.44029
2.45127
2.42866
2.43895
2.38997
2.39603
2.38353
2.37016
2.38326
2.36048
2.37593
2.32471
2.32752
2.31297
2.35018
2.33609
2.34017
2.32774
2.3896
2.39028
2.4058
2.30348
2.31856
2.32359
2.30466
2.32688
2.3246
2.32853
2.32068
2.32035
2.30565
2.33348
2.34605
2.32718
2.32128
2.30279
2.33538
2.32055
2.34935
2.33566
1.37372
1.32935
1.36483
1.32325
1.37468
1.31943
1.33879
1.30321
1.27182
1.25824
1.27337
1.24679
1.23971
1.21237
0.503205
0.524169
0.562646
0.579936
0.588078
0.522592
0.530453
0.0885594
0.0996797
0.0753147
0.221664
0.260614
0.251777
0.19749
0.227645
0.247818
0.232139
0.0555306
0.0222668
0.0510402
0.0823167
0.109624
0.0592393
0.0218167
0.0592806
0.0867087
0.048284
0.00640028
0.0471229
0.00737408
0.0296304
0.0260677
0.0356521
0.0395565
0.0572883
0.047698
0.0545331
0.0551516
0.073395
0.0257093
0.0075954
0.0438997
0.0539079
0.0331183
0.0339556
0.0127096
0.0282094
0.0307012
0.0126411
0.0352765
0.0455207
0.030999
0.236028
0.223377
0.242119
0.249232
0.253187
0.240662
0.228325
0.342748
0.366352
0.346611
0.352503
0.33796
0.315737
0.39476
0.405261
0.388529
0.387683
0.373409
0.397117
0.381532
0.367642
0.437395
0.43315
0.445011
0.497578
0.488991
0.492124
0.505382
0.506987
0.495172
0.496643
0.487715
0.472761
0.47724
0.474476
0.4811
0.469531
0.480464
0.509843
0.509802
0.505076
0.495945
0.501381
0.498558
0.502266
0.527494
0.513532
0.524836
0.533104
0.521691
0.515148
0.526353
0.529172
0.533596
0.533275
0.544506
0.540483
0.536797
0.539105
0.577372
0.570957
0.581244
0.581248
0.576768
0.581506
0.586864
0.560672
0.561093
0.55832
0.567717
0.564411
0.561768
0.563708
0.558268
0.569344
0.56651
0.571582
0.563447
0.554076
0.564537
0.527451
0.527046
0.531923
0.532074
0.534863
0.547651
0.542584
0.520251
0.500726
0.518069
0.522537
0.54493
0.37296
0.359874
0.317825
0.264494
0.262167
0.378671
0.358013
0.297903
0.284448
0.40666
0.371857
0.393824
0.377203
0.423677
0.427956
0.391445
0.398824
0.437254
0.00488852
0.0121633
-0.0581567
-0.168045
-0.22832
-0.070266
-0.109206
-0.685315
-0.803739
-0.628671
-1.01354
-1.12789
-1.0202
-0.969777
-0.637002
-0.474175
-0.465127
-0.456075
-0.380589
-0.496446
-0.629768
-1.37281
-1.05683
-1.04679
-0.964477
-1.15527
-1.16363
-1.39617
-1.597
-1.84834
-2.22605
-2.58815
-2.37423
-2.14845
-1.91839
18.5844
13.3142
18.0764
18.2938
127.008
60.1064
32.8494
209.629
209.755
210.425
208.271
208.389
208.301
208.251
208.215
208.272
208.236
208.261
208.625
208.267
208.248
208.177
208.18
208.465
208.288
208.252
209.22
209.171
209.166
209.163
208.76
209.264
208.96
208.628
208.99
208.858
209.007
208.823
208.713
208.627
208.91
208.36
158.893
207.85
208.84
208.26
143.392
205.596
191.901
204.661
205.618
39.6969
171.543
198.536
146.402
3.70209
2.7698
3.57732
4.33245
2.31848
7.76301
5.28571
2.03273
2.96867
2.75206
2.70664
2.75897
2.84279
2.96957
2.843
3.11295
2.89884
2.7163
2.61775
2.64373
2.63825
2.58519
2.61924
2.61081
2.63129
2.60043
2.6013
2.60339
2.60961
2.60037
2.60967
2.59523
2.53058
2.51176
2.52507
2.53416
2.53045
2.51134
2.52097
2.52433
2.53284
2.51568
2.51469
2.50386
2.51432
2.52381
2.47463
2.45599
2.47705
2.48491
2.47337
2.48294
2.49403
2.45861
2.4723
2.47354
2.47271
2.48147
2.46341
2.47357
2.46911
2.45927
2.4741
2.48999
2.4806
2.42065
2.43938
2.44279
2.43234
2.44253
2.44184
2.4541
2.41342
2.42967
2.43347
2.42606
2.41263
2.47286
2.473
2.45816
2.48238
2.491
2.48237
2.47333
2.54401
2.53733
2.55413
2.54909
2.54627
2.53604
2.54502
2.56653
2.56387
2.56807
2.55747
2.5473
2.56219
2.55992
4.9607
4.60752
3.17467
6.81465
2.68971
5.58282
6.97221
205.195
205.026
204.558
7.73705
7.22656
8.68508
3.58809
4.05953
47.0852
11.7317
6.98385
3.11783
3.07394
207.693
181.242
194.687
191.39
196.599
202.395
208.58
2.61539
2.63016
2.60372
2.61025
2.60282
2.60083
2.60042
2.63141
2.63898
2.63036
2.60241
2.62417
2.6273
2.63331
2.61829
2.6297
2.67227
2.62491
2.63338
2.63267
2.64194
1.85661
1.43275
1.46887
1.51681
1.29892
1.3436
1.6067
0.276058
0.609505
0.539037
0.434184
0.798719
0.786005
0.510672
2.17858
2.0609
1.95799
1.74513
1.93696
2.06766
1.9448
1.89993
1.71435
2.22511
2.29094
2.8595
2.24425
1.83236
2.17946
2.63599
1614.33
1581.6
1507.11
987.025
1416.53
1617.91
1610.71
1548.76
1355.66
973.991
924.969
1338.04
1604.2
1606.13
1433.17
1149.2
1592.77
1720.54
1117.06
1701.58
445.645
3.91906
633.059
3.75525
1.82462
2.16792
0.648993
339.188
1.28669
1.64019
1.90128
1.53674
1.27367
1.23899
1.22471
1.19038
1.22342
1.24835
1.21809
1.19758
1.12633
1.16939
1.14459
1.08051
1.10654
0.802632
0.787053
0.793053
0.752182
0.771326
0.778252
0.76353
0.686011
0.655587
0.670016
0.616602
0.617983
0.638276
0.6348
0.611544
0.563684
0.578403
0.586439
0.544901
0.55317
0.581688
0.332704
0.349702
0.375186
0.386204
0.384287
0.346417
0.356992
0.245545
0.280794
0.269959
0.226429
0.202418
0.135127
0.167759
0.148661
0.126037
0.1406
0.15954
0.143843
0.0635219
0.0380769
0.0405088
0.0757894
0.0485434
0.0528631
0.0765895
0.00391087
0.0223528
0.0287531
0.038597
0.0675039
0.0440618
0.0165516
0.0346293
0.0263378
0.0431967
0.0575819
0.0379229
0.0161905
0.0176956
0.00479597
0.0279301
0.0360864
0.0682454
0.0504243
0.0378696
0.0289737
0.0047777
0.0232737
0.018777
0.130015
0.0985697
0.113457
0.114851
0.0969594
0.113109
0.128823
0.103431
0.0821305
0.111594
0.101439
0.125027
0.113953
0.130572
0.0976611
0.0607179
0.0860847
0.167373
0.203648
0.172144
0.18066
0.16211
0.136258
0.212745
0.228741
0.234924
0.257827
0.247979
0.211621
0.224442
0.241179
0.233907
0.222279
0.249673
0.221718
0.224793
0.204764
0.234969
0.216586
0.486756
0.487253
0.469957
0.456658
0.460401
0.477986
0.478664
0.434833
0.433529
0.418343
0.42361
0.443599
0.414789
0.433912
0.527066
0.525818
0.542232
0.550681
0.556708
0.535106
0.537801
0.510634
0.503338
0.495619
0.494026
0.51664
0.527079
0.534059
0.537434
0.516701
0.515297
0.522073
0.522513
0.565378
0.545567
0.561838
0.58096
0.565343
0.554173
0.569958
0.565449
0.562906
0.571608
0.57588
0.576297
0.565246
0.569734
0.661115
0.658397
0.64423
0.688533
0.665003
0.60991
0.596428
0.606178
0.616848
0.607109
0.597506
0.606478
0.606492
0.609236
0.619603
0.606332
0.595087
0.605068
0.613851
0.705435
0.707046
0.677663
0.708403
0.72873
0.721816
0.69582
0.716034
0.688988
0.707736
0.684475
0.709292
0.696882
0.724612
0.702587
0.733142
0.640276
0.643918
0.653163
0.680155
0.677323
0.66255
0.665952
0.664921
0.705827
0.643489
0.6453
0.598849
0.596681
0.606248
0.607639
0.627739
0.65868
0.647507
0.632271
0.584321
0.49401
0.456177
0.503591
0.43579
0.401987
0.431099
-0.489411
-0.545228
-0.440736
-0.290198
-0.311681
-0.435887
-0.434077
-1.2079
-1.1263
-0.967125
-1.33598
-1.47445
-0.973095
-1.40466
-1.94957
-2.34638
-1.80318
-1.40269
-1.3355
-1.78348
-1.60293
-0.287337
0.0440953
0.185973
-2.86041
1.36915
0.614633
1.67154
-2.99819
-2.67768
-3.33577
-2.56093
-1.91501
-3.47168
-3.18776
-3.79822
-3.44845
-3.66373
-3.95028
-4.09041
830.621
848.954
850.292
798.162
744.057
785.465
846.432
209.174
209.181
209.326
208.249
207.922
207.936
208.016
207.905
207.952
207.633
208.028
208.426
208.063
205.657
206.243
205.604
204.57
205.319
205.652
205.051
207.055
208.042
208.195
208.067
208.045
208.415
2.54428
2.54962
2.54446
2.53922
2.54569
2.53442
2.54268
2.51604
2.5156
2.50327
2.52839
2.51944
2.52394
2.51424
2.54481
2.55175
2.54514
2.54997
2.54694
2.49584
2.50877
2.51475
2.53429
2.54192
2.54604
2.55594
2.55054
2.55019
2.54385
2.99546
2.58334
2.51004
2.70725
2.69346
2.77764
3.09302
2.55973
2.57189
2.55182
2.5681
2.61855
2.58374
5.73504
2.88161
3.44786
7.00262
6.1891
5.52473
176.196
115.306
183.045
187.516
176.377
190.587
188.1
201.754
200
200.212
199.392
200.472
199.419
200.093
200.471
200
200.158
202.301
202.714
202.837
203.865
202.964
203.285
202.792
202.335
203.439
203.096
202.469
201.808
202.324
205.684
206.001
206.632
204.708
204.737
205.605
206.006
206.766
206.248
205.276
208.356
201.834
173.917
208.382
205.78
202.285
200.712
1.66062
1.69865
2.61523
7.23173
31.4364
3.18233
2.99626
2.9658
2.61471
2.77396
3.10658
3.14937
3.14538
3.23191
3.3428
3.21707
3.19541
0.0267003
0.245882
0.567409
0.689944
0.747275
0.52535
0.461732
0.913416
0.331832
0.541873
2.60293
0.693637
0.0966721
1.31054
2.40355
0.428976
1.2471
3.81153
3.7565
-0.11054
-0.797262
-1.53952
0.970661
1.33292
-1.64329
-0.902458
0.908311
3.08661
1.57968
1.22062
0.394476
-0.347658
0.488032
-0.579371
-1.5787
0.505666
-0.578436
-0.031062
0.150689
-0.595274
900.628
1095.23
595.502
1106.63
289.013
1078.96
911.436
0.846879
0.872175
0.889249
0.80457
0.794315
0.831194
0.831402
0.864655
0.88882
0.892031
0.891372
0.864675
0.85216
0.880077
0.76109
0.763378
0.733659
0.743009
0.769333
0.758122
0.733595
0.785177
0.81052
0.804033
0.820077
0.805984
0.803362
0.785532
0.593404
0.5942
0.618099
0.632963
0.630263
0.605999
0.609245
0.601539
0.613997
0.592521
0.573446
0.56865
0.587298
0.581825
0.448748
0.463641
0.476891
0.439499
0.462482
0.460758
0.434828
0.330614
0.338956
0.333033
0.302489
0.319939
0.321573
0.309104
0.273605
0.248572
0.265086
0.267328
0.286099
0.263011
0.24094
0.257815
0.273734
0.277515
0.263647
0.254002
0.270561
0.258644
0.246087
0.255073
0.0275265
0.0378454
0.0238034
0.0188728
0.0143385
0.0267345
0.0281466
0.0444388
0.0271152
0.00314172
0.00699009
0.0313149
210.627
210.176
209.998
210.049
209.316
210.299
210.565
210.417
209.995
210.035
209.283
209.903
209.854
209.157
210.095
209.039
210.305
210.225
209.052
210.722
210.348
211.342
0.0270295
0.0574577
0.0271303
0.0362769
0.0508321
0.0541648
0.0315647
0.0565122
0.0290404
0.0444107
0.00443304
0.0110495
0.0209171
-0.49659
-0.224991
-0.341192
0.435586
70.7679
-0.525149
-0.0434637
2624.52
2547.63
2698.23
2561.32
2441.51
2737.01
2716.36
2813.46
2811.67
2799.08
2791.19
2834.38
2699.73
2841.3
0.475256
-0.0332533
0.139549
2410.18
2686.33
2505.32
2511.33
2532.81
2520.04
2508.14
2509.31
2535.55
2576.88
2612.83
2532.48
2486.25
2514.56
2521.93
2535.78
2504.27
2489.51
2514.97
2526.06
2468.47
2531.01
2518.22
2544.64
2504.63
2492.67
2477.87
2499.65
2514.74
2502.12
2505.9
2580.74
2548.57
2512.16
2489.57
2413.75
2496.38
2488.18
2509.29
2484.16
2497.42
2527.43
2501.57
2501.98
2364.77
2484.56
2529.71
2442.95
1391.91
2809.76
2800.64
2777.6
2889.35
2751.21
2618.34
2710.8
2800.43
2769.82
2783.85
2716.82
2714.55
2574.34
2720.58
-1.47373
-1.23613
-1.38565
-1.58092
1.31999
0.626438
-1.15142
2540.06
2593.57
2488.53
2687.02
2635.99
2682.84
2582.8
2746.02
2822.79
2648.73
-0.190061
-0.652556
-0.312043
0.097447
0.143886
0.0979317
0.0534644
0.0785036
0.00883483
0.0926395
0.100958
0.0263529
204.393
204.228
204.126
204.097
203.712
204.243
204.19
204.172
204.105
204.061
203.323
204.031
205.041
204.215
204.286
0.0887196
0.196007
0.120267
0.0134248
0.0575555
0.0699715
0.133103
1.12091
0.703241
2.19058
1.40813
-0.0945641
0.404139
0.876645
-4.6615
-6.01245
-5.2471
-5.81536
2452.67
2349.03
2353.41
2345.39
0.806595
48.7003
1803.39
1737.96
3.2
3.05802
2.82854
2.95747
1.6336
1.66853
1.52458
1.50971
1.59202
1.56987
1.20443
1.26304
1.1979
1.223
2.19831
6.81313
1.34662
1.43559
1.43328
1.44059
2.27935
2.26337
2.19448
2.18791
2.15751
2.11706
2.0703
2.03378
0.829521
0.610318
1.11132
1.02229
1.64835
1.61761
1.7577
1.74124
1.8864
1.85361
1.74231
1.71985
0.0400856
0.94957
1.04432
1.1232
1.09516
1.01352
0.974984
-3.04362
107.916
-1.92481
13.214
0.117321
-0.153287
0.0349226
-0.137793
2.1753
2.15275
2.13143
2.10634
2.06324
2.04399
2.10525
2.09252
1.08834
1.09347
1.01648
1.02101
2.32346
2.34143
2.30141
2.3175
0.938032
0.928454
0.865863
0.857225
0.00534458
0.15784
-0.0143815
0.0775514
-0.91028
-0.810859
-0.482304
-0.434202
-0.339117
-0.744191
1.16785
1.37091
0.889822
0.89929
0.827002
0.837936
0.496153
0.504503
0.540746
0.53959
0.53455
0.54695
0.536567
0.551964
8.20571
9.52454
23.0352
12.175
0.562407
0.556415
0.562223
0.55614
0.742498
0.710273
0.736003
0.556356
0.551117
0.554614
0.545644
1.33983
1.24467
1.29569
1.2668
211.666
217.364
186.328
213.021
1.54372
1.55017
1.43891
1.44879
32.9025
31.7709
198.032
196.535
0.878401
0.850568
0.813691
0.807997
0.671935
0.659726
0.681061
0.669199
0.336373
0.302231
0.321376
0.289879
0.248118
0.275428
0.187635
0.219089
0.61082
0.518208
0.63983
0.55519
0.165028
0.117752
0.0520917
0.0489996
0.652978
0.644956
0.651589
0.642058
15.9521
2.81058
0.874055
2.74662
0.89631
0.937191
0.889225
0.932198
0.407631
0.41866
0.438469
1.98945
1.93512
-0.0557174
0.115719
0.0461051
0.239128
-1.14287
-0.523273
0.147327
-0.294681
-0.182088
2.00201
1.99871
1.93112
1.95573
-2.7606
-1.93525
-2.65819
890.009
51.971
83.7161
-1.06318
3.53776
0.0192583
2.58442
2.52102
2.55439
2.52223
2.59957
1.48551
1.44152
1.3334
1.33871
1.34524
1.26743
1.42434
1.32897
1.33146
1.30749
-0.262518
1.22588
1.91873
0.848718
1.4673
0.683454
214.778
1.96596
200.031
-0.640451
1.2411
1.77468
1.48464
0.682483
1865.21
2.2148
0.521169
1.09085
0.131392
204.002
205.273
0.970752
0.465915
59.0811
1.79993
1.29006
0.499683
3.56276
1.16311
0.534802
1.5607
1.37634
1.08238
0.639166
213.043
0.19869
1.16488
0.722228
187.338
1.82632
210.266
1.1368
25.1717
157.993
177.305
1.21089
211.596
205.725
204.512
1.06179
205.477
0.846773
208.371
1.59334
138.678
206.56
187.744
0.811009
0.806596
0.787709
1.08866
0.810988
0.861028
-0.226113
0.89171
0.904918
0.88444
0.828075
0.891373
0.963503
1.05214
0.465823
0.82133
0.966897
1.02236
3.9462
0.97344
0.787472
0.835888
0.767113
0.952677
0.924466
2.18805
0.815473
0.78698
0.796867
0.777375
3.17389
0.77119
0.836189
0.77242
0.764335
2.89467
0.836324
15.6691
0.869541
0.902133
4.5556
0.854767
5.84806
0.879248
0.888978
0.742431
0.853954
0.942559
1.011
1.04816
0.940182
1.10281
0.814609
0.504662
0.502863
1.07893
1.01189
1.07412
0.959772
0.834921
0.890233
0.909831
0.781079
0.894571
0.922665
0.82007
0.830306
0.789435
1.06478
1.00869
0.228812
0.317457
1.04569
0.40461
0.6608
175.965
0.836739
205.642
36.8455
10.4014
1.74988
0.286906
153.054
1.25971
1.22283
1.12658
5.52886
154.839
2.57831
206.447
205.773
2.69427
206.897
0.425913
0.8578
162.709
0.98218
19.1479
1.93529
0.29759
0.293243
1.26663
0.555247
0.240281
19.2214
0.115865
205.028
179.285
210.979
0.694302
0.216675
2.77702
0.695706
0.748127
1.45356
206.659
0.555161
211.636
25.5608
207.307
211.73
1.60226
2.17963
5.94366
3.9117
2.45674
10.7715
0.882576
0.601764
0.467349
1.10774
0.487449
1.03142
1.00048
0.992908
0.207279
0.290653
1.12682
0.61739
-3.05557
0.0389776
1.07138
1.16739
206.72
0.601991
0.43141
0.492506
1.08999
1.7509
1.43279
1.6074
205.677
2.23277
2.12705
1.52785
14.4669
2.64432
2.23379
1.46958
2.23365
7.57643
8.72186
9.58412
2.57084
-2.03781
0.204263
-0.524062
0.573051
2.7129
0.841442
-1.09242
1.2944
0.666186
0.59583
732.667
-2.05413
99.3286
5.76301
10.9968
581.688
11.8871
8.96227
34.4537
3.50194
0.806675
0.710491
4.51681
6.08416
9.99454
10.9509
13.4073
202.692
176.504
14.9783
11.8423
15.4761
2.23246
13.0686
26.9761
1.12041
215.635
184.925
190.571
0.0788377
2.03026
209.158
2.24072
13.6134
9.2772
216.093
15.866
183.641
178.603
218.01
2495.79
206.475
-1.60181
207.494
-0.687566
0.96849
0.902709
0.601174
0.598746
0.196971
1.54152
-0.696838
-0.41854
0.985487
1.02291
0.56948
-0.853833
0.201977
0.45892
-0.0188952
8.50857
0.496061
1.23442
-1.15705
0.607608
1.15438
1243.11
209.205
-1.01405
71.6565
1.12758
14.2345
1.33106
-1.66619
14.2174
5.55856
2.33169
-3.83411
917.56
970.48
6.44691
0.626644
965.035
1.71523
0.61292
2.16421
1.49382
3.52822
2.42125
12.9313
1152.41
1.02576
39.8247
-2.87937
1.39591
6.18055
1.56359
2.40833
2.54873
2.16755
209.997
846.348
-1.99759
-4.06849
0.596798
-0.041235
-2.38856
-3.40952
-3.19641
-0.692173
1115
2.41124
-2.0243
0.261653
0.470965
0.772978
216.449
2.57414
206.679
0.171277
0.611712
207.55
5.28566
2.26488
0.147976
2.20692
-2.77669
2.28129
1.56984
1050.44
12.1354
1.82521
1.6708
2.06972
-2.86943
256.755
0.850629
0.298976
-0.555156
2.19658
0.268888
-0.950759
-0.52054
670.489
1.80121
-0.327192
-0.0559446
0.547322
0.379939
0.150109
-0.0931913
-1.23454
-0.00802141
-0.416863
0.132221
-0.750439
0.652188
1419.39
-1.04576
0.203935
9.63869
0.439392
0.318884
0.458966
0.104441
2.61552
0.459437
1.86148
30.676
0.466678
0.510786
0.519927
0.56182
0.599724
0.591037
0.167482
1.47434
0.324406
0.416313
0.262622
0.714252
0.38532
3.19948
0.548076
0.502894
1818.1
2.09765
0.566429
0.564469
0.515516
0.532657
0.524846
0.257772
0.54014
1.38727
0.542557
0.547519
0.677258
0.55138
0.561105
0.56631
0.508253
0.473574
0.668497
0.464761
0.227196
-1.99635
2.98104
0.560253
0.592572
0.0831593
2.08968
0.5794
0.574268
0.518015
0.403136
0.264667
0.457955
0.61181
-0.330261
0.0648658
0.745282
0.699007
0.5714
0.494442
0.412623
0.58385
-1.23037
0.510918
0.620578
2.2123
0.663105
-1.52214
0.646781
0.58265
0.561975
1.29463
0.810762
0.995425
0.712831
0.695992
0.736495
0.730018
0.673798
0.724185
11.7782
0.561484
0.293077
0.781737
0.677922
0.85571
2.67383
0.725548
2.64399
0.657628
43.917
0.246972
0.299425
0.596079
0.626604
0.652911
0.617736
0.612838
0.6468
2.56154
0.676773
7.38274
0.695779
0.706025
0.639186
2.20708
0.629985
1.17837
0.734798
0.18009
0.747701
0.665202
0.759392
0.760574
6.49224
2.28666
0.568658
0.57131
0.576813
0.564811
0.568445
199.807
-2.13165
0.568042
0.592557
0.559752
0.56733
0.570922
0.576954
0.806549
0.624901
0.602401
0.56583
2682.35
1.41515
0.897125
0.578372
0.568552
0.57853
2.59434
0.599437
0.563515
1.05516
0.558415
0.562079
0.555518
0.796149
0.625817
2.80894
0.571196
3.15525
0.561598
2.15467
0.394475
0.559587
0.516177
0.52365
0.569604
0.534482
0.553846
0.583385
0.56476
0.506378
2.48228
0.594498
2.24745
0.501306
0.541587
0.52745
0.515549
0.941856
0.493289
0.370146
2.57371
0.885071
1.56756
0.620975
0.438805
0.464402
0.529364
1.08568
0.451766
0.437886
0.407477
0.320104
0.334181
0.293612
0.680631
0.544489
0.358195
0.617007
0.337227
-0.922097
0.208971
0.395801
0.367197
0.353171
0.419921
0.39766
0.488033
2.21117
0.486705
0.390798
0.383022
0.539595
0.47385
0.11526
0.487879
0.514496
0.451642
0.487521
0.510197
0.552471
0.477272
0.538571
0.832079
0.515414
0.480205
0.396682
0.361089
0.560765
0.58762
0.614179
0.537111
0.660644
0.675706
0.653483
0.7238
0.755343
1.24135
0.706037
0.651929
0.37031
1.22521
2.33196
0.656255
0.234992
0.632325
0.551805
0.571489
0.571421
0.560741
0.595197
0.557512
0.590096
0.548986
0.608879
0.573555
13.0429
0.747967
198.979
0.484741
0.576394
0.590022
0.645362
0.528131
0.596235
0.575911
198.975
197.67
2.23691
3.33966
0.0428633
0.12805
0.176975
0.099718
0.580909
0.35285
0.601853
0.190444
0.129848
0.0891901
0.223205
0.187764
0.109876
0.379381
0.176295
0.187762
-2.27928
0.099679
1.23373
0.924167
0.293131
0.430083
-0.100422
207.747
0.0577379
1.99334
2.02815
1.93064
0.245074
0.316729
0.307194
0.220695
0.348304
0.287236
2.38969
0.268538
2.35711
0.420708
0.300647
1.49255
0.210779
0.437642
0.408178
0.395298
0.361065
0.374905
0.451866
0.308563
1.17689
2.49321
0.579664
0.474987
2.44218
1.1943
0.197189
-0.242399
0.570935
0.4891
0.52236
0.358395
0.105131
0.324721
0.0752794
0.110706
0.563899
0.118164
1.21427
0.507051
9.47557
2.34951
0.160312
0.278032
0.399992
0.442647
0.250535
0.588119
0.0905777
0.201146
0.383312
0.473544
2.18896
0.230996
0.484183
0.126116
0.186628
2.09416
0.785433
0.746028
0.832713
0.79046
0.568594
0.683478
1.12041
0.962557
0.311612
0.215265
2.07937
1.21464
0.319689
33.3237
1.19836
0.52012
1.3874
1.40417
0.263334
0.524572
1.3286
5.0228
5.08198
1.01598
199.59
2363.07
2406.99
59.7569
2660.3
2452.84
0.473186
2.47746
205.727
0.674459
0.906641
-0.138772
-0.0953301
-0.0822723
2.22169
0.976406
-0.045802
211.504
0.124277
0.455482
0.0933287
0.769519
1.79981
2909.59
2716.27
1.89164
1.03019
205.95
0.839424
0.906464
1.00089
0.681362
0.768689
0.792383
0.163525
0.587547
0.752468
0.956292
0.576955
-0.0449428
1.36781
0.778958
0.759481
0.182428
1.01588
1.68396
0.596508
0.811676
0.794693
0.897832
0.766003
1.05562
0.809124
0.799919
0.803736
0.718074
0.883802
0.177597
0.890438
0.691003
1.13272
0.207339
1.11394
1.04374
0.787656
-0.0908856
0.66841
0.684112
1.11057
1.26808
1.05177
1.1634
0.795849
1.00272
1.15189
1.23625
1.22296
0.844465
1.22488
0.919106
-0.274448
1.28722
0.923558
2.43409
1.24611
1909.18
1962.34
0.617162
1.25451
0.356796
0.726564
1.27659
1.02273
6.57358
1563.24
1.38079
0.964347
2178.41
0.782208
1.44719
1.12816
1.09643
1785.4
13.0769
1.53923
2.49071
1.25085
1.27214
1.24741
0.68434
1.24558
0.612091
2.34657
1.12927
2.25934
1.06224
1577.29
1.40096
0.59339
-0.00249156
0.778356
1.41262
0.841172
215.128
1.29597
1.58158
0.910894
30.4068
1.20908
1.34215
1.81657
1.25847
0.346447
1.81331
1872.36
3.43888
1.64476
1.34945
1486.88
1.23143
1.20985
1583.09
1717.8
331.529
2.56825
0.417534
1645.75
3.46629
-1.07787
3.25641
3.46406
120.762
3.46324
4.4045
3.6009
4.20083
2.93677
3.36269
1880.06
1822.72
923.171
3.79472
3.29969
1.1854
1864.02
3.46844
1908.3
1821
1.75914
3.88187
3.34928
0.825236
3.54803
1737.37
1500.57
2.45885
0.153534
1201.32
2084.39
0.740903
3.68266
1643.34
1.15836
1349.77
0.542739
2269.97
3.94526
2135.98
0.731746
2064.21
1.10672
4.71395
1.06553
3.42823
3.99839
3.451
4.21085
2.27195
3.77045
0.649858
4.12794
2251.14
1.9951
0.835831
1682.13
3.52964
3.48245
3.47077
3.56265
2030.52
3.66043
1985.95
3.88886
3.50246
3.36868
3.04956
3.10775
2.97058
3.02826
2.4462
1.4941
1.47921
3.46021
3.58649
2.27693
3.17333
1.99879
2.59716
1.14363
2.6222
2.55137
2.01745
1.74522
50.3406
2.42741
2.63961
1.70181
3.03958
2.87385
2.92645
3.64196
3.05021
1.37245
3.68981
2.6556
2.73905
2.52375
2.47458
2.52737
2.77065
2.85575
2.70696
3.3807
3.10604
2.95246
11.9125
150.928
54.5911
0.767495
2.89642
3.07856
2.95933
0.968484
2577.07
3.18709
0.425747
0.458376
0.668014
2.76124
2.2735
213.048
2883
1.39138
-0.147193
-0.808667
-4.46977
3.78448
-0.00982315
-1.52259
-0.783634
-1.57379
0.494815
1.05681
1.9911
18.8747
0.222985
1.26978
2.32204
2.21619
1.69247
213.026
2.59
2162.15
2543.83
0.840158
1947.26
2.61052
2.2793
-1.5593
3.26049
-2.32843
2685.59
2574.14
2387.09
2662.17
28.3265
2238.44
2128.03
1.42902
0.21943
2455.76
3.73201
-0.226324
2554.89
2591.93
1.30246
-2.64382
6.32879
-0.290618
0.4801
0.659449
4.32819
2.35654
2.72931
0.438586
0.248538
2.44411
-0.0439236
-0.159753
-0.221123
0.14817
0.0957255
-0.462495
-0.210283
-5.12391
-0.299719
2.03391
2.09321
-0.346082
-3.17853
-2.72922
-1.86742
-0.456971
-0.658006
-4.75644
2.25539
-0.833731
2806.07
-2.11588
-0.553315
0.264162
2660.92
0.131233
0.139783
2617.69
0.527983
0.364473
0.506564
0.469715
2.1151
0.138704
0.770722
0.950026
0.170138
0.619998
93.6789
0.490634
0.292266
0.0349241
-0.0862723
0.502929
0.637399
0.320618
-1.02942
-0.0178106
2.65808
1.20947
0.41331
0.160018
0.756729
0.138231
0.96637
0.807288
1.02428
0.513578
0.600498
0.785261
0.633227
0.838796
-1.42314
0.75474
0.603086
0.54022
0.862184
0.773959
1.02453
2.20133
0.519584
2.4469
0.289237
0.316133
0.620394
1.80145
0.609124
0.124015
0.84128
0.374019
1.0455
2.5188
0.711292
2.8482
2.5526
0.391997
0.750784
1.08274
0.835111
0.136171
2507.85
0.866153
48.0664
2.11731
2.00762
0.161188
1.92369
2.0336
-2.29023
2.23416
2.23175
2.2618
2.2662
2.18203
2.36245
2.33566
2.38216
2.36594
2.31623
2.32063
2.68475
2.80552
2.78583
2.52019
1.95029
0.32619
2.12137
2.23474
2.00843
2.31403
2.42574
2.25112
2.32546
2.38412
2.41613
2.26652
3.22406
2.91427
2.30953
203.071
1.57798
1.70118
2.00357
0.88303
3.42271
1.837
1.69591
1.65086
1.86309
1.79431
4.03152
1.8219
1.6886
1.63142
2.13296
0.777966
2.04848
-3.60801
1.91642
1.89348
1.90025
1.40736
1.47352
1.75554
2.59338
0.635806
0.824531
1.3673
2.37653
0.27993
1.81099
1.42101
-0.160447
0.526005
-2.37152
1.76936
0.541368
1.21198
6.72182
0.512526
0.876111
1.23887
0.236275
1.83627
1.67136
0.473595
2.42474
1.16977
0.392519
2.10688
1.99227
2.06793
1.9245
2.58808
2.21421
2.12881
2.15968
2.45578
2.26972
2.13437
2.04362
2.03271
1.86394
2.0215
1.09949
1.54303
0.552733
2.13416
2.20869
1.91335
2.10987
0.555428
2.17183
2.17184
-0.420763
2.31763
2.26848
2.25978
2.28586
2.27292
2.22312
6.75805
2.28078
2.26135
2.3413
2.25811
2.32377
2.10234
2.21996
212.424
2.28825
2.28491
2.03839
0.56619
2.20132
2.19434
2.20986
2.26583
2.26688
0.376192
2.27193
0.565493
2.16743
1.95548
164.893
0.558272
2.25921
2.25859
2.22218
2.23464
2.19954
2.24744
2.26483
0.621593
-1.91051
2.17359
2.25774
2.27452
2.28803
2.30064
2.26301
2.23262
2.26097
2.26478
2.23624
2.21599
2.14664
2.19652
2.13874
2.17225
2.27398
2.24791
2.48792
2.3262
0.541522
2.27368
2.28963
209.309
2.30585
2.30195
2.244
2.42791
2.37965
2.38673
2.42125
2.49443
2.33373
2.40621
2.25445
2.34344
2.29219
0.000845586
2.27662
2.32155
2.15496
2.10566
2.20705
2.36042
2.37704
2.34826
2.47207
2.39682
2.40583
2.42418
2.46285
2.46329
2.43513
2.30417
2.24854
2.39554
2.43873
1.77582
1.35838
2.46941
2.47662
2.53303
2.42719
2.48914
2.47444
2.43979
2.23652
0.252123
2.54877
0.51964
2.2568
2.43801
0.0969052
2.21999
2.49192
2.33183
2.36072
2.55223
0.494672
2.25754
2.41648
2.51124
2.37539
2.33722
2.38755
2.24563
2.38158
0.622639
2.43785
2.91397
2.3061
2.43815
2.52259
2.17737
2.52374
2.563
2.5418
2.52073
2.56642
2.56068
2.24716
2.12342
2.55101
2.56331
2.40263
2.1939
2.56274
2.53909
2.55628
2.51086
2.38777
2.61721
2.52141
2.57824
2.59387
2.55316
2.56367
2.57575
0.68787
2.57159
2.58057
0.795792
2.56575
214.62
2.52712
2.59166
2.59488
2.51342
2.58204
19.0027
204.277
200.539
201.837
213.314
2.29657
2.5436
2.55337
2.43963
2.41313
2.39644
1.96483
2.51969
2.47822
0.448049
199.069
2.45524
3.14161
14.5844
2.51082
2.99706
2.53674
212.659
213.587
1.9995
204.472
203.336
152.044
2.44414
2.90045
9.51499
7.35234
207.692
0.836178
207.15
2.56221
2.61533
105.655
2.60501
2.61541
2.64003
2.6163
2.62118
2.47356
2.63608
2.59433
2.58169
2.63977
2.65121
2.58095
0.244095
2.56018
2.62661
2.37972
2.59427
2.54341
2.76342
2.97263
15.3841
2.71803
2.47531
2.55038
2.66129
0.295775
2.61773
2.85132
2.67821
2.54265
2.80609
3.4914
3.08418
204.424
2.59907
2.80974
2.7726
2.91236
2.895
2.35076
2.63804
185.016
3.3278
3.29204
3.2586
3.30164
2.73442
3.23103
3.10025
3.15905
3.08249
3.04837
2.92448
2.86442
2.39442
2.18495
3.21619
3.14432
3.43425
3.7592
2.29668
2.89917
3.00196
2.84117
2.58571
1.50796
2.1331
3.21427
2.87192
1.99801
1.34748
0.590411
208.733
209.199
208.827
2.64507
2.1928
26.7099
3.78894
185.597
2.02763
2.85421
3.88548
5.05386
4.46323
208.282
3.39744
170.971
208.097
208.147
0.952238
2.43925
209.163
171.03
209.102
10.4042
0.978256
211.902
211.621
214.639
2.66448
4.16234
209.728
15.3546
9.00423
3.09097
2.22372
7.30646
7.8287
190.453
1.66897
1.14828
214.07
7.18975
6.6269
209.168
15.1873
12.708
216.094
-0.24843
0.165197
215.98
216.173
10.9841
11.1144
15.1049
214.331
11.7314
11.4264
1.28079
0.493983
2.67477
2.66118
3.33283
4.6439
4.27788
2.40947
2.58736
3.12129
5.50451
2.20921
6.02305
5.21317
-2.52379
0.990419
-0.151982
1.69708
3.08467
8.99607
10.5449
0.66037
5.39868
2.35143
9.14412
10.6576
15.9308
14.7174
7.08909
6.25589
11.9037
1.08508
3.11638
13.9435
30.1398
489.062
2.53188
-0.403937
722.55
0.436403
1.04628
14.9891
-3.39576
3.28088
961.626
-1.60695
14.6403
2.85065
13.2972
-1.58347
939.04
13.4798
0.0968732
-1.8939
2.37772
5.62139
812.583
0.48701
1427.41
0.486119
152.544
779.283
1.23562
840.065
973.556
2.27509
-1.14257
-0.447871
1081.17
1135.49
253.095
22.108
1170.35
-3.05936
-0.336896
-0.988781
77.6816
-0.103861
212.887
694.987
0.895325
931.045
3.04528
17.7153
3.04223
5.24308
81.3506
1.31481
2.96961
311.453
1323.61
2.61722
3.27458
2.84273
3.01944
2.95205
1757.53
2.44824
3.33881
323.402
2.71758
1332.97
2.48005
0.976595
1.26842
4.05254
2.10062
-0.10548
0.399282
1.70467
2.07523
2.16506
2.09855
-3.91056
2.28832
2.59171
2.65965
1.9862
2.3139
1.3827
354.512
2.05694
2.42325
2.46927
2.37449
2.50741
2.30818
1.18813
2.70432
2.33683
1184.58
2.43221
-1.30309
2.1522
2.37394
1210.66
0.13242
2.23582
2.23363
2.01057
1.65877
2.2149
1.96418
2.52676
2.53438
2.06577
1.94279
2.37069
2.23449
0.264272
2.16871
2.24213
1.76205
2.37124
2.36864
2.28608
1.81803
1.81517
1.75919
546.47
16.7291
15.8984
0.890797
0.5081
199.7
1.94336
1.33032
0.969042
1.40941
22.9888
0.315161
1.58526
0.49236
2.77698
2.20783
2.47958
2.3261
2.07422
2.03772
1.19582
1.99458
207.632
2.12245
0.360007
1.86381
2.45961
1.64934
1.92388
0.361287
1.88364
1.29554
2.38645
2.36793
1.54821
1.93238
1590.41
2.13116
2.14874
2.95254
1.52836
22.8762
2.452
2.34012
2.39178
2.50077
2.04268
2.22749
2.26795
2.78859
2.56123
2.62416
1.34084
2.72268
2.19297
2.17762
1.38454
1.61946
2.64928
1.25201
3.15672
2.35211
2.50985
3.11286
813.161
1064.43
-0.664763
3.0146
3.24768
2.49973
-0.0013105
2.44082
2.22197
0.777196
1214.55
7.52425
728.316
58.0662
2.59327
29.3921
2.54155
2.84621
1.80418
5.31922
22.2375
215.906
2.23659
5.7862
216.244
2.29666
-1.46924
12.997
211.485
216.131
12.3099
5.6629
13.615
209.6
178.756
0.608634
2.59067
2582.35
2.92984
207.993
208.214
200.074
15.4178
2.74932
14.1156
193.61
2.76936
189.872
3.37328
1.82255
209.844
2.69633
0.344117
3.0248
2.77034
0.501433
1.6397
1.64577
2.39176
2.3649
1.20318
0.429535
2.6195
2.82716
3.11185
1.88576
2.52961
2.67042
2.83478
2.28447
2.54984
2.49879
8.90382
2.57105
2.59376
2.52183
2.77277
2.65399
203.326
2.19753
2.00923
4.04958
2.61768
208.13
2454.08
4.04501
2.61709
207.95
208.223
3.76674
13.1057
2.87221
2.47677
1.50699
6.02552
210.995
197.698
2.86062
177.847
147.74
3.72801
2.73373
438.018
2.3674
23.8474
2.49454
211.445
2.58964
213.506
202.93
0.814146
2.54505
2.54443
3.30103
1.74922
147.74
3.86601
0.31004
2.51052
2.63846
2.3348
2.41834
2.74776
2.49186
43.5996
2.33011
2.57574
36.9891
2.44488
2.39005
2.60158
2.2727
2.35508
2.33163
2.55994
2.39267
2.25298
2.47688
2.53201
1.71349
2.33247
2.6464
2.26687
2.21985
2.25492
1.78477
2.14017
2.37815
2.17787
2.28505
2.3534
2.26865
2.26365
0.953826
2.20156
2.58144
2.30812
2.29377
2.24454
2.25354
2.36132
2.44239
2.50884
3.57952
2.36478
2.28127
2.18809
2.41631
2.20664
2.38302
2.22897
0.0158809
1.55368
1.49581
1.635
1.96571
1.99297
0.973733
1.73914
1.71287
1.51736
199.771
1.5051
1.82628
0.52873
0.476011
0.854197
0.835635
0.156199
3.2442
0.542757
2.21724
0.461554
0.305906
2166.84
4.72425
2040.38
1.73996
0.309416
-1.83882
2.31288
1.19709
-1.3287
2.52357
0.43107
1.77089
10.6621
215.968
-0.0443962
1.57756
1.03823
0.850723
0.35436
0.900594
0.971906
0.922989
2.17607
-0.222846
0.290668
617.736
0.793098
1.95328
0.81736
1.19463
1.48012
0.729394
0.750176
3.02619
1.37583
0.376636
1.83045
0.0949411
0.981992
3.74687
0.500842
0.493957
3.20512
0.4039
0.507041
-0.880431
1.4195
0.485664
1.17852
1702.01
2.77788
1.96192
1.07971
2.05628
2.18262
0.746353
0.993456
0.65864
1.3367
1478.27
0.662032
3.11191
1140.61
0.168346
-0.0800134
7.29033
1.41585
0.854131
1403.19
1.28189
2559.85
0.73575
1.10332
3.75539
1.06773
2095.88
2568.32
0.524796
4.39192
1381.89
0.974919
0.474848
0.53783
0.68797
2623.3
3.1625
3.64278
-2.50614
3.60306
0.93013
0.118825
1.17645
0.419291
0.571034
2718.41
2635.24
945.475
1.1743
0.575406
1.25887
0.0257187
0.772305
2.36994
1.79704
0.191048
3.90963
-4.14739
0.57708
2215.43
0.0753435
0.746678
0.0924753
3.65528
0.0646747
0.631589
0.238817
0.69482
0.281032
0.1413
0.338267
2.50096
0.121502
1.90966
0.0901016
0.15896
0.0846091
2.96032
8.19596
0.156663
0.181807
2578.94
2.0086
0.550349
0.559509
0.577205
0.578547
0.55964
3.41466
5.45917
0.565891
1.03338
2.87394
0.412322
2.5843
-2.60698
0.388758
0.393754
0.645581
-0.516522
0.502854
0.978228
0.750017
2.56191
0.441662
3.07181
3.00968
2.4833
2.06626
0.279551
2.86362
2.72857
0.385608
200.111
0.508932
0.556764
2.06252
0.556046
1.03755
0.457379
0.592749
0.424135
0.335603
0.585272
0.562681
0.280741
0.554806
0.792483
0.408563
2.60367
0.705226
2.77716
0.0444192
0.591869
0.608408
0.355144
0.584526
0.580169
0.461542
0.46382
0.67171
-3.0972
227.575
0.631724
0.618364
0.933264
0.710942
0.740153
-2.1817
0.658481
1.22353
3.21924
0.562521
0.709258
0.828348
0.339262
0.741873
0.740204
0.639249
0.638543
0.69498
0.372951
0.631496
0.850609
2.44113
0.626604
1.39436
0.480105
0.587484
1.0324
0.580865
0.816767
0.614623
0.472075
0.603869
0.686019
0.979084
0.54592
209.263
0.547643
0.372154
1.85558
0.304418
0.0793117
-1.13627
0.422343
0.723422
2131.82
3.41083
0.561645
-0.157379
0.502969
0.690572
2.7096
0.485794
0.408238
12.9508
-0.918081
-0.425997
0.893487
0.305083
-4.06343
-3.71856
3.02224
0.494056
0.734763
0.300764
0.578481
-1.55509
2.00585
0.316661
-0.928663
2620.5
1.11645
1.32029
0.559223
1442.77
1281.85
1.01353
0.558927
-1.35301
216.211
14.6739
10.351
12.9403
15.5618
0.0115955
216.131
1.05658
17.0561
217.871
14.9787
8.95329
0.787962
200.143
478.332
0.55828
0.286195
6.11756
0.276141
0.208701
206.447
1.45294
6.13132
208.918
195.576
1.14126
0.411974
1.66372
1.01005
2.21069
0.862669
0.362985
8.32802
1.09483
210.814
13.5153
47.6221
940.701
3.3675
-0.281016
5.56109
219.078
218.484
1.51108
42.2688
14.9738
9.67993
5.45885
0.685284
1.69348
1.07593
0.483541
0.801078
761.218
0.818609
2.85647
0.964295
-0.29216
7.73415
201.995
0.889109
2.16191
1.01346
1.1155
25.9002
-5.51851
0.898506
2.3271
0.709896
1.00851
0.985194
0.842011
0.322646
0.750902
0.696531
3.04803
109.402
2.26294
2.42953
1.73718
2.49023
1.78221
2.75051
1.31307
4.99971
0.642153
0.912049
205.912
1.16863
887.559
0.744402
181.466
1.16045
0.763813
0.704866
2.27758
-0.283695
218.777
1.25477
1.27041
1.61599
0.873852
0.456664
1.07938
206.053
0.582159
0.759269
0.888941
1.62705
190.362
0.718529
3.03651
0.997479
3.25222
2.78105
2.59338
-1.47176
675.099
1.07669
-3.88194
0.611175
0.487489
0.570153
0.731988
0.581561
0.764793
0.536248
-0.834865
3.18379
0.425801
0.444147
0.444081
-1.63035
0.574882
0.564315
0.557014
-0.66574
2.67622
471.157
0.0546435
2672.24
0.210092
1.86265
1.40638
0.579374
2.55786
2.39557
1279.13
-3.85327
2470.91
2.70152
0.302484
1.57666
2.46411
1.38322
0.663099
0.179376
2.22033
-0.429607
1.65209
2.33906
2.06924
1.64382
0.464791
2.2919
3.88874
1.72977
0.454466
-3.83879
-4.88536
2.39937
3.11142
2.02167
2.04456
1437.31
2.55754
1.93439
4.74444
2.28651
4.24409
2.15113
-2.00548
2.61296
2.01351
22.059
1999.35
3.27816
2.07632
0.514653
1.45927
0.575278
-0.590652
2.10718
0.689137
2.55298
0.0273106
2727.79
2.05838
1.08842
2.65919
2.13224
1.90825
-4.40326
1.66175
1.78189
2.59727
0.451458
2.49593
0.522691
0.53593
1.26459
2.26144
2.87374
2.58173
-0.238219
2.30368
0.954049
2.36213
0.358732
1466.11
2.31278
55.1868
2.92445
3.17835
-0.419094
0.13746
0.350502
2600.94
2.24767
0.474723
54.2103
0.30163
0.671148
1.08078
2.22861
0.447778
0.402877
0.167164
1.33388
0.0954512
0.557915
547.646
3.27246
2.46958
1.89136
2.3088
0.127488
0.432279
0.879305
0.796353
0.631788
0.869028
0.719883
218.292
76.8243
0.933715
1283.42
0.670345
0.650001
0.44125
2.76349
-0.251329
0.710838
1039.91
2.42851
0.370118
8.76872
3.32299
1.55926
3.48582
2.46512
1.3477
0.773345
3.16867
0.566642
)
;

boundaryField
{
    FrontBackPlanes
    {
        type            symmetry;
    }
    wallz
    {
        type            fixedFluxPressure;
        gradient        uniform 0;
        value           nonuniform List<scalar> 
97
(
2602.52
2464.46
2516.46
2668.85
201.772
208.186
2.3112
205.953
207.462
0.807484
0.33929
0.574607
0.910116
0.944978
0.94527
205.452
205.313
205.875
1.37494
1.21259
1.00033
0.751305
0.817339
0.85608
205.47
206.423
206.182
1.79388
1.69018
1.53045
0.650893
0.683634
0.715557
206.323
208.237
2.00991
1.9157
0.577
0.600334
0.615743
216.033
214.881
2.08353
0.517479
0.542888
0.556312
216.258
215.971
216.321
2.27319
0.426314
0.464912
0.489778
214.312
209.654
211.951
2.3896
2.32359
0.346611
0.39476
208.267
208.288
208.823
2.4741
2.44279
205.195
8.68508
0.0976611
0.172144
209.181
207.936
208.042
2.54514
2.51475
2.55182
2.88161
7.00262
200.471
202.837
205.684
209.903
210.722
0.0271303
2410.18
2526.06
2484.56
2746.02
204.031
204.286
0.0887196
2.2148
211.596
0.290653
199.807
213.026
0.21943
2.1522
)
;
    }
    outlet1
    {
        type            fixedValue;
        value           uniform 0;
    }
    inlet1
    {
        type            fixedFluxPressure;
        gradient        nonuniform List<scalar> 2(3.11475e-05 -0.000218335);
        value           nonuniform List<scalar> 2(2544.64 2527.43);
    }
}


// ************************************************************************* //
