/*--------------------------------*- C++ -*----------------------------------*\
| =========                 |                                                 |
| \\      /  F ield         | OpenFOAM: The Open Source CFD Toolbox           |
|  \\    /   O peration     | Version:  v2012                                 |
|   \\  /    A nd           | Website:  www.openfoam.com                      |
|    \\/     M anipulation  |                                                 |
\*---------------------------------------------------------------------------*/
FoamFile
{
    version     2.0;
    format      ascii;
    class       volScalarField;
    location    "0.25";
    object      p_rgh;
}
// * * * * * * * * * * * * * * * * * * * * * * * * * * * * * * * * * * * * * //

dimensions      [1 -1 -2 0 0 0 0];


internalField   nonuniform List<scalar> 
6576
(
2786.3
2763.01
2770.62
2776.59
2791.56
2799.3
2775.14
2775.49
2793.77
2783.81
2822.72
2807.73
2795.2
2805.14
2767.34
2775.9
2741.17
2770.27
2771.08
2816.94
2753.02
2811.49
2815.01
2769.73
2798.13
2826.89
2874.84
2795.44
2760.26
2762.03
2782.59
2743.36
2781.47
2804.18
2798.71
2819.08
2795.06
2820.5
2781.54
2801.07
2768.66
2758.07
2785.16
212.149
205.926
209.341
205.814
203.761
205.591
206.686
205.247
205.138
-0.0142844
-0.0125828
-0.00398084
-0.0291165
-0.0291011
-0.0243868
-0.0247314
-0.0113282
-0.0283079
-0.0293278
-0.036898
-0.0242445
-0.00972055
-0.0282925
-0.119971
-0.102625
-0.0945925
-0.0856263
-0.102559
-0.0691372
-0.0883736
0.363099
0.58281
0.890186
0.213172
0.121513
0.290164
0.333531
0.462793
0.112392
-0.060869
0.512592
0.526705
0.199951
-0.0103454
464.526
466.144
455.185
452.511
411.343
432.261
405.66
266.713
288.155
319.595
240.029
372.783
312.868
231.098
439.123
412.28
438.685
429.613
486.556
429.317
516.938
316.254
301.773
302.726
302.744
299.607
295.357
0.1677
0.0787133
0.142121
0.00707781
-0.402639
0.0520546
0.0235652
514.171
2187.36
2477.66
2635.04
2675.8
2684.01
2611.61
0.0867032
-0.178773
-0.251816
-1.25175
-0.0061972
-1.94514
-0.0160171
0.953471
0.956738
0.961526
0.948971
0.918242
0.918499
0.947495
1.02968
1.03287
1.02669
1.05377
1.0197
1.00855
1.03083
1.03781
1.03293
1.01477
1.03161
1.02329
1.02116
1.03403
1.07038
1.0757
1.09062
1.0764
1.08913
1.12095
1.09655
1.11139
1.09168
1.05222
1.01245
1.05695
1.0664
1.04204
1.02876
1.05873
1.10128
1.08964
1.13855
1.11322
1.11659
1.16375
1.19008
1.15293
1.13717
0.891125
0.785212
0.933774
0.943557
0.857252
1.00384
1.10465
1.05737
0.952211
0.565056
0.610257
0.485559
0.639256
0.698847
0.570777
0.665357
0.487644
0.511696
0.590384
0.555919
0.649982
0.599997
0.538825
0.273723
0.186502
0.175049
0.501981
0.22272
0.177875
0.349931
-0.470493
-0.580205
-1.65602
-0.139498
-0.785217
-0.680647
-0.628534
0.178689
0.1574
0.164845
0.298147
0.276808
0.259701
0.293849
0.394004
0.318471
0.408248
0.373851
0.439677
0.473347
0.408923
0.652973
0.74042
0.700042
0.600724
0.654763
0.707353
0.665252
0.879903
0.855319
0.925916
0.849844
0.779995
0.893128
0.841281
0.964743
0.990058
0.957525
0.913029
0.981931
0.925319
0.981439
0.98722
0.946027
1.00547
1.00663
0.992775
1.03265
1.0025
1.01927
0.998995
1.08306
1.07446
1.05536
1.09385
1.10028
1.08554
1.08063
187.004
192.639
185.491
185.232
188.145
156.055
179.197
175.749
181.155
77.5835
79.401
79.7216
77.7869
75.8621
79.5937
77.6573
69.5056
71.7165
71.6202
72.0654
71.8181
73.3529
71.4453
71.785
70.8875
79.8907
78.4289
78.5638
74.2862
74.8171
73.2908
74.8815
74.3098
73.15
73.3595
-7.6348
-7.43194
-7.25027
-7.52325
-7.65395
-7.06207
-7.14244
228.605
90.7423
28.088
62.4405
52.1593
31.4071
39.3397
36.7174
29.8551
-8.60151
-8.10898
-7.58742
-8.9214
-9.47938
-8.7416
-8.69272
76.8918
73.3513
77.5365
73.6018
73.1928
76.3091
74.7833
73.5379
72.1719
75.4897
71.3523
71.1047
72.7311
73.3967
75.3902
73.5497
73.2323
76.0076
73.9412
72.9377
76.2307
72.7158
74.5553
76.4609
72.3064
229.806
220.02
236.62
229.655
258.844
243.263
281.599
183.771
185.297
189.256
199.423
192.507
158.449
189.888
183.437
181.915
94.5591
92.5496
113.111
133.874
195.423
114.453
119.175
93.5209
99.9324
98.7592
116.373
116.528
139.274
102.019
-5.17764
-5.12158
-5.13434
-5.10475
-5.01652
-5.13825
-5.00713
-5.08039
-5.18169
-6.12892
-5.96508
-6.00961
-5.90905
-5.71556
-5.97098
-5.93056
-5.9776
-6.05093
-6.04333
-5.95353
-5.76491
-5.84206
-5.79678
-5.90971
-5.89096
28.9497
64.0499
177.955
90.2787
27.0571
17.3259
127.148
1436.38
1448.33
1466.16
1304.67
1391.35
1364.86
1472.07
0.751381
0.75904
0.713986
0.763287
0.738034
0.744738
0.708327
0.667792
0.641379
0.617865
0.637619
0.661063
0.629878
0.601735
0.717791
0.718129
0.67838
0.700624
0.727096
0.710483
0.676344
0.704321
0.669662
0.71188
0.714854
0.686249
0.720912
0.756996
0.713048
0.741234
0.574038
0.544707
0.582287
0.576808
0.597026
0.546887
0.575545
0.4727
0.539129
0.488917
0.475464
0.440777
0.501305
0.472755
0.468549
0.455557
0.41985
0.489407
0.522221
0.487325
0.463385
0.197149
0.217361
0.260651
0.197024
0.158426
0.20074
0.250199
0.364008
0.330988
0.326145
0.327083
0.295405
0.286498
0.317223
0.134058
0.203187
0.179952
0.346208
0.330403
0.413501
0.0318812
0.0637701
0.0569293
0.0601581
0.0311931
0.050138
0.07197
0.063131
0.0520514
0.0249343
0.118253
0.0832755
0.0849621
0.0621713
0.0379501
0.00888198
0.0680739
0.0658312
0.117994
0.0830397
0.0271104
0.0564035
0.0430253
0.0744938
0.101827
0.0662529
0.00839849
0.0275618
0.0361056
0.0406362
0.0587117
0.0742452
0.12084
0.0847114
0.0467822
0.0302338
0.0237605
0.0075239
0.0564389
0.0613882
0.0441494
0.0437232
0.340614
0.356112
0.392567
0.338951
0.28625
0.350558
0.305646
0.340548
0.377915
0.507833
0.546384
0.487135
0.476801
0.423268
0.513249
0.475204
0.474468
0.430327
0.480115
0.491682
0.469571
0.428891
0.469224
0.654051
0.639083
0.624808
0.638078
0.584241
0.580683
0.623227
0.956795
1.00545
1.01357
0.897064
0.925591
1.05156
1.09099
1.02794
1.05192
0.971742
1.08856
1.03139
1.19714
1.24114
1.24842
1.23845
1.32589
1.26094
1.19948
1.59884
1.68482
1.71417
1.78812
1.79206
1.78444
1.71518
-4.34462
-5.03487
-4.48404
-5.23939
-4.48636
-4.13495
-4.40296
-1.69268
0.74155
-1.28755
-0.599328
1.75845
-1.77925
1.92539
2.67061
1.18562
-5.93967
-6.56079
-4.22613
-7.07466
-6.16175
-6.34411
-3.78201
-6.54883
-6.3527
-6.69459
-6.5406
-6.78916
-6.32881
-6.44248
-5.56196
-6.21503
-5.68537
-5.59616
-6.00882
-5.81181
-6.0071
-2.33976
-2.69483
-2.67088
-2.96747
-1.93711
-1.86872
-1.59713
24.6662
19.2461
22.9579
31.1845
35.2666
38.7779
34.4202
54.0959
57.1342
41.5107
43.9019
31.7887
57.4618
50.0918
50.2864
44.3717
37.41
43.9782
42.0098
44.0812
43.657
42.6437
39.2288
42.2584
37.0471
60.8309
60.8018
59.3479
60.4685
53.376
56.06
58.0142
50.6779
55.414
50.0866
58.2858
60.9565
58.7132
56.7174
53.1009
49.1523
67.6091
68.4432
66.7518
66.2683
62.61
65.8827
73.2906
72.4869
71.8622
72.1843
73.2531
71.5294
71.8851
71.0573
71.7201
71.1512
71.3206
70.7603
74.7219
74.3351
73.6871
72.0196
75.1923
73.5534
76.2672
75.3493
73.5946
74.7371
76.5854
73.9725
73.7154
75.9494
75.3759
75.3706
75.3992
72.8227
73.8441
72.0193
79.5042
78.029
82.2697
73.4896
73.5435
81.6463
78.1064
232.738
213.936
209.483
447.166
510.947
504.702
488.385
564.671
525.985
523.969
327.968
339.624
345.389
349.584
407.587
415.739
286.316
446.784
356.155
311.823
356.954
331.364
465.086
539.936
505.064
582.963
555.334
519.345
523.424
622.98
564.54
484.891
486.991
512.605
572.438
520.736
588.787
561.367
507.278
535.262
487.448
477.509
512.517
495.889
520.271
502.48
488.15
540.838
623.152
587.768
574.425
529.613
691.604
545.987
586.179
587.875
575.661
453.615
573.653
582.68
534.879
608.196
599.387
441.561
514.192
556.152
548.113
614.913
670.301
-3.87909
-3.59309
-1.83837
-4.00745
-2.63301
-3.7229
-1.92813
-1.77836
12.7994
6.18108
0.97028
5.4754
1.75887
-0.0318004
4.36836
12.9782
11.994
-0.920786
-1.8683
5.72139
0.765779
0.689572
-2.15992
-4.00507
-6.86417
-6.44998
-6.59326
-6.48445
-4.08418
-0.227114
-4.99909
-5.29658
-2.33651
1.01832
-1.48531
-4.54654
-4.48122
-5.45308
-5.10517
-4.95062
-5.0327
-5.08309
-5.12763
-5.18837
-5.08937
-5.21837
1.07375
1.07329
1.04772
1.07367
1.06134
1.06131
1.0751
1.10474
1.09567
1.12661
1.11749
1.11784
1.14531
1.13447
1.1233
1.09485
1.09321
1.08075
1.07151
0.924657
0.922321
0.892967
0.929025
0.951673
0.934074
0.919334
0.893155
0.919019
0.912921
0.913225
0.932947
0.918731
0.899083
0.967989
1.01529
0.948874
0.970083
0.941686
0.908161
0.93576
0.84637
0.92513
0.856758
0.836662
0.810119
0.859592
0.834342
0.8453
0.826942
0.794179
0.896103
0.857517
0.847127
0.826345
0.669902
0.721652
0.720878
0.708982
0.77525
0.759029
0.725997
0.70661
0.784911
0.719484
0.712476
0.732704
0.766931
0.584722
0.547271
0.59816
0.604732
0.642393
0.570198
0.65109
0.610601
0.465743
0.473442
0.4428
0.486908
0.466823
0.524318
0.417662
0.452233
0.486967
0.45868
0.149768
0.184569
0.197991
0.220393
0.257254
0.218655
0.190606
0.201648
0.183506
0.147933
0.217163
0.254652
0.2147
0.18656
0.0626801
0.0505439
0.0798441
0.219909
0.196523
0.257039
0.147722
0.185017
0.220306
0.191294
0.0602008
0.0439019
0.00983063
0.0726163
0.050332
0.0498921
0.0521031
0.0110339
0.0513788
0.0482049
0.0555503
0.0691852
0.0260756
0.0252586
0.00543231
0.0585191
0.0629229
0.0422501
0.0486206
0.0290096
0.0732656
0.0540008
0.0269609
0.0599137
0.0602157
0.0379704
0.216476
0.243185
0.194342
0.187976
0.145596
0.190488
0.215472
0.174626
0.143581
0.512005
0.497423
0.551457
0.420995
0.473636
0.507796
0.470063
0.642126
0.600605
0.622265
0.563513
0.518396
0.571811
0.513428
0.967156
0.98392
1.08905
0.844278
0.90845
0.863585
1.09884
1.04194
1.03497
0.91736
0.995981
0.735123
1.35267
1.75293
1.59526
1.36848
1.29884
1.35566
1.40393
1.6337
1.47526
-0.815593
-1.2387
-0.802665
-0.768246
-1.07558
-0.617985
-0.622551
-0.772169
-0.651357
-1.58831
-2.06216
-3.18077
-2.78911
-3.97551
-4.28614
-4.50792
-4.62418
-3.27851
-2.84677
-4.20034
-5.36874
-5.22655
-4.08817
-5.3782
-5.45555
-4.54174
-5.45272
-6.44355
-5.79763
-6.31809
-6.32131
-6.21369
-5.04547
-6.42686
-5.74266
-5.90533
-6.36422
-6.32896
-5.14772
13.2595
8.06044
10.2687
7.03934
12.3074
12.2543
12.4603
18.634
19.757
24.9709
18.5626
18.7533
18.3657
21.7023
17.4576
22.0549
19.4645
19.8971
24.7983
20.2152
22.1297
18.8577
18.0277
26.3413
32.3734
29.8417
31.6987
35.6337
31.6901
35.0493
26.163
34.9483
31.951
43.3995
46.7782
45.9673
58.159
60.6878
58.8334
87.2375
76.8013
76.7994
77.5773
78.8474
84.2181
76.0759
635.206
517.011
587.459
501.886
514.901
687.544
562.171
477.867
558.895
497.564
512.35
520.115
509.154
452.674
371.432
392.446
403.977
404.549
410.29
484.403
525.092
386.308
402.896
188.802
233.377
165.373
229.689
201.193
220.551
252.033
348.266
232.25
336.149
415.508
293.016
241.069
99.2978
107.641
163.171
163.685
182.928
158.337
172.245
67.7509
-1.90845
77.6894
29.1536
53.6102
27.1009
76.2199
-3.8066
-4.29322
-2.11101
-4.37454
-0.489088
-4.95619
-4.13082
-5.23577
-4.5026
-4.37941
-4.54229
-4.34701
-4.81541
-5.45308
288.72
14.64
317.882
37.4326
536.266
53.4712
73.407
488.023
627.023
782.719
685.627
785.444
788.638
727.556
1.05936
5.11582
4.45839
16.1264
10.3182
3.39807
9.65774
1.07572
0.194221
0.209244
0.819621
0.168165
0.0574006
0.181801
0.0457048
-0.0132045
0.0707328
0.191662
0.237259
0.103872
0.108242
0.96616
0.957865
0.9754
0.982099
0.983565
0.96762
0.983016
1.02905
1.02147
1.02455
1.03859
1.02787
1.01687
1.03237
1.04573
1.06057
1.06797
1.06572
1.0772
1.06543
1.07098
1.09926
1.12346
1.08041
1.12059
1.14154
1.12253
1.11574
1.14757
1.16636
1.13477
1.19039
1.20022
1.16155
1.17562
1.04416
1.06945
1.07663
1.05264
1.08187
1.06615
1.12658
1.10735
1.06469
1.17711
1.33438
1.21596
1.18011
1.16322
1.25106
1.19914
1.22176
1.20025
1.17705
1.2236
1.27999
1.20787
1.19993
1.08906
1.18014
1.12058
1.09836
1.06278
1.04959
1.08265
0.918427
0.947881
0.931915
1.03396
0.960049
1.00209
0.952278
1.08756
1.18391
1.1069
0.945171
0.972454
0.955215
0.807021
0.82597
0.82541
0.663833
0.698857
0.709985
0.722494
0.696651
0.762951
0.725465
0.708716
0.70078
0.670654
0.723808
0.757752
0.549021
0.573447
0.584114
0.60212
0.641028
0.603434
0.575087
0.727902
0.761007
0.727613
0.71389
0.73937
0.760422
0.734115
0.544032
0.58102
0.574189
0.5777
0.596747
0.572912
0.544081
0.34311
0.323783
0.282885
0.372686
0.396653
0.146322
0.185066
0.185515
0.146388
0.177255
0.17725
0.200923
0.403155
0.378766
0.34945
0.337745
0.378627
0.371408
0.397857
0.185612
0.147237
0.18683
0.17992
0.145514
0.182723
0.204958
0.0602648
0.0791108
0.0565533
0.061601
0.0174469
0.0579202
0.103173
0.0641171
0.0808224
0.117417
0.0524324
0.00462303
0.0913408
0.00978692
0.0416535
0.0350062
0.046137
0.0614167
0.094947
0.0656835
0.012538
0.00788234
0.00320107
0.0408929
0.0414595
0.0460699
0.046975
0.0413521
0.0403625
0.0559161
0.00779885
0.0380932
-0.000916262
0.0185166
0.0319966
0.00334602
0.0250115
0.051934
0.0675827
0.03757
0.0556999
0.0307062
0.0145155
0.0167333
-0.0139206
-0.0647672
-0.0496428
-0.0938407
-0.0666006
-0.0576337
-0.0831985
-0.0904508
-0.0245893
0.00584731
0.0428787
0.0335245
-0.0596996
-0.0570798
0.314824
0.421344
0.295554
0.214853
0.195052
0.405026
0.304916
0.146809
0.137722
0.112688
0.282845
0.109139
0.151166
0.117622
0.190907
0.148688
0.117971
0.121669
0.14064
0.227408
0.13341
-0.0361331
0.015213
-0.00380129
0.0824559
0.054787
0.0784192
0.0641322
-0.00650133
-0.0142884
-0.0993403
-0.296309
-0.0768679
-0.0644309
-0.0986714
-0.177495
-0.0791757
-0.0596799
0.0679603
0.0342875
0.220634
0.163308
0.156622
0.116811
20.7226
20.1631
9.4615
18.3055
10.519
22.781
14.577
20.4091
20.6245
5.94123
12.7641
21.981
13.5764
5.23414
19.9324
4.2239
5.33476
21.4484
-4.34943
0.0132437
-1.34757
-1.82394
-0.832089
-2.48166
-1.71004
-2.81829
-2.99044
-2.63358
-2.41561
-2.22056
-2.54767
-2.59296
-1.92604
-1.84864
-1.5403
-1.94904
-1.92059
-1.85614
-2.03567
-1.90235
-2.36344
-1.96822
-1.96642
-1.44777
-1.88509
-1.9969
-1.31505
-2.03303
-1.64173
-1.22719
-1.24389
-1.42121
-1.72397
-1.71414
-1.60025
-2.51899
-2.49232
-1.59274
-1.59836
-1.90865
3.70373
3.96608
2.33681
7.48994
4.88455
3.95785
5.51892
0.014309
-1.21653
-1.3161
-0.850316
-1.38743
-0.397579
-0.764935
7.7795
3.76289
5.92367
5.06451
9.19424
1.68712
17.8676
12.2725
7.28786
12.4779
15.1855
9.96485
7.86468
10.5693
10.5154
11.7075
26.315
22.7999
21.3627
190.492
244.431
235.885
187.906
151.324
137.495
188.493
238.595
277.555
193.103
219.329
103.075
93.8676
213.013
258.268
249.917
307.777
138.832
125.728
146.825
81.9953
67.1285
90.4938
161.082
228.041
94.9543
117.344
12.372
23.0913
1.95751
9.18377
25.9207
23.7118
2.39636
7.50742
0.592359
-1.05431
1.21058
2.02301
-0.673949
-2.52688
1.25686
0.836848
1.16446
0.670422
0.57296
0.525946
0.632344
150.323
44.2518
157.385
105.132
22.7707
12.7651
36.7451
11.1341
30.8667
1.50483
-1.41249
-3.48337
71.0751
26.4154
301.285
137.799
-1.00969
-0.136269
0.186351
0.023342
-0.267001
0.706757
0.282111
0.846706
0.864887
-0.0205809
-0.208395
-0.179706
-0.0479629
-0.173595
-0.170271
-0.128671
-0.174894
-0.132951
-0.221598
-0.267341
-0.314524
-0.270324
-0.295198
-0.325147
-0.298315
1.03467
1.11133
1.08864
1.13171
1.09711
1.1108
1.08515
1.14849
1.23229
1.23199
1.26822
1.23558
1.26144
1.25212
1.49899
1.5141
1.47272
1.4611
1.60637
1.49802
1.43399
1.34898
1.33156
1.34789
1.4304
1.37859
1.37298
1.48305
1.40745
1.62548
1.49024
1.49421
1.61912
1.34286
1.36289
1.35567
1.38612
1.34975
1.65013
1.41414
1.60191
1.37502
1.45023
1.37398
1.40241
1.40509
1.31513
1.32015
1.2019
1.20202
1.204
1.0724
1.03441
1.04666
1.12968
1.08548
1.18079
1.15668
1.12912
1.12765
1.11861
1.15331
1.16651
0.930732
0.943496
0.938402
0.985192
0.956512
0.978571
0.9564
0.984706
0.993191
1.01068
1.00344
0.984723
1.00327
1.01971
0.783477
0.812969
0.822712
0.876994
0.842125
0.842586
0.815277
0.615741
0.574947
0.634671
0.642594
0.615743
0.681549
0.651346
0.330211
0.283268
0.340428
0.274362
0.253133
0.298674
0.310492
0.057537
0.0211198
0.0332871
-0.0210872
-0.00474272
-0.00538565
-0.0324893
-0.0678503
-0.041077
-0.0465115
-0.0053761
-0.0278452
-0.0237916
-0.0452961
-0.00450585
-0.00841947
-0.0198398
-0.022265
-0.0173402
-0.0169825
-0.0728307
-0.0203618
-0.0262812
0.0581975
-0.164242
0.0710661
0.0117294
0.0161035
0.0191554
-0.459199
0.000571368
0.0421729
-1.115
-2.89608
-0.82586
-2.03459
-0.513059
-3.28849
-2.69114
1320.94
2221.91
2645.91
2700.87
2709.08
2640.96
2683.51
3.57595
5.76484
0.596503
36.2758
6.41007
-1.45922
3.75321
2.37369
38.4622
7.09463
21.0714
-0.838479
135.771
12.0293
-0.208072
1.11875
0.158699
0.233424
0.368158
0.498217
0.337855
0.100575
0.719505
-0.984676
1.81824
2.98318
0.823822
0.574259
0.0822547
0.0972445
0.0736362
0.0889453
0.0868088
0.0609812
0.0786284
0.0258472
0.029282
0.0355124
0.0483631
0.0345231
0.0273021
0.0320678
0.0392488
0.0291043
0.141513
0.125749
0.127614
0.121498
0.106743
0.119333
0.130284
0.119376
0.134825
0.0731936
0.11584
0.11751
0.0705233
0.0510431
-0.0761476
0.00842877
-0.00946158
-0.0269151
-0.0738825
0.0296449
0.0901175
-1.14392
-1.14666
-1.28637
-1.23663
-1.16126
-1.24099
-1.26514
-1.19594
-1.10251
-1.29263
-1.31002
-1.16175
-1.22579
-1.207
-1.27157
-1.35141
-1.20681
-1.29813
-1.29024
-1.03861
-1.18673
-1.5508
-1.45322
-1.51779
-1.4647
-1.37885
-1.40167
-1.27092
-1.20651
-1.09827
-1.20838
-1.3663
-1.17438
-1.34542
-1.03894
-1.22858
-1.20763
-1.39539
-1.46068
-1.49246
-1.26399
-1.2378
-1.26898
-1.36976
-1.35653
-1.21089
-1.21368
-1.27119
-1.53473
-1.49627
-1.45779
-1.40843
-1.44816
-1.54014
-2.02751
-2.42286
-1.60773
-2.5947
-2.12016
-2.60262
-2.51786
-1.46671
-1.0442
-1.19916
-0.726634
2.14332
0.570744
-2.00464
-2.00003
-2.33665
-2.437
-1.75323
-2.16471
-2.72047
-4.96572
-1.45181
-3.06683
-3.08232
-1.85147
-0.770092
-2.4739
-4.88643
-5.04922
-5.69917
-5.10368
-5.73488
-4.86849
-4.77493
-0.485206
2.31434
13.4298
1.28901
-4.01997
-6.25359
0.906044
-15.9089
-4.70335
1.4573
1.64706
-11.4815
-1.40768
21.4604
639.874
335.433
600.052
366.403
488.492
447.783
637.735
60.837
-21.886
-14.9596
227.663
162.977
141.383
0.494561
0.744268
0.633033
0.62377
0.782744
0.597713
0.738294
0.843137
1.12635
1.10144
1.05136
1.20929
1.09285
1.13462
1.42107
1.3843
1.18592
1.59056
1.47982
1.41159
1.51649
1.89806
1.69765
1.81337
1.79824
1.98573
1.62014
1.74922
1.58372
1.60944
1.60045
1.95233
1.68591
1.79647
1.63953
1.67813
1.6868
1.64713
1.43531
1.43584
1.27988
1.46668
1.4741
1.48172
1.43517
1.19061
1.23056
1.06079
1.21806
1.22888
1.2874
1.21963
1.01978
0.867022
0.967638
0.940568
0.999379
0.962805
1.04677
0.698094
0.617547
0.556402
0.803297
0.743952
0.708785
0.635872
1.37792
1.37783
1.33546
1.42946
1.36529
1.34259
1.39111
1.41499
1.3747
1.45687
1.44734
1.41365
1.46964
1.53364
1.37313
1.45424
1.33713
1.66514
1.43527
1.75412
1.64686
1.64174
1.67088
1.96463
1.52485
1.74149
2356.57
1406.03
2396.49
1994.1
765.674
195.007
2215.24
0.325283
1.30347
-1.0662
-0.0290521
2.22623
7.01376
0.131711
-0.44572
-0.872733
-0.216143
-0.641292
-0.641493
-0.592007
-0.770113
0.117008
-0.493318
-0.0932862
0.106573
0.0200405
0.0792837
0.0103458
0.0759625
0.0586918
0.0924352
0.128728
0.00465433
0.0663718
-0.000730567
0.0155557
0.0010617
0.012512
0.0346099
0.0621916
-0.00329395
0.00110493
0.00531882
0.00235473
0.00155389
0.00503781
0.0010569
-0.00525844
0.00187671
0.000315406
-0.005317
-0.00218992
-0.000773363
-0.000940483
-0.104567
-0.114371
-0.0778208
-0.160207
-0.123593
-0.104233
-0.135194
-0.300167
-0.262695
-0.329935
-0.355401
-0.302814
-0.301615
-0.363375
-0.544255
-0.569456
-0.652048
-0.538109
-0.481622
-0.512844
-0.580606
-0.836184
-0.876641
-0.797475
-0.745136
-0.692492
-0.776649
-0.720255
-0.838728
-0.789202
-0.610469
-0.670892
-0.649651
-0.606663
-0.641465
-0.658182
-0.636157
-0.858801
-0.93782
-0.861985
-0.897696
-0.900332
-0.937957
-0.912527
-0.917871
-1.17107
-1.09044
-0.978127
-0.957956
-1.0029
-0.852511
-0.911974
-0.837479
-0.907787
-1.05444
-1.03379
-1.11347
-0.958012
-0.957641
-1.03696
-1.34387
-1.41656
-1.20568
-1.20325
-1.07109
-1.2479
-1.31009
-1.29704
-1.29313
-1.21303
-1.10589
-1.25736
-1.11574
-1.82215
-1.37164
-1.64033
-1.49734
-1.43545
-1.37645
-1.24172
-3.13213
-2.77233
-2.9666
-2.93303
-3.35255
-2.78086
-3.66372
-4.53631
-3.73747
-4.64955
-5.30327
-4.79727
-1.21367
-1.41945
3.04647
5.4976
4.17496
-3.80693
7.96929
-6.0067
-6.19324
-6.09547
-5.48905
-5.50299
-5.71763
-5.61207
0.456116
-2.48577
-3.38582
-6.25289
-2.141
-4.83261
-4.83664
-4.75886
-4.49849
-4.6232
-4.52339
-4.62498
-4.20499
-4.29765
-4.11198
-4.51641
-4.71922
-4.54356
-4.54771
-2.95763
-3.13933
-1.54092
-3.30957
-3.71844
-4.05121
-2.91073
366.765
317.41
379.066
3717.94
1675.08
2431.59
2355.32
1478.85
3680.26
2550.51
2072.26
367.286
2198.98
1484.5
2204.17
2370.56
1341.9
758.854
718.217
593.616
659.597
-244.71
440.92
1352.31
4649.35
3130.18
0.491631
2.71945
2.74498
2.05642
2.82964
0.696971
1.15095
-0.422132
0.678571
2.90426
0.537877
0.789376
0.490982
0.597584
0.304061
0.535626
-0.129869
-1.96789
-2.30907
-2.60238
-1.96137
-2.39841
-2.62606
-2.25478
-1.50726
-1.31069
-1.29169
-1.87589
-1.77374
-1.71601
-1.79314
1.33595
1.4915
1.36805
1.92962
1.62596
1.50642
1.46791
1.52929
1.55104
1.64479
1.48269
1.56878
1.51701
1.64094
1.44687
0.76212
1.48954
0.225385
0.929605
0.995945
1.2243
1.45218
1.28329
2.67791
1.28942
1.36847
2.22899
0.583554
0.0787687
0.468452
0.0981115
1.16791
2.68559
0.900816
0.320685
-7.4901e-05
-0.209346
-0.0359429
0.0302384
-0.139155
0.0895631
0.133873
0.277601
0.201911
-0.330293
-0.0977947
-0.302248
-0.452652
-0.393797
-0.215576
-0.261585
-0.00544119
-0.0103486
-0.017508
-0.0113952
-0.0108659
-0.015318
-0.010827
0.00756896
0.00351494
-0.00371774
-0.000150691
-0.000496674
0.000548022
0.00345522
0.000555813
0.00186621
0.00118245
0.00109791
0.000169852
0.00141908
-0.00151328
5.75647e-05
0.000237886
-0.000505453
0.00165619
0.00187474
-0.00274322
-0.000938109
-0.00265675
-0.00331236
-0.00464309
-0.0036238
-0.00465061
-0.100932
-0.1101
-0.129302
-0.112969
-0.121923
-0.157828
-0.149147
-0.145801
-0.13695
-0.479864
-0.449002
-0.463547
-0.457227
-0.431113
-0.454283
-0.47522
-0.575003
-0.563352
-0.542983
-0.547763
-0.543261
-0.547525
-0.525749
-0.603496
-0.609833
-0.60235
-0.578524
-0.605042
-0.563593
-0.592473
-0.69
-0.720658
-0.711092
-0.692104
-0.705453
-0.712862
-0.723175
-0.676376
-0.709112
-0.700367
-0.812516
-0.799918
-0.846861
-0.842632
-0.831817
-0.780949
-0.916562
-0.898771
-0.966927
-1.25573
-1.30506
-1.37951
-1.34809
-1.29828
-1.4348
-1.61598
-7.23978
-7.90731
-7.36307
-8.21081
-7.84112
-8.12541
-7.48344
-6.81013
-7.35696
-6.91323
-7.25047
-7.77566
-7.75522
-6.88264
-9.32232
-9.13094
-8.59285
-8.52808
-9.28133
-8.99257
-8.45087
-6.58065
-7.3501
-7.02761
-7.42475
-7.85273
-6.93835
-7.30184
-5.0212
-5.1208
-4.90122
-5.17233
-5.21075
-5.12439
-5.0122
-5.21978
-5.16591
-5.2399
-5.17082
-5.21562
-5.23729
-5.1965
-5.02664
-4.92447
-5.09959
-5.20048
-5.20717
-5.18316
-5.18919
-5.20804
-5.21536
-5.14973
-5.18642
-5.23059
-5.35704
-5.42218
-5.86372
-5.55652
-5.48848
-6.03126
-5.66011
-5.26448
-5.34622
-5.2952
-5.17689
-5.23251
-5.2678
-5.20126
2107.61
1023.94
922.869
430.073
363.571
902.087
-53.8551
193.78
-47.9169
78.165
-682.92
85.7289
702.639
240.17
238.571
-315.418
-87.6382
202.398
79.186
-251.536
83.4144
-99.9176
70.5852
-124.77
-24.4001
7.48259
12.139
11.1091
12.9645
15.7224
20.793
16.7143
18.2265
7.86738
8.85345
9.19457
4.45185
3.63868
6.75092
3.66318
-0.563928
-3.1064
0.0326949
2.6169
0.483422
3.12073
1.18681
5.41015
8.85514
17.9807
3.59165
3.02791
3.33657
-0.758178
-2.24207
-1.27701
-0.765257
0.219755
-1.1121
-0.102725
-2.662
-1.34513
-3.37452
-2.44519
-1.3166
-2.5213
-1.52344
0.295067
-2.00641
-0.16915
-0.292224
-0.172134
-0.0795222
0.403919
-0.325095
0.0951649
-0.0344492
0.216666
-0.0966487
-0.0164321
0.217858
-0.100358
-0.0197213
0.00418265
1.58074e-05
0.014243
0.0219807
0.0235143
0.0104073
0.0071744
-0.00381529
-0.00332064
-0.00187481
-0.036128
-0.0375751
-0.032181
-0.0351074
-0.0460885
-0.0440027
-0.035342
-0.00414765
-0.0024639
-0.00601475
-0.0172781
-0.0166684
-0.00638593
-0.00305507
-0.0121719
-0.0131074
-0.00260148
-0.000299275
-0.00300147
-0.00234345
-0.00689439
-0.00671611
-0.0125609
-0.0138615
-0.014868
-0.0140158
-0.0120668
-0.0139765
-0.0174741
-0.0137099
-0.00427512
-0.0183881
-0.0231808
-0.0140855
-0.017624
-0.00883389
-0.0184217
-0.0222604
-0.00959687
-0.0213526
-0.0318612
-0.0246725
-0.244167
-0.21827
-0.241735
-0.241772
-0.25188
-0.240991
-0.220513
-0.422721
-0.436174
-0.4305
-0.433802
-0.412326
-0.38911
-0.521016
-0.518829
-0.505528
-0.530031
-0.485596
-0.527057
-0.497
-0.474234
-0.619663
-0.601633
-0.640628
-0.881663
-0.812847
-0.846569
-0.903484
-0.905148
-0.834252
-0.861359
-0.821077
-0.735391
-0.767799
-0.744627
-0.766123
-0.718367
-0.767854
-0.925118
-0.946114
-0.908132
-0.845416
-0.861134
-0.861575
-0.872347
-1.0299
-0.975694
-1.01604
-1.13119
-0.989604
-0.94797
-1.02276
-1.11881
-1.17181
-1.27532
-1.23498
-1.32914
-1.22624
-1.23487
-1.8362
-1.82716
-2.14701
-1.95349
-1.91866
-2.22065
-2.35507
-3.77898
-4.25857
-4.41848
-3.46705
-3.69341
-4.18306
-4.08841
-6.03448
-5.47163
-3.97554
-3.79571
-3.73548
-5.43902
-5.37278
-6.54494
-6.45146
-5.99937
-6.50878
-6.37639
-5.35463
-5.93342
-6.41677
-6.50693
-6.63223
-6.43019
-6.29641
-8.74023
-8.6638
-6.68703
-8.18199
-7.55805
-6.9715
-6.36379
-6.80298
-7.31235
-7.73014
-9.29567
-8.64527
-8.71842
-7.75254
-6.77246
-8.21366
-6.77795
-6.46793
-9.84016
-10.4816
-9.85737
-9.03329
-8.98105
-9.0567
-8.82908
-7.14908
-6.8129
-6.86761
-6.44854
-6.70344
-6.92516
-6.87024
-6.19161
-6.35609
-5.85846
-6.61548
-6.64159
-6.25318
-6.46218
-5.45112
-5.42299
-5.29175
-5.54737
-5.55063
-5.41791
-5.50223
-5.46908
-5.32477
-5.40962
-5.37942
-5.39977
-5.3292
-5.38495
135.479
80.1383
73.596
285.522
307.525
344.263
68.1934
-276.508
26.7124
-63.9431
133.146
-5.80029
68.5257
98.5069
48.582
196.143
128.18
254.338
123.72
54.3501
122.72
-103.128
31.4224
-74.7296
136.074
78.9126
190.198
229.252
343.703
246.885
561.313
122.947
234.206
-8.42482
-58.8365
-9.26989
105.772
-16.8531
-108.91
-30.5524
72.8426
3.81756
5.66846
8.5241
1.73089
4.23134
4.28062
8.25164
81.5378
66.0687
53.9052
118.821
198.51
210.051
98.1748
18.3913
38.7238
200.899
22.2719
38.6949
99.4829
244.492
175.027
51.6137
224.271
330.095
302.327
66.0276
340.718
153.889
57.5968
232.883
320.189
536.599
522.24
584.02
514.168
483.901
505.45
556.347
488.582
296.804
318.352
410.251
501.224
524.387
504.879
43.2047
41.4991
51.1221
49.0394
45.2792
40.4144
52.0592
65.3223
65.3125
67.6982
52.8909
55.5168
66.9379
62.8703
40.7826
46.1759
48.2595
47.4438
52.4202
61.5506
62.1614
45.2772
66.389
70.3012
70.2772
65.7024
58.9527
67.2915
69.8341
46.885
70.0892
67.8485
79.1611
24.2491
39.8317
42.9763
34.0014
27.7347
39.532
39.9085
19.1167
40.1448
33.0337
34.1286
24.6225
54.4308
59.1179
52.1129
69.1083
65.6328
63.7674
65.5552
69.231
64.8199
68.5627
71.2841
76.061
65.8
64.4783
116.89
77.5287
130.944
79.0604
70.0732
89.1843
105.963
182.339
177.309
176.082
161.659
170.952
175.794
169.06
207.154
205.097
206.339
193.939
204.582
204.036
203.105
205.842
206.109
208.463
202.66
190.806
198.428
207.73
207.837
216.889
215.933
217.59
211.441
216.961
155.795
144.526
170.53
162.891
183.902
184.31
234.974
230.323
211.555
436.725
427.366
504.968
379.016
549.309
188.302
509.665
535.78
213.737
139.821
172.633
302.066
0.00735956
-0.00956215
-0.097786
-0.141219
-0.189341
-0.06749
-0.042286
-0.283322
-0.266007
-0.201244
-0.236388
-0.224429
-0.156467
-0.181713
0.388432
0.375856
0.299193
0.165657
0.236512
0.343197
0.316501
0.214277
0.160825
1.29966
0.765517
1.05882
1.24793
0.918273
0.526102
1.25637
1500.53
1457.55
1273.32
266.968
1070.66
1534.49
1444.36
1488.77
1308.13
772.046
743.538
1010.91
1517.88
1522.43
1096.9
919.663
1504.66
1625.82
859.935
1650.9
696.038
16.7022
122.906
39.4677
12.1564
19.4683
75.5276
148.206
2.91137
30.0102
15.8396
2.26964
-0.80466
-0.882652
-0.680895
-0.690419
-1.24949
-0.969118
-0.727788
-0.829995
-0.851884
-0.6458
-0.627629
-0.783498
-1.25418
0.141672
0.0959877
0.187522
0.0893169
0.135943
0.129956
0.0930375
0.030255
0.00707853
0.0265867
-0.0618373
-0.0214826
0.00462534
-0.0155501
0.00216793
-0.00856723
-0.0235878
-0.00678338
-0.0211238
-0.0524236
-0.026512
-0.131649
-0.159042
-0.137863
-0.140024
-0.118871
-0.123391
-0.146213
-0.130061
-0.148831
-0.125346
-0.13288
-0.107749
-0.0901104
-0.108196
-0.089753
-0.0848638
-0.101466
-0.110929
-0.0939538
-0.0340936
-0.0224774
-0.0276707
-0.0498909
-0.0373631
-0.0359458
-0.0475723
-0.00240733
-0.0125474
-0.0158227
-0.0312536
-0.0536733
-0.037114
-0.0134497
-0.0284238
-0.0214156
-0.0362204
-0.0473729
-0.0320243
-0.0152182
-0.0136246
-0.00314626
-0.0223389
-0.0301984
-0.0560011
-0.0419741
-0.0317073
-0.0255853
-0.00261069
-0.0235741
-0.0230593
-0.125261
-0.102311
-0.109177
-0.114687
-0.0959829
-0.109162
-0.125915
-0.0926632
-0.0758616
-0.079158
-0.0934077
-0.101909
-0.100336
-0.12104
-0.0997117
-0.0775915
-0.087387
-0.179096
-0.187408
-0.156595
-0.176616
-0.154771
-0.149921
-0.227012
-0.247876
-0.252753
-0.280814
-0.26594
-0.22366
-0.243184
-0.266802
-0.248132
-0.290443
-0.292491
-0.269856
-0.251093
-0.227306
-0.27292
-0.26551
-0.643557
-0.600946
-0.576129
-0.516965
-0.560327
-0.595681
-0.554813
-0.561026
-0.549411
-0.538585
-0.510224
-0.558174
-0.507685
-0.538359
-0.712055
-0.768724
-0.784349
-0.822065
-0.746242
-0.775909
-0.707017
-0.858511
-0.769439
-0.796963
-0.691318
-0.759737
-0.996985
-1.04403
-1.03395
-0.907749
-0.937686
-0.959658
-0.932291
-1.10297
-1.05852
-1.13868
-1.09966
-1.0018
-0.998248
-1.08274
-1.38223
-1.45477
-1.56856
-1.69477
-1.6407
-1.56313
-1.52317
10.7976
5.57864
-0.101471
20.6055
18.9243
-0.874495
-1.91158
-1.11231
-1.36671
-1.18773
-1.81223
-1.49268
-2.47081
-2.17822
-2.98259
-1.56078
-2.43404
-1.45504
-1.54995
16.6904
18.7705
10.2462
-1.39283
7.25461
10.7255
-0.540155
-0.543786
1.42589
-0.572517
-1.21661
0.872854
12.3906
12.191
12.8781
9.51134
-3.29867
-2.71151
0.498301
-1.50135
-2.32264
-3.09301
-3.40335
-1.56347
4.53224
-1.92299
-1.87107
-4.11966
-3.45912
-3.53849
-3.23933
-3.28081
-3.4803
-2.84838
-0.307857
-6.50443
-5.86655
-6.05457
-7.1287
-6.57973
-7.52808
-7.14443
-6.9756
-7.22012
-7.82079
-8.04472
-8.53529
-7.22562
-7.28096
-6.34788
-6.28432
-6.17594
-5.96439
-6.01333
-5.97225
-6.06867
-6.01746
-6.14966
-6.41912
-6.44747
-6.58006
-6.1349
-6.01321
-5.60953
-5.83259
-5.76017
-5.86988
-5.21726
-5.29715
-4.45678
-5.63152
-5.97537
-5.51502
-5.81476
-5.91437
-5.57723
-5.83206
-5.7712
-5.76634
-5.64498
-5.52471
-5.57404
251.524
152.428
209.925
234.613
12.1708
47.2256
488.348
275.364
109.878
116.607
648.473
367.015
708.511
579.943
498.659
899.994
698.803
310.749
584.887
372.351
717.508
813.207
695.951
848.775
748.408
784.054
816.606
949.09
700.536
992.442
778.828
1005.56
837.746
90.4583
86.8256
86.7691
95.2676
87.0881
92.1508
85.4697
76.5053
74.4969
69.9017
84.7
75.7197
79.0989
75.5102
97.1618
99.1138
99.0631
91.7172
88.4814
68.8759
81.2015
76.5639
86.4699
88.3786
96.8119
98.8265
99.0617
88.5347
86.0843
153.207
148.063
138.585
136.756
141.36
143.086
148.927
114.146
128.918
133.009
113.925
139.067
123.521
158.621
147.923
152.5
177.51
184.59
179.92
197.746
206.887
207.196
205.797
211.096
251.007
229.158
532.612
364.079
413.332
335.577
415.852
379.204
415.381
448.065
398.417
421.554
586.215
556.288
605.303
812.096
646.971
645.439
602.407
610.725
429.453
602.686
548.837
563.379
567.147
809.313
833.158
982.7
812.989
721.962
835.189
834.928
906.59
713.83
753.544
556.974
640.051
434.7
634.394
656.703
760.633
601.261
104.454
52.4021
38.0026
18.7328
40.3994
315.916
51.9208
30.5787
350.352
199.625
3.79496
3.17842
5.46807
3.30423
4.10783
2.60933
3.73341
-0.295593
-0.225073
-0.237707
-0.208593
-0.254044
-0.201238
-0.254549
0.0308806
0.196906
0.0596997
-0.0917421
0.0126366
0.0500007
-0.0252801
-0.0938979
-0.167775
-0.176023
-0.0107576
-0.0843786
-0.165266
-0.22961
-0.228453
-0.167091
-0.0755798
-0.0907129
-0.0750688
0.363624
0.118803
0.310013
0.408365
-0.00436298
0.795882
0.538953
-0.184078
-0.307715
-0.523082
-0.345289
-0.117092
-0.0340859
-0.0783471
850.403
982.581
738.763
1005.19
694.688
978.735
926.741
-3.7348
-3.65883
-2.81296
-1.86742
-4.09904
-3.6204
-1.79477
6.06535
0.732703
3.24936
0.312935
3.2938
5.7267
1.34063
11.7409
10.9125
0.557734
11.424
18.9636
12.1957
0.657521
1.37747
1.92926
1.3689
7.23638
12.2241
3.61323
3.22429
-0.226383
-0.310569
-0.250576
-0.222279
-0.27871
-0.334645
-0.257686
-0.707776
-0.574227
-0.672383
-0.638551
-0.725762
-0.599393
-0.697655
-0.326563
-0.377141
-0.336069
-0.388416
-0.398485
-0.357664
-0.343209
-0.317943
-0.329616
-0.311306
-0.289367
-0.32254
-0.314334
-0.292078
-0.228851
-0.212741
-0.237241
-0.256983
-0.267436
-0.227678
-0.212066
-0.242533
-0.254151
-0.282364
-0.263845
-0.258429
-0.281271
-0.260169
-0.248398
-0.269439
-0.0299243
-0.03717
-0.0242641
-0.0287286
-0.00719247
-0.0293056
-0.0293033
-0.0434086
-0.027108
-0.0187083
-0.0299667
-0.0329216
176.442
171.55
177.584
174.844
177.838
175.934
173.003
174.966
175.772
172.802
178.419
176.515
175.471
178.045
173.768
179.652
179.37
153.837
175.473
171.757
170.116
138.8
-0.0374249
-0.0363813
-0.0351349
-0.0374619
-0.0481555
-0.058941
-0.0377261
-0.055499
-0.0301734
-0.0423765
-0.00170182
-0.0235163
-0.0234696
-1.85849
-1.53478
-1.59252
5.96674
16.161
0.679764
-1.08339
2802.38
2773.91
2831.13
2778.8
2740.53
2852.49
2836.57
2868.37
2865.01
2870.89
2864.76
2872.17
2826.43
2854.33
-0.0732882
-0.03791
-0.17014
2724.25
2826.01
2757.4
2761.77
2769.62
2764.87
2760.11
2760.74
2770.59
2786.13
2799.15
2769.34
2753.61
2762.54
2765.8
2770.66
2759.19
2753.79
2763.23
2766.92
2747.23
2768.58
2764.38
2774.14
2759.3
2754.67
2749.16
2757.4
2762.95
2758.45
2759.62
2787.3
2775.66
2762
2753.72
2726.66
2756.41
2753.32
2760.97
2751.87
2756.75
2767.76
2758.18
2758.37
2708.74
2751.7
2768.24
2478.75
2096.31
2835.36
2848.91
2857.14
2856.22
2765.35
2792.99
2819.31
2860.09
2850.31
2856.27
2836.95
2830.71
2781.72
2833.97
-2.4746
-2.3323
-0.343376
-1.44331
3.56944
0.944981
-2.08711
2768.54
2788.51
2749.24
2821.89
2804.07
2820.37
2785.15
2844.67
2871.3
2808.32
-0.0214222
-1.50788
0.568244
0.0564693
0.0829984
0.0525646
0.0322265
0.046792
-0.00533317
0.0521883
0.0547544
0.00347389
247.892
280.266
284.487
287.476
285.979
275.786
290.941
289.89
285.511
284.217
289.629
288.576
214.213
272.118
280.47
0.0421831
0.115072
0.0643755
0.0070106
0.0337041
0.0400348
1.07433
0.999443
1.3196
1.32643
1.85757
1.28129
1.04279
1.42106
0.0648137
0.0675871
-0.0709633
0.0337507
2334.52
2271.6
2127.37
2215.99
57.0869
53.5921
1780.86
1113.71
1.06505
1.0494
0.970699
1.15354
3.83807
1.9968
-0.730411
-1.26851
0.795453
0.798016
0.680969
0.696963
-4.19443
-4.48596
33.7409
18.1347
4.01146
3.45155
0.179513
0.384904
0.14407
0.0269761
-0.0575454
-0.194538
1.0219
1.0178
1.01099
1.00691
-5.48899
-5.63308
-5.15466
-5.43397
0.877369
0.869555
0.920687
0.925847
0.948998
0.94666
0.889671
0.89069
-0.353187
-0.393213
-0.475323
-3.70862
-4.0949
-4.0123
-4.44847
17.8267
130.393
34.7644
228.848
-6.55096
-6.46968
-6.05654
-6.10759
0.896232
0.899533
0.969165
0.966902
1.00499
1.00581
0.950364
0.972319
-1.63399
-1.97334
-1.70922
-2.17039
-2.59494
-3.45163
-2.7388
-3.81816
-2.04483
-2.01274
-0.218548
0.875036
0.277956
0.307747
0.193602
0.21976
-5.37487
-5.61752
-5.35827
-5.56986
-5.06029
-4.9774
-4.97564
-4.82517
0.518726
0.912394
2.07202
4.64257
-7.10658
-6.98586
-6.53596
-6.18343
-2.60306
1.17269
-3.77554
1.1549
-4.04738
-3.9373
-3.50404
-2.47743
-1.71221
-1.65835
-2.04647
-1.7785
0.297687
0.2258
0.0696145
-1.53147
-1.40786
-1.45621
-1.31271
5.53894
1.38552
17.273
13.4742
18.2
32.3312
8.08509
13.9162
0.910877
0.921528
0.846691
0.862153
8.89321
14.1661
14.7452
24.0071
307.968
480.278
467.087
517.6
2.15624
0.341009
0.203431
-1.30851
-0.206638
-0.186717
-0.239116
-0.211517
-0.0929448
-0.0876322
-0.0610186
-0.0587124
0.358566
0.302547
0.373029
0.324363
-0.154645
-0.112149
-0.0499131
-0.0431261
-0.569418
-1.33348
-1.12656
-1.71565
183.524
162.061
178.349
159.292
0.199946
0.157244
0.199383
0.173208
-0.517769
-0.553278
-0.584646
1.44467
1.3979
-5.05129
-5.07127
-4.96795
-4.91718
-5.09388
-5.21389
-0.00618573
0.00145114
0.00217054
1.37051
1.33676
1.32369
1.30794
-5.79673
-5.43718
-5.42774
815.093
218.727
61.822
-0.965277
69.6556
2.97029
504.548
472.788
484.936
481.761
493.921
0.821473
0.803694
0.747976
0.75877
0.736166
0.703153
0.768177
0.726957
0.751505
0.732
-6.89009
-1.85973
1.04892
0.497255
0.767009
1.96969
92.1794
1.0787
249.841
-6.581
-0.187123
-4.26624
-3.26609
-3.09788
1946.64
3.2903
-0.935198
0.104132
-10.3063
517.836
264.035
-3.34491
-0.597999
35.6443
0.829119
-6.04017
-0.857566
1.26601
-0.0578548
-1.03389
0.966522
0.802289
3.45927
6.12454
193.018
-0.216969
-4.13474
1.8757
79.2041
1.20274
82.7846
-2.04682
77.183
79.6332
80.6495
0.637087
-124.012
181.945
92.3202
75.6852
113.53
75.3649
463.554
-5.68726
196.719
289.789
354.406
140.483
91.7276
54.6212
79.6139
27.6262
45.9839
-0.345393
67.4637
64.5085
80.6379
45.4421
0.604974
78.0128
75.8569
-0.0107535
95.9193
90.8061
80.8365
96.5136
0.0944604
107.412
176.081
34.1492
71.9444
75.5286
0.491907
595.37
210.129
95.0576
112.651
1.30266
32.2851
581.328
53.9837
27.7292
1.51441
244.999
22.5497
560.443
437.536
85.1227
109.041
0.802024
552.208
555.473
4.07493
463.569
522.183
381.451
106.433
511.613
427.997
63.4376
-4.02207
-7.44858
10.0803
19.6881
24.8472
469.596
32.2321
48.0669
29.065
20.552
30.0556
28.5834
25.9958
9.02282
4.41827
37.1588
458.453
-0.277831
0.184274
8.24462
-0.297758
0.648453
83.0032
597.205
470.982
374.04
220.24
399.364
-0.32201
443.624
354.113
417.284
437.02
44.3487
57.3422
197.45
414.283
216.747
1.05417
293.917
-0.45166
328.94
121.887
479.944
9.63069
0.971687
0.215064
-0.31845
96.5227
-5.78037
-11.0354
135.533
-8.16586
23.2038
17.6076
14.6161
9.6822
-9.24461
1.13939
0.150976
8.08433
0.775678
432.666
0.324288
2.4455
1.11707
104.064
1.64623
-4.41008
-0.989713
74.1267
-4.4194
-2.53875
-3.87395
16.4407
-1.62161
-4.84558
453.951
-4.8855
401.503
458.231
9.51326
-0.193235
-0.309136
21.0823
-2.59508
0.314467
-5.22483
-5.33488
-2.15591
363.489
-3.19421
-5.51572
-0.822441
-6.55666
-4.76917
-5.13246
-5.15839
466.614
3.30018
-3.53953
-1.62968
75.5496
-4.81352
-4.9767
-3.42922
-0.40128
-4.24477
-3.24954
-2.25052
136.303
-5.10712
-0.178932
-4.71683
-1.18285
2.67587
-4.35625
-4.99252
-5.14293
0.36437
0.354763
663.328
-4.97237
530.845
34.0772
48.6046
142.733
202.343
116.448
-3.67986
-4.68078
378.658
-0.378238
-4.54545
-4.41008
8.88316
42.4185
225.494
521.589
328.49
435.688
126.414
151.889
-1.72798
65.8882
18.2763
39.9496
34.117
142.051
-6.6876
-10.7556
1.01851
63.9341
-0.568577
87.6469
3.32743
68.5921
-2.06303
57.5048
683.91
1015.45
2455.13
153.933
-6.3843
195.147
-4.31478
-4.79167
-5.10634
-6.10761
-6.30977
-6.82041
0.85468
-6.13298
-5.86158
-5.02692
-4.7034
1.92856
-5.53073
-5.69719
-6.48143
-5.77914
12.6359
-0.821148
-4.82515
-3.85539
172.721
-4.94178
999.584
176.643
15.6811
105.779
-5.1076
25.4803
13.1104
206.684
-2.0986
22.6608
-2.0147
-2.59917
1021.13
1132.14
-4.75038
-0.175198
899.749
-2.22505
-0.76945
-4.85673
-4.89004
1.51738
14.383
-1.45681
981.279
0.0892997
128.863
-3.45821
-5.06663
83.5273
0.838472
-4.41348
89.848
1.57216
6.62193
821.967
-5.22831
17.6896
-5.34582
-6.84273
-5.12951
-5.54143
-5.43349
-6.6818
1015.1
0.467752
-5.30068
-0.0126393
-0.706743
0.452579
550.737
150.362
208.229
-0.048099
-3.48794
586.325
-4.47095
1.01584
-4.87159
1.24426
-5.27081
-2.36125
0.832554
929.655
-2.09582
-5.17813
-5.06709
1.62774
-5.19552
462.602
17.6742
-5.00583
-5.16197
-0.0335571
-5.24271
-6.04417
-7.45485
207.918
19.232
-6.23152
-6.9559
-1.3027
-6.81778
-10.7302
-6.336
-5.14086
-7.53252
-7.47211
-5.61729
-7.00046
-5.53197
1020.79
-6.40651
-9.06881
2.17748
-7.04499
-9.81195
-5.0202
-0.583623
541.459
-7.2811
0.689224
518.214
-0.719959
-6.38357
-2.53722
-5.4174
1.84321
-4.62102
-7.51177
0.780196
-7.44174
0.00104473
-9.92472
-5.62392
-8.37597
1.24098
-5.56787
-6.93385
1517.88
1.67118
-4.48799
-5.54294
-6.12798
-4.40005
-6.44278
-8.22142
-5.93536
-2.31624
-4.74497
-4.9468
5.41584
-3.53773
-3.77943
-3.29247
-5.86263
-5.79423
-1.4374
-5.38983
0.000678274
0.192775
1.21685
-3.20873
-3.4382
-7.44863
0.673728
-4.80289
-4.59359
-6.58587
-6.98654
-7.37092
-6.17056
-2.04946
-7.70687
-9.94289
15.2313
3.50241
-6.33118
-6.24488
-5.26178
1.69947
-6.20764
-6.90234
-3.86813
2.80317
-4.09414
-5.24195
-4.21716
-6.15695
-0.165952
-2.00198
373.286
121.746
17.3418
-2.38999
8.45804
12.9582
-3.48613
1.10955
119.222
-2.66305
-6.05776
17.8748
-3.37322
51.9179
0.822554
-0.0361913
0.815806
-3.66214
67.9364
0.341305
-0.000721762
-0.657488
-4.20759
-3.67403
-4.12103
-1.50106
-3.79756
111.045
2.2589
-4.24959
3.80459
2.99772
-1.81916
0.538989
-4.24371
-0.161447
10.3476
-10.3007
11.1241
0.21315
18.0158
15.7737
22.0987
0.248103
2.71459
-1.82615
-3.23943
-3.13563
-2.57775
338.58
-4.99183
-2.51738
-3.86361
-1.41915
-2.77077
-2.75287
0.13234
69.776
-1.34046
-3.57193
-2.86991
2667.89
-4.84362
81.448
0.618593
-1.22382
-1.5883
422.849
-1.34307
-1.65427
-2.6162
-1.23622
-1.43937
-1.16979
28.1177
-1.45612
168.12
-1.69439
1.17835
-1.22609
1.67498
-0.0350157
-2.16646
-0.915308
-0.97187
-2.29092
-1.08581
-1.34325
-3.49678
-2.03515
-0.91378
1.01424
-1.37201
-1.12769
-0.912547
-1.20594
-1.01649
-0.978101
76.1697
-0.84169
0.216266
510.006
61.209
0.840162
-3.6064
-0.631569
-0.702875
-1.00247
0.615817
-0.661475
-0.608952
-0.529089
-0.342081
-0.357719
-0.314984
-3.44991
-1.38924
-0.436413
-1.47246
-0.395045
0.710815
-0.253735
-0.523027
-0.331761
-0.348984
-0.408599
-0.401169
-0.78227
1.80207
-0.81543
-0.463171
-0.419855
-0.85702
-0.735688
-0.106827
-0.291426
-0.265207
-0.190813
-0.20591
-0.599878
-0.454728
-0.396144
-1.27159
0.485574
-0.0979059
-0.1281
-0.256659
-0.300383
-0.876876
-0.0344318
-0.00750747
-0.00791479
0.280281
5.40858
2.17526
0.64917
0.606555
36.873
0.0344789
-0.126798
-8.05717
0.636254
-4.08179
15.7322
-8.97933
-4.52734
-2.0717
-2.74996
-2.41218
-3.46872
-2.71614
-1.61913
-3.29518
-1.33378
-4.64728
-2.07592
-2.36212
1.01778
370.582
-0.792849
-1.63495
-0.137148
-0.312766
-1.0585
-1.07759
-2.14795
310.645
315.526
1.04417
1.32141
-0.044878
-0.105627
-0.150922
-0.082341
-2.44044
-9.70618
-2.42916
-0.156268
-0.11667
-0.0832548
-0.161678
-0.136788
-0.0739222
-0.161998
-0.161329
-0.185915
-5.12139
-0.0904281
0.682175
-0.0269507
-0.324297
-0.283528
-5.14229
6.17924
-0.0490409
1.04356
1.026
1.21275
-0.16452
-0.357289
-0.324446
-0.181796
-0.409852
-0.108984
149.726
-0.21157
0.415006
-0.210826
-0.239699
0.824311
-0.141907
-0.0950637
-0.145074
-0.0955196
-0.201746
-0.266365
-0.0399712
-0.0601181
-0.342436
35.8113
-0.110225
-0.751895
2.00409
0.670733
-0.0294681
0.348435
0.00993956
-0.528452
-0.988327
-0.0268317
-0.00779743
-0.18176
-0.0238098
0.000920237
-1.28464
0.00155122
-0.27632
0.00118882
-2.42698
1.08191
0.00112222
-0.00462427
-0.0218731
-0.00312115
-0.0151463
-2.04394
-0.0102947
-0.00955383
0.0023303
-0.0739557
-1.62591
-0.0019131
-0.0194482
-0.00522416
-0.195189
1.41046
0.0412078
0.0225743
0.0435945
0.0126958
0.011392
0.0391605
0.246621
0.0746819
-0.0436789
-0.0165139
0.470544
0.261895
-0.106365
89.4211
6.39022
-0.00170748
0.754305
0.906463
-0.0238428
-1.02428
0.248064
9.93476
4.4438
3.73631
336.395
1403.99
2347.59
45.4328
1908.63
1976.61
-0.736004
76.1682
308.198
0.52306
-0.715514
0.0105025
-0.0274608
0.211285
-0.0272161
-0.186437
0.0308326
13.3034
-0.000903553
-0.232671
-0.0889602
2.0237
-4.99318
2849.51
2832.72
0.930296
-0.573064
509.204
8.19263
-1.45327
-0.584333
13.0257
6.16158
0.39566
0.0366728
-4.42203
5.7759
-4.54317
-5.68813
-9.02191
-3.93344
16.2475
4.05561
-6.86019e-05
-0.0590057
5.06458
-4.61991
14.3919
21.6297
0.16837
0.102955
0.603399
0.324444
0.565956
0.182242
0.0637348
0.124472
-0.0784659
0.115347
0.0389968
-0.0603403
-4.87846
0.0800109
0.0375294
0.088962
1.03949
0.00610233
0.0573726
0.00972355
-0.202889
0.512542
0.0747019
-0.0289159
-0.0602538
-0.322251
-0.297397
-0.138875
0.26407
-0.440756
98.3643
-0.012072
0.181871
-0.378229
38.3768
-0.664654
1287.88
1881.81
-1.12799
0.202501
1.70148
0.0614757
0.40791
0.046503
1.36469
1873.7
-1.32531
4.46654
1206.07
74.3095
-2.34758
-0.216406
-2.63522
1145.87
17.3695
-0.188154
0.414264
-3.05977
-1.6454
-2.60197
-5.02605
-0.425878
0.357964
-1.77817
-1.75467
1.00713
-2.87102
874.038
2.76914
2.23704
-8.94542
-5.65871
0.373178
-5.34026
123.82
-4.41932
47.1111
69.5327
47.6304
2.10176
-0.84018
23.2286
1.04985
-0.0567405
0.992384
1217.35
111.486
4.19339
-3.55311
369.282
0.297393
-1.57875
1660.8
1625.25
91.3186
487.078
0.310442
1519.76
1.36373
0.467137
1.32519
1.42166
12.1848
1.82509
1.84415
1.57683
2.29282
1.04853
1.3182
1762.17
1495.99
216.857
1.58804
1.40459
-2.52463
1782.47
1.38275
1846.07
1737.01
0.918394
1.76029
1.43417
0.185429
1.43258
1646.83
1355.9
43.3891
-0.0776316
655.924
1860.87
0.43634
2.14162
445.222
0.691878
437.485
-4.12273
2219.02
2.02253
1970.75
4.52461
2012.97
-0.346655
1.27431
-0.303997
2.00264
1.72693
1.61754
1.92517
-2.01851
1.64992
0.00283387
1.78925
2098.4
1.52635
13.3289
1600.44
1.92553
1.43059
1.41806
1.70354
1957.85
1.53844
1662.01
1.97154
1.45624
1.42383
1.21439
1.30755
1.25528
1.28267
0.93905
0.345845
1.447
1.92559
1.29881
0.88386
1.87219
0.82957
1.06766
0.673569
1.14884
188.443
0.904281
0.846287
235.694
4.96929
1.14349
1.03115
1.25663
1.17608
1.21211
1.54638
1.2798
0.698216
1.25185
1.06628
1.10027
0.762576
0.666046
0.726544
1.01148
1.0578
0.944178
1.49043
1.18369
1.04125
3.3484
566.267
-1.10815
15.3432
1.12093
1.19095
1.16914
0.567632
2784.44
1.29029
-0.00851764
-6.52138
-0.0766814
0.767455
-0.150601
73.0706
2882.79
-0.0985947
0.204586
-0.126332
-0.0902886
1.43813
-1.66893
-0.255665
0.0695991
-0.112889
0.742135
1.03533
1.63171
2.11886
0.765491
19.7473
-4.75038
1.66167
2.27618
209.264
0.77419
2116.74
2506.79
543.431
1890.01
186.978
-0.460479
-1.52382
1.33426
0.156403
2623.44
2541.29
1460.26
2638.4
27.285
2177.61
2070.85
49.0049
-0.301657
2394.01
2.16525
0.784076
2453.71
2432.01
1.39332
0.351525
24.126
-5.09303
-0.778577
-2.85945
1.35406
1.04993
1.1763
0.512554
0.482891
15.9326
0.943111
0.382607
1.08402
0.336681
0.433301
0.133013
-5.17686
-0.0672924
0.274516
1.01213
0.99434
0.103185
-0.0102301
-0.0311746
-0.0718495
-5.15826
0.226656
0.113692
-0.636924
-0.0154485
2838.68
-0.087614
-0.0418596
0.726235
2815.62
0.0863635
0.0989951
2799.85
-1.06991
0.220539
0.304886
-0.724969
1.22861
0.0878435
0.521783
67.4172
0.212173
-1.32679
3.18004
0.333494
0.231727
0.0850183
0.134649
0.380602
-5.02298
0.210297
0.0846127
0.0775547
1.15667
0.666925
0.366564
0.0969596
0.468449
-0.0630699
0.559581
0.511275
0.58188
-0.94469
-1.4634
0.465379
0.373145
0.489132
0.208341
0.441098
0.351154
-1.16139
0.498899
0.450351
0.604486
1.45106
0.302427
10.387
0.168954
0.184871
-5.73573
0.994425
0.355919
0.0713151
0.487707
0.218332
0.615241
0.928092
-0.224779
0.9546
1.0421
0.228909
0.437791
0.612942
0.485615
0.0820247
2818.21
0.521636
154.62
0.99301
1.01308
0.0928742
0.999079
1.01045
0.397074
0.862703
0.792635
0.815846
0.873
0.846496
0.820793
0.85818
0.887299
0.966908
0.943104
0.79024
483.625
1.08078
0.994033
0.999116
0.999163
-0.00793245
0.923385
1.03263
0.982205
1.04541
0.649159
0.636347
0.658797
0.593363
0.696484
0.173578
1.2061
1.2305
1.05928
464.101
0.807925
0.843209
-1.06677
68.9583
1.29038
1.00067
0.936614
0.859103
1.01218
0.952256
4.11775
0.99147
0.950036
0.910847
1.00467
0.454696
1.00348
0.299163
0.984865
0.988423
0.96734
0.799339
0.842624
0.944014
237.953
0.370917
8.50343
0.826774
1.13414
-0.314895
0.948556
0.863314
-5.13292
-7.18153
-5.91927
0.98234
0.322299
0.692951
12.8716
0.465297
0.507071
0.738627
-10.5746
1.22297
1.08043
-0.749732
34.5871
0.690832
0.231101
0.927627
1.13079
1.06635
1.17081
533.429
0.604712
0.886473
0.678048
0.968931
0.568738
0.788848
1.27095
1.41032
0.999912
1.39461
0.624142
3.13
-1.55062
1.79904
0.671503
1.29262
1.15891
-1.6439
-1.08199
1.5149
-5.16165
-2.551
-0.32724
0.426896
-0.397793
-0.38465
1.19184
1.33805
1.22775
2.05601
0.30395
0.593046
0.727901
1.4708
-0.035707
15.6204
-2.88359
-2.57009
1.22745
-1.72465
0.394275
0.375573
0.202181
-1.60905
-1.6292
0.324415
-1.71158
-1.80418
1.2884
1.21367
215.884
-1.56617
-0.484927
-0.663066
0.320417
0.169024
0.572072
-0.259981
-0.162948
-0.0112926
0.354281
0.898611
0.289709
0.351586
-2.66389
-3.47508
-2.11482
0.362562
-1.32847
-1.34309
-1.49704
-1.22134
-0.814135
-0.543174
-1.07219
-1.34503
-2.03376
-0.873809
33.3862
0.265033
-1.11966
-0.0421249
0.0182946
39.6184
0.247948
0.334603
-0.614353
0.828583
0.766699
0.13558
-3.53731
-3.77678
1.05857
5.33277
0.0913987
0.292193
1.04361
0.161992
1.74087
-3.96777
-1.54906
-1.30217
0.893602
-1.63115
-1.02968
-2.84442
11.8798
0.0112502
0.31963
0.619571
5.0367
9.74192
4.33009
-2.54554
-2.00452
15.6189
28.2027
0.891021
-2.80788
23.6586
26.8271
49.0471
10.5567
31.3565
26.208
10.9956
-0.400544
0.810522
141.159
0.305862
-0.991108
14.7063
-11.5144
-1.56154
21.7958
-4.65809
-4.25863
92.0257
-0.807884
-0.317529
3.20471
-1.4326
1.59321
-4.32613
4.13418
-0.684597
3.53772
0.191388
28.7887
1.40812
-1.70202
-4.0588
76.3366
1.00814
79.1831
106.76
79.8755
76.6666
95.5916
99.5196
-0.857733
-1.49782
93.2312
123.045
4.06543
0.719015
111.605
137.19
166.569
143.217
6.09474
168.85
170.776
212.744
279.903
72.2312
115.73
175.882
-2.05779
274.771
310.913
31.068
118.118
131.432
61.8653
180.062
230.715
49.1284
203.032
-2.39626
274.736
292.435
292.187
97.5112
0.432724
83.9384
167.485
155.451
150.501
147.882
1.11042
157.316
34.3387
172.5
234.973
147.591
183.901
176.444
80.8762
161.074
188.331
81.744
209.555
1.01362
686.362
506.373
464.024
153.143
521.304
5.60171
12.3922
18.4139
0.495211
639.689
457.024
206.46
216.922
81.6258
60.8545
553.005
600.912
587.609
146.125
478.446
416.076
461.228
175.379
454.354
152.994
-0.281822
25.838
142.202
450.239
635.183
25.0011
12.637
3.94292
155.054
65.0199
165.987
154.51
12.9177
-0.334244
7.37174
556.995
483.496
1.25783
352.406
8.48397
3.41393
740.708
506.893
-1.32353
-0.967372
-0.260386
-0.531504
0.895071
552.052
663.17
2.44316
2.42477
1.9782
2.93181
311.603
1.6983
1.47682
1.56132
2.02493
2.36543
1.80853
8.64381
-0.51595
0.950668
1.1358
1.30147
1.28598
1.31298
0.506611
1.53126
1.83643
2.11656
-1.94579
0.64536
0.712331
1.44477
0.848834
0.652724
0.299889
-0.791382
10.0088
773.085
127.771
-3.46319
0.313289
5.08365
3.09473
5.77534
-0.216682
1.12152
0.968171
2.22667
0.885472
844.307
1.04905
4.52889
16.6669
69.2191
0.228392
427.988
44.5887
7.43071
10.444
1.20203
79.8929
43.5387
58.8737
12.2304
528.216
3.39227
104.405
4.38096
1.62555
1.13708
-0.493473
1.97156
1.94386
48.149
0.410475
0.349553
101.193
1.53537
1.47682
157.07
360.176
62.5768
2212.13
-0.0107785
-11.8765
743.613
443.659
12.0201
392.668
31.9363
182.456
3.48175
298.071
0.659378
-0.824467
509.765
0.182297
0.999952
1.14926
1.16388
0.974762
298.571
1.25141
1.37502
1.08346
1.31469
1.00986
0.82466
-0.357203
0.443174
0.822434
7.13419
1.50852
1.28788
0.699508
1.05321
0.778064
1.66867
2.5828
26.1136
11.1504
1.3741
5.32391
8.47193
-0.021087
1.43426
362.872
369.002
28.1538
61.0599
0.398045
607.003
-6.55685
174.348
342.17
-5.32948
166.927
883.429
-4.76645
146.917
-4.7082
30.0937
-5.25845
729.181
290.576
0.125213
0.69056
0.65534
-4.21083
614.32
-0.0656686
1358.4
0.126755
26.2308
708.375
0.376964
204.829
754.256
-2.18388
-5.937
-0.0519632
987.165
1066.59
38.2831
23.1276
1068.06
-3.02654
-5.45708
32.7847
9.63214
-0.0880798
20.877
179.021
0.00455353
260.751
1.26903
399.93
1.13905
142.098
124.703
0.0326955
1.32376
33.0654
1245.07
1.01696
1.39579
1.0109
1.14796
1.08898
1682.17
1.0832
-4.67611
11.1676
0.931364
1216.11
0.900603
0.329336
0.077205
2.52759
0.303318
0.195371
0.233182
-0.0823897
-0.0132776
0.131665
0.188413
-2.70349
0.300878
0.726551
0.796749
0.0604333
0.467059
-0.597752
23.1706
0.154908
0.513921
0.589306
0.384737
1.08769
0.191064
-3.71587
0.839759
0.296242
654.261
0.504276
0.434278
1.67842
0.430475
1126.91
0.102333
-0.924142
-0.278523
-1.45092
-0.482084
-1.73647
-1.35455
65.957
45.7143
-1.49325
-1.06067
-0.293321
-0.997452
-8.66433
-1.23034
-1.84624
-0.650478
-3.53986
-0.213551
0.341197
-0.992644
-0.340346
-0.813669
9.12894
324.633
395.531
-0.290795
-0.300564
335.227
1.0531
-0.476474
-0.137552
-0.29072
45.7455
0.185574
-0.253946
-6.55263
0.923095
-0.748079
0.581976
0.982496
-0.642945
2.33467
-0.256124
-1.07236
70.491
-1.55163
-0.42729
0.062308
0.891845
-0.631316
-0.331509
-0.423519
-0.497881
-0.618044
-0.528875
0.471773
-0.728269
-0.85096
1507.92
0.275232
0.0205357
1.16691
-0.630249
493.939
-1.68314
0.59451
0.492698
0.619516
-0.46274
0.0946757
0.348261
0.935173
0.693687
0.91991
-0.457787
0.901896
0.784092
-1.69399
-0.345507
-0.877859
0.844548
0.602486
1.28421
0.556651
0.674464
1.19402
256.542
475.854
-0.271725
1.2557
1.27586
0.618563
-5.42781
-0.51984
-0.304946
43.7077
1128.87
200.703
606.804
2.49026
-3.36616
431.993
1.07889
0.367425
0.892457
1.08858
6.00264
367.926
-1.669
1.15802
2230.38
-1.19783
0.994801
60.3382
9.11107
70.0391
27.4978
0.377161
64.8066
32.6616
2.52251
-3.34174
496.559
2786.15
0.351242
37.17
13.6706
3.95404
4.39836
0.764697
15.656
4.8409
0.232549
188.124
0.985164
-0.345955
15.2692
0.863595
-0.0793861
5.41749
123.598
-0.83255
-0.280726
-0.849962
-0.505325
1.92318
-0.516969
-0.0766408
297.069
-0.34096
1.20074
-0.187269
-2.78548
-2.68821
0.840934
-2.30109
-4.09609
36.266
225.222
114.016
0.924827
66.6479
-1.69351
5.17381
663.161
330.654
0.164051
1.06282
0.795771
54.1257
2337.03
2.19025
287.209
370.468
64.4666
2.62993
6.22388
356.523
142.699
-1.7686
365.949
21.9833
213.118
173.298
657.974
206.95
-0.112423
15.0616
510.858
-0.635891
532.909
176.306
9.4248
119.193
64.5111
205.327
32.2506
138.297
72.3696
1.23414
1.07644
198.667
-4.32795
-0.327686
75.8194
134.536
-0.373289
29.1313
187.463
41.2754
190.716
-2.0037
247.774
202.036
8.7438
3.83859
233.817
-1.82435
-0.397874
-0.304212
163.122
0.387919
-1.35728
26.0699
-0.400943
-0.937246
0.341557
-2.637
-0.238195
1.06953
0.383635
-1.10478
-0.240248
0.999944
1.60249
-0.00523159
0.351488
-1.77934
-0.182344
93.434
1.07821
0.753181
0.145756
-2.67635
-0.396575
-0.838228
-2.40515
42.9085
68.4268
1.7969
-2.11719
-2.40654
0.555553
9.73115
0.164443
-1.40764
1.26619
-5.2574
0.974137
0.831166
0.941511
1.2518
1.11819
-1.83604
1.05651
1.11698
0.921538
373.926
0.941807
-4.19957
-5.08383
-0.739536
-5.15688
-2.8838
-0.152653
38.1318
-1.13383
1.04119
-0.146656
-0.350328
2339.76
-4.50047
1948.32
-0.954628
-6.91608
-0.0393162
-4.38622
-0.0675405
0.258125
20.163
0.083527
-0.825384
7.41325
981.567
-0.0228187
0.811832
-0.891882
70.7004
-0.016202
-0.557029
-3.01671
71.7177
1.02004
0.0442325
0.170365
21.5496
0.0761583
1.04182
73.5482
-1.8486
0.785576
0.0672512
11.7114
1.16436
1.14519
-0.00614217
0.984829
0.0870725
0.105019
1.6364
-0.0297256
0.00671701
5.23301
-8.00906
0.0103552
-5.94547
-1.80645
-0.78671
-2.97828
1308.68
4.33017
1.27548
0.0591349
1.00822
15.0118
-6.04071
0.0883856
0.38125
5.37676
1200.35
0.525332
1.25302
337.492
0.0990288
0.132251
4.68029
0.856331
0.0991858
1007.47
-1.04547
2749.93
0.0804002
0.0520981
2.42109
0.604117
1836.35
1894.65
-3.06445
1.19831
1301.59
-1.42469
-0.722804
-1.18155
0.0552187
2715.22
1.24165
2.28356
-0.00908634
1.32039
0.132195
-0.0757299
0.140424
-0.577243
-0.20445
2561.94
2805.05
166.181
-0.259679
-0.0115297
-0.420396
-5.75712
20.0313
1.0133
1.27691
-0.182833
1.74342
0.302946
-5.00925
1988.96
-0.0314598
0.443158
-0.0244257
1.4875
-0.0290327
0.0276491
-0.266177
-0.0259718
-0.312638
-0.0493812
-0.336054
12.268
-0.0619155
1.03755
-0.0844321
-0.151666
-0.0828532
1.07773
130.486
-0.161754
-0.182869
2785.99
1.04304
-1.43261
-1.20171
-2.78629
-0.463838
-3.37444
1.29768
379.537
-4.43674
0.0902867
0.99506
-8.52791
0.819429
0.0214186
-0.336304
-0.523968
-0.195862
-0.017268
-0.838326
-3.92114
0.436479
366.499
-0.62665
1.11872
1.14724
0.860023
1.00881
-0.251916
1.1309
1.1359
-0.507463
323.315
-6.86835
-5.19958
0.995196
-1.1724
0.602991
-0.674899
-2.75436
-0.585498
-0.401548
-3.80943
-1.76717
0.304611
-4.85405
25.5423
-0.467036
0.943177
-1.40298
0.913604
-6.70516
-1.40616
-2.40166
-7.98932
-1.46626
-3.60206
-5.59651
-0.699108
1.09824
0.315104
14.5561
-2.64793
0.0309835
64.8537
7.10747
29.6459
0.112203
-4.50334
0.703088
3.18885
-5.99863
7.00941
10.9578
-0.297124
8.83423
6.99467
-4.75644
-3.53605
-2.90115
-5.85705
-5.30915
0.498258
0.588425
0.26423
106.708
-5.76642
0.167568
393.747
-6.03896
558.871
-2.80834
-5.87016
-3.07903
-2.67063
322.783
0.317961
-0.911346
0.66721
-0.450432
0.924001
-9.34588
-10.1191
-6.65222
-8.48546
21.3955
2241.67
1.36804
1.06717
-8.4916
-2.82334
-6.24568
1.73109
-6.16812
-5.64122
1.84641
0.198555
-6.92421
0.523509
-5.65779
0.262463
0.14284
-4.49653
-5.3595
-4.46602
-9.14569
-4.85253
-4.76308
0.998161
-7.00342
-5.16986
2800.88
-0.0564424
0.655282
-2.00566
1303.63
1218.96
0.574333
-0.00305135
-0.0227942
1733.44
439.995
-3.8849
117.916
407.569
-10.4013
228.656
0.632671
16.5771
923.789
300.717
3.69251
308.412
314.362
557.855
-0.557088
0.465987
1.27574
0.170103
-11.281
109.56
-3.47071
-4.26634
19.5344
-1.45604
9.94851
-4.86323
0.128638
182.505
0.70986
549.925
0.227661
-2.36244
3.94854
-2.0722
-4.09378
198.855
860.381
-4.01402
-8.38678
-3.94209
182.453
288.02
-0.905197
62.0413
80.1324
78.8468
83.2566
0.605527
1.00969
24.6042
-5.40627
213.321
240.941
545.836
9.86766
129.912
-5.45682
421.899
184.746
402.962
0.847982
288.488
0.632512
48.2297
0.159188
360.414
0.410728
2.27013
0.00307034
295.801
350.606
-0.102806
15.9329
-0.671333
1.13508
9.92206
0.2026
0.820721
78.9869
1.00082
1.03015
1.18705
0.344093
0.947197
-3.11969
288.886
234.071
163.13
440.645
12.5286
560.407
6.54335
70.5852
5.11568
0.679691
0.171863
235.029
241.847
176.293
0.0213098
100.287
-0.685395
249.603
86.4079
-1.80789
77.2173
389.265
0.861374
225.932
8.89486
-4.03474
0.567768
1.04411
-0.41043
0.73039
-5.07214
617.211
356.93
-5.35065
-2.16727
-0.805939
-3.12123
15.4503
-2.90587
71.528
-1.14235
0.196968
1.45964
-0.597736
-0.573175
-0.459112
1.32649
-3.2608
-2.33553
-3.90746
-5.22671
0.987141
38.7103
0.226379
2687.42
-0.00434644
-4.98036
28.0556
-4.27285
0.873928
4.11065
1185.56
0.0687493
2279.11
0.848141
0.365552
-0.214017
0.749516
0.818049
0.943656
-5.21821
0.548719
0.0709498
0.925945
-0.851298
1.08126
0.950099
-0.435845
-1.19898
1.14801
0.181003
-0.672891
0.246547
0.214651
0.962938
0.878085
-1.30026
1.02151
423.645
0.691207
-0.877754
1.2887
0.161036
1.91079
-0.402139
-4.99765
470.773
-0.668424
440.42
542.468
1.38424
-0.139704
0.302466
0.763556
-2.18434
-0.02094
-0.7636
0.94626
77.2046
0.0659443
2735.17
-0.869712
-0.457181
0.271412
0.902637
-1.20838
0.00229221
0.855244
1.03693
577.273
-6.78554
33.8963
-0.0340409
-1.11849
0.0909041
-0.411306
1.02436
403.972
-0.717897
-3.44656
0.61014
0.699677
-6.27717
1620.09
-3.98159
34.1493
1.23998
1.22253
0.0102711
-8.63585
-0.408233
2793.61
0.529849
-7.82018
104.135
-0.342684
-1.58068
-3.14365
2.6974
-0.545944
-7.08923
-0.0315473
76.9238
-8.95154
-4.93477
102.975
1.55981
26.1307
1.29884
0.545606
-6.01868
-6.19605
123.77
251.31
0.368053
74.3495
6.06821
803.743
114.999
-0.33745
1299.19
-0.125055
-2.81203
-0.00718559
1.16132
-5.71074
1.66848
490.794
0.550431
-0.410474
1.17105
1.29668
0.85882
1.61069
0.654562
0.809162
-5.47479
1.55013
-0.369238
)
;

boundaryField
{
    FrontBackPlanes
    {
        type            symmetry;
    }
    wallz
    {
        type            fixedFluxPressure;
        gradient        uniform 0;
        value           nonuniform List<scalar> 
97
(
2793.77
2741.17
2762.03
2819.08
302.726
78.4289
74.8171
236.62
189.256
0.4727
0.203187
0.330403
58.2858
66.7518
71.8622
356.954
505.064
512.605
0.84637
0.721652
0.584722
19.8971
34.9483
43.3995
512.35
392.446
232.25
1.17711
1.12058
0.931915
-1.3161
3.76289
7.28786
258.268
146.825
1.49024
1.35567
-1.3663
-1.35653
-1.49627
600.052
-21.886
1.60045
-1.0029
-0.958012
-1.41656
2198.98
718.217
4649.35
-0.422132
-0.60235
-0.709112
-0.812516
702.639
79.186
-24.4001
5.41015
3.33657
-0.4305
-0.521016
54.3501
136.074
-16.8531
70.0892
42.9763
207.154
204.036
-0.0997117
-0.156595
109.878
708.511
700.536
99.0631
76.5639
133.009
147.923
177.51
448.065
605.303
809.313
176.515
171.757
-0.0351349
2724.25
2766.92
2751.7
2844.67
288.576
280.47
0.0421831
3.2903
-124.012
-0.309136
338.58
209.264
-0.301657
1.67842
)
;
    }
    outlet1
    {
        type            fixedValue;
        value           uniform 0;
    }
    inlet1
    {
        type            fixedFluxPressure;
        gradient        nonuniform List<scalar> 2(0.00428982 0.00302143);
        value           nonuniform List<scalar> 2(2774.14 2767.76);
    }
}


// ************************************************************************* //
