/*--------------------------------*- C++ -*----------------------------------*\
| =========                 |                                                 |
| \\      /  F ield         | OpenFOAM: The Open Source CFD Toolbox           |
|  \\    /   O peration     | Version:  v2012                                 |
|   \\  /    A nd           | Website:  www.openfoam.com                      |
|    \\/     M anipulation  |                                                 |
\*---------------------------------------------------------------------------*/
FoamFile
{
    version     2.0;
    format      ascii;
    class       volScalarField;
    location    "0.15";
    object      p_rgh;
}
// * * * * * * * * * * * * * * * * * * * * * * * * * * * * * * * * * * * * * //

dimensions      [1 -1 -2 0 0 0 0];


internalField   nonuniform List<scalar> 
6576
(
2776.32
2754.7
2760.06
2767.37
2781.52
2789.37
2764.88
2764.68
2783.74
2774.11
2811.28
2796.86
2784.9
2794.86
2757.89
2766.68
2733.01
2760.41
2760.15
2805.02
2746.06
2800.59
2803.2
2758.92
2787.34
2813.43
2863.77
2783.97
2752.19
2752.45
2773.8
2732.96
2771.43
2792.7
2787.07
2807.31
2784.26
2808.92
2771.12
2790.44
2759.05
2747.49
2774.83
12.9266
9.30325
9.7052
8.24362
12.3236
9.80567
9.8127
7.75751
9.15587
0.00256737
0.00206044
0.0006336
0.00483528
0.00289464
0.000863251
0.00323496
0.00286658
0.00441144
0.00575737
0.0079121
0.00623509
0.00371936
0.00574963
0.0266383
0.0228829
0.0198062
0.0198479
0.02275
0.0152702
0.0190286
-0.666462
-0.686021
-0.458993
-0.655325
-0.973806
-0.11261
-0.305043
-1.82147
-1.13921
-1.34549
-1.5435
-1.31579
-1.74302
-1.88741
0.361731
0.394498
0.228022
0.265556
0.346366
0.232236
0.725437
-1.24474
0.219004
-1.29797
0.795902
0.20076
2.93954
0.230448
102.062
101.999
101.93
102.095
102.146
101.631
102.501
101.743
100.672
100.612
98.7572
98.9581
103.579
0.0146111
0.0350939
-0.0853247
-0.114668
-0.283719
-0.155971
-0.15278
569.096
2042.1
1983.68
2585
2507.03
2709.53
2576.73
-0.11938
-0.193335
-0.0152637
-0.513516
-0.138717
-0.775229
-0.141497
0.00725374
0.00411343
0.00888203
0.00781681
0.00283966
0.00186285
0.00757015
0.0354677
0.0366492
0.0289336
0.0424988
0.0336088
0.0290407
0.036325
0.0503126
0.047883
0.049057
0.0408867
0.0412014
0.0441857
0.044854
0.0617587
0.0682838
0.0700257
0.0625057
0.0683815
0.0763201
0.0676928
0.0723517
0.0651591
0.0687831
0.0677167
0.0701718
0.0675787
0.0622702
0.0623725
0.0660633
0.0817198
0.0856032
0.0906119
0.0813464
0.084752
0.0913863
0.092393
0.0893619
0.0871182
0.0890395
0.0943724
0.0845449
0.0868769
0.0895979
0.0727497
0.0808176
0.0814977
0.0789688
0.110825
0.108162
0.118438
0.102055
0.0989605
0.105726
0.102686
0.101639
0.109064
0.125519
0.0891774
0.0826961
0.0951609
0.103824
0.146646
0.182539
0.131661
0.138603
0.143111
0.168933
0.145567
-0.00624784
-0.313542
-0.00798364
0.0922734
0.117402
-0.148068
-0.319811
0.112186
0.117401
0.13165
0.10835
0.1006
0.108198
0.117634
0.0987371
0.106743
0.106986
0.105284
0.0984601
0.103275
0.10905
0.09849
0.0945091
0.0921054
0.101533
0.100479
0.0971288
0.0967616
0.0780817
0.081304
0.0801202
0.0831141
0.0814556
0.0794612
0.0771961
0.0699822
0.0683549
0.066289
0.072852
0.0748209
0.0712668
0.0731351
0.0700603
0.0675865
0.0528843
0.0499339
0.0489027
0.0584475
0.056541
0.0544851
0.0528008
0.0095331
0.0103868
0.00933715
0.00746099
0.00992572
0.00926086
0.00740109
104.573
102.229
103.441
103.68
103.302
99.2151
102.142
101.708
103.5
2.13354
0.894826
2.90304
0.360103
-1.07404
2.55294
1.41712
3.12287
2.59961
2.85544
3.92602
2.83434
4.04082
4.02289
3.98177
3.43288
2.90629
1.52263
1.04373
2.96372
4.31129
2.24839
3.37737
3.12086
2.0132
2.02157
0.0251897
0.010226
0.0432149
0.0319952
0.0426389
0.0655274
0.0517154
95.0097
39.5674
17.7964
34.3303
20.7847
19.056
18.3146
13.5538
18.0621
-0.285657
-0.319993
-0.288231
-0.235308
-0.224212
-0.261912
-0.244422
0.721322
0.805647
0.77708
0.567097
0.59729
0.733387
0.654005
0.483307
0.473041
0.55337
0.477155
0.470899
0.509294
0.555829
0.487905
0.517047
1.21636
6.1146
3.7784
0.709775
3.80391
1.34353
1.7062
1.48495
0.536462
99.7322
101.169
99.7934
99.3939
99.441
96.8563
99.7703
104.2
104.561
104.721
103.014
103.224
97.7456
101.935
103.984
103.992
3.69967
3.81934
4.27512
7.96492
3.96202
7.10277
4.0253
2.82198
1.59636
2.90868
3.4615
4.43335
2.60711
2.29456
-0.299855
-0.316494
-0.212513
-0.431185
-0.323502
-0.393685
-0.299892
-0.244339
-0.332718
-0.81934
-0.843949
-0.984526
-0.976
-0.899506
-0.795975
-0.82566
-0.677613
-0.753973
-0.911054
-0.421282
-1.05696
-1.01165
-1.08257
-0.926812
-0.845944
88.2218
169.938
552.754
196.867
62.9616
34.3994
166.233
1449.67
1466.06
1482.9
1374.84
1409.04
1407.07
1486.39
0.0467464
0.051187
0.0480041
0.0458643
0.0431115
0.0480498
0.0454236
0.037318
0.0396535
0.0352755
0.0367709
0.0350147
0.0321494
0.0338924
0.0286264
0.0316411
0.0292525
0.0265526
0.0278907
0.0294192
0.0276619
0.0206181
0.0202638
0.0192867
0.0204776
0.0200016
0.0177798
0.0191104
0.0186029
0.0193311
0.016712
0.0157426
0.0159965
0.0153222
0.0162741
0.0153482
0.0161526
0.0118422
0.0164148
0.0128677
0.0140145
0.0112058
0.0142578
0.0127755
0.0126999
0.0136524
0.0122582
0.0133059
0.0141539
0.0142647
0.0137595
0.00628991
0.00683021
0.00987151
0.00458869
0.00464056
0.00662871
0.0119199
0.00925013
0.00897653
0.00743526
0.00775133
0.0073249
0.00949169
0.00912995
0.00408369
0.00681651
0.00605868
0.0082814
0.00846491
0.0151901
0.00112645
0.00165632
0.00183574
0.00179121
0.00131003
0.00215491
0.00240646
0.00146675
0.00120071
0.000526404
0.00375264
0.00258219
0.0020947
0.00187
0.000830395
0.000374559
0.00116636
0.00260052
0.00449135
0.00342226
0.000950769
0.00242741
0.00185058
0.00322219
0.00414952
0.00280099
0.000361096
0.00121417
0.00162093
0.00188124
0.00265163
0.00361784
0.00504789
0.00388807
0.00208705
0.00176312
0.00120591
0.000460357
0.0032976
0.00322813
0.00258879
0.00254604
0.0244364
0.0225559
0.0262567
0.0271091
0.0221296
0.0267974
0.0223924
0.0225026
0.0263723
0.0396656
0.0430111
0.0391998
0.0418192
0.0373326
0.0448019
0.040622
0.0524427
0.0458885
0.0442593
0.0536678
0.0561597
0.0487685
0.0473118
0.0549087
0.0556813
0.0517626
0.0608952
0.0574132
0.05347
0.0570789
0.0700526
0.071954
0.0733458
0.0702343
0.0658904
0.0821081
0.0848504
0.0834569
0.084376
0.0835362
0.0842346
0.0829945
0.0923933
0.0978449
0.0969356
0.095375
0.0978742
0.0982574
0.0948061
0.0627251
0.050498
0.0327399
0.0267693
-0.0255483
0.0371701
0.0591559
0.298743
0.272858
0.300095
0.249302
0.252392
0.274749
0.282607
0.145131
0.178764
0.168171
0.115318
0.123357
0.123437
0.136191
0.164527
0.151206
0.0180009
0.00576215
0.0359329
0.0170111
0.0328629
0.0384483
0.0581505
0.126877
0.127161
0.107753
0.0999547
0.101066
0.118828
0.116222
0.152916
0.140034
0.147658
0.159571
0.147111
0.163109
0.147777
0.186009
0.182137
0.16913
0.162748
0.164975
0.177136
0.175841
0.281635
0.271731
0.287941
0.289385
0.282793
0.299374
0.291754
0.319669
0.324231
0.307491
0.301695
0.292698
0.341021
0.316931
0.309283
0.300652
0.289772
0.30024
0.298033
0.309273
0.275607
0.293569
0.274458
0.303196
0.289895
0.906202
1.596
0.55008
0.437401
0.425441
0.758535
0.970562
0.49277
0.590459
0.356212
0.460112
0.740219
0.470384
0.562077
0.519547
0.382752
4.24906
4.08805
1.73014
2.65126
1.95714
2.39509
2.83585
2.81655
2.80016
3.9008
3.88165
0.528541
0.48437
0.51382
0.7609
0.493741
0.649355
0.521805
3.77132
4.07604
3.90783
1.8262
2.99534
2.42722
2.45273
2.18053
0.863276
1.14175
1.47355
1.52984
1.2091
2.36074
2.97475
1.38402
1.75969
0.970693
0.782341
0.579977
2.1669
2.41885
2.58937
2.08786
1.50066
4.94703
1.0944
100.54
101.826
102.102
101.136
102.565
105.008
104.289
103.384
103.867
104.035
100.588
100.811
100.269
101.125
101.6
100.737
86.9807
102.359
98.3139
102.591
101.424
99.9955
102.406
102.757
102.596
101.649
102.217
101.848
101.631
101.483
101.671
103.465
104.143
104.209
104.335
104.142
103.324
104.127
102.551
104.259
104.738
99.1878
99.9561
99.3882
100.166
99.3437
98.4855
100.111
102.114
90.3073
101.682
100.746
100.99
96.671
101.884
4.92651
4.2201
2.66006
9.63811
2.8081
7.75646
6.86326
3.81919
1.04042
0.780484
0.68757
-1.31137
1.50109
1.36523
1.06037
0.869773
0.856567
0.898972
0.768402
0.857933
0.73269
0.560008
0.563661
0.503425
0.621059
0.581189
0.54776
0.589027
0.589984
0.523585
0.601253
0.539571
0.579568
0.642679
0.645732
0.210631
0.32043
0.376458
0.309166
0.444151
0.279676
0.427106
0.384115
0.227978
-0.128395
-0.121669
0.0345483
0.139785
0.137012
0.0904252
0.0858899
-0.0388578
-0.055997
-0.165434
-1.10324
-0.887914
-0.83313
-1.19163
-0.494288
-0.957528
0.0558928
0.0552764
0.0480948
0.0584031
0.0489187
0.0469945
0.0541644
0.0710729
0.072734
0.0820359
0.0746706
0.0785595
0.0890037
0.0840375
0.0754514
0.0702922
0.0650057
0.0615784
0.0583788
0.0251408
0.0283786
0.0272175
0.0235448
0.0243815
0.0265708
0.0254042
0.0220454
0.0205687
0.0213923
0.0193455
0.019231
0.0210298
0.0211219
0.0132505
0.0137984
0.0146031
0.0138695
0.0141975
0.0148768
0.0149946
0.0157219
0.0191978
0.0149725
0.015699
0.0147482
0.0137
0.0142507
0.0157972
0.0159279
0.0157518
0.0160888
0.0155637
0.0149065
0.0152667
0.013975
0.0150278
0.0163732
0.013076
0.0209611
0.0160776
0.0145713
0.0165268
0.0191535
0.0157619
0.0161243
0.0154537
0.0156069
0.0166363
0.0148147
0.0160173
0.015644
0.0155683
0.015938
0.0158523
0.0149222
0.014428
0.0139961
0.0152725
0.0151255
0.0155173
0.017144
0.0144181
0.0156637
0.015783
0.0148632
0.00563266
0.00755937
0.00783565
0.00818796
0.00969053
0.00837763
0.0069262
0.00896932
0.00814183
0.00668398
0.00978493
0.0115328
0.00963479
0.00853467
0.00344508
0.00247422
0.0040603
0.01196
0.0113584
0.0145167
0.00892399
0.0113825
0.0125482
0.0102968
0.00365505
0.00287276
0.000605548
0.00450148
0.0028038
0.00291502
0.00365118
0.000845091
0.00320746
0.00489526
0.00530283
0.00634939
0.00312913
0.00281698
0.00087883
0.00640137
0.00634546
0.00541357
0.00523088
0.00597742
0.0113475
0.0104844
0.00505811
0.00869525
0.0123724
0.00981161
0.0275366
0.0323328
0.0278979
0.0311321
0.0234714
0.0243704
0.0294597
0.0278028
0.0218156
0.0668934
0.0644601
0.0658979
0.0595511
0.0593375
0.0614852
0.0628702
0.0975014
0.0996971
0.0944864
0.103838
0.10749
0.10269
0.102589
0.0837683
0.0859933
0.0836015
0.0914271
0.0778982
0.0734298
0.061377
0.0594992
0.0380898
0.0703716
0.0630804
0.0766169
0.0374241
0.0324696
0.00604719
0.0532091
0.0548363
0.0428849
0.0516028
0.0519117
0.0249153
0.392722
0.373762
0.347447
0.35196
0.347317
0.291333
0.2932
0.307492
0.3045
0.136621
0.142961
0.143533
0.131846
0.131692
0.136638
0.133326
0.114034
0.12511
0.107706
0.105022
0.0989799
0.107392
0.114502
0.0762576
0.0719702
0.0826141
0.0843406
0.0781144
0.0996172
0.09569
0.091656
0.095108
0.0981202
0.0920385
0.0954718
0.0986021
0.0907806
0.0949025
0.100664
0.229936
0.228498
0.224217
0.220935
0.226839
0.219931
0.225732
0.250923
0.25682
0.260418
0.251901
0.248584
0.241166
0.248818
0.251175
0.256268
0.24514
0.24793
0.258721
0.24943
0.250328
0.243927
0.240186
0.267124
0.278829
0.275201
0.277528
0.293964
0.279942
0.289807
0.263021
0.284191
0.273402
0.268981
0.320004
0.287795
0.493189
1.11635
0.678831
0.801071
0.661709
0.749169
0.860583
0.979189
0.868697
0.616652
102.767
102.176
102.316
98.9683
98.8249
99.2043
97.1157
78.6054
73.3995
97.1152
99.695
100.619
99.4465
102.031
103.158
103.384
102.158
102.147
101.685
100.889
101.21
102.979
102.031
100.984
101.242
100.986
101.74
100.37
101.256
101.485
101.161
100.839
101.651
101.665
100.83
99.3993
1.85488
4.29979
8.43971
8.50325
11.1563
8.33572
4.64032
4.84616
5.40339
3.92008
2.60219
4.59173
3.63136
6.74805
1.26555
1.37344
1.51689
1.28372
1.03001
1.67764
1.87892
1.29335
1.21969
1.47957
1.72243
1.72335
1.50233
1.4355
79.8143
36.9577
43.8933
56.9025
563.864
50.3414
184.5
732.471
745.08
758.781
759.113
803.025
797.563
754.812
-1.55642
5.75131
2.18999
24.3416
14.9544
3.65973
23.0414
-0.0945026
-0.860378
-0.848969
-1.1721
-0.702213
-1.32061
-2.17278
-1.03478
-1.80256
-0.719776
-0.733797
-0.536623
-0.891308
-1.25577
0.0109105
0.0093993
0.0142851
0.0142598
0.00913712
0.0104073
0.0159111
0.0124884
0.0150035
0.0162195
0.0111105
0.00921558
0.0121217
0.0132243
0.0115787
0.0129616
0.0112269
0.00995688
0.00989928
0.0123347
0.0110286
0.0106642
0.00938895
0.00894019
0.00876633
0.00912879
0.00921113
0.0103075
0.00935582
0.0077109
0.0080744
0.00853883
0.00805538
0.00932432
0.00803284
0.0130867
0.0119587
0.0108831
0.0126913
0.011459
0.0109352
0.0101346
0.0103336
0.0116604
0.00285409
0.0104305
0.0065232
0.00415356
0.00386407
0.00476709
0.00568577
0.00945787
0.00904158
0.00967321
0.00784601
0.00665428
0.00729974
0.00862051
0.0111763
0.0192319
0.0150161
0.0126227
0.01246
0.0131315
0.0131546
0.011587
0.013423
0.0104519
0.0151931
0.0109015
0.0146641
0.0125
0.0121684
0.0139178
0.01034
0.0171552
0.015161
0.0154181
0.0178136
0.0156566
0.0129518
0.0165789
0.0179605
0.0167013
0.0179068
0.0170817
0.0174397
0.0163492
0.0190223
0.0184615
0.0198483
0.0210999
0.0196557
0.0177623
0.0185731
0.0184339
0.0175387
0.0197917
0.0182627
0.0172796
0.0237955
0.0229473
0.0221507
0.0243421
0.0252767
0.023993
0.0231118
0.0209496
0.0221583
0.0201274
0.0236047
0.0228993
0.0213489
0.0216514
0.0239975
0.0210884
0.0201749
0.0292309
0.0281322
0.0126949
0.0156268
0.015619
0.0117003
0.0146649
0.012432
0.0155403
0.0345176
0.0316052
0.0329542
0.0335236
0.0389086
0.0337019
0.0364617
0.0175931
0.015682
0.0218243
0.0182979
0.0165447
0.022379
0.0227842
0.00649183
0.00794508
0.00563133
0.00843105
0.00473021
0.0104162
0.0139653
0.00920242
0.0133268
0.0178233
0.00636421
0.00170438
0.0120925
0.00439728
0.0145203
0.0147012
0.0132675
0.020543
0.0270688
0.0174615
0.00477846
0.00416608
0.00101838
0.0120865
0.0152163
0.0138775
0.0187298
0.010697
0.0125202
0.0147699
0.0067542
0.00694134
0.00169718
0.0192223
0.0182319
0.0177226
0.013711
0.0234132
0.0332605
0.0203604
0.0341135
0.025112
0.0186335
0.0360277
0.0177313
0.0422263
0.0311617
0.0105591
0.030164
0.0330991
0.0200296
0.0984318
0.0493349
0.0675041
0.0638529
0.0743943
0.0512928
0.0691496
0.676596
0.470754
0.70914
0.286536
0.437212
0.322652
0.626892
0.192533
0.206755
0.320262
0.425883
0.320863
0.387391
0.551089
0.135766
0.117896
0.154008
0.12274
0.108329
0.144781
0.115379
0.180135
0.169401
0.172528
0.15996
0.151545
0.166608
0.160212
0.172682
0.181036
0.217277
0.238553
0.221114
0.195076
0.222159
0.236837
0.215472
0.205898
0.192645
0.208194
0.183499
0.186367
0.195735
0.198748
0.169863
0.167187
0.164258
0.154204
0.159893
0.160639
0.165688
0.166999
0.172917
0.147109
0.142806
0.150282
0.141945
0.136819
0.143141
0.137927
0.141381
0.147746
0.138297
0.134026
0.142991
0.131462
0.136067
0.135318
0.139818
0.118852
0.119959
0.124339
0.122176
0.120655
0.121894
0.123683
0.123778
0.124132
0.123869
0.128784
0.127183
0.126254
0.126221
0.14695
0.147765
0.153594
0.14779
0.14275
0.146846
0.150751
0.1443
0.148826
0.154516
0.14872
0.147268
0.153271
0.151293
0.164512
0.157518
0.162462
0.166184
0.172664
0.169424
0.165102
0.208538
0.206348
0.205145
0.209988
0.206999
0.203715
0.205994
0.196072
0.185632
0.186848
0.172842
0.182068
0.186452
0.177963
0.213791
0.207273
0.208593
0.196005
0.212682
0.205194
0.237624
0.228495
0.227423
0.229325
0.236425
0.22398
0.22344
0.216737
0.230709
0.225409
0.26258
0.257317
0.253766
0.720707
0.723247
0.758613
0.820535
0.673955
0.733398
0.995161
100.805
101.15
99.3259
100.002
88.0167
75.0867
99.14
101.255
101.106
101.606
103.137
103.25
103.979
105.512
102.748
103.828
105.935
103.213
103.962
101.745
11.0311
10.8167
10.742
10.3203
13.4037
13.4612
9.45239
12.3128
9.51174
8.23775
12.4631
11.0708
9.14261
6.88012
-2.82567
-2.97265
1.69789
-1.05044
-2.94766
-3.60218
1.18586
352.539
138.147
142.507
620.076
463.747
135.618
258.202
562.492
544.933
2.18757
-5.29571
-2.4342
384.47
207.85
678.36
463.646
-3.85881
-3.24398
-3.44208
-2.13269
-3.74657
-2.45959
-1.40587
-2.64286
-2.60982
-0.159891
-0.239274
0.148028
0.0314867
-0.0311751
-1.13898
-0.0221382
-0.0947275
-0.917089
-2.21352
-2.07565
-2.21384
-2.15262
-1.91248
-2.19238
-1.87085
-0.00529264
-0.00166592
-0.00354753
-0.00170751
-0.0044921
-0.000779172
-0.00423271
-0.000421423
0.00109184
8.09889e-05
0.00106804
-0.000581049
0.000544988
-0.000854135
0.00311255
0.00363361
0.00321485
0.00414478
0.00358904
0.00304228
0.000664064
0.00597393
0.00560404
0.00497693
0.0103025
0.00793985
0.00595893
0.00569143
0.00125574
0.00828972
0.00349359
0.00268662
0.00309101
0.00617201
0.0101826
0.00755747
0.00870429
0.00696902
0.00480517
0.00177746
0.00246072
0.00112117
0.00266294
0.00979007
0.00972809
0.0072286
0.00564557
0.00666548
0.00377181
0.0107274
0.00865499
0.0117474
0.013052
0.0124444
0.00987454
0.0103305
0.00744953
0.00875195
0.00862679
0.0090994
0.00973443
0.0087794
0.00787734
0.0171469
0.0168004
0.0162677
0.0149235
0.0154405
0.0158515
0.0161572
0.0185581
0.0182926
0.0169654
0.0173826
0.0173088
0.0154034
0.0156932
0.0228474
0.0234877
0.0227771
0.0217154
0.0210458
0.0223212
0.021529
0.0404073
0.0409556
0.0441158
0.0415694
0.0426006
0.0445375
0.0456607
0.0713731
0.0783532
0.0801246
0.0923884
0.0819376
0.0780858
0.0860455
0.0168389
0.0168904
0.0223219
0.0284914
0.00357523
0.027274
0.0460976
0.036192
0.049558
0.0456149
0.0207258
0.0010027
0.0398501
0.0097782
-0.0233269
-0.0299807
-0.054414
0.0336908
-0.0362686
-0.111191
0.0310468
-0.0165357
0.0722547
-0.214287
-0.0546855
-0.108143
-0.117234
-0.151612
-0.120651
-0.247203
-0.227725
-0.147076
0.146667
1.17234
3.29337
0.27668
-0.395347
0.826853
1.66049
775.972
2020.3
2651.7
2658.12
2708.51
2636.74
2685.85
-0.28614
-2.43281
-3.24366
-3.85694
-2.04125
-2.10216
3.80127
5.47426
42.5193
9.27435
31.126
4.99963
144.83
16.3629
-0.114072
-0.0948479
-0.184354
-0.0656736
-0.00367146
-0.0330685
-0.0439909
0.514194
0.47118
0.846517
0.0505676
0.714529
0.173849
1.93859
0.110826
0.103193
0.100123
0.103728
0.0963924
0.0870933
0.0975964
0.0559804
0.0651984
0.0656935
0.0775202
0.0714366
0.0560525
0.0628102
0.0722075
0.066993
0.13242
0.123584
0.121917
0.121566
0.11373
0.118972
0.125338
0.122696
0.126358
0.116284
0.120309
0.123213
0.112705
0.115719
0.118253
0.116135
0.123731
0.12129
0.122483
0.12845
0.131515
0.121313
0.129212
0.125929
0.121621
0.121496
0.125679
0.12398
0.119749
0.117719
0.11922
0.120933
0.125483
0.121954
0.120048
0.130919
0.132635
0.129723
0.130362
0.126371
0.128967
0.131704
0.142927
0.144717
0.140814
0.142367
0.141785
0.14157
0.144063
0.136359
0.141241
0.140774
0.141223
0.150846
0.140051
0.141675
0.136124
0.136076
0.148523
0.153454
0.153498
0.15401
0.163577
0.159008
0.155424
0.155036
0.145573
0.150541
0.175145
0.167603
0.165379
0.162788
0.168094
0.157494
0.16311
0.164693
0.164003
0.158712
0.165628
0.17111
0.166306
0.162589
0.169339
0.173262
0.170649
0.184185
0.191874
0.18752
0.181916
0.185133
0.190589
0.178547
0.174155
0.180187
0.183119
0.746783
0.720416
0.645999
0.60175
0.635356
0.671128
0.71043
0.997916
0.992892
1.11242
1.14987
1.29464
1.20456
1.17784
8.97429
4.7839
12.3681
0.671162
1.09622
5.01458
5.38313
11.9313
10.2162
14.7893
20.2365
14.8224
10.8298
19.6766
126.975
124.324
128.915
130.507
126.103
133.117
129.41
110.989
112.651
111.328
117.996
112.43
113.146
-0.0208195
-0.0161606
-0.0152555
-0.0171927
-0.0136184
-0.0150616
-0.012033
-0.00887797
-0.00644304
-0.00628914
-0.00648784
-0.00517787
-0.00537819
-0.00356758
-0.000841648
0.000456132
-0.000949557
0.00176452
0.00123317
-0.00087643
-0.000673077
0.00173686
0.00260141
0.00307332
-0.000133083
0.00441885
0.00194734
0.00104916
-0.000279695
0.00321751
0.00182762
0.00619796
0.00166897
0.00261535
0.00133251
0.00171497
0.00312166
0.00271984
0.000187575
0.000505093
0.000944931
0.000781764
-0.000608499
0.000378517
5.78111e-05
-0.00517065
-0.0038977
-0.00630067
-0.00453065
-0.000768094
-0.003557
-0.00563122
-0.00964991
-0.0142419
-0.0115719
-0.0113601
-0.00767732
-0.0118198
-0.00863361
-0.0230688
-0.0259492
-0.0253935
-0.0167294
-0.0184324
-0.0227679
-0.0234498
0.158852
0.178513
0.152481
0.202209
0.195445
0.17505
0.179838
0.122008
0.108918
0.103698
0.122624
0.112623
0.0978632
0.0931833
0.013997
0.0553142
0.0475016
0.0703022
0.053211
0.000470488
-0.0208893
-0.0101668
0.000380353
0.0716497
-0.000504605
-0.00608541
2383.92
1415.93
2417.3
2011.73
851.405
195.743
2239.34
3.34584
7.65688
5.73675
4.251
5.17073
10.3881
6.0478
3.39153
0.39958
1.68478
0.621142
0.243948
0.630661
2.47346
-0.152892
-0.402027
-0.245782
-0.00480666
-0.029872
-0.0294734
-0.00759208
0.0165638
-0.0282036
0.0703193
0.0446272
-0.00633985
0.0458022
-0.0166618
-0.061739
0.00194314
-0.0176844
0.0183502
-0.0437223
-0.0108806
0.00105147
0.00108648
-0.00151852
0.00308113
-0.00292588
-0.00079825
0.0216193
0.0291138
0.0197524
0.0178685
0.0230734
0.0193043
0.013097
0.0877913
0.0802278
0.0836308
0.0810019
0.0777098
0.082918
0.086248
0.0903953
0.0942602
0.0961734
0.0893344
0.0878133
0.0923004
0.0943291
0.0959119
0.100479
0.102501
0.0938714
0.0919719
0.097593
0.098931
0.102749
0.102454
0.0984413
0.0959203
0.0943015
0.0975241
0.0965531
0.100794
0.101061
0.0872252
0.0889682
0.0898588
0.0865979
0.0891298
0.0907989
0.0887502
0.113891
0.115901
0.119296
0.110013
0.114436
0.113991
0.116329
0.120007
0.120659
0.120298
0.121232
0.113158
0.11395
0.110883
0.116061
0.108406
0.113881
0.126095
0.128325
0.123897
0.124872
0.129467
0.114981
0.131002
0.129769
0.137001
0.130938
0.127509
0.129173
0.131625
0.135083
0.132893
0.131125
0.144508
0.141979
0.147703
0.138867
0.136326
0.136971
0.139625
0.138871
0.138234
0.135994
0.15189
0.154576
0.147671
0.142914
0.141898
0.146275
0.145704
0.0974365
0.0195249
-0.0463565
-0.0184694
0.0839986
0.485874
0.444397
0.427231
0.394215
0.305008
0.398943
0.437536
-0.268985
-0.0097209
-0.0731128
0.173416
-0.209215
0.0468061
-0.19603
0.347981
0.443228
0.471701
0.221437
0.155446
0.494605
0.994558
1.03866
1.39861
0.922114
1.10956
0.553506
2.38568
2.71636
1.81528
1.56642
1.65711
2.37877
1.95593
6.04218
6.78164
5.60233
6.18276
6.44964
4.88918
4.94141
127.14
121.788
123.751
150.012
147.992
149.829
149.338
148.536
149.252
149.848
143.442
138.075
144.498
141.409
146.331
145.966
143.043
144.515
143.602
139.342
142.813
136
141.931
146.109
150.849
150.35
0.017646
0.0200471
0.0166503
0.0160023
0.0129638
0.0117238
0.0152731
0.0155734
0.0153777
0.0238465
-0.00208117
-0.0015291
-0.00923757
-0.00341626
-0.00370142
-0.00762405
-0.00770705
-0.117116
-0.130313
-0.0994267
-0.157479
-0.131925
-0.113437
-0.132352
-0.110301
-0.116172
-0.133896
-0.108732
-0.0948922
-0.10672
-0.121379
0.793141
1.09346
0.622031
1.28429
1.12157
0.680517
0.867412
0.795453
0.485695
0.870397
0.830773
0.459797
0.941524
0.551693
1.40102
0.172327
2.46523
3.38735
2.21009
3.93528
8.23119
-0.222143
-0.373934
0.465383
-0.817771
-0.901006
-0.502822
0.670153
0.626063
0.655302
0.984031
0.283267
0.492023
0.995743
0.188585
0.656054
0.424565
0.367192
0.393835
0.260273
0.24425
0.344774
0.287469
0.197805
-0.0442307
0.0808815
0.0547433
0.0502427
-0.137044
0.0856933
0.298222
0.00972397
0.0140516
0.0450923
0.0190248
0.0240646
0.0330546
0.0150812
-0.00621286
-0.00706162
-0.0252146
0.00123525
0.00158795
0.00367668
0.0029714
0.00375436
0.0051431
0.00639059
-0.000963737
0.000607065
0.00176473
0.00472181
0.00650401
0.000986856
0.00771004
0.00550501
0.00575338
0.00248239
0.00066053
0.00288635
0.00350184
0.00500477
0.00553109
0.00648717
0.0317276
0.0362907
0.0365609
0.0336373
0.0379831
0.0428407
0.0402662
0.0411856
0.0381222
0.0754526
0.0697904
0.0719227
0.0729133
0.069184
0.0718601
0.0752017
0.0812484
0.0836731
0.0784816
0.0822281
0.0808667
0.0808728
0.0782432
0.0950749
0.0881009
0.0865026
0.0845242
0.0884144
0.0796339
0.0847729
0.0925586
0.0952318
0.0960727
0.105447
0.0982217
0.0993278
0.102652
0.0903345
0.0971949
0.0957345
0.103588
0.11022
0.104913
0.103015
0.102783
0.100821
0.116176
0.113345
0.116226
0.11878
0.12101
0.122815
0.117352
0.119585
0.121892
0.119336
0.0569222
0.0654179
0.0407145
0.0596897
0.0511567
0.0478433
0.0346282
0.0825973
0.0640634
0.0752161
0.0788466
0.0667613
0.0744902
0.0845775
-0.0524414
-0.0327531
-0.0188566
-0.0529772
-0.0873429
-0.0557582
-0.0370638
-0.0484138
-0.0530069
-0.0388172
-0.0889384
-0.0578281
-0.0910569
-0.0661339
-0.152609
-0.102584
-0.0696905
-0.0901577
-0.156281
-0.167938
-0.106455
-0.586191
-0.638662
-0.60999
-0.616189
-0.737751
-0.742664
-0.657739
-0.203079
-0.253189
-0.32075
-0.433417
-0.37811
-1.25941
-1.04602
-0.897629
-1.15897
-1.31017
-1.10173
-0.952311
-0.555527
-0.257486
-0.345138
-0.0952402
-0.272842
-0.197727
-0.378232
-1.23567
-0.740435
-0.850856
-1.72214
-1.34006
-1.01186
-1.22274
142.739
143.094
145.859
119.095
116.829
119.326
122.947
119.179
120.999
118.546
130.232
133.496
130.321
130.507
128.677
124.653
110.888
112.683
111.478
109.223
110.442
107.797
110.258
115.073
119.976
118.435
0.0383341
0.0498428
0.044759
0.0597498
0.0650639
0.0523913
0.0562382
0.0488846
0.0492035
0.0449613
0.040837
0.0455895
0.0389977
0.0444887
0.0283161
0.0297497
0.0263593
0.0368978
0.0321
0.0371138
0.0305783
0.0476604
0.0481312
0.056397
0.0244852
0.0277283
0.0292242
0.0172141
0.0216146
0.0243837
0.02576
0.0251536
0.0219099
0.0195503
0.0110654
0.0188009
0.0119049
0.0156427
0.00668501
0.0216994
0.0140687
0.0242081
0.0166161
0.786548
0.488401
0.474044
1.14246
1.71841
0.747245
1.63824
0.379321
0.225292
0.244007
0.597463
0.43743
0.291887
0.250933
0.0580998
0.0639599
0.0650144
0.0680695
0.0658657
0.0588679
0.0639108
0.00677773
0.00961502
0.00620221
0.0251715
0.0321964
0.028893
0.0246181
0.029551
0.0318946
0.0284754
0.00624234
0.00310827
0.00697505
0.0103589
0.0153753
0.00754232
0.00297583
0.00665189
0.010969
0.00369126
0.00108736
0.00597092
0.000811574
0.00317494
0.0033285
0.00493951
0.00508599
0.00735505
0.00637456
0.00638
0.00709601
0.00959106
0.00317706
0.00108533
0.00592011
0.00774062
0.00481156
0.00476902
0.00183529
0.00393078
0.0044542
0.00191335
0.00563954
0.00713207
0.00475122
0.0428184
0.0409978
0.0433904
0.0449335
0.0458418
0.0441395
0.0416897
0.0659657
0.073016
0.0674462
0.069006
0.0659497
0.0599239
0.080018
0.0821488
0.0771194
0.076598
0.0731624
0.0798935
0.075337
0.0714762
0.0898897
0.0899102
0.0918929
0.0998743
0.0991279
0.100761
0.102853
0.102336
0.100053
0.101148
0.100259
0.0964206
0.0973418
0.0978669
0.0991605
0.0960001
0.0986167
0.107305
0.106613
0.105477
0.103691
0.106145
0.103955
0.10576
0.111346
0.107
0.110362
0.111479
0.108624
0.106853
0.110121
0.111392
0.114411
0.111797
0.117646
0.114709
0.114637
0.116667
0.121326
0.120315
0.121973
0.121261
0.121264
0.1216
0.121655
0.114716
0.116153
0.112623
0.117341
0.117458
0.115714
0.114798
0.104668
0.107473
0.107522
0.110635
0.10864
0.103279
0.106359
0.0971264
0.094366
0.0979458
0.0986924
0.0982066
0.104846
0.10385
0.0897397
0.0794252
0.0871072
0.0867756
0.0987464
0.0054263
-0.000595416
-0.0234417
-0.0483471
-0.0533896
0.00759587
-0.00176442
-0.0365134
-0.0404358
0.0300443
0.0109181
0.0210363
0.0093913
0.0345585
0.0403818
0.0211616
0.0217511
0.0428932
-0.180948
-0.172456
-0.212778
-0.26374
-0.297981
-0.216148
-0.237858
-0.484823
-0.521856
-0.472639
-0.60483
-0.644306
-0.60751
-0.593882
-0.458153
-0.391181
-0.391307
-0.38151
-0.348993
-0.400157
-0.453083
-0.716387
-0.621105
-0.602361
-0.59997
-0.652546
-0.656483
-0.703877
-0.783016
-0.854579
-0.954923
-0.882835
-0.923627
-0.887928
-0.842115
28.7511
39.5476
38.2008
97.067
120.133
160.03
79.4016
110.924
110.813
113.97
101.761
102.295
102.241
100.902
104.298
103.522
101.557
104.002
106.219
104.681
103.612
103.598
103.742
101.986
102.511
101.91
96.6625
98.8017
98.119
96.5662
99.4604
96.2824
98.9979
98.5277
105.349
104.18
97.9558
105.301
100.417
101.367
101.073
6.74445
2.38853
4.90424
2.22367
2.77437
0.773652
6.88707
3.3897
2.11083
2.44565
2.11337
4.08614
5.01712
1.31285
0.623071
0.693551
1.03678
0.678464
1.05547
1.95608
2.21519
2.10611
1.70585
0.309869
0.286399
0.346162
0.361941
0.340931
0.435172
0.40308
0.375297
0.381847
0.249228
0.256425
0.238243
0.248453
0.256544
0.260638
0.256824
0.234899
0.245742
0.224386
0.236135
0.222518
0.222813
0.205877
0.128196
0.113037
0.126236
0.132105
0.123556
0.111027
0.122269
0.12855
0.137925
0.12105
0.12034
0.110913
0.120173
0.128845
0.0909123
0.080182
0.0935644
0.0977887
0.0908962
0.0963297
0.10472
0.0822232
0.0890929
0.0894851
0.0871885
0.093302
0.0819773
0.0879514
0.0897985
0.0830544
0.0862018
0.0987073
0.0891868
0.0623305
0.0715862
0.0724026
0.069222
0.0720556
0.0725024
0.0792963
0.0594773
0.0684082
0.0678163
0.0672011
0.0599193
0.0905216
0.0911061
0.08127
0.0956044
0.104167
0.0963623
0.0902588
0.159357
0.149123
0.166409
0.169667
0.153733
0.146082
0.160482
0.192562
0.176153
0.18229
0.167952
0.154558
0.178095
0.168952
6.7055
4.7916
4.60011
7.57554
5.71445
11.0275
7.57216
9.11226
12.1161
13.1443
8.01373
8.16508
10.5457
7.97606
7.73639
8.267
9.66227
8.36432
9.53833
9.67041
11.5639
11.7774
10.6787
13.5093
15.3549
10.4324
13.1928
0.253422
0.275833
0.26802
0.261483
0.252669
0.264667
0.270035
0.253857
0.280913
0.244913
0.244403
0.256657
0.267945
0.261848
0.218095
0.216448
0.235248
0.235542
0.235669
0.231119
0.235579
-0.590082
-0.879237
-0.849621
-0.870727
-1.07865
-1.05456
-0.827699
-1.66962
-1.61893
-1.60968
-1.24277
-1.44756
-1.33862
-1.5011
-0.138065
-0.205917
-0.308169
-0.479197
-0.343008
-0.210021
-0.248668
-0.342357
-0.416498
0.514899
0.0784081
0.586151
0.339696
-0.0684238
-0.151297
0.300228
1566.81
1512.84
1391.11
494.607
1129.58
1544.62
969.958
1477.71
1143.8
693.871
612.593
954.208
1499.96
1541.11
1053.84
775.267
1480.63
1652.74
687.787
1658.97
487.735
11.0126
59.5261
22.7755
5.51002
9.81838
41.9591
72.6449
1.60409
21.04
15.9112
2.43395
0.734247
0.406183
0.353869
0.368712
0.454059
0.448059
0.450867
0.41669
0.329018
0.345598
0.296728
0.309389
0.340018
0.143816
0.139261
0.147257
0.131568
0.128374
0.134936
0.136858
0.106025
0.105016
0.107771
0.0994523
0.095957
0.0980459
0.101568
0.0845612
0.0778063
0.0822042
0.0834189
0.0769927
0.0804396
0.0839944
0.0511621
0.0545712
0.0569397
0.0589644
0.056747
0.0525563
0.0557732
0.0377844
0.0441442
0.0404761
0.0364729
0.0313582
0.0211193
0.0273162
0.0223298
0.0205975
0.0231564
0.0262001
0.0228036
0.0100727
0.00590513
0.00572178
0.0124819
0.00700272
0.00835307
0.0127728
0.00052046
0.00286507
0.00444719
0.00627976
0.0114343
0.00659947
0.00260779
0.00613336
0.00413198
0.00705837
0.00933392
0.00572967
0.00208281
0.00291811
0.000821423
0.00562117
0.0063749
0.0114014
0.00914957
0.00565086
0.00442506
0.00100566
0.00382479
0.00303412
0.02407
0.0168034
0.0202442
0.0215843
0.0175481
0.0207688
0.0243508
0.0199511
0.0154988
0.024521
0.0197891
0.0272639
0.0227271
0.0261932
0.0179758
0.00871553
0.0155441
0.0310095
0.0414423
0.035014
0.0354004
0.0323125
0.0248607
0.0392892
0.0426689
0.0433151
0.0479942
0.0462003
0.0389343
0.0414212
0.0439285
0.0425543
0.0373307
0.0457981
0.038751
0.0412927
0.0375755
0.0427688
0.0376687
0.0937403
0.0922057
0.0888244
0.0853284
0.0872437
0.0909292
0.089824
0.084651
0.0842087
0.0804992
0.0813155
0.0852474
0.0794921
0.0839555
0.101687
0.102882
0.104792
0.107568
0.107279
0.104269
0.103944
0.101801
0.0990815
0.0980916
0.0959308
0.101458
0.105365
0.108002
0.107735
0.103765
0.104229
0.105361
0.10438
0.114318
0.10869
0.113536
0.116665
0.112937
0.110483
0.115132
0.115415
0.116293
0.117537
0.120596
0.118777
0.116745
0.116914
0.14048
0.138221
0.135864
0.15139
0.143527
0.127126
0.123578
0.127003
0.128628
0.124828
0.123615
0.126478
0.126072
0.127413
0.129788
0.127306
0.123733
0.126909
0.128965
0.161031
0.1589
0.149215
0.162767
0.17095
0.164579
0.155501
0.170392
0.158622
0.169543
0.159866
0.172142
0.164854
0.177674
0.16489
0.178999
0.136553
0.13835
0.141825
0.152584
0.153151
0.145711
0.146286
0.153085
0.172517
0.139909
0.144561
0.117889
0.117034
0.121168
0.122049
0.131703
0.14758
0.141788
0.134814
0.108161
0.0583278
0.036593
0.0631971
0.0270745
0.00396147
0.0206581
-0.430344
-0.475438
-0.407778
-0.337074
-0.337229
-0.409214
-0.389876
-0.560146
1.07548
-0.360488
1.1422
0.744856
1.46213
0.245204
-0.795383
-0.845129
-0.848384
-0.719931
-0.68752
-0.792426
-0.701744
2.16764
0.195764
0.213551
-0.214477
5.91341
0.945711
6.0299
-0.916981
-0.771715
-0.923113
-0.718433
-0.102633
-0.656174
-1.07515
-1.24889
-1.01288
-0.609859
-0.658767
-0.624048
515.501
123.123
484.558
429.995
86.1422
414.829
757.862
97.5719
98.3405
95.3745
98.299
98.2696
98.7004
99.4538
98.4201
99.3474
96.1391
99.2308
99.1433
99.3628
102.079
102.201
102.121
102.126
101.942
102.087
102.071
102.306
101.891
101.75
101.487
101.456
100.296
0.145251
0.216503
0.164274
0.123619
0.179452
0.149193
0.17683
0.106551
0.107303
0.106027
0.1319
0.124831
0.125049
0.114235
0.191114
0.207162
0.120191
0.295699
0.201451
0.101526
0.105899
0.110083
0.195808
0.24504
0.201228
0.326802
0.403517
0.339637
0.178913
8.50375
7.56291
3.15846
2.22904
4.16701
8.54693
4.69583
0.61481
0.598535
0.980518
0.535172
2.16781
1.25857
8.17494
8.98935
4.62927
5.08443
10.4676
11.056
4.15986
3.47036
5.34157
4.42259
5.88847
4.49029
6.89357
102.028
98.9456
102.552
89.6524
101.678
102.751
102.28
102.153
102.101
102.444
101.994
102.375
102.908
102.171
102.454
102.604
101.48
102.391
91.4522
101.027
101.984
101.753
101.407
102.092
102.221
102.213
100.686
99.6259
102.508
101.851
100.584
96.787
101.209
1.01093
0.794002
0.760272
6.13801
8.82956
3.42947
3.07032
1.45595
1.09623
1.09802
0.893037
1.01054
0.357977
0.378157
0.395445
0.360438
0.563087
0.367377
0.346353
0.389639
0.369931
0.354903
0.399317
0.378522
-1.97231
-1.107
-2.13051
-2.44341
-2.38071
-2.09634
-2.4738
1.53235
0.863776
-1.42268
-0.365668
0.678969
1.03743
-1.02497
-0.822299
-0.42054
-1.4396
-2.32407
-2.13188
-2.86212
-2.76949
-2.5896
-1.44641
0.562411
-0.52409
-0.528275
-2.98808
-2.91507
-2.69602
-2.92664
-3.0495
-3.19359
-2.98324
-1.907
-2.95006
-2.47861
-2.88141
-2.78599
-2.75029
-3.31102
836.144
1025.39
624.658
1032.32
515.762
1013.71
823.683
0.252827
0.267639
0.269363
0.227568
0.226354
0.244574
0.240102
0.218472
0.233304
0.223032
0.23844
0.228546
0.217808
0.225921
0.188865
0.188355
0.176948
0.177552
0.185828
0.18425
0.174868
0.171193
0.179667
0.17211
0.185659
0.185084
0.175697
0.173543
0.104121
0.107611
0.111199
0.114939
0.117755
0.111469
0.109752
0.116612
0.118437
0.113682
0.108711
0.109203
0.111174
0.111574
0.079027
0.0846726
0.0839855
0.0785917
0.0842669
0.082151
0.0766715
0.0597454
0.0617358
0.0592666
0.0552536
0.0595174
0.0594559
0.0560262
0.0489562
0.0443022
0.0480724
0.0479961
0.0518918
0.0468969
0.0424654
0.0463376
0.0492622
0.0511304
0.0473944
0.0457791
0.0501327
0.046947
0.0451084
0.0474125
0.00473553
0.00692734
0.00451336
0.00267884
0.00376715
0.00450394
0.00514985
0.00840561
0.00492568
-0.00276464
-0.00247403
0.00540785
100.263
100.432
100.016
98.0169
102.308
99.5315
101.602
103.445
99.0287
99.2203
103.175
103.106
99.5633
102.939
100.034
103.158
102.177
82.6915
101.443
98.4488
96.7349
75.9208
0.00361268
0.0137655
0.00396756
0.00634722
0.00987363
0.00927511
0.00511767
0.0104881
0.00499972
0.00834603
0.000994516
0.00101649
0.00338943
-0.827776
-0.434274
-0.440203
4.87277
25.8374
-0.0508487
-0.322323
2790.8
2764.87
2818.82
2768.27
2730.2
2838.3
2824.95
2857.09
2848.91
2850.58
2844.59
2863.64
2774.27
2800.68
0.244573
-0.0332814
0.472007
2716.24
2813.76
2749.47
2751.57
2759.44
2754.78
2750.68
2750.66
2760.49
2775.68
2788.57
2759.43
2742.84
2753.04
2755.5
2760.57
2748.91
2743.68
2752.94
2757.13
2736.47
2758.39
2754.13
2763.82
2749.23
2744.49
2739.51
2747.29
2752.84
2748.15
2749.67
2776.86
2765.34
2751.93
2743.69
2716.51
2746.11
2742.95
2750.83
2741.69
2746.53
2757.54
2748.11
2748.21
2698.82
2741.94
2757.74
2390.13
1866.12
2815.47
2840.18
2830.01
2836.77
2750.62
2787.7
2810.67
2850.4
2841.2
2845.66
2824.18
2821.42
2771.6
2823.09
-1.44373
-1.4278
-0.349194
-0.807795
3.84474
1.35982
-1.40164
2759.72
2777.78
2741.08
2811.87
2794.32
2810.14
2775.03
2831.11
2861.04
2798.21
0.100774
-0.6494
0.26584
0.0021306
0.00250201
0.00186539
0.00226244
0.00138145
-0.00450045
0.00102637
0.000253556
-0.00452512
107.086
105.154
106.477
107.315
105.104
106.885
106.15
108.91
106.224
106.118
104.141
110.237
79.4556
102.505
103.002
-0.0010965
0.00451609
-7.41765e-06
0.00019703
0.000412198
0.000875736
0.649556
0.107717
0.0183655
0.0173872
0.688005
0.154314
-0.305051
0.131833
0.223539
0.189108
0.315127
0.25071
2363.42
2298.29
2162.53
2222.85
23.4756
25.7676
1781.28
971.212
0.65102
0.6615
0.686447
0.872002
4.72721
3.59865
1.17171
0.948664
0.0732753
0.070498
0.0717835
0.0668841
1.16308
1.09501
17.6863
11.7511
6.04958
4.0994
1.18516
1.1807
-0.21356
-0.213816
-0.29287
-0.286847
0.0301806
0.0247186
0.0349837
0.0299629
0.781138
0.333062
0.886947
0.561843
0.0356267
0.0334728
0.0357439
0.0319964
0.0460425
0.0412513
0.0465744
0.0424107
-2.10673
-1.59809
-1.63263
0.524518
0.568043
0.381456
0.362003
4.83107
76.3777
13.4227
103.449
-0.170799
-0.368288
-0.0788688
-0.145862
-0.0062112
-0.00832415
0.0027956
0.000331011
0.000444232
0.000411459
-0.00576253
-0.00608338
0.348421
0.370634
0.305531
0.323188
-0.0699987
-0.0465334
-0.0726142
-0.0515995
0.282077
0.285833
0.240834
0.243491
0.0585879
0.0531492
0.0446354
0.0413565
-0.59369
-0.550642
-0.420698
-0.39036
-2.50154
-2.75997
-2.45072
-3.14457
0.199135
0.213378
0.182348
0.193345
0.090863
0.094545
0.117805
0.11611
0.107334
0.115061
0.111294
0.120416
5.49987
7.93159
7.143
8.92085
0.119684
0.118348
0.119388
0.11871
0.143922
0.136379
0.133589
0.116543
0.115861
0.114664
0.11383
0.738945
0.670896
0.714719
0.637728
26.1624
24.4998
20.3362
23.2941
0.0180056
0.0168522
0.018813
0.0177149
1.03058
0.507418
2.51072
1.58828
0.389781
0.37159
0.393418
0.373526
0.202043
0.193526
0.20723
0.199326
0.0556483
0.0493296
0.0545076
0.0489735
0.0357916
0.0391991
0.0261299
0.0301391
0.0138157
0.0117941
0.0158199
0.0142513
0.0329694
0.0225951
0.00962281
0.00886394
0.188685
0.183484
0.187759
0.181766
4.78675
4.54668
3.85894
2.2758
0.178139
0.192061
0.160476
0.162455
0.0793613
0.0821148
0.0855578
0.00348162
0.00581686
-0.447473
-0.393734
-0.3259
-0.236236
-1.82844
-1.37747
0.0104026
-0.0082307
0.000754221
0.00102176
0.00108249
0.00518668
0.00412522
-1.0514
-0.80783
-0.908025
834.49
116.293
155.466
0.35779
3.13027
-0.164517
0.288023
0.380108
0.25902
0.276594
0.253491
0.0281073
0.0270362
0.030204
0.0278646
0.0353183
0.0346498
0.0378576
0.0382732
0.0285455
0.0307269
-0.297128
0.487464
0.011383
0.0149034
0.0568932
0.139945
105.164
0.00489859
-1.15913
-0.531356
1.338
2.94613
0.958251
0.211477
2058.07
0.0115428
0.114367
0.129587
-0.114616
8.81758
7.40908
0.31955
0.0888455
110.625
0.0865362
0.140724
0.105384
0.0825463
0.197465
0.117839
0.0139815
0.0196793
1.95208
0.136185
106.92
-0.721841
0.614935
0.149855
3.57252
0.00752434
7.00331
0.420785
3.24861
3.62051
4.35555
0.0861831
110.733
96.82
7.87956
0.600873
3.5089
1.47461
6.26917
0.706104
7.65168
17.2564
4.69718
0.335093
0.319268
0.296131
1.9309
0.284819
0.31607
-3.46885
0.374383
0.597683
0.372559
0.300806
0.0811976
0.468228
0.453996
0.032284
0.407989
0.414646
0.452212
1.24651
0.137958
0.300639
0.383233
0.279354
0.418719
0.399721
-0.018836
0.323911
0.294565
0.288594
0.268524
0.190112
0.284351
0.331432
0.280373
0.26743
1.11667
0.359198
38.4196
0.345287
0.541302
1.87243
0.347573
-3.44059
0.343542
0.353237
0.242372
0.329346
0.391218
0.497639
0.434626
0.389414
0.71881
0.311744
0.0719093
0.0903357
0.444483
0.394687
0.411461
0.404974
0.296691
0.333796
0.339049
0.275932
0.305633
0.305906
0.25729
0.249629
0.193877
0.500037
0.458064
0.0404981
0.00622296
0.457074
0.0694455
0.285021
9.76646
0.322962
6.81302
1.32094
1.80004
1.09821
0.0553852
3.55935
0.818493
0.982008
0.49856
0.838526
3.01325
0.216634
94.4361
96.9466
0.0658445
92.3089
0.0798404
0.921241
9.78157
0.420988
1.71806
0.0431557
0.0211513
0.0584477
0.66492
0.223745
-0.0557233
0.959825
-0.161507
7.50243
3.59842
25.6331
0.173441
-0.0707941
0.0879732
0.197782
0.227279
0.0397556
100.957
0.0121208
110.557
1.41201
14.0045
9.68286
0.88218
1.89278
1.34386
1.24663
1.2018
1.26787
0.249979
0.0825414
-0.00969876
0.539725
0.0307979
0.483881
0.440239
0.412094
0.0375666
0.058526
0.427553
0.165188
0.130413
-1.07017
-0.626255
0.584554
11.2164
0.154414
-0.489847
0.104143
0.0249658
0.884582
-0.643857
0.727993
100.991
0.0136455
1.07428
0.638273
4.28367
0.117853
0.152407
0.639749
-0.033036
4.3487
5.34056
10.5825
0.233226
-1.56594
0.0351564
-1.01124
0.116391
3.26241
-2.2964
-2.02591
-1.02835
0.130042
0.0200098
690.803
-2.16136
545.163
26.7593
55.9671
106.527
40.7216
16.7395
3.58532
-1.42983
0.327067
0.0254824
-1.83014
0.0390706
10.1589
11.7689
30.0314
46.9397
40.3464
57.6789
17.4543
42.4261
1.48109
32.8041
17.1177
0.596746
14.6431
3.72876
7.3443
-0.138647
0.00354795
103.708
-0.0130243
36.6378
10.4201
19.6467
8.08787
21.9446
52.9682
54.584
2448.23
28.017
-0.799462
10.0583
-0.397231
0.438735
0.475652
0.15407
0.128883
-0.131351
0.0272601
-0.124366
1.47238
0.597609
0.653688
0.133211
1.97084
0.787997
0.0376904
0.513272
9.58687
0.105247
0.80757
-0.442226
91.6959
1.00221
926.412
86.0552
4.07567
74.7364
0.815486
16.1
6.01178
96.0607
7.51617
17.4505
0.0244416
4.91101
944.529
1103.55
1.90715
0.112119
902.48
11.5595
0.120345
-3.00166
0.315777
0.989774
0.0564713
3.86671
990.973
0.13924
85.2005
-0.814185
4.19347
62.7554
0.0352724
0.672279
0.19865
0.00189967
15.1258
827.427
-1.07471
8.73508
0.153348
-0.287025
0.686196
-0.0433217
0.165472
-0.543287
1045.7
-0.114127
-0.996297
0.0159465
0.0929239
0.0140647
47.1564
1.95129
16.3999
0.0218972
0.161109
2.76801
4.96478
0.0102846
0.111855
0.00397737
-0.992858
-0.0388827
0.0387357
632.951
4.44036
0.580662
0.999751
0.00270174
-1.19681
150.645
0.299387
-0.0588768
-0.517305
1.4529
-0.0643646
-0.58371
-0.41944
168.677
1.02566
-0.330166
-0.199661
0.112921
0.0134426
-0.0991338
-0.221015
-1.08284
-0.237354
-0.365006
-0.123332
-0.511441
0.253967
962.191
-0.713856
-0.0874438
23.7487
0.0397423
-0.0124932
0.0379656
0.944271
0.217825
0.0519644
0.0797935
0.395515
0.0964085
0.0781334
0.0785531
0.101282
0.118357
0.1152
-0.136501
0.0485804
-0.0258055
0.0426563
-0.0422097
0.394316
0.0237128
2.28604
0.107289
0.0867972
1539.11
0.00410619
0.112881
0.132428
0.0968765
0.10998
0.086219
-0.0752488
0.103987
0.733554
0.108283
0.110107
0.202918
0.113855
0.116808
0.119353
0.0953789
0.072608
0.194256
0.0572286
0.0241732
0.232784
0.13838
0.119633
0.135457
-0.131526
-0.539247
0.136165
0.114805
0.10486
0.0369347
-0.0391189
0.0661135
0.152876
-0.369819
-0.139454
0.233958
0.206735
0.138356
0.0894414
0.0202712
0.144227
-0.680897
0.095532
0.170302
0.00893596
0.199443
-0.876498
0.188181
0.145459
0.0937637
0.590765
0.336207
0.420352
0.232354
0.221713
0.248806
0.248741
0.207411
0.242776
73.2973
0.120277
-0.0311234
0.267196
0.210069
0.320925
0.103718
0.245098
-0.0119113
0.193875
23.5521
-3.46499
0.029059
0.152605
0.171682
0.191504
0.165608
0.162566
0.185974
0.539645
0.204244
-0.577565
0.218113
0.223557
0.179627
-0.00865456
0.173521
0.209859
0.245272
-0.0884007
0.249938
0.196352
0.256258
0.260266
18.389
-0.335082
0.13169
0.134325
0.136183
0.125665
0.129619
103.687
-0.862893
0.130228
0.148217
0.127865
0.129294
0.132477
0.137046
0.406236
0.170269
0.155252
0.125943
2637.41
0.869233
0.416893
0.138612
0.134971
0.139262
0.35519
0.153646
0.129413
0.363606
0.128149
0.12981
0.128556
0.283348
0.130692
0.781772
0.135203
0.209287
0.131712
0.00148928
0.0491446
0.124129
0.113015
0.115388
0.131762
0.119074
0.122217
0.141064
0.122464
0.106395
0.0371233
0.150316
-0.15922
0.101792
0.118818
0.106923
0.108873
0.452933
0.104494
0.00882943
0.336576
0.410644
0.0352203
0.168376
0.089427
0.0981062
0.116962
0.0281741
0.0920624
0.0891001
0.0800489
0.0613916
0.0632704
0.055577
0.211064
0.115607
0.0706063
0.165147
0.0656555
-5.9298
0.0364253
0.0783452
0.0656756
0.0644889
0.0769699
0.0730238
0.0974265
0.00762765
0.0997698
0.0735741
0.0715646
0.104974
0.0949643
0.020169
0.0841711
0.0876489
0.0726502
0.0802524
0.0962927
0.100776
0.0864014
0.113683
0.0140346
0.0777583
0.0738331
0.0664588
0.063206
0.110267
0.0862959
0.0888638
0.0707436
0.135105
0.139937
0.135338
0.143365
0.152969
24.1028
0.124047
0.118698
0.0184762
-3.33287
-0.00185961
0.14164
-0.0537613
0.134145
0.116894
0.120022
0.120293
0.121878
0.123458
0.122298
0.122958
0.12182
0.124862
0.12004
4.06512
0.158296
101.455
0.100272
0.118069
0.0980753
0.124309
0.110058
0.119463
0.13705
102.246
96.4083
0.0491889
0.362777
0.00778019
0.0226185
0.0311985
0.017663
0.120822
0.00426257
0.125862
0.0329053
0.0229847
0.015797
0.037156
0.0309202
0.0184104
0.0595606
0.0318354
0.0364513
-1.11051
0.0172313
0.0541599
-2.70278
0.0558786
0.0735659
-0.53961
15.3837
0.0106866
0.00472398
0.00358563
0.00411745
0.0406749
0.0607686
0.057405
0.0382421
0.0673091
0.0428279
3.70818
0.0460091
-0.0894369
0.0688323
0.0516663
0.0287549
0.0345503
0.0643833
0.062764
0.0571873
0.0590275
0.0640243
0.0601198
0.0397925
-1.36707
0.0924011
0.0934336
0.0984039
0.541912
0.0581495
0.0239066
-0.958919
0.0697528
0.0908316
0.113005
0.0413934
0.0102826
0.0520492
0.00966201
0.00896305
0.132363
0.00944851
0.325225
0.0377339
1.1167
0.072339
0.00471241
0.0270628
0.0467772
0.0469402
0.0273399
0.144886
0.0108222
0.0201428
0.0384411
0.068449
-0.311869
0.0216828
0.0623933
0.0122746
0.034469
-0.00230725
0.0765296
0.063781
0.0801849
0.0593191
0.0437512
0.0721903
0.164799
0.0966127
0.0391999
0.023328
-0.16908
0.449674
0.0180212
2.09615
5.58867
0.0417733
0.0361767
0.185783
0.0300882
0.110189
0.354023
4.21842
2.51659
0.538999
102.661
1242.06
2348.76
19.7699
2032.22
2316.18
0.0982791
0.0928952
93.6453
0.168354
0.238707
0.254031
0.113352
0.0720332
-0.0162839
0.389057
0.0982756
108.558
0.011015
0.0753026
0.0169313
0.206012
0.956291
2889.26
2821.97
0.0606436
0.262925
5.08378
0.223098
0.249249
0.260813
0.156447
0.199108
0.214506
0.251151
0.119742
0.194552
0.33373
0.139628
-0.209218
0.741683
0.194559
0.166505
0.0186123
0.20647
1.03916
0.121437
0.198303
0.188203
0.150748
0.114281
0.0218238
0.161588
0.165229
0.138278
0.107387
0.127624
0.0266042
0.120271
0.113126
0.174922
-0.218968
0.13218
0.162976
0.100725
0.108429
0.126882
0.0942496
0.167905
0.61844
0.104535
0.196747
0.0410434
0.219218
0.262141
0.723998
0.334003
0.165856
0.303071
0.40523
0.0902698
0.286974
0.217847
0.0669493
0.560618
1023.09
2001.46
0.124645
2.25839
0.102815
0.0643345
0.685444
0.0822976
6.69542
1810.53
0.727157
4.03254
1281.8
0.295055
0.624989
0.235823
0.40715
987.281
38.0827
1.70566
-0.00847563
0.587128
0.624002
0.617094
0.1671
0.662369
0.0115296
-0.0534507
0.397611
0.0808616
0.379105
589.004
4.14791
0.14984
-0.174101
0.23528
0.556681
0.273717
107.231
0.951892
37.9261
0.576178
36.5923
1.40161
0.78199
26.6978
3.70308
0.0453283
0.0205317
1003.56
60.8351
7.05333
1.05573
1065.31
0.406779
0.495458
1516.48
1655.98
79.8722
0.326162
0.0323032
1566.58
0.504293
0.115031
0.283257
0.524893
30.7932
1.44498
1.1591
0.898895
1.27629
0.108182
0.507144
1781.86
1528.58
277.119
1.02638
0.293624
0.484819
1777.43
0.383565
1841.91
1736.94
0.357404
0.679736
0.822254
0.149628
0.407304
1655.32
1403.5
21.0778
0.0230058
817.953
1853.95
0.0239396
0.652803
477.129
0.0166023
426.789
0.11104
2232.65
1.90367
1994.33
0.156033
1998.75
0.260743
0.0586549
4.44765
12.96
0.55771
0.225712
-0.138537
-0.0327269
0.186155
0.106739
-0.185985
2104.17
0.0231293
0.203402
1714.34
0.733693
2.02572
0.101194
0.942311
1938.39
0.281866
1674.41
0.116535
0.223875
0.163489
0.0901799
0.123782
0.115325
0.102491
0.0885519
1.20748
-0.0161248
-0.0379609
0.0745779
0.0917266
0.595994
0.091933
0.0860819
0.0815582
0.0890683
0.106938
0.0839794
0.0730551
122.215
0.0265146
0.08324
0.0129802
0.145309
0.1157
0.12528
0.182863
0.128832
0.0891708
0.0733607
0.064561
0.0829018
-0.0255405
-0.0512428
-0.0374937
0.0647425
0.0917285
0.0367274
0.399768
0.197277
0.0895355
14.8639
6.6083
1.75912
0.193206
0.115238
0.180136
0.136556
0.0141888
2773.82
0.220071
0.0324971
0.048136
0.0220636
0.104239
-0.117244
108.467
2855.1
0.573392
0.139786
-0.0449817
0.131701
0.70996
-0.465325
0.307639
0.281118
0.0525747
0.467568
0.233678
1.73823
1.14809
0.536318
30.6844
2.19831e-06
0.00741833
5.22367
108.835
0.196452
2123.1
2506.41
0.343277
1880.2
0.273996
-0.247948
-0.238783
0.224486
0.641967
2580.14
2574.35
1561.07
2651.51
31.3103
2182.61
2064.31
19.4499
0.0351535
2415.93
0.950189
-0.385056
2461.16
2427.48
0.516442
0.125209
11.5079
-0.532171
0.0998017
0.193867
2.29577
0.0804971
0.0911075
0.08205
0.0913028
0.0664328
0.0972794
0.0903728
0.065844
0.0604954
0.0841053
0.0638306
-0.738255
0.220955
0.075051
0.0127506
0.00546479
0.0509307
0.135301
0.205487
0.0997422
-0.734818
0.0834113
0.183345
-0.0658106
-0.125168
2833.55
0.0264688
-0.0524476
0.26731
2803
0.0063674
0.00907446
2787.6
0.1137
0.0136067
0.0182811
0.0981656
-0.00426605
0.00551678
0.0576296
4.2891
0.0323271
0.130142
3.191
0.0319151
0.0241441
0.0154831
0.0382883
0.0420263
0.181331
0.017336
0.0829224
0.0171744
0.0869844
0.0481341
0.0456917
0.00607183
0.0375825
0.0201127
0.0189441
0.0501163
0.0262145
0.10532
0.155193
0.0306762
0.0194413
0.0248156
0.105026
0.013066
0.0106929
0.12086
0.0196352
0.0187421
0.0163682
0.00516398
0.0101452
-0.0173561
0.00539968
0.00605857
0.170353
0.0183494
0.0163657
0.00159469
0.0201013
0.00715771
0.0165962
0.0175746
0.234367
0.0515848
0.0495144
0.0075489
0.0192574
0.0452561
0.0163915
0.00455803
2529.6
0.0385998
134.106
0.00930857
0.0172514
0.00338274
0.0219977
0.0211597
0.124932
-0.00798272
-0.0169528
-0.0146571
-0.00487754
-0.0130475
-0.0117489
-0.00563962
0.00169537
0.0169846
0.00954279
-0.0172579
0.225375
0.0884448
0.061753
0.035544
0.0258088
0.021899
-0.00922805
0.0363044
0.053797
0.0395947
-0.0484966
-0.0328843
-0.0379256
-0.055543
-0.0367913
-0.0709621
0.257659
0.115882
0.0731706
51.3921
0.0595741
0.068723
-0.498317
0.924803
0.397248
0.0179962
0.0243994
0.044827
0.0197215
0.0291051
1.26973
0.0213335
0.021899
0.0250032
0.0188633
0.0223157
0.0402391
0.139768
0.0301043
0.025594
0.0377525
0.0242741
0.0238466
0.0265049
0.301237
0.0130433
0.221947
0.0163371
0.0410982
0.0538964
0.0330179
0.0150928
-0.609983
0.0768474
-0.775427
0.0195719
0.0175402
0.0247742
10.8186
0.0673417
0.0233594
0.0159692
-0.0594397
0.00761299
0.0124449
0.0985383
0.0631679
0.0164423
0.0109748
-0.00903526
0.00113136
-0.0064199
0.00520387
0.214791
-0.032233
-0.014375
-0.0202498
0.0239234
-0.0416494
-0.0149379
-0.00217498
0.000415338
0.0213728
-0.000654583
0.0237804
3.71465
0.117874
0.00124368
-0.00464245
0.00512708
-0.00638682
0.117223
-0.280383
0.00233948
-0.589521
0.00954768
-0.000419613
0.00246922
0.00705816
0.00836362
0.00483425
4.29214
0.0168948
0.0145325
0.0337068
0.00813899
0.0289999
-0.0011795
-0.0218353
106.305
-0.0273274
-0.0143645
-0.00223427
0.119585
-0.0311026
-0.0272446
-0.0334646
-0.0200241
-0.0433472
0.0388496
-0.0118525
0.119532
0.000478614
0.00235152
2.41196
0.118242
-0.0996864
-0.0875479
-0.0422865
-0.0512324
-0.0309696
-0.0645055
-0.0920288
0.0356657
0.113449
-0.00629175
-0.0589054
-0.0611275
-0.0805628
-0.0617273
-0.132766
-0.0458225
-0.102043
-0.0751432
-0.187146
-0.214991
-0.31389
-0.255712
-0.325239
-0.281899
-0.0724622
-0.157147
0.097711
-0.109533
0.110161
-0.178769
-0.151565
1.29113
-0.0916453
-0.0759298
-0.173282
-0.0583229
-0.105107
-0.112217
-0.124641
-0.0492852
-0.163259
-0.0559767
-0.0656167
-0.185118
-0.186939
0.036283
-0.271691
-0.0304037
-0.316553
-0.374977
-0.338845
-0.0747173
-0.0395706
-0.0233307
0.0176162
-0.0137606
-0.0154963
0.00933859
0.0357568
0.0508415
-0.0177606
-0.108887
-0.193829
0.0483022
0.0655042
0.0569246
0.749506
0.07317
0.0819567
0.119088
0.0566634
0.0747203
0.0676075
0.0432934
-0.0195209
-5.44363
0.13008
0.014721
-0.118697
0.051672
-0.126722
-0.214405
0.0634014
-0.015965
-0.00690627
0.14169
0.104773
-0.0850779
0.0249397
-0.0015805
0.0329887
0.00680563
0.04777
-0.0393628
0.0196858
-1.1439
0.0715459
0.844
-0.120299
-0.125053
0.144786
-0.0035753
0.148977
0.497877
0.164375
0.128833
0.236235
0.329709
-0.0307757
-0.363532
0.322585
0.289222
0.00716781
-0.0258488
0.395621
0.923442
0.490911
1.24651
0.0470538
0.856246
1.28153
0.335979
0.267318
0.173247
0.170701
0.237088
0.154514
0.346242
0.285568
0.273689
0.643138
28.9775
0.131367
0.587699
0.273932
0.118985
0.373063
6.34392
102.948
89.9068
93.3875
89.6106
-0.193854
0.210284
0.514166
3.74668
1.57378
2.08636
0.00413688
0.964577
0.0913165
1.19794
5.31104
1.47691
0.305798
2.56707
0.113047
1.53999
0.697598
89.1877
108.438
0.0111394
1.94006
3.58328
0.378545
1.75523
0.385479
0.572727
0.391157
6.70289
0.171935
94.9778
0.91281
0.389257
2.74159
0.11735
0.141962
0.173418
0.189374
0.177844
2.36501
0.223182
0.251428
0.238687
0.155025
0.248431
0.173374
0.0448233
0.0955376
0.238934
0.245224
0.184721
0.0673471
0.22321
0.28815
51.6733
0.20409
2.72831
1.28779
0.149192
0.0575812
0.10356
0.340909
0.199725
0.0431312
0.26806
0.378569
0.317068
6.92411
0.162575
0.147607
0.0660469
0.228336
0.186998
-0.410048
0.209677
0.937908
0.535911
0.443639
0.499391
0.40473
0.233578
0.337908
0.366689
0.352159
0.581156
0.72004
0.73593
0.293171
-0.41195
-0.554669
0.0145941
0.0654904
0.509107
1.72466
-0.353485
1.50925
0.29122
0.900721
-0.0868783
-3.64319
-2.31834
0.320913
-0.179405
-1.14459
-2.8105
0.115087
4.20568
96.7384
103.271
0.0575413
-0.676923
1.38338
0.969086
2.68451
-0.803334
0.0877843
2.02938
2.21877
3.44242
99.8592
0.381596
6.58565
9.06072
99.484
-3.16816
0.248289
109.65
3.86418
2.39116
3.52099
0.439357
118.569
117.523
14.3718
0.209736
1.21637
94.8837
1.18449
9.8095
0.175048
-0.218335
11.8247
15.0274
33.4765
-2.42367
-3.06556
128.499
9.90432
8.15411
40.8556
52.3193
23.4698
146.777
0.10638
-0.0930287
142.086
130.538
15.8651
49.6018
42.9806
129.549
14.4788
53.5048
2.97466
0.103874
0.232967
-0.214627
-1.43246
2.5239
1.61494
-2.27998
0.23346
0.210778
6.70582
0.818336
9.84776
10.9697
7.01295
0.23854
-3.87671
-4.62024
0.365974
15.7298
21.745
-5.91136
5.68809
-2.63143
19.0341
25.4304
43.5474
39.6292
8.38377
23.1358
33.8113
-2.23579
0.474203
52.998
437.45
499.261
0.133421
-3.17112
658.438
0.0475323
0.458563
52.0591
-0.799668
6.16811
899.637
3.9149
54.2601
-3.38076
37.6497
-0.823367
789.95
44.9312
-0.209637
-4.63481
-1.17041
-2.0539
96.0868
0.22848
1363.9
-0.0974328
165.454
732.792
-0.0407985
448.764
904.662
-0.109323
-0.650114
-1.88953
1012.17
1140.44
241.99
67.3819
1099.04
-1.1038
-0.243161
7.88269
19.2844
-3.37571
51.3736
475.071
-0.611798
505.943
0.482288
3.17952
0.129964
85.7736
84.9884
-0.891648
0.711454
74.7718
1262.11
0.0480744
0.331284
0.141537
0.434789
0.122034
1692.02
0.693321
0.319602
19.9393
0.197786
1221.3
0.545969
-0.239731
0.187261
0.861383
-0.237716
-0.998546
0.00821147
-0.741096
-0.414555
-0.331577
-0.363828
6.69539
-0.22862
-0.0508511
-0.0166183
-0.470718
-0.147772
-1.55562
67.6751
-0.407615
-0.093682
-0.0808088
-0.123632
0.0607844
-0.180941
0.551365
0.0149693
-0.173545
763.993
-0.123093
0.114178
-0.00166776
-0.170096
1146.69
0.0105677
-0.181807
-0.0402133
-0.535839
-0.858035
-0.235679
-0.610693
0.105366
0.0979866
-0.491525
-0.579053
-0.00829782
-0.271211
-0.0623003
-0.351438
-0.182736
-0.760429
0.0184945
0.0265898
0.0151356
-0.886554
-0.666812
-1.00378
288.432
89.6675
62.5295
-2.33652
-2.54312
103.425
0.00941129
-1.74445
-2.5214
-1.8409
37.2004
0.00854409
-1.6307
0.0890883
0.0708148
-0.232168
-0.101505
0.0192046
-0.403716
-0.722551
-1.26905
-0.628975
2.89621
-0.389832
0.0710509
-0.984955
0.00556493
-0.892708
-0.561328
0.0681382
-0.610505
-1.41618
0.0360534
-0.169577
-1.04481
-0.573451
1518.17
-0.313281
-0.344731
0.944388
-1.43242
497.053
-0.0618917
-0.0484857
-0.0840025
-0.0828519
-0.439878
-0.0455097
-0.238215
0.0391083
-0.0562319
0.0226008
-1.19696
0.0229357
-0.40221
-0.300271
-1.14568
-1.01797
-0.000829145
-0.585559
0.174852
-0.0290524
0.0272023
0.487933
295.465
658.076
-2.35119
0.259479
0.758642
-0.0976476
-0.19453
-0.234653
-0.23313
0.282607
1152.57
1.52466
703.497
1.18107
0.0351051
228.718
0.059556
0.048933
0.0615984
3.27568
3.80127
142.417
-0.219311
4.58588
152.515
-0.168001
-1.65066
43.0785
8.99261
35.8996
21.294
6.77954
48.1489
108.852
12.8758
0.116952
0.191741
2776.3
0.145784
104.973
7.28377
9.60633
1.48195
-0.465747
30.4456
3.96256
-0.00172517
47.4681
-0.828748
-1.22603
13.3048
-1.24507
0.0473933
0.316613
0.277639
0.107183
-1.44116
-1.11238
-0.221447
-0.0824522
-1.42603
0.0603338
0.258445
0.224921
0.28133
-0.587673
-0.102113
0.106884
0.240376
-0.137347
-0.032773
0.0902677
0.0728151
0.208363
0.0650694
0.0758486
0.158727
0.122136
97.7475
1.93584
-1.35785
1.51804
-0.560098
102.656
2350.24
12.4892
0.314219
88.7479
95.2108
1.27767
1.67254
0.254179
1.4338
0.811344
0.14763
107.069
4.44079
0.729664
0.922299
8.06391
0.191888
0.187747
622.049
0.0387899
0.343299
4.2157
109.352
0.810911
109.082
8.68555
0.282116
0.743165
0.142756
0.3028
0.0115137
7.69879
2.7257
0.0627964
0.121143
1.39384
-0.133548
0.0581471
9.55087
0.101455
7.76836
-0.0880761
0.189455
9.68078
0.0103745
0.0300035
0.335475
-0.173949
-0.213751
-0.111514
0.125884
-0.046158
-0.221488
0.0403546
-0.209958
-0.883881
-0.193094
0.0139556
-0.139038
0.801952
-0.809758
-0.84089
-0.338145
0.0278161
-0.484983
-0.123967
-0.108049
-0.0621637
-0.170758
0.400029
0.000754728
-0.033729
-0.153657
-0.00462077
-0.0560013
-0.0552273
0.00710385
0.0724011
0.116915
-0.00407818
-0.0295383
-0.0577885
-0.0142497
0.0369418
-0.027863
0.00803128
0.00776065
-0.558724
0.0134433
0.0270356
0.0205606
0.00278962
0.00260846
0.286419
0.0130266
0.0102682
0.0154227
101.8
0.0155178
0.909942
0.386407
0.0996818
0.307471
0.188513
0.0289857
25.3148
0.123054
0.0541978
-0.905483
0.0590232
2282.77
-0.115655
2041.64
5.88532
-0.0155354
0.148999
-0.0258643
-2.39278
0.16631
0.0582684
-2.67693
-0.771877
31.6006
135.637
0.045749
0.0555183
0.288426
0.480205
0.0385413
0.220487
0.309728
0.552105
0.0236497
0.00978846
0.00699516
154.35
0.0939572
0.0112569
0.324944
0.559272
0.0448883
0.0894603
0.257206
0.147717
1.48865
0.0384646
0.023348
0.0106145
0.12535
0.0744837
0.0678478
0.0518381
4.14382
0.0372762
0.0452998
-0.553141
0.676487
0.102687
0.501516
1328.07
1.10233
-0.360981
0.127553
0.0158519
36.0799
0.208104
0.105542
-0.169804
5.40553
1251.17
0.0706229
0.181723
351.056
0.00467054
0.120622
2.31749
0.0167614
0.103771
1093.49
0.533118
2698.5
0.099663
0.160047
0.923714
0.0361501
1844.36
1846.09
0.0795876
0.0609675
1315.83
0.273485
0.100599
0.11166
0.0885762
2687.64
0.233534
0.928945
0.168851
0.604832
0.151515
0.0186525
0.165019
0.0827885
0.0975273
2527.11
2794.27
557.581
0.24286
0.0276261
1.14368
-0.173594
0.182361
0.0424377
5.19578
0.0349189
0.0449515
0.136986
0.111703
1996.44
0.0108803
0.0273329
0.0116505
0.088084
0.00987159
0.0836854
0.0434121
0.0293437
0.053853
0.0194999
0.0625683
0.0246818
0.018312
0.013809
0.0170587
0.0286105
0.0154158
0.122919
59.5235
0.0286446
0.0339947
2774.73
0.00310952
0.117296
0.113324
0.121067
0.10713
0.121608
0.0864663
1.6212
0.112993
0.123213
0.0705419
0.0375938
-0.00941407
0.194027
0.0688734
0.0786715
0.127529
0.0603459
0.107124
0.340477
0.0158898
0.418304
0.0899277
0.153994
0.152147
-0.000408777
0.00299619
0.0496759
0.109025
0.0898495
0.0761882
100.179
0.0878042
0.117965
0.0588966
0.129515
0.019535
0.0921102
0.147986
0.0851183
0.0654169
0.120594
0.125504
0.042158
0.10921
0.277504
0.0772336
0.02745
0.162331
0.0321459
-0.153337
0.14987
0.159177
0.0111571
0.144382
0.138578
0.059287
0.0958861
0.200498
0.13216
38.8945
0.174505
0.0731414
2.8455
0.229335
0.245119
0.122323
0.196397
0.0228285
0.545566
0.131529
0.227836
4.84902
0.0599862
0.258804
0.256198
0.177224
0.179547
0.222012
0.0113217
0.177938
0.0303095
-0.068694
0.140526
0.611363
0.0709547
0.147392
0.520345
0.144132
0.345436
0.12767
0.0670398
0.158665
0.213205
0.560508
0.00959239
5.08968
0.118899
0.0732431
0.0543737
-0.0216512
-0.144606
-0.622311
0.0472153
0.162
2258.76
0.296746
0.125635
-0.276188
0.0715661
0.174163
0.062869
0.0670563
0.161839
0.122064
0.302377
-0.450224
0.0341006
-0.0298467
0.139916
0.150519
-3.94253
0.0609633
0.195311
-0.0193189
0.0400161
-0.561184
0.0347373
-0.0217067
-0.92649
2789.99
-1.14335
-1.0405
0.123206
1333.25
1204.57
0.0324583
0.0365742
0.0951223
148.403
175.341
3.55717
33.8111
72.1352
-0.168098
116.559
0.0678893
45.7291
47.3349
52.486
4.57463
0.286629
100.986
606.818
0.103931
-3.99211
9.02808
0.0110528
-0.0698899
97.8436
0.746877
2.97568
7.29207
11.9949
0.469452
-0.100943
0.734097
0.438166
-0.0252791
0.351367
0.0163986
4.25192
0.516013
106.986
4.0335
2.18258
884.092
2.83346
-0.304265
3.42655
39.2063
29.598
0.746795
24.834
48.3152
40.3821
0.710711
0.154758
0.0143535
0.373769
-0.302575
0.31915
200.914
0.361316
0.271369
0.398608
-0.328472
0.818028
9.971
0.612038
-0.0132971
0.443301
0.0262568
1.24959
0.146457
0.351815
-0.0756975
0.229754
0.0586652
0.413821
0.315286
0.0470936
0.26129
0.219726
0.16235
0.747509
-0.244266
-0.010749
1.96253
0.863648
0.0164272
0.0950207
2.3248
4.23761
0.183711
0.379376
94.7956
0.542756
351.349
0.246154
608.049
0.56925
0.522803
0.221568
-0.0313404
0.0592998
49.8927
0.632611
0.954676
0.0995908
0.400354
0.0925127
0.537221
11.43
0.120142
0.266496
0.382062
0.0384386
3.04596
0.23102
2.04211
0.0282055
0.759064
0.193571
-0.0190015
0.245017
647.631
0.473804
-0.685658
0.128124
0.10265
0.131058
0.249274
0.139679
0.276752
0.11669
0.213982
0.00839781
0.0860725
0.0863522
0.0820194
1.60779
0.119732
0.120231
0.116552
-0.526024
0.0459073
107.638
0.313336
2679.56
0.0199414
-1.18084
7.80253
0.114647
0.00594017
0.0444852
1208.93
0.163861
2303.7
-0.0002824
0.0549199
-0.857717
-0.0271041
0.018326
0.0853446
-0.402851
-0.0432942
0.0504405
0.0225353
0.0295736
-0.00565627
0.0178358
0.0848802
0.00197565
1.41096
-1.69646
0.0891073
0.145721
0.154792
0.0882022
0.270773
-0.490187
0.00569692
415.23
-0.0602417
-0.775306
2.53167
-0.0885599
-0.0241165
-0.318792
-1.46481
0.246463
-0.474521
0.913468
805.717
0.141918
-0.409797
0.00922297
0.0610593
0.106684
0.106781
-0.486293
0.216994
0.184563
0.215698
2632.3
-0.421991
-1.86267
7.36598
-0.0111734
-0.649872
0.215165
0.0492925
0.0141956
0.1473
0.0659323
0.0986527
0.0276976
0.119095
-0.744346
-0.127598
0.0847147
0.16283
-0.649277
-0.0394274
0.0730792
-0.0332162
0.00821364
1641.17
-0.0106876
25.0769
0.100311
0.226096
0.0264961
-0.128551
0.0671961
2783.01
-0.0409511
0.0756967
66.4342
0.0583696
0.202291
0.4073
0.0105053
0.0849021
0.00309399
0.0217044
3.4371
-0.124041
0.127246
256.879
-0.00700872
0.0829241
0.00560871
-0.0506924
-0.118896
0.0300933
0.379079
0.298804
0.0106017
0.348595
0.232901
50.0653
82.089
0.23409
1317.61
-2.66534
0.186766
0.0177224
0.0979153
-0.305195
0.234386
549.686
-0.121779
0.0697347
0.572861
0.299318
0.0291652
0.602654
0.260389
0.0173555
0.256298
-0.0456595
0.102833
)
;

boundaryField
{
    FrontBackPlanes
    {
        type            symmetry;
    }
    wallz
    {
        type            fixedFluxPressure;
        gradient        uniform 0;
        value           nonuniform List<scalar> 
97
(
2783.74
2733.01
2752.45
2807.31
100.612
1.52263
4.31129
99.7934
104.721
0.0118422
0.00681651
0.00846491
0.460112
1.73014
2.80016
101.424
102.596
104.209
0.0157219
0.0150278
0.0166363
0.24793
0.284191
0.268981
99.695
103.384
100.839
0.00285409
0.0150161
0.0104519
0.186848
0.207273
0.227423
101.255
103.979
0.00349359
0.00755747
0.141223
0.155036
0.165379
128.915
112.651
0.00182762
0.11395
0.124872
0.129769
144.498
143.602
150.849
0.0155734
0.0865026
0.0971949
0.103588
130.321
111.478
119.976
0.0476604
0.0292242
0.0674462
0.080018
104.681
102.511
105.301
0.0862018
0.0724026
9.11226
10.5457
0.0179758
0.035014
98.3405
98.7004
101.891
0.120191
0.110083
0.980518
8.98935
5.08443
102.153
102.908
102.092
103.106
98.4488
0.00396756
2716.24
2757.13
2741.94
2831.11
110.237
103.002
-0.0010965
0.0115428
110.733
0.058526
103.687
108.835
0.0351535
-0.00166776
)
;
    }
    outlet1
    {
        type            fixedValue;
        value           uniform 0;
    }
    inlet1
    {
        type            fixedFluxPressure;
        gradient        nonuniform List<scalar> 2(-0.00397434 -0.002438);
        value           nonuniform List<scalar> 2(2763.82 2757.54);
    }
}


// ************************************************************************* //
