/*--------------------------------*- C++ -*----------------------------------*\
| =========                 |                                                 |
| \\      /  F ield         | OpenFOAM: The Open Source CFD Toolbox           |
|  \\    /   O peration     | Version:  v2012                                 |
|   \\  /    A nd           | Website:  www.openfoam.com                      |
|    \\/     M anipulation  |                                                 |
\*---------------------------------------------------------------------------*/
FoamFile
{
    version     2.0;
    format      ascii;
    class       volScalarField;
    location    "0.15";
    object      p;
}
// * * * * * * * * * * * * * * * * * * * * * * * * * * * * * * * * * * * * * //

dimensions      [1 -1 -2 0 0 0 0];


internalField   nonuniform List<scalar> 
6576
(
-585.566
-645.682
-604.915
-600.135
-583.92
-549.235
-591.856
-580.743
-566.211
-580.838
-515.654
-529.432
-539.645
-536.565
-511.489
-513.574
-609.533
-556.035
-528.86
-444.557
-589.212
-520.68
-524.565
-675.725
-452.493
-363.703
-202.065
-602.564
-654.392
-652.783
-607.43
-669.896
-563.671
-428.23
-420.594
-399.876
-466.303
-423.522
-480.137
-450.241
-539.578
-607.555
-507.196
37.7159
7.32115
48.2126
16.1883
31.3081
77.7361
49.0953
22.6568
50.7737
-2.90724
-2.9127
-2.93247
-2.86145
-2.87255
-2.89654
-2.8838
-2.90747
-2.86239
-2.84577
-2.82047
-2.86222
-2.90777
-2.85619
-2.55041
-2.59072
-2.63105
-2.64238
-2.59645
-2.71203
-2.65289
2.88492
2.75415
3.06661
2.79485
2.9553
2.99808
2.95921
2.78766
2.76877
2.77488
2.81361
2.95115
2.82088
2.76769
8.72235
8.11064
8.64706
8.73068
9.92768
8.46025
9.19262
115.783
107.764
160.523
38.4565
88.9815
128.322
82.4723
246.669
213.789
213.294
220.062
256.446
202.168
242.735
191.799
174.248
213.117
161.796
185.499
184.547
-2.96444
-2.98203
-3.05433
-3.02216
-3.25678
-3.11972
-3.09026
-57.1129
-122.569
-398.585
-230.562
-144.51
-66.9132
-3.00199
-2.43386
-3.21466
-2.95699
-3.63431
-3.38992
-3.7951
-3.76005
1.64643
2.03467
1.48009
2.17243
2.34456
2.17141
1.8579
-2.08645
-1.3192
-0.0297254
-1.9455
-0.63519
-0.318888
-1.80972
-6.52782
-5.85203
-7.09139
-4.63051
-4.35084
-4.81442
-4.94117
-9.33995
-12.0956
-10.4604
-8.94497
-11.8135
-10.175
-8.30241
-10.638
-8.24846
-12.7927
-13.1276
-13.2124
-12.6579
-11.8446
-11.9647
-12.4352
-14.2346
-15.415
-14.1017
-13.9103
-14.7891
-13.6757
-14.0376
-14.041
-13.3271
-9.31211
-8.65167
-8.73043
-9.42238
-8.3161
-7.9241
-9.8154
-9.77114
-8.06867
-6.55054
-6.80724
-6.64742
-7.14718
-8.18107
-6.65468
-7.15036
-6.41028
-5.97684
-6.10236
-6.06433
-7.00773
-6.41167
-5.94573
-4.43174
-4.32171
-4.71935
-5.68591
-4.62948
-4.80218
-4.99678
-3.4386
-3.85856
-3.96175
-2.98411
-3.44689
-3.82175
-4.17902
-4.17608
-3.96243
-4.05265
-4.52465
-4.37102
-4.38424
-4.63442
-5.30144
-4.79895
-6.06312
-5.33914
-5.84281
-6.78127
-5.94956
-8.02569
-9.73767
-8.74792
-7.80334
-7.48632
-9.56005
-8.73578
-12.9473
-12.8784
-14.2562
-11.9292
-11.2917
-13.0248
-11.7695
-13.3964
-13.4478
-12.6348
-13.3767
-14.4931
-13.37
-14.3774
-13.806
-12.8267
-8.9182
-7.77534
-7.02022
-10.8377
-10.0452
-9.13909
-8.72501
0.794556
0.650391
0.916473
1.05933
0.959978
0.85125
1.0047
194.423
169.098
161.243
180.668
154.918
118.35
146.172
133.563
160.262
53.7136
85.7036
54.257
51.6403
25.507
34.8075
9.56905
1.40637
1.52664
1.51326
1.4484
1.5077
1.67929
1.56211
1.46823
1.15211
91.5021
56.0976
66.7725
0.21912
-0.493705
0.969632
-1.2685
-0.352641
-2.18703
-2.89863
-1.34239
-1.45018
-1.32302
-1.3545
-1.2809
-1.23904
-1.29937
-0.340853
-1.41163
-1.11732
0.224304
-0.779906
0.443327
0.263599
-0.3069
0.374936
-1.88087
-2.07012
-2.10632
-1.53379
-1.7504
-1.79862
-1.89115
2.73906
2.71979
2.62917
2.0872
2.68551
2.72266
2.50955
3.31782
2.11484
2.67154
1.12452
1.38105
1.00753
1.23005
1.80218
1.58314
1.73929
1.61918
1.79367
2.14984
2.63435
1.46443
0.921387
1.95155
1.60592
205.352
203.614
216.562
179.098
183
191.075
196.541
194.545
195.185
208.483
184.354
170.112
122.339
150.604
162.093
174.205
43.3229
14.3643
61.1522
77.0625
105.157
45.0098
75.6175
4.31587
3.25946
5.02364
5.31481
6.08442
6.61329
5.0346
-7.47589
-8.67916
-7.40823
-12.3616
-10.2745
-11.1124
-9.29909
-7.63923
-8.66833
-8.64894
-8.40008
-10.6945
-10.5072
-11.4205
-9.39298
-10.3208
-1.60674
-6.6098
-4.43618
-6.61339
-10.2242
-5.18704
-9.83775
-6.76654
-2.20817
12.8363
-17.8442
12.3746
-17.8387
8.18445
3.56619
6.46515
7.14111
2.39692
-1.6821
17.7588
-8.58725
11.017
22.2075
-5.96331
-6.76641
-5.81792
-5.63751
-5.12122
-5.88796
-5.15277
-4.17378
-4.68009
-4.00595
-4.15083
-3.83497
-3.60768
-3.75993
-2.98401
-3.42954
-3.08838
-2.63414
-2.82932
-3.08925
-2.88116
-1.9775
-1.98141
-1.82162
-1.90047
-1.88869
-1.64587
-1.57849
-1.72785
-1.70286
-2.12037
-2.14656
-2.04072
-2.02156
-1.97051
-2.08909
-2.05636
-2.23168
-1.976
-2.17062
-2.19495
-2.26359
-2.10227
-2.20122
-2.2312
-2.24554
-2.28709
-2.1627
-2.08934
-2.17979
-2.20092
-2.72485
-2.67576
-2.53136
-2.70097
-2.76047
-2.68035
-2.50127
-2.45072
-2.52385
-2.53115
-2.53775
-2.5484
-2.47065
-2.50158
-2.7644
-2.61683
-2.69174
-2.49589
-2.50325
-2.20627
-2.92826
-2.91426
-2.90982
-2.89042
-2.9217
-2.91673
-2.87599
-2.89213
-2.9072
-2.91529
-2.80834
-2.87005
-2.86834
-2.89151
-2.92683
-2.92828
-2.89809
-2.90625
-2.82695
-2.8842
-2.91588
-2.91744
-2.90184
-2.88769
-2.855
-2.89028
-2.92618
-2.91247
-2.9188
-2.92092
-2.9017
-2.88555
-2.82438
-2.88673
-2.90758
-2.92561
-2.92542
-2.93504
-2.92331
-2.90437
-2.90526
-2.93574
-3.34854
-3.21083
-3.27735
-3.53471
-3.20835
-3.46356
-3.22655
-3.22317
-3.36232
-4.30344
-4.54689
-4.30978
-4.53586
-3.76448
-4.80985
-4.31687
-5.03542
-4.46407
-4.72094
-5.16706
-5.15513
-4.45323
-4.67192
-6.27054
-6.24291
-5.6465
-7.0834
-5.8901
-5.51229
-6.38545
-13.5565
-14.2633
-14.6231
-12.8937
-12.4532
-15.2417
-15.2718
-15.0242
-14.7843
-14.3288
-14.8097
-14.853
-14.1826
-12.7858
-12.5395
-13.0425
-11.8088
-12.7964
-14.309
-7.53025
-6.935
-6.09358
-8.45464
-5.74725
-7.58469
-9.70904
-0.502669
-0.521087
-0.539845
-0.48643
-0.530004
-0.527638
-0.484705
-0.646184
-0.621483
-0.578662
-0.672958
-0.707575
-0.647283
-0.685725
-0.640952
-0.59892
-0.570941
-0.667313
-0.661338
-0.727024
-0.654034
-0.7584
-0.689193
-1.0845
-1.03501
-1.09633
-1.12655
-1.08045
-1.04329
-1.08678
-0.853186
-0.900402
-0.913611
-0.834838
-0.891908
-0.852469
-0.922667
-0.662883
-0.662898
-0.726202
-0.746563
-0.759243
-0.699934
-0.693783
0.207464
0.0848128
0.209117
0.275299
0.168897
0.333078
0.232281
0.642592
0.713292
0.64036
0.657627
0.475927
0.764166
0.657067
0.747703
0.616401
0.536466
0.673266
0.680267
0.758646
0.712628
0.699341
0.608093
0.643605
0.536164
1.06855
1.11582
1.01127
1.05025
0.930334
0.987777
1.07173
0.89584
0.991279
0.897491
1.01893
1.1068
1.01507
1.01056
0.916599
0.873365
1.32086
1.34347
1.30563
1.30031
1.16933
1.25097
1.64447
1.53667
1.82857
1.45166
1.52371
1.41876
1.14337
1.29618
1.36343
1.16385
1.63541
1.46279
1.55451
2.07074
1.70549
1.30484
1.56961
0.395711
1.75764
-2.2788
2.20548
2.33028
2.98581
2.26986
1.6521
3.82271
3.01074
1.92997
1.57297
1.35512
1.42529
1.55527
89.4526
64.6688
59.4421
35.9835
17.7173
37.4686
56.0542
172.435
156.952
182.008
181.569
209.205
229.618
263.924
249.813
239.66
220.875
193.362
224.709
190.395
198.543
232.232
187.688
147.032
216.861
180.776
201.529
236.437
205.771
332.511
318.034
348.109
330.333
309.795
326.044
355.003
334.065
309.736
257.235
266.091
278.211
250.839
240.151
272.178
245.492
226.891
229.816
208.741
465.404
406.862
436.07
520.398
444.001
443.117
548.829
254.543
230.914
294.687
352.123
327.342
240.989
269.283
96.5521
115.619
35.0976
190.239
128.404
86.4912
144.087
144.65
99.854
213.422
261.323
305.371
178.011
214.724
172.504
108.775
139.576
133.796
49.6253
97.2758
-26.3545
-128.645
-45.0401
-26.9449
-29.5413
-48.9944
-34.7706
-98.7543
-213.837
-105.012
-128.369
-36.6121
-136.297
-65.5581
-44.1601
-7.73154
-10.9998
-30.2029
0.337633
-11.2742
-5.36724
16.0744
-10.8886
-17.8394
-9.34802
-8.35825
-7.76573
-8.43938
-6.6605
-6.35373
-7.2998
-7.81774
-8.21285
-11.2367
-11.7204
-10.941
-11.9146
-12.3997
-12.4986
-12.7418
-3.29504
-3.61889
-1.92868
-5.63647
-3.79229
-2.6155
-4.49093
-4.70426
-3.77497
-6.2323
-6.01912
-4.79594
-6.81201
-8.05976
-11.5966
-12.5221
-9.62037
-7.14471
-7.52256
-1.63185
-2.03979
-2.1658
-1.38491
-1.14696
-1.58408
-1.70423
-1.37083
-1.04318
-1.20186
-0.959
-0.931087
-1.22074
-1.30061
-0.329347
-0.211125
-0.454684
-0.359719
-0.45948
-0.665452
-0.524016
-0.962176
-0.620202
-0.897026
-0.974106
-1.12518
-0.886743
-1.00351
-0.933419
-1.03988
-1.19646
-0.747242
-0.896203
-0.920563
-1.02711
-1.61679
-1.38141
-1.3819
-1.44665
-1.16999
-1.32003
-1.4239
-1.46613
-1.17422
-1.44161
-1.47653
-1.41864
-1.30513
-1.94654
-2.03143
-1.91662
-1.92059
-1.77049
-1.99801
-1.68395
-1.87673
-2.1692
-2.15952
-2.12885
-2.34909
-2.43565
-2.29059
-2.47489
-2.48207
-2.38177
-2.39743
-2.79307
-2.79697
-2.76445
-2.72853
-2.68135
-2.75279
-2.77295
-2.87054
-2.84639
-2.85595
-2.87467
-2.79378
-2.82792
-2.86081
-2.90462
-2.9156
-2.88606
-2.918
-2.93665
-2.91104
-2.90609
-2.95475
-2.94594
-2.92885
-2.94305
-2.93084
-2.9355
-2.92211
-2.99115
-2.94292
-2.9791
-2.94315
-2.99448
-2.97493
-2.97217
-2.96577
-2.97351
-2.93647
-2.9468
-3.02003
-2.99379
-2.97832
-3.02872
-2.9476
-2.98217
-2.95637
-2.98111
-2.97802
-2.97356
-2.98762
-3.28023
-3.30128
-3.26891
-3.24817
-3.12389
-3.23615
-3.2641
-3.1293
-3.046
-5.92738
-5.54984
-6.26073
-4.79497
-5.23547
-5.72808
-5.31858
-8.40017
-7.93264
-7.91216
-6.75921
-6.9289
-7.61203
-7.33657
-8.97763
-9.755
-10.4881
-8.07055
-7.41084
-6.97166
-7.25297
-6.98395
-6.95761
-7.07644
-7.40321
-7.54724
-9.80896
-8.8379
-7.80129
-9.31481
-9.7284
-9.16279
-9.72641
-9.18446
-8.70252
-0.596884
-0.617546
-0.641811
-0.616655
-0.629874
-0.663539
-0.682958
-0.662894
-0.650231
-0.89549
-0.884238
-0.8572
-0.896791
-0.923232
-0.896059
-0.875125
-0.92955
-0.901181
-0.907387
-0.902172
-0.924701
-0.930605
-0.911485
-0.984026
-1.00365
-0.984926
-0.97973
-0.998511
-0.969644
-0.997109
-0.995158
-0.973101
-1.00356
-1.00942
-1.01522
-1.00451
-1.01421
-1.01376
-1.00681
-0.141019
-0.193861
-0.198516
-0.249678
-0.19916
-0.264037
-0.220454
0.0366816
0.0600078
0.145493
0.0327303
0.000424751
-0.0389995
0.0325142
-0.00137131
0.0763775
-0.0249516
0.0305161
0.119358
0.0417246
0.0431061
-0.0140886
-0.0574594
0.245413
0.352943
0.337891
0.342783
0.457935
0.385155
0.468863
0.194754
0.367927
0.295862
0.723445
0.830767
0.762952
1.00281
1.15519
1.09621
3.50061
2.86413
3.07012
2.79544
3.38861
3.44184
2.7571
284.547
301.744
272.581
419.447
409.988
353.983
484.854
370.717
349.601
425.448
481.817
396.24
432.984
628.035
654.677
678.726
639.911
719.407
689.658
799.123
596.136
645.349
588.5
1013.42
1040.32
971.944
1171.16
961.105
981.191
1178.45
1075.44
848.881
843.738
832.72
790.439
890.897
397.642
570.205
551.502
561.935
641.593
606.213
497.203
682.475
563.238
752.163
802.571
836.909
738.394
771.718
398.193
230.856
401.503
426.501
507.936
383.85
493.442
96.0566
37.0466
62.9485
48.9466
41.4115
67.5173
98.4299
-5.19711
-6.26675
-4.81525
-8.07569
4.06254
-8.60984
-2.10752
6.44614
-41.9672
-17.6823
-14.2519
-25.5323
1.36317
-11.6921
3.82857
1.44895
10.4807
15.1372
12.2374
3.75295
8.17973
2.8671
3.02815
2.90418
2.98281
2.83438
2.88196
2.77037
2.87322
2.80662
2.90746
2.909
2.89741
2.91115
2.88048
1.65293
1.76382
1.9871
1.1005
1.75574
1.36986
1.07112
0.600653
0.523577
0.0673229
0.750934
1.02364
0.801146
0.538137
0.678091
0.321094
0.680429
0.743648
0.786352
0.36291
0.558943
0.540225
0.812942
0.793204
0.819167
0.887239
0.729993
0.568214
0.625088
0.866864
0.855586
0.851333
0.938208
0.644336
0.794529
-0.0375531
0.237599
0.215428
0.0561616
0.28837
0.344657
0.468485
0.416531
0.24608
0.905749
1.22378
1.00781
0.923339
0.712425
1.0323
0.916852
0.94914
0.879497
0.686028
1.01013
1.15026
1.01642
0.88664
0.377864
0.608628
0.391422
0.357902
0.134486
-0.0294487
0.247875
-0.548661
-0.33087
-0.403304
-0.099136
-0.306356
-0.206175
-0.371338
0.342698
0.596389
0.425608
-0.500997
-0.305586
-0.388362
-1.09237
-1.01954
-1.01509
-1.76994
-1.69303
-1.6003
-1.59716
-1.6493
-1.41854
-1.5204
-1.88696
-1.74181
-1.87456
-1.94053
-1.70247
-2.24102
-2.2297
-2.13478
-2.05782
-1.95442
-2.10317
-2.14953
-2.17857
-1.93522
-1.99121
-2.28287
-2.38823
-2.09618
-2.09257
-2.52471
-2.59445
-2.46283
-2.7392
-2.56539
-2.49737
-2.60475
-3.2972
-3.19447
-3.11663
-3.54401
-3.39511
-3.01777
-3.12682
-3.02188
-2.99474
-3.02403
-3.02841
-3.02078
-3.77966
-3.67381
-3.85639
-3.69659
-3.99198
-3.69887
-3.6834
-3.14781
-3.07856
-3.09993
-3.14077
-3.11452
-3.2047
-3.1512
-2.98945
-2.98118
-2.97635
-2.97218
-2.91859
-2.94658
-3.07235
-3.00136
-3.01117
-3.01845
-2.99999
-2.94611
-3.05403
-3.02181
-3.03005
-3.0555
-2.98677
-2.99402
-3.11793
-3.06566
-2.93057
-2.98083
-2.96135
-2.99853
-3.01483
-3.02217
-2.98848
-2.99595
-2.99785
-2.99888
-2.96767
-2.9632
-2.9563
-2.97211
-2.9775
-2.9787
-2.97275
-2.97585
-3.06473
-2.99105
-3.06519
-2.99691
-2.98155
-2.98085
-2.96161
-2.94517
-2.92637
-2.9147
-2.93437
-2.93177
-2.87268
-3.08052
-3.10649
-3.26246
-3.13384
-3.28689
-3.02704
-3.14337
-1.41668
-1.29036
-1.26181
-1.43767
-1.44586
-1.39879
-1.38803
-1.22971
-1.17126
-1.06443
-1.18976
-1.14919
-1.20432
-1.09303
-1.58195
-1.64911
-1.60251
-1.54461
-1.65784
-1.56438
-1.64445
-0.868527
-0.963136
-0.892854
-1.03835
-1.04036
-1.00287
-1.01172
-0.9117
-0.902771
-0.802167
-0.766282
-0.80745
-0.826235
-0.785516
-0.761932
-0.806979
-0.889611
-0.956388
-0.880109
-0.983047
-0.982192
-0.921317
-0.919778
-0.950325
-0.960081
-0.989914
-1.03537
-1.03727
-1.01376
-1.0134
-0.969778
-0.965224
-1.08454
-1.11159
-1.05809
-1.0761
-1.11553
-1.07335
-1.11655
-1.11312
-1.06393
-0.992447
-1.02754
-0.976857
-1.04664
-1.04376
-1.01451
-1.00603
-1.04352
-1.03376
-1.01529
-1.05176
-1.06686
-1.04975
-1.0327
-1.05495
-1.04619
-1.07546
-1.01434
-1.03506
-1.05784
-1.03595
-0.859047
-0.848586
-0.81269
-0.862127
-0.891713
-0.867082
-0.836348
-0.88327
-0.861802
-0.836704
-0.855083
-0.878083
-0.823691
-0.850251
-0.728278
-0.763725
-0.723924
-0.70877
-0.664687
-0.697066
-0.73184
-0.359077
-0.397038
-0.401308
-0.348597
-0.386481
-0.412253
-0.387383
-0.50081
-0.56361
-0.557231
-0.628923
-0.582906
-0.55817
-0.605921
-0.318716
-0.391527
-0.377642
-0.461967
-0.323741
-0.408086
-0.0854476
-0.173133
-0.197194
-0.177462
-0.11466
-0.215727
-0.240258
-0.278975
-0.186795
-0.224638
0.153783
0.0888041
0.0635075
36.4783
15.7806
58.8603
10.2877
9.62781
26.2616
26.5028
985.241
919.551
942.631
1086.27
849.453
859.038
935.818
1132.79
1031.29
1120.13
1105.35
1055.7
1065.8
1206.62
1090.14
1103.39
1314.85
1201.2
1115.35
1091.24
31.8405
15.713
30.1023
10.4546
18.1037
12.9626
8.26041
50.3306
114.535
55.3301
52.5798
65.1754
103.278
35.054
1.59276
1.48325
2.03738
1.89651
2.2286
1.75434
1.87
7.37804
-22.2456
17.1766
40.7739
43.394
10.8429
-6.5526
12.7594
-17.3996
9.07995
0.24523
-3.51079
14.6358
-0.567951
-22.7449
-25.654
1.57066
1.43493
2.28555
2.37362
1.65171
2.12957
2.15792
2.06732
1.87403
2.40511
2.35459
2.21458
2.30719
2.31514
2.19257
2.10069
2.23716
2.1427
2.58552
2.60587
2.50364
2.55248
2.59673
2.49484
2.57358
2.19079
1.9614
2.16969
1.95042
2.11706
2.13046
2.23026
2.12601
1.90766
2.11805
1.91077
2.06068
2.08061
2.17789
1.89057
2.15922
2.08285
2.18821
2.26867
2.14862
1.9856
1.38221
1.56496
1.55946
1.74098
1.56039
1.64615
1.77168
2.15955
2.33556
2.1605
2.18162
2.29006
1.36698
1.58399
1.57893
1.51613
1.33235
2.35063
2.17325
2.34352
2.27111
2.12667
1.35144
1.52544
1.57454
1.44329
1.2826
0.900612
0.694939
0.878362
0.261269
-0.0594145
0.169332
0.509997
0.401758
1.11418
1.00392
0.889243
0.793006
0.971207
0.937439
1.05674
-0.684708
-0.513768
-0.567329
-0.309249
-0.409638
-0.377316
-0.485361
-0.58892
-0.314626
-0.209485
-0.338542
-0.474042
-0.122113
-0.0863272
-1.83567
-1.7912
-1.66224
-1.40076
-1.40684
-1.55204
-1.5508
-4.65575
-4.48597
-5.21037
-4.82479
-4.79066
-4.96696
-5.35161
-4.41634
-4.41306
-4.74912
-4.43767
-4.15957
-4.49171
-4.8058
-2.98847
-2.95418
-2.97114
-2.94175
-2.9555
-2.93895
-2.96233
-2.93272
-2.94039
-2.9902
-2.96648
-2.94047
-2.95557
-2.88853
-2.96078
-2.94091
-2.94085
-2.93945
-2.95926
-2.948
-2.88096
-2.93086
-2.93971
-2.95262
-3.09761
-2.89081
-2.92719
-2.97191
-2.84212
-3.32052
-2.9554
-3.01966
-4.73065
-5.29077
-4.99295
-4.85784
-3.0965
-5.62933
-5.46188
-2.72524
-199.117
-45.4678
-66.4865
-57.4343
-51.0949
39.0092
-1.57041
-2.14825
-2.23051
-1.52488
-2.48232
-3.43024
-1.29367
-5.62535
-9.51824
-6.7101
-5.27377
-7.52755
-3.28321
-4.97123
-3.89474
-3.90421
-3.35262
-3.08394
-2.86658
-2.47515
-3.14751
-2.40632
-2.80046
-2.92214
-4.45378
-2.53136
-2.74478
-2.99582
-1.44456
-1.57636
-1.57315
-1.55225
-1.66417
-1.68325
-1.62955
-2.17207
-2.12406
-2.0609
-1.95978
-2.02967
-2.3239
-2.18183
-1.96148
-2.03151
-1.2498
-1.31423
-1.35696
-1.35769
-1.46997
-1.3753
-1.29362
-1.33438
-1.3385
-1.41026
-1.3955
-1.37649
-1.4666
-1.43276
-1.42228
-1.45369
-1.36848
-1.39981
-1.373
-1.33013
-1.31361
-1.27409
-1.22282
-1.22233
-1.27975
-1.29399
-1.24697
-1.23873
-1.15707
-1.18197
-1.14169
-1.12938
-1.10511
-1.13191
-1.15562
-1.02429
-1.04779
-1.05115
-1.05125
-1.08121
-1.08167
-1.05956
-0.927097
-0.896113
-0.938682
-0.94083
-0.960223
-0.952296
-0.92192
-0.971196
-0.939417
-0.971825
-0.941371
-0.892152
-0.940021
-0.936793
-0.967827
-0.983664
-0.860361
-0.828839
-0.826786
-0.824262
-0.777354
-0.776815
-0.808804
-0.822938
-0.877431
-0.842525
-0.65763
-0.702197
-0.711503
-0.732281
-0.701209
-0.760231
-0.726575
-0.734123
-0.725445
-0.768324
-0.717114
-0.675076
-0.711083
-0.746769
-0.69097
-0.647803
-0.681529
-0.566876
-0.499452
-0.542251
-0.587835
-0.564187
-0.530772
-0.618984
-0.641576
-0.608911
-0.585623
-63.1399
-76.9668
-172.616
-131.721
-127.459
-68.9058
-73.0097
155.001
208.454
196.794
197.169
156.944
186.411
181.6
920.706
847.738
867.2
790.351
470.475
709.767
875.032
206.055
139.285
234.269
89.1342
93.7101
73.9468
201.646
1125.15
487.813
824.385
1206.3
757.411
1135.28
949.385
346.323
368.557
340.88
460.164
-34.9402
255.484
3.14819
3.01588
3.14704
3.11757
3.00124
3.19235
3.10107
3.09672
2.96093
3.10786
3.0733
2.95794
3.16018
3.07317
2.93772
3.09758
3.07881
3.06895
3.15231
3.05098
2.93607
3.1121
3.08293
2.95017
3.13211
3.30277
3.17217
3.0578
2.50857
2.70456
2.69372
2.8858
2.74293
2.78019
2.66419
2.67344
2.44122
2.61027
2.62851
2.45478
2.62229
2.59035
2.68107
2.45706
2.58015
2.64125
2.47364
2.6494
2.69912
2.61472
2.46543
2.60006
2.54516
2.72568
2.70856
2.75548
2.65727
2.67472
2.5248
2.83922
2.97165
3.01686
2.67121
2.77628
2.8833
2.93272
-8.28372
-7.61533
-8.36487
-5.93463
-5.58874
-5.92498
-6.5348
-9.67352
-10.8045
-9.50207
-9.61116
-10.8109
-9.69307
-8.38345
-8.15061
-9.09758
-8.8069
-9.66239
-9.67878
-4.75492
-5.98992
-6.01828
-5.51943
-4.21052
-4.48502
-4.79427
178.336
18.4593
53.4779
64.1948
7.102
-10.3211
0.741202
-6.4709
-6.16499
-7.25502
-8.04074
-4.77795
-8.71002
-10.8429
-4.71653
-4.55664
-2.57863
-3.97895
-2.93251
-2.69717
-3.36324
-3.16863
-3.4227
-3.18434
-2.86027
-2.89785
-2.80861
-2.88429
-2.80944
-2.83511
-2.77359
-2.91391
-2.93158
-2.81632
-2.83348
-2.81798
-2.91934
-2.80515
-2.83122
-2.83686
-2.88348
-2.96152
-2.9288
-3.17368
-2.98524
-3.07862
-2.91204
-2.80763
-2.68228
-2.978
-3.03487
-2.89416
-2.95265
-2.95388
-1.74539
-1.82536
-1.77067
-1.81864
-1.86734
-1.80301
-1.77305
-1.71282
-1.65425
-1.63345
-1.70777
-1.73949
-1.6782
-1.65289
-1.60347
-1.55984
-1.54954
-1.63161
-1.66466
-1.59805
-1.57904
-1.48554
-1.47251
-1.52522
-1.56025
-1.58805
-1.53864
-1.56321
-1.49399
-1.51173
-1.66098
-1.61459
-1.61166
-1.66555
-1.62437
-1.59812
-1.63415
-1.25958
-1.2461
-1.216
-1.30876
-1.27511
-1.27358
-1.24361
-1.19182
-1.16126
-1.16753
-1.22404
-1.26239
-1.26787
-1.29533
-1.25809
-1.31854
-1.27905
-1.11425
-1.14629
-1.13933
-1.14822
-1.10173
-1.20591
-1.03832
-1.05339
-0.997377
-1.0594
-1.08639
-1.05148
-1.03828
-1.0107
-1.03605
-1.06048
-0.917758
-0.929532
-0.890014
-0.963989
-0.986373
-0.950217
-0.934222
-0.959145
-0.961247
-0.986094
-0.789714
-0.777258
-0.808895
-0.840054
-0.844118
-0.821467
-0.828047
-7.208
-8.51887
-8.17891
-7.66565
-8.78788
-13.7504
-48.6303
3.78492
-39.5982
-18.5106
-40.3739
-68.7768
-6.46759
-6.26352
-5.97347
-5.63112
-5.38851
-5.87214
-5.5732
-8.80055
-38.0506
0.981001
-5.65337
-16.5265
-4.22986
-3.15121
-5.6364
-7.06657
-7.75446
-7.22909
-6.2292
34.2923
29.1424
54.343
16.1151
64.4646
19.7467
46.5991
-1.2242
1.75544
28.6029
-0.563823
-1.44332
-6.44183
43.1482
1195.82
503.913
670.157
5038.13
4076.84
4552.96
4363.1
3915.24
4877.75
4550.57
3311.49
1732.95
4234.03
2867
3966.85
4136.64
3548.88
3370.91
3038.53
2503.74
3031.25
1652.46
2611
3715.32
5478.5
4813.09
4.08559
4.18318
4.06825
4.02208
3.89552
3.95161
4.07407
4.07494
4.13418
4.27425
3.73847
3.64227
3.57845
3.63903
3.74242
3.54557
3.65391
3.55506
3.49061
3.64518
3.36043
3.39901
3.49273
3.45192
3.6167
3.57964
3.52068
3.61708
3.65041
3.6032
3.5713
1.86371
1.88143
1.02352
1.99261
3.05241
2.54162
2.08561
-1.85395
-4.76393
-3.11083
-2.79344
-2.91128
-2.09544
-2.26429
-2.64744
1.82906
-1.17089
8.95396
4.94126
7.18057
9.77315
-6.33812
-4.76705
-5.70972
-9.43206
-6.46958
-6.48816
-6.67021
-2.02685
-1.64259
-1.76286
-1.50991
-1.19516
-1.84379
-1.99866
-2.20026
-1.92944
-2.01079
-1.92554
-1.94273
-1.86555
-1.6365
-1.80337
-1.90018
-2.00561
-2.18551
-2.1584
-2.28384
-2.00656
-2.50026
-2.2958
-2.71019
-2.71681
-2.68002
-2.80131
-2.60975
-2.64552
-2.73183
-2.94951
-2.84817
-2.8572
-3.24705
-3.07732
-3.09351
-3.20063
-3.13707
-3.22792
-3.0381
-3.22178
-3.06818
-3.1809
-2.93585
-3.01868
-3.0221
-2.97478
-3.16728
-3.08034
-2.91987
-2.93395
-2.92387
-2.87958
-2.87804
-2.87956
-2.87556
-2.46975
-2.39124
-2.38377
-2.44036
-2.37053
-2.30435
-2.35722
-2.32511
-2.38463
-1.83192
-1.89
-1.86101
-1.87249
-1.91636
-1.87287
-1.83933
-1.73245
-1.7069
-1.75938
-1.71193
-1.74175
-1.74532
-1.78295
-1.58798
-1.63056
-1.64047
-1.67347
-1.6318
-1.70823
-1.6595
-1.54583
-1.50404
-1.50245
-1.45424
-1.50012
-1.47987
-1.45118
-1.57067
-1.50292
-1.52218
-1.38424
-1.33573
-1.38308
-1.37285
-1.39979
-1.43378
-1.2412
-1.26016
-1.22174
-1.16983
-1.15025
-1.129
-1.16614
-1.14591
-1.1175
-1.13813
-1.08671
-1.09385
-1.13042
-1.10888
-1.11222
-1.15964
-1.1587
-1.1399
-1.17226
-1.1147
-1.12664
-1.14927
-1.09279
-1.08486
-1.49812
-1.42889
-1.41001
-1.56047
-1.59041
-1.5095
-1.49559
-1.68878
-1.66414
-1.62452
-1.78173
-1.59652
-1.82941
-1.70055
-5.88584
-4.94311
-4.8259
-3.65777
-3.88227
-6.29593
-5.13032
-14.4738
-14.8485
-13.8556
-15.3724
-14.9234
-14.6206
-14.9727
-7.03964
-8.51202
-9.12048
-11.6902
-9.0874
-13.004
-13.4454
-13.0145
-11.3387
-12.0649
-12.1688
-11.2059
-8.19213
-8.1235
-6.9502
-7.98067
-9.13801
-7.66825
-8.22897
-7.63308
-8.03918
-6.03412
-7.32727
-7.95534
-7.40406
-6.05248
3747.65
3467.37
3472.08
830.937
992.151
1180.28
596.085
720.97
493.139
581.451
626.906
1448.69
1772.23
1176.28
1203.25
540.461
428.354
868.854
853.878
661.932
609.179
1108.2
803.188
727.177
473.136
496.028
5.23662
5.45718
5.35969
5.60124
5.75905
5.45641
5.57678
5.08327
5.16622
5.03825
4.94095
5.05799
4.8564
4.99096
4.55424
4.56737
4.43206
4.75099
4.62406
4.68014
4.55555
5.08958
5.13655
5.28464
4.3464
4.48121
4.5436
4.30845
4.43131
4.47486
4.53401
4.4593
4.4321
4.33467
4.47879
4.61995
4.441
4.4066
4.27535
4.52882
4.40238
4.66053
4.52593
-0.780825
-0.728645
-0.65993
-0.531528
-0.53925
-0.652015
-0.715891
-0.752945
-0.827555
-0.761606
-0.732445
-0.818054
-0.737777
-0.8335
-2.21878
-2.0598
-2.09153
-2.02671
-2.07438
-2.20511
-2.09072
-2.88601
-2.86813
-2.91532
-2.5688
-2.50172
-2.54991
-2.6015
-2.5263
-2.50257
-2.55713
-2.85697
-2.90748
-2.84983
-2.79851
-2.75531
-2.85218
-2.9055
-2.84424
-2.80299
-2.87674
-2.93473
-2.87856
-2.92907
-2.89862
-2.89719
-2.85824
-2.86734
-2.83996
-2.83912
-2.84853
-2.83158
-2.80664
-2.86514
-2.92557
-2.84208
-2.81587
-2.85705
-2.86632
-2.91092
-2.85648
-2.84944
-2.91061
-2.85397
-2.81876
-2.85904
-2.28517
-2.33484
-2.26539
-2.26996
-2.24027
-2.28621
-2.32815
-1.93651
-1.86822
-1.93317
-1.91118
-1.95547
-2.01119
-1.77541
-1.72718
-1.78425
-1.79907
-1.83924
-1.76011
-1.80524
-1.84716
-1.60975
-1.6254
-1.58567
-1.44968
-1.50003
-1.46994
-1.4302
-1.44785
-1.49089
-1.46649
-1.47754
-1.52329
-1.48266
-1.50134
-1.46859
-1.52978
-1.49035
-1.34161
-1.36318
-1.35596
-1.40631
-1.37902
-1.40241
-1.37662
-1.3261
-1.35588
-1.31921
-1.32759
-1.36717
-1.37663
-1.33916
-1.26624
-1.24487
-1.22875
-1.1903
-1.21132
-1.23923
-1.21893
-1.19566
-1.18274
-1.15213
-1.18368
-1.17295
-1.13819
-1.14612
-1.0315
-1.01811
-1.02587
-1.04555
-1.03954
-1.02569
-1.03275
-0.958621
-0.944595
-0.968316
-0.978766
-0.984629
-0.965456
-0.959528
-1.00735
-1.00331
-0.999822
-1.0031
-1.0031
-1.00234
-1.00494
-1.00293
-1.00322
-0.984536
-0.969154
-0.962934
-0.954216
-1.00001
-0.974848
-1.06238
-0.972129
-0.921238
-0.973368
-0.927671
-0.998146
-1.06658
-1.0942
-1.04036
-1.01352
-1.00738
-1.0452
-1.0627
-1.02221
-1.00973
-1.17851
-1.34671
-1.19988
-1.41789
-1.23506
-1.40453
-1.25447
-1.82152
-1.74929
-0.640822
-3.75896
-4.64412
-2.99486
-2.79152
-6.73955
-3.7007
-5.51519
-2.87981
-3.26865
-4.82218
-5.18178
-13.8906
-12.4139
-13.7919
-11.8592
-11.0262
-13.1868
-12.8223
-14.7192
-14.2501
-13.5422
-14.266
-13.3231
-16.4305
-16.0263
-7.29047
-12.0962
-10.5879
-15.9867
-10.4321
-12.6734
-10.5853
299.636
431.962
724.391
946.187
949.485
883.549
945.134
1091.78
1106.57
981.098
1042.7
1225.83
816.48
893.937
1011.08
854.715
1026.37
1047.7
1006.56
843.342
893.387
830.814
825.053
851.384
851.867
846.842
904.263
774.546
872.622
926.724
924.664
900.134
1040.4
894.461
757.936
660.442
771.611
739.98
796.484
584
670.023
520.356
549.962
578.861
337.803
407.452
415.273
394.639
297.868
90.2994
233.261
300.371
129.238
263.967
187.444
161.464
301.235
10.113
11.661
22.2427
13.9702
15.0858
30.5482
41.9559
30.3269
32.4534
6.96652
7.0322
6.73535
7.18322
7.07867
7.08234
6.94071
6.88104
6.8783
6.7393
6.7868
6.81262
6.68916
6.70595
6.75774
6.5325
6.71613
6.76307
6.81812
6.49681
6.61147
6.62998
6.66408
6.58869
6.57217
6.41338
6.53168
6.61822
6.05567
5.87039
6.08915
6.19308
6.05444
6.15305
6.26922
5.87613
6.04251
6.03692
6.05186
6.13767
5.94052
6.04959
5.99935
5.88045
6.05812
6.21519
6.11582
5.44364
5.59523
5.62715
5.57464
5.66983
5.66367
5.79143
5.3758
5.54226
5.56008
5.51658
5.37583
6.04565
6.06627
5.88832
6.14126
6.23977
6.14843
6.05069
6.83381
6.74207
6.87574
6.86428
6.83098
6.70588
6.78921
6.90952
6.85544
6.88785
6.88257
6.78043
6.91758
6.88086
7.26666
7.61212
7.71595
7.54032
7.38992
7.4358
7.24755
52.695
65.7761
94.2073
8.49521
10.9301
17.5801
8.7162
6.56886
9.84561
9.45683
8.34909
7.69546
8.19112
22.8744
40.1642
62.1333
59.5039
87.9803
68.3083
48.6415
6.86658
6.98159
6.99497
6.9959
6.95523
7.0251
7.04654
7.00404
7.00839
6.68135
7.14403
7.1035
7.12543
6.95064
6.46978
6.45035
6.57756
6.5643
6.55432
6.57541
6.60502
2.97961
2.91966
2.89433
2.90226
2.83997
2.88726
2.92256
2.64482
2.72934
2.73987
2.71404
2.76567
2.80495
2.74813
3.04444
2.99571
3.01001
2.96911
3.03088
3.0091
2.9732
3.00166
2.95185
2.93
2.94825
2.94947
2.89056
2.91375
2.91059
2.86836
8.29949
-12.102
-14.0269
5.79223
-6.28479
8.18861
3.13707
1.0385
-9.16995
8.35598
6.40826
-12.3692
5.93158
2.7397
1.84415
-16.7299
-2.52538
-0.789354
-13.6069
2.51079
0.838557
2.01056
-0.42839
1.51111
-0.627088
-1.17884
-1.72102
2.53016
-1.00716
-0.669844
-1.10245
-0.846354
-0.946244
-0.573958
-0.555838
-0.596755
-0.577056
-0.559608
-0.572665
-0.58151
-0.643614
-0.621203
-0.64339
-0.669491
-0.63208
-1.22157
-1.26164
-1.19674
-1.31765
-1.33811
-1.28515
-1.26645
-1.52723
-1.54647
-1.5131
-1.60039
-1.65753
-1.64259
-1.60238
-1.76854
-1.8918
-1.80395
-1.81415
-1.9001
-1.82887
-1.77856
-2.22442
-2.16351
-2.13307
-2.10758
-2.13902
-2.21501
-2.16855
-2.38163
-2.2997
-2.33647
-2.41141
-2.47356
-2.6027
-2.53185
-2.57307
-2.63128
-2.57749
-2.53991
-2.58316
-2.78919
-2.85215
-2.82975
-2.75253
-2.79834
-2.80286
-2.75412
-2.93446
-2.87352
-2.87806
-2.83154
-2.76414
-2.80767
-2.89927
-2.84258
-2.8729
-2.81993
-2.78512
-2.83644
-2.89726
-2.90061
-2.93241
-2.8686
-2.84543
-2.76164
-2.80735
-2.83906
-2.8591
-2.93279
-2.88037
-2.88585
-2.57142
-2.64352
-2.61555
-2.61216
-2.66458
-2.61741
-2.57112
-2.63571
-2.70107
-2.61784
-2.64473
-2.58892
-2.61107
-2.58043
-2.65556
-2.76005
-2.68361
-2.4558
-2.37359
-2.44155
-2.42482
-2.47523
-2.55795
-2.34246
-2.29016
-2.27495
-2.21015
-2.24415
-2.34657
-2.30287
-2.24983
-2.28568
-2.28612
-2.22266
-2.2943
-2.29453
-2.35029
-2.26473
-2.31548
-1.61136
-1.62834
-1.6663
-1.72133
-1.69105
-1.64129
-1.66203
-1.70668
-1.71922
-1.75033
-1.77115
-1.71599
-1.78275
-1.73246
-1.53493
-1.50728
-1.47297
-1.4506
-1.46257
-1.49949
-1.52347
-1.4861
-1.53055
-1.52527
-1.57723
-1.51956
-1.40163
-1.38502
-1.39918
-1.45878
-1.43623
-1.42793
-1.44845
-1.34828
-1.3844
-1.34078
-1.33314
-1.38341
-1.40043
-1.354
-1.28846
-1.27514
-1.24909
-1.21496
-1.22872
-1.24647
-1.26142
-1.09398
-1.13796
-1.13896
-1.04189
-1.05391
-1.18558
-1.19185
-1.1587
-1.18486
-1.22145
-1.21539
-1.1781
-1.09602
-1.08311
-1.08287
-1.14076
-1.13309
-1.11987
-1.12659
-0.921832
-0.965639
-0.97714
-0.906094
-0.898734
-0.947676
-0.953186
-0.810162
-0.827095
-0.782081
-0.764221
-0.746946
-0.769386
-0.75268
-0.80102
-0.788102
-0.929636
-0.896432
-0.888828
-0.882615
-0.855667
-0.883474
-0.912287
-0.636413
-0.658424
-0.704673
-0.568371
-0.624737
-0.807376
-0.793139
-0.839325
-0.745872
-0.765513
-0.797569
-0.775121
-0.445006
-0.521178
-0.435524
-0.444753
-0.507703
-0.458856
-0.385345
-0.662191
-0.830227
-1.00865
-0.773015
-1.13653
-0.807732
-1.20466
-0.290668
0.0841224
0.344293
0.302888
0.820241
0.385474
-0.301365
-10.3364
-10.8522
-7.82
-5.97022
-6.26541
-6.94658
-7.09618
-2.72028
-3.43852
-4.21743
-4.76756
-3.01136
-6.0771
-4.23603
-3.88371
-9.07287
-12.5212
-2.5276
0.792954
-11.825
-10.6516
-11.5485
-11.6407
-11.4951
-11.7601
-11.36
43.1252
16.4403
14.6287
70.5221
-0.621481
2.65236
12.7879
952.914
858.678
875.666
792.223
727.446
744.118
697.516
698.737
691.642
689.238
713.559
817.757
697.486
391.969
406.602
361.245
335.356
325.8
364.967
371.154
474.923
548.497
489.94
499.088
636.312
508.412
6.76507
6.80322
6.74986
6.69738
6.76227
6.65566
6.73652
6.49813
6.48075
6.35782
6.60919
6.53678
6.59296
6.48229
6.767
6.79679
6.7396
6.81443
6.77296
6.28303
6.42597
6.4994
6.65624
6.75107
6.80226
6.85343
6.8573
6.82484
6.74733
7.44466
7.41724
7.43547
7.25917
7.20087
7.18537
7.36161
6.9006
6.96663
7.21399
6.9744
7.18905
7.04555
7.63161
7.44733
7.50154
7.91687
7.55325
7.65172
53.2212
19.8785
66.008
90.1111
49.8589
109.434
79.1741
207.174
161.005
202.81
153.194
192.41
177.964
213.347
257.094
219.09
225.913
278.006
285.211
303.232
314.406
263.688
258.082
259.205
249.103
195.95
242.486
249.297
248.755
220.897
406.178
392.757
443.414
291.106
270.838
344.621
375.247
382.824
295.404
315.374
283.572
207.781
133.53
340.756
357.73
277.459
241.919
88.3587
43.1976
273.176
404.327
360.507
10.2428
12.2725
25.5462
11.9298
23.6276
125.783
61.5469
162.818
311.72
236.383
264.397
248.551
2.34556
2.26783
2.17042
2.03125
2.1582
2.19146
2.26136
1.94849
1.83141
1.91536
2.08814
2.09671
2.04152
2.04534
2.29474
2.27817
2.3483
2.30422
2.13293
2.43745
2.50645
2.52824
2.56894
2.51103
2.58654
2.54021
2.2784
2.42595
2.50946
2.08622
1.55671
2.45836
2.47294
2.27021
2.52156
2.07747
2.51569
2.79348
2.74477
2.27316
5.05151
18.821
3.848
3.23253
-11.558
3.19617
-14.7271
-0.539803
-0.537796
-0.573256
-0.576708
-0.528666
-0.542812
-0.591631
-0.830411
-0.790598
-0.820998
-0.767684
-0.773835
-0.809628
-0.805064
-0.81635
-0.831435
-0.819768
-0.873852
-0.864276
-0.848503
-0.855353
-1.03174
-0.982174
-1.02677
-0.956277
-0.954624
-1.00387
-1.00231
-1.54337
-1.51207
-1.46068
-1.42616
-1.40625
-1.46748
-1.49299
-1.3745
-1.38191
-1.39508
-1.46345
-1.44245
-1.44708
-1.42854
-1.84426
-1.78899
-1.77753
-1.82272
-1.77406
-1.79856
-1.85829
-2.05283
-2.02984
-2.05979
-2.13279
-2.07754
-2.08044
-2.12316
-2.237
-2.2978
-2.23773
-2.21715
-2.17581
-2.2539
-2.30757
-2.25451
-2.21024
-2.17768
-2.21372
-2.2435
-2.1861
-2.22489
-2.26956
-2.22649
-2.85631
-2.83239
-2.87845
-2.87592
-2.90566
-2.85562
-2.84689
-2.80606
-2.86313
-2.92417
-2.91248
-2.84775
131.863
159.251
161.674
194.975
168.707
159.448
186.388
195.633
168.764
192.722
193.228
206.028
166.454
166.502
159.985
173.725
146.4
120.129
147.078
157.319
143.24
115.895
-2.84421
-2.77223
-2.84863
-2.83486
-2.79337
-2.78279
-2.84363
-2.7764
-2.8595
-2.81051
-2.93062
-2.89865
-2.88425
-4.78095
-4.11011
-4.60812
-5.25559
-0.330435
-2.71504
-4.35196
-369.02
-423.567
-268.227
-409.698
-501.973
-185.337
-239.681
-98.5659
-75.6557
-72.8885
-76.1979
-63.3463
-118.581
-36.3173
-2.69886
-2.89783
-2.03931
-562.381
-323.279
-481.937
-766.706
-769.796
-750.652
-758.804
-732.666
-742.521
-725.587
-678.098
-734.219
-750.386
-747.364
-743.698
-725.831
-732.677
-763.993
-762.943
-738.472
-758.607
-696.361
-769.82
-767.957
-783.556
-749.413
-789.067
-771.154
-788.004
-775.921
-760.944
-710.398
-754.096
-766.061
-772.253
-823.527
-769.373
-748.838
-752.488
-769.36
-780.663
-785.332
-786.638
-786.244
-863.163
-780.186
-697.652
-133.954
-1.0581
-73.5366
-91.0678
-87.1334
0.453714
-97.8369
-344.278
-226.625
-173.682
-209.274
-217.233
-223.885
-248.283
-381.546
-256.672
-4.18967
-4.10301
-4.19314
-4.25862
-1.45872
-2.16279
-3.91677
-468.011
-389.237
-492.119
-279.694
-353.724
-299.311
-423.085
-231.449
-193.366
-366.011
-3.12275
-3.55612
-3.29472
-2.85616
-2.85614
-2.96438
-2.85579
-2.90639
-3.01524
-2.87558
-2.9226
-3.07117
134.844
163.458
165.802
200.119
175.164
163.249
189.694
200.354
174.072
185.109
186.676
211.239
117.688
147.083
160.257
-3.04451
-2.77948
-2.9711
-2.91959
-2.94833
-2.9108
-4.33834
-5.23649
-4.07071
-6.06854
-2.70179
-3.54738
-4.96024
-3.59187
-4.06025
-4.17121
-3.7284
-3.77021
67.181
2.41925
14.289
-6.03531
-0.373667
0.732553
-7.75854
-1.51615
2.94019
2.89073
3.05199
3.02343
-0.788073
-1.34848
-0.764536
-0.949197
-10.927
-11.2048
-8.73228
-8.82679
-0.154817
0.047647
0.483802
-0.177921
-0.608643
0.0516678
-0.614015
-0.387873
3.27991
3.31766
3.2136
3.24228
-1.1066
0.171436
-3.13031
-1.89034
0.178247
0.33433
0.213526
0.376629
-3.47123
-3.06043
-3.38665
-2.59399
-6.45831
-5.09724
-6.33763
-5.18278
2.44585
2.59191
2.50018
-0.422298
-0.359921
-0.439685
-0.374945
-4.42532
-3.8802
-7.04113
-8.28165
0.269849
0.382783
0.41057
0.567748
2.41974
2.41516
2.05868
1.95955
1.82472
1.77696
2.20911
2.22797
-0.624726
-0.60374
-0.668515
-0.636938
3.83121
4.05058
3.85325
4.0052
-0.642729
-0.610781
-0.707789
-0.670269
-3.90319
-3.96703
-3.41539
-3.50761
-12.6402
-11.1368
-9.26995
-7.60193
-6.90273
-6.58377
-5.73387
-5.92279
-0.902277
-0.856957
-0.975115
-0.921351
-1.07936
-1.04766
-0.978946
-0.96916
-0.981622
-0.964152
-0.969137
-0.940775
-6.29996
-5.6827
-5.02418
-4.31843
-1.15438
-1.16486
-1.11713
-1.13625
-1.20254
-1.26086
-1.28713
-1.22235
-1.23179
-1.25184
-1.28239
32.4356
8.15702
18.7531
-4.61855
19.8964
162.773
-13.6326
96.5993
-0.844387
-0.657764
-1.18265
-1.01381
548.75
503.821
749.182
709.462
0.712679
0.412989
0.793202
0.568154
-0.459767
-0.511398
-0.396943
-0.455208
-2.14221
-2.22344
-2.14082
-2.2197
-2.41624
-2.37771
-2.56603
-2.51907
-2.61101
-2.69681
-2.70687
-2.76867
-2.47525
-2.59967
-2.79731
-2.81064
-0.526383
-0.580673
-0.538976
-0.597443
7.53603
8.38346
8.68166
8.69584
-1.01279
-0.943954
-1.07912
-1.05448
-1.77644
-1.72858
-1.68644
2.01981
1.68429
-13.1181
-13.2524
-10.8998
-10.3961
-8.4462
-8.92333
-2.78759
-2.78418
-2.92335
2.0758
2.02429
1.62328
1.73101
-11.0481
-12.2001
-11.4121
-9.51152
-10.1902
-10.6517
-6.71492
-2.48267
-3.46502
7.79767
7.80639
7.56956
7.62376
7.23168
-2.55713
-2.33912
-3.12868
-2.78788
-3.66386
-3.73081
-3.9571
-4.22171
-2.90187
-3.24543
-2.57489
-0.60247
0.713377
-2.26409
-7.90533
-1.18529
325.272
1.36987
120.947
0.298494
-0.401164
-7.67324
-0.274802
-0.445197
-0.570177
3.58776
-1.26918
-1.48727
-1.17812
159.913
486.608
-0.565625
-1.65829
8.32999
-11.1075
-7.12715
-1.36628
-11.2049
-0.888255
-1.23441
-0.400323
-1.45261
-1.42548
-1.06055
873.838
2.70588
-0.328217
-1.13673
20.121
0.963691
70.7225
-0.592321
2.21326
19.8303
38.9392
-8.39408
676.92
139.602
67.7979
1.93705
86.2407
2.90842
132.46
-17.511
32.7901
94.3102
63.6293
0.582742
0.489265
0.252938
4.20593
0.351603
0.757588
2.474
0.957792
1.06659
0.770247
0.569025
-7.88974
2.43903
1.94786
-2.36844
1.69266
2.21492
1.12207
4.63244
-1.15446
0.0662474
0.635997
0.0209655
1.36309
0.274437
3.23234
0.0702824
-0.200091
-1.20636
-1.41099
-3.98074
-0.0213434
-0.125459
-0.38855
-0.983055
-0.873362
0.704898
6.92155
-1.46649
1.76527
4.51045
0.75282
2.49497
-3.00804
-2.50001
-1.32125
-1.62338
-3.93745
-9.40027
3.01382
-4.2081
5.61894
0.480714
-1.72626
-1.05677
-11.1121
-1.84616
-4.83135
-4.04855
-1.27667
-1.20992
-0.529491
0.19697
0.429008
-2.3442
-0.145824
-0.304063
-2.44503
-4.38328
-5.73655
-2.27472
-2.70978
-5.01216
-1.9431
1.83909
34.9204
-0.892926
315.041
9.03126
5.1594
5.21551
-2.11907
209.038
5.46146
5.41663
4.19755
59.6174
567.211
6.98506
547.715
869.495
0.393967
740.578
-1.81752
7.39544
45.2527
-4.98402
295.67
-5.40674
-3.1279
-2.10861
22.4751
0.225753
-1.22998
81.9819
-0.436037
858.663
753.738
354.636
-1.47503
-1.14543
-14.0263
-1.23604
-1.06492
-4.42425
661.486
-2.62314
799.156
475.961
650.634
682.44
177.817
387.366
4.0756
334.145
369.607
379.48
-3.00911
-3.24022
-4.29014
4.98625
-3.03368
-5.69951
-4.92212
-1.61769
-2.3868
-2.11038
-73.7823
-0.712772
-4.961
-8.79454
-4.98281
-137.188
400.553
-0.791853
-9.17216
-1.37674
-6.59324
4.1137
-4.76639
11.7283
184.806
3.74594
162.906
4.63038
2.8069
-3.83213
-3.03784
-4.2118
3.51859
-6.21534
-6.03747
-5.56285
7.05028
-10.7242
-2.40301
-9.46649
-1.31953
-6.55761
-6.17571
-7.42103
-4.90795
-1.27171
-3.03553
-16.5996
-6.98432
-0.366251
-6.10422
-2.37214
-10.9017
-6.31481
-6.45109
191.19
-6.27134
0.350423
-1.85277
-6.25042
-6.42836
-5.61998
-6.13017
2.73269
619.346
117.313
644.511
-6.67547
47.6422
-7.56217
-0.923687
-0.807729
4.44822
24.5341
377.412
468.583
-1.31063
1.50232
1168.72
3.67764
27.8356
-2.0693
25.3259
1.44828
9.90369
1346.19
2343.33
9.03141
39.188
-4.58521
512.582
-0.250903
-0.212517
-0.106756
-0.045938
-0.184467
0.01649
-2.1723
0.505008
0.607109
-0.0298467
-0.155304
-0.884465
-0.517348
0.527133
-0.0713344
0.598564
0.411275
-1.38473
-0.0235439
-1.17392
-0.972529
0.272082
0.648368
815.348
-1.0822
1.22459
0.486604
0.363422
0.301755
-3.58475
-10.5301
-11.0243
4.54923
-7.75625
0.444299
-4.64337
-10.8965
-1.46747
3.9802
-10.3178
-1.34141
-5.55667
-10.92
3.81069
5.4191
-9.70176
-1.96115
-1.17891
-10.1378
-2.92366
-9.08959
-6.57269
-3.54538
-10.2147
6.86511
3.23713
292.489
0.949727
-14.9487
-9.31008
-1.11504
0.189937
-12.8567
-11.2335
-11.2086
0.117226
9.05269
3.29913
-13.8108
-2.6894
-1.58413
-2.31128
613.875
7.28337
66.2145
-2.61385
-0.74418
411.013
-10.6837
3.98992
0.379264
3.53351
-13.6933
3.87532
-4.16753
0.200041
-10.8507
-4.02866
23.9403
2.5479
-13.2511
-11.2126
-0.672035
-3.52773
-14.1582
-7.0318
-2.11153
-6.54385
-1.9054
1.47824
160.875
-3.31172
-2.15252
-1.29921
-1.06212
-1.40811
-2.43645
-14.1975
-0.268473
-2.22296
-2.49112
-2.20473
0.547418
-0.0143186
-0.317349
-0.867956
3.83124
-0.911395
-1.24028
-2.11193
-2.65442
6.58962
-0.957739
-5.91065
25.7429
-1.52089
-0.933445
-0.78498
-0.888679
-0.780396
-0.886603
-0.346494
-6.4126
-0.819645
-2.50853
-1.31362
0.0683183
-1.19003
-0.735102
-1.00868
-1.02534
12.458
2.73035
-1.00566
-0.92113
-1.01977
-0.980993
-0.950958
-0.523179
-1.00474
-0.706043
-0.99375
-1.00154
-1.16005
-0.992296
-1.02979
-1.04897
-1.37379
-1.48652
-1.30659
-1.63456
-2.77906
-3.14822
-4.22772
-1.024
-1.45969
-1.88619
2.22414
-1.3621
-1.00393
-1.14488
-1.37456
-1.58146
-1.43527
-1.39565
-0.558337
-1.5945
-1.20694
-1.32189
-0.940411
-1.31752
-1.95328
-0.837463
-6.80641
-1.04592
-0.747341
3.5687
-0.603198
-14.4321
-0.839093
-0.95067
-1.6717
-0.648943
0.512387
0.00869406
-0.804013
-0.398523
-0.135664
-0.425388
-0.65811
-0.246556
-0.366833
-1.04686
-1.79933
-1.619
-0.584629
-2.25004
3.29266
-0.290235
3.05431
-0.558912
1.38628
1.38503
-2.78169
-0.789276
-0.687406
-0.588737
-0.713595
-0.736615
-0.596373
6.9749
-0.401712
-6.24634
-0.340815
-0.270951
-0.610905
3.47029
-0.658255
-0.780843
-0.130855
-1.25605
-0.0461615
-0.463569
0.0278079
0.0338423
-10.565
2.54975
-0.890433
-0.96708
-0.905641
-0.972917
-0.931051
222.118
-11.3808
-0.911873
-0.81183
-1.05922
-0.978406
-0.955442
-0.871123
1.18518
-0.67354
-0.765242
-0.992262
20.9396
77.5249
1.8334
-0.85792
-0.934704
-0.939555
7.34678
-0.806409
-1.02425
-0.560935
-1.07065
-1.03654
-1.05939
0.314313
-1.18242
8.58269
-0.974826
3.90283
-1.03612
3.15143
-2.26339
-1.03551
-1.28731
-1.2447
-0.983017
-1.16369
-1.11783
-0.874359
-1.10287
-1.34183
0.614891
-0.827307
3.46214
-1.43199
-1.15295
-1.39229
-1.32004
1.59553
-1.36974
-2.78164
7.57714
0.925065
-3.62295
-0.71218
-1.6005
-1.51501
-1.22713
-3.11576
-1.58557
-1.64053
-1.76657
-2.05427
-2.02108
-2.12232
-0.482412
-1.19403
-1.89065
-0.721284
-1.96689
0.705815
-2.34308
-1.78387
-1.98852
-1.99197
-1.84484
-1.88682
-1.52735
3.56577
-1.4537
-1.85764
-1.89384
-1.46076
-1.56163
-2.61939
-1.7774
-1.72569
-1.92054
-1.82912
-1.59985
-1.56904
-1.74949
-1.23383
-2.22288
-1.85909
-1.9152
-1.98519
-2.02207
-1.41938
-1.73859
-1.73639
-1.98634
-1.20541
-1.15872
-1.18
-1.20007
-1.14489
0.0293556
-1.37311
-1.38486
-1.26159
2.31083
4.38959
-1.01902
-1.45433
-0.969664
-0.968322
-1.08087
-1.10756
-0.990053
-1.04114
-1.10147
-1.06484
-1.11566
-0.965291
-1.14925
-10.7339
-1.07952
176.618
-1.44899
-1.24763
-1.59619
-1.33172
-1.30762
-1.3197
-0.933388
137.487
139.224
-5.902
3.69087
-2.82468
-2.60192
-2.47808
-2.67968
-1.12182
-1.1628
-1.09597
-2.45193
-2.58676
-2.69243
-2.38428
-2.46762
-2.67084
-2.10764
-2.46171
-2.40574
-12.6334
-2.66409
-6.59744
1.68338
-2.11109
-1.90197
-13.3515
28.5789
-2.78593
1.3872
1.58121
1.47122
-2.34497
-2.04322
-2.0938
-2.37221
-1.93943
-2.32815
7.49771
-2.25635
3.48816
-1.97665
-2.17833
-2.43172
-2.42661
-2.05366
-2.06129
-2.14845
-2.10248
-2.02341
-2.12179
-2.37357
2.72481
6.30207
-1.65806
-1.48668
-2.96776
-7.07435
-2.62512
1.83009
-1.98
-1.66347
-1.27515
-2.36708
-2.81429
-2.18885
-2.79627
-3.03592
-1.02051
-2.93964
-0.657567
-2.52382
-9.02208
-12.884
-3.05581
-2.77639
-2.30922
-2.36797
-2.62809
-0.873905
-2.80723
-2.71534
-2.56774
-2.0037
2.22121
-2.86423
-2.08817
-2.82366
-2.41297
2.70159
-1.83072
-1.98999
-1.82057
-1.98062
-2.34045
-2.0188
-1.46735
-1.6539
-2.40178
-2.64878
2.92064
-1.39381
-2.22903
112.934
-0.238965
-2.26605
-3.82805
-1.36816
-2.55292
-1.30537
-1.75183
0.114828
-1.16322
-1.39724
181.637
37.7492
-2.99842
-2.45214
39.7252
-6.16416
-1.47744
6.11091
172.339
-1.52997
-0.773882
-2.46506
-2.46187
-2.70178
3.51943
-2.10568
-2.5889
771.23
-2.92264
-1.88609
-2.67462
-0.617318
1.81327
14.4244
-232.957
-11.4751
-0.732401
284.774
-0.757641
-0.73673
-0.743043
-0.797753
-0.704828
-0.649057
-2.12177
-1.02044
-0.669669
-0.425886
-1.2269
-1.08016
-0.380605
-0.81641
-1.02771
-2.90956
-0.845381
-0.577926
-0.992376
-0.851901
-0.904942
-1.13348
-1.45809
-2.44275
-1.10954
-1.07783
-1.25623
-1.5157
-1.28511
-2.54995
-1.3704
-1.45973
-0.841951
-8.73061
-1.24677
-0.962395
-1.63771
-3.00123
-1.30717
-1.67312
-0.945489
-0.691161
-5.74831
-1.1384
-2.08194
-0.822158
-0.648367
-0.576776
-0.729162
-1.07961
-0.555496
1.15287
-2.57138
-1.49029
-0.849483
5.6085
-0.520412
-2.48568
-3.45222
-1.27524
-0.481575
-3.26391
-2.07652
-0.982796
-1.75937
0.285098
-2.71656
-0.628219
-0.188963
-6.22369
0.112943
-0.43301
-0.736034
-0.54377
-6.69758
-1.71591
-0.448422
4.43664
-0.530281
-0.615876
-0.568561
-0.460304
-0.505916
-2.4042
3.93032
-0.607783
-14.8592
-0.530242
19.3247
-0.28243
-0.802413
-1.72757
-0.261621
-1.05874
-0.346444
192.711
-0.167054
-2.0431
1.38026
-1.19185
-1.24159
-0.473634
1.09487
-0.340645
-2.30278
-0.50359
-1.62403
-0.184246
-1.8081
-0.564595
-8.25576
-1.00038
-0.5908
9.2972
10.3712
3.20843
7.45674
-3.56099
4.25159
3.54623
-6.18724
3.67296
3.70463
2.11363
3.88099
5.89705
3.56748
4.92577
3.51918
3.59747
-8.8807
12.5149
2.37131
0.896114
3.62774
-0.548368
16.5328
1.05808
-1.76244
14.0335
-1.15419
4.66425
3.5723
-1.17458
0.0425155
-3.76811
-4.44661
-0.783455
-2.58249
8.89305
91.1029
-3.13989
-4.76225
-8.58123
-1.56194
-2.11261
-0.983002
-1.19144
-6.48642
-117.21
-1.08243
15.079
-0.705764
-7.23229
-6.13018
-14.992
-1.89301
-1.9982
-3.16077
3.82916
-5.42526
-1.53991
-3.08971
4.01605
-4.93054
-0.873849
-0.963401
3.91434
4.82354
-10.6565
3.63255
22.1615
-3.92132
34.855
-2.99861
-3.92586
-7.54191
-13.3095
-10.594
-10.8372
-11.9056
-11.2745
-0.980077
-3.93576
-7.42493
-10.7643
-11.1519
3.516
-10.2509
-13.7401
-8.95057
-14.6612
6.27359
-12.7959
-11.9844
-9.6406
5.09693
-9.70817
0.0577916
-6.31704
-4.18252
-6.55474
-6.20015
-9.6778
-9.49475
-10.3422
-0.743653
-1.5029
3.09845
3.28104
3.13908
2.20732
2.46301
2.50399
3.66204
3.80799
3.55495
2.84065
75.4101
-2.72941
-0.788221
1.30984
2.54632
-0.102858
-2.01552
-580.132
-0.938674
-2.46287
-0.858903
-2.18198
-7.14067
3.52071
644.128
9.95941
-0.935997
-2.89035
-3.14165
-3.37086
1.33689
-4.76716
-3.09606
-3.30409
-3.01684
-2.18543
-2.77716
-2.0868
-0.678031
-2.87658
-0.554832
4.32408
3.60947
-1.51865
890.732
3.10897
-1.23273
-0.641936
0.162774
-13.1961
7.1014
1.23024
-4.57127
-3.1763
-3.61306
37.8501
-33.0759
-4.21362
25.2781
-1.67402
1.59187
-17.7754
0.532799
-2.29561
5.73252
4.6037
-4.50722
-15.5434
-1.36234
-2.0718
-5.4499
0.986952
-15.2297
-1.45739
-0.521767
4.33343
-15.2498
-10.2433
-6.29513
-6.01125
5.69011
-3.69069
-5.18377
-3.1558
-4.31147
-5.36875
-3.368
-13.5622
-3.44359
-4.00027
0.895222
1.65996
-3.18093
-3.13715
-3.08115
-3.03149
-15.2542
-3.82247
-3.77214
3.57022
-3.02934
-96.6268
-3.11821
-2.96462
-2.38864
-321.686
-3.01146
-2.99619
-464.891
-1.25599
-2.977
-3.0555
-1.49423
2.79456
-2.93402
-5.50404
1.32243
-3.23683
-1.15685
4.34046
-3.6873
-3.22418
-3.03002
-3.1974
-4.0046
-0.940962
-3.03562
-3.39091
-3.05627
-12.0058
-5.68472
-3.88884
-2.90349
-4.01994
-2.63155
-2.32262
-4.94168
-2.95348
-1.40467
-0.798111
-3.54621
-2.93183
-3.14472
-3.9832
-2.29976
-2.53611
-1.13628
-2.54584
-2.6317
-1.97612
3.49015
-2.61347
-0.203349
-2.74228
-2.74012
-0.915978
-0.240652
-2.79639
-2.88532
-2.72288
-2.68804
-1.8937
2.7888
-0.547464
3.44764
-0.543572
-2.64778
-2.78427
-4.91935
-2.43401
-2.88746
-0.392993
-4.17882
-9.46262
1.64255
0.380185
-2.8525
-0.554043
-0.0643541
-6.01959
2.68041
2.87437
2.93495
2.74126
2.63403
3.2293
3.01105
3.0391
2.26863
2.50059
3.17351
6.7242
1.05896
2.61218
1.53045
-1.27666
-2.68519
2.43102
-2.75443
-9.14019
-3.12863
3.43329
3.16448
3.38858
3.47197
3.43264
3.4644
3.93337
-9.33512
-13.7306
1704.92
-9.10588
-11.8434
2.82015
1.23674
2.92127
-0.178023
-1.42796
-5.83298
-0.363056
-1.88758
478.716
-0.555038
-1.18223
-1.71259
0.884031
-3.00129
-4.20533
-4.99877
-1.95321
-1.24003
-4.06265
-1.94587
-1.7207
-1.46651
7.17255
-2.53856
-0.72182
-1.08003
4.97025
-2.14135
-2.61764
-0.874448
-13.9674
-0.357163
-9.6147
-0.51025
-2.95899
-2.38757
-10.9754
-5.27504
-2.9584
-1.44005
-1.15468
1.06451
0.274063
-1.47604
5.49584
-1.6243
-2.88577
2.42564
1.73411
2.27781
1.35718
6.88615
3.0933
2.80322
2.8889
2.30182
3.29206
2.69409
2.28298
2.28507
-0.544755
2.19846
-2.55715
-0.875821
-1.19301
2.98869
3.51542
1.47966
2.73313
-1.19388
3.17664
3.24814
-15.2317
4.37635
3.94822
3.90231
4.08878
4.07426
3.64463
444.487
4.13875
3.96923
4.66734
3.91622
4.49662
2.77185
3.47122
635.714
3.9655
3.99146
2.21175
-1.18825
3.17533
3.18876
3.29348
3.83404
3.75752
-3.61367
3.91239
-1.1674
3.18928
1.61051
65.5032
-1.19018
3.54328
3.56218
3.28109
3.37365
3.06875
3.50571
3.52526
-2.25211
-5.14416
3.19789
3.39888
3.42112
3.77495
3.8981
3.50384
3.29183
3.58694
3.66444
3.33662
3.29401
3.15294
3.28919
3.08991
3.08627
3.74831
3.48792
6.2557
3.48465
-1.36064
3.40746
3.45377
724.831
3.51161
3.49518
3.44797
0.163997
0.0771137
-0.0280946
5.54227
-8.05537
0.800784
-0.00944358
3.4472
0.950391
1.5447
-3.29287
1.42967
4.16461
2.84142
2.87999
1.73078
2.73033
3.71876
4.33088
0.753937
4.21058
3.72629
4.52905
4.83878
5.58492
-0.0186174
3.41621
2.97648
5.16942
5.63722
-9.5632
-0.631832
5.97813
6.07688
6.91806
5.48922
6.21783
6.00734
5.45644
3.61364
0.198552
6.88764
-2.85216
3.57049
5.53883
-1.42853
3.22053
5.68047
4.31494
4.53216
6.9318
-1.38483
3.53605
5.0924
4.35662
4.90759
4.49278
5.11774
3.59268
4.88631
2.7981
5.63987
2.85798
3.13038
4.78006
6.57431
3.24853
6.6098
7.03051
6.78351
6.60979
7.01456
7.00703
3.6417
2.71591
6.87721
7.09489
4.76239
2.95039
7.08499
7.2444
7.19729
7.2887
5.10504
7.39803
7.48583
7.23372
7.07153
6.87606
6.86473
7.03284
-0.935403
7.14856
7.14535
0.286323
7.11004
48.7712
6.67473
7.33767
7.10148
6.5794
7.32954
52.0045
150.574
144.268
156.094
186.196
3.12849
6.79286
7.22859
7.47654
7.47249
7.4272
1.49652
7.27394
6.08042
7.36461
93.9915
7.31528
8.38494
11.2064
6.43938
8.66092
7.40609
395.93
968.108
0.952209
209.278
139.211
64.2663
7.24388
9.09277
421.913
423.895
730.841
-1.04082
646.546
12.0658
7.2923
41.8444
1.69841
6.62612
6.19544
6.39938
6.48221
7.43086
6.52233
7.54588
7.55459
3.6509
7.03822
6.74834
-2.24157
5.45995
6.69105
8.08321
6.54702
5.22815
6.8581
10.0487
91.5916
6.94888
7.52253
7.27742
-6.16455
-2.09391
-21.6336
10.1395
6.8091
-2.55361
6.7443
159.871
-2.01561
224.579
6.29739
-3.88492
-19.5174
13.622
-11.2049
2.75554
6.47151
142.173
293.516
221.143
162.708
314.101
6.52965
81.8681
0.236695
9.33083
11.4318
65.9035
0.454164
7.2124
2.03167
2.40727
-1.89796
-1.44521
-2.16139
-1.7477
2.45235
4.03258
11.6618
12.1445
-0.963751
-0.583769
-0.870668
66.8922
-0.545365
1.01377
0.772113
-1.38657
842.312
509.614
878.943
-38.9944
2.26608
529.737
178.926
716.762
2.49268
-13.1407
15.9876
118.238
4.68167
470.995
-1.92224
242.521
622.881
949.857
0.993775
8.84459
666.794
507.604
715.858
39.7504
2.63793
622.108
495.764
152.511
6.66277
395.053
866.716
401.933
1.9126
-1.96715
3.36229
0.868198
1.18095
107.282
-0.0428413
0.232468
931.269
0.580079
0.724277
812.163
43.4515
-4.27408
4032.61
-2.5937
-1.29414
3161.33
592.424
-4.40476
235.727
61.08
1185.85
-4.45321
791.201
-0.278791
-1.39622
6.72499
1.42926
-0.537749
-0.532392
-0.267919
-0.142026
6.98967
2.19071
0.321713
0.227259
0.896114
0.445995
0.671659
-0.785675
1.35169
-0.429937
47.9164
0.809258
0.369856
0.0479294
0.641338
-1.19154
1.40373
1.77697
37.964
-3.64173
0.258703
5.77318
-0.0562929
1.9557
-1.32011
274.589
6.20149
-20.3113
6.75923
2.00913
-35.4744
-1.07176
1.83684
120.816
-11.301
8.19261
13.6755
-8.05368
457.147
-5.94564
0.213802
-14.9525
-3.22221
63.582
-2.56781
1.03885
-0.407245
-6.16069
14.0149
-2.05398
-1.6496
2.72816
-32.6417
-5.5114
2.84457
4.00923
-18.8762
3.61393
-8.8769
2.93913
-4.4164
-5.45348
2.55705
6.24343
2.92148
-4.91181
0.237009
-2.15684
3.63727
2.43965
0.454176
30.4139
2.85718
0.774054
4.34145
60.8182
3.58312
0.136405
-0.379214
2.87662
3.63191
6.10859
4.79922
1.15074
3.6383
3.40947
3.37295
3.62934
16.0065
2.8605
-10.8455
6.8838
3.29753
1.10219
2.79775
2.85864
-1.6704
4.64766
3.02193
2.97084
-2.68774
2.95116
3.08405
3.12161
3.0764
-9.1517
3.17422
3.21943
3.27212
3.03816
3.11142
2.35756
4.98129
3.03035
3.33399
3.25041
3.3625
-5.84892
3.32789
-0.388562
3.32547
3.28574
-21.7931
3.21886
-5.97553
3.11911
3.18276
6.32692
-3.01077
3.42332
3.48294
2.45938
2.82378
2.95841
2.42543
6.72098
6.42592
2.29799
2.74126
4.54295
1.82019
-0.73619
2.09864
3.25479
2.80609
4.798
4.81444
4.17883
2.37348
2.94333
2.37061
5.05621
30.5482
39.3372
2.12153
2.28221
181.843
0.892992
2.25477
1.82446
2.02125
-1.54096
-2.87868
1.74034
-1.16268
3.37305
3.31566
3.18093
1.87108
3.0766
2.43914
2.79108
2.30008
611.076
2.40992
-1.90604
2.37973
3.17228
2.74632
3.00121
-1.91992
2.94085
2.48754
5.01948
3.1593
2.60807
2.85146
-10.0759
3.06844
3.13731
3.26182
2.27813
-1.24876
3.30206
3.4541
3.44151
3.17071
3.07005
3.37237
3.13414
3.27359
3.22386
2.45456
2.70474
2.92952
2.0527
2.64239
2.76954
2.52132
2.8858
2.89957
3.57017
3.11207
3.15943
3.30881
9.13722
0.67598
2.47891
3.47281
3.53381
3.1962
-3.3146
2.81712
3.3307
0.139032
2.47395
13.4455
-35.3922
0.0328214
-36.9486
2.64147
-3.43473
-0.171517
-10.8892
-0.851041
-11.0874
2402.37
2.74948
-0.505604
4166.53
1.98219
0.474758
64.2675
431.55
231.046
-0.650343
1.72452
207.024
541.552
24.5482
-1.90315
6.713
-513.767
-1.15693
887.006
779.788
190.175
189.606
-0.916637
8.7017
504.074
0.169918
1008.88
-1.40794
1.81265
773.1
-1.39713
-2.27636
7.10848
7.55113
-1.3446
2.12837
2.40918
2.67908
1.86721
2.57553
-2.10281
7.14983
-0.877618
58.2656
3.00002
4.95778
-54.1689
7.70664
3.24879
-3.20091
6.41861
7.80859
6.9809
-33.266
5.25998
-15.4369
-41.7992
238.755
17.6487
0.58834
-1.37956
-0.140339
838.435
-7.99914
3.91285
7.36222
697.145
951.094
40.0439
598.236
8.94064
7.30853
-0.798901
11.0302
982.438
96.7129
8.333
138.25
54.1283
2.51122
7.81542
4.65604
4.90209
15.2518
7.53236
730.091
7.04508
380.18
75.9708
0.402352
7.22105
6.87763
3.40138
0.360401
19.24
-7.80308
-2.04768
6.46805
7.2324
1.24447
5.4171
8.08359
6.26575
6.24557
3.32515
6.85198
7.86678
3.39954
5.02999
7.37834
2.72786
2.94489
2.35961
6.60508
2.17362
2.18299
4.50371
1.40158
2.56698
3.20726
-16.3152
3.50117
2.38235
0.844885
2.47394
3.17679
1.01821
2.41855
3.50358
3.457
3.73154
3.43602
-2.62751
3.47265
3.06923
3.41876
4.09096
3.52562
3.60812
4.65102
5.69167
6.44729
-4.94893
4.22535
3.82016
3.26863
5.24227
3.31204
4.7784
3.70684
-12.8793
-0.271228
-2.14059
-1.03832
1.72012
1.65664
-0.679032
0.190818
0.464421
-0.614087
205.021
-0.493388
116.461
0.588643
-1.46339
-0.267022
-4.92154
-2.50187
-10.3652
-1.12505
-7.90445
2.7572
-2.06797
-6.83625
-6.7532
-17.7439
-3.40088
-1.56333
-3.00909
4.14252
1.52492
-4.57899
3.50883
1.76736
2.71851
8.3672
1843.03
-2.58941
-8.20146
-0.695731
1.32549
-2.44071
-8.68084
-0.603105
1.15411
0.814379
-2.75087
-2.82151
5.63895
-1.73216
0.765866
0.597591
-174.801
-5.55017
-1.79095
-0.0463927
3.52332
-1.01048
-2.52375
-0.929348
-3.00431
-1.29816
-7.11894
-2.0158
-2.34694
-0.925722
-1.25712
-2.39238
-8.79946
-0.745673
-1.41036
-0.517144
5.91649
199.551
-5.47104
-1.8017
0.622259
-0.732162
-0.440629
-1.56177
-3.52884
-0.00678016
34.6545
-6.22701
-1.50528
26.0419
-2.87398
-2.73138
-6.13701
-0.953163
-1.57093
3.51734
-0.54019
-201.366
-1.61771
-1.11134
4.1327
-4.1087
-20.1506
14.2836
-0.695524
-7.6417
2.08159
-0.71445
-1.46626
-1.32761
-1.72306
-136.817
3.65513
4.05364
-3.1701
2.89998
-1.11771
-2.6417
-1.27681
-1.71564
-1.61291
7.63559
-411.73
11.0242
-0.697438
-2.4119
-0.434434
-2.57676
-0.892783
4.93071
-2.21846
-2.42108
-6.2115
-4.94415
-0.963224
-2.42746
-2.77122
-3.33473
-2.76947
-9.07805
-2.79854
-1.7873
-2.25603
-2.29692
-2.1384
-2.65494
-2.02411
1.3369
-2.6616
0.419528
-2.67364
-2.49755
-2.70027
3.64282
-2.61596
-2.48855
-2.43285
-478.755
1.59069
-1.216
-1.32851
-1.08722
-1.50446
-0.97328
-11.6563
19.8749
-1.01706
-1.32628
3.44038
-1.13153
2.91529
-2.97824
-1.94776
-1.76413
-1.29414
-2.95495
-1.34127
-0.478207
-2.5368
7.41501
-1.61134
3.74525
3.08963
3.21551
1.70167
-2.20305
-0.344763
-5.23491
-1.81243
190.87
-1.01893
-1.45984
-11.0413
-1.07293
-2.16917
-1.58396
-0.841105
-1.66458
-1.95705
-1.04277
-0.938403
-3.63721
-1.01383
0.269836
-1.82352
2.41097
-0.879632
3.33104
-2.04913
-0.840247
-0.762096
-1.33147
-0.913412
-0.879275
-1.0426
-1.525
-0.437959
-5.55938
5.35734
-0.650583
-1.96272
1.26185
-0.951598
-1.19951
-3.63387
-0.669469
-2.18611
3.55482
-1.17007
-0.277837
-0.303398
-2.06302
-0.22368
-0.172749
-1.22937
-0.618689
-0.436103
-1.68261
-0.819185
-3.42911
3.15581
-1.50478
3.66603
-1.02567
-0.833018
-4.735
-1.07084
0.436626
-0.991855
-1.05586
-0.800781
-0.89981
13.7556
-2.57785
823.787
-0.947776
-1.87342
-9.24111
-1.21801
-1.09223
-3.47929
-1.19256
-0.994959
1.64786
-0.411305
-0.92681
-0.708816
-0.845856
-0.37788
-4.43293
-0.968936
0.517375
-9.14715
-4.17823
0.0731299
-3.77899
-1.83815
-4.85512
-4.02498
-6.21368
-0.643101
-0.51589
-1.36354
-4.74129
-7.60956
-3.02405
-1.02264
-14.5489
-573.674
2.86557
2.90659
-1.06383
19.9832
-5.6945
-3.59354
-2.38864
-3.25664
3577.36
6.52769
140.141
1.22221
19.2323
-1.61339
192.512
-7.64528
0.00377527
1627.76
182.597
-6.05914
-0.85933
163.101
2.02244
-1.5168
0.74661
0.359042
-2.96897
-1.33074
1098.74
-0.430517
-6.59293
815.862
241.303
-35.1266
-7.92954
-50.029
-3.94925
2.97256
-0.166574
-3.03441
63.1412
-4.57709
980.59
-7.29798
7.06473
1.22672
107.915
-1.85178
1.39415
1123.55
180
68.9414
14.0124
350.316
225.59
36.5549
-1.87963
-0.0953833
-33.4924
-9.8506
0.372148
4.43094
0.608393
6.76066
-2.16467
-6.60259
9.25165
97.6021
6.67199
2.62352
-3.16936
-2.84392
258.976
-4.51511
-2.74734
3.49979
-0.290485
-1.88481
-4.86746
-2.03209
-2.28273
-0.0531137
-0.353507
3.89604
748.846
3.20136
3.31908
1.13398
3.25798
-0.123564
-12.2338
-0.362016
-0.0102828
-0.623434
-1.71956
156.63
4.41433
4.8508
-0.0597907
13.1308
-15.5444
1.61879
-0.27311
3.21542
-3.47822
1455.8
7.82241
4.96353
2.53975
1.21831
-1.57583
-6.14883
81.9185
-1.20546
-0.729739
0.180783
-4.15101
260.615
-0.202395
127.083
-3.2625
3.72834
6.76065
3.25082
-12.4918
5.72028
-1.72858
-12.0134
-1.06604
-1.40497
-0.952757
-0.533683
-0.900627
-0.245484
-1.21446
-3.82253
-6.05393
-1.65194
-1.69006
-1.77639
2.53138
-1.06083
-1.08578
-1.00249
-13.998
1.91479
6.49994
-3.42543
-21.5888
-2.82706
-4.4286
0.0896097
-0.983245
2.85644
5.13797
2.93163
-3.6029
4.98315
3.21211
-4.33503
2.89776
3.33716
-1.29832
-4.45729
-11.9726
2.97165
-3.13626
-1.33464
4.63496
2.33299
-0.680722
-1.74974
4.1192
-2.07526
1.01421
-1.6182
-4.58521
-4.52614
-12.2085
34.9985
2.69179
1.49193
-7.30373
3.1495
2.32764
-5.97376
3.50394
-1.51213
3.19867
-9.39155
7.17425
3.00121
26.6168
-6.78698
-9.03892
3.10039
-2.53403
-9.12594
-0.83271
-2.95281
2.11806
-0.763785
6.91138
-2.37265
-78.0056
3.00041
2.35266
17.259
2.83958
2.56227
-3.44085
-6.94179
0.115875
6.39536
-1.28526
6.34576
-2.41692
-1.17452
2.90576
3.5186
3.28265
6.62735
-4.07102
4.02336
-7.59611
3.41907
-1.61014
-0.535214
4.21262
-9.90512
-12.6311
2.6386
-2.79078
-0.78355
-1.94949
-593.406
3.24691
-1.0806
3.32842
-2.06433
-0.472414
-0.515883
3.72148
-1.72027
-0.306903
-2.64778
2.45872
-1.68586
-0.918524
-68.527
-6.57604
6.00386
1.39163
3.41972
-2.02234
0.0988408
0.757636
-0.363714
-2.46516
0.835116
-0.201178
2560.29
1.01122
-0.803475
-4.19288
1.91294
-1.09822
-2.8968
-7.42065
-4.77842
-0.453744
11.1264
3.16406
-1.92299
1.07822
0.864401
-2.46784
3.73622
3.06377
-1.2194
-0.169917
-5.58283
-1.56197
)
;

boundaryField
{
    FrontBackPlanes
    {
        type            symmetry;
    }
    wallz
    {
        type            calculated;
        value           nonuniform List<scalar> 
97
(
-567.85
-607.897
-653.661
-401.517
221.876
53.4821
-0.489319
222.693
215.052
-2.23344
-2.6142
-2.50588
1.02062
1.30563
1.82091
241.692
355.375
282.716
-0.963928
-1.38172
-1.94748
0.0322053
0.370555
0.720817
487.072
684.857
857.64
0.903997
0.393174
-0.405056
-0.555479
-0.392466
-0.199821
1138.05
1071.93
2.15758
1.58185
-0.939682
-0.82031
-0.709752
830.49
377.233
2.69197
-1.26612
-1.14822
-1.05602
4242.75
3044.63
5483.68
4.07231
-1.63872
-1.50029
-1.38424
1780.97
860.008
478.386
5.08695
4.54623
-1.93317
-1.77447
825.239
1052.96
936.864
6.05549
5.62569
50.0692
17.3533
-2.65293
-2.44155
863.933
750.249
557.256
6.73723
6.50202
7.21399
7.42356
7.89666
262.349
307.924
411.433
212.597
159.946
-2.85155
-559.945
-742.567
-784.282
-227.392
216.494
162.885
-3.04714
3.60089
690.054
-2.09724
235.256
903.867
-2.30875
3.10597
)
;
    }
    outlet1
    {
        type            calculated;
        value           nonuniform List<scalar> 
31
(
-2.943
-2.943
-2.943
-2.943
-2.943
-2.943
-2.943
-2.943
-2.943
-2.943
-2.943
-2.943
-2.94301
-2.943
-2.943
-2.943
-2.943
-2.943
-2.943
-3.0189
-2.94747
-2.94304
-2.943
-2.943
-2.943
-2.943
-2.943
-2.943
-2.943
-2.943
-2.943
)
;
    }
    inlet1
    {
        type            calculated;
        value           nonuniform List<scalar> 2(-772.872 -790.247);
    }
}


// ************************************************************************* //
