/*--------------------------------*- C++ -*----------------------------------*\
| =========                 |                                                 |
| \\      /  F ield         | OpenFOAM: The Open Source CFD Toolbox           |
|  \\    /   O peration     | Version:  v2012                                 |
|   \\  /    A nd           | Website:  www.openfoam.com                      |
|    \\/     M anipulation  |                                                 |
\*---------------------------------------------------------------------------*/
FoamFile
{
    version     2.0;
    format      ascii;
    class       volScalarField;
    location    "0.15";
    object      p_rgh;
}
// * * * * * * * * * * * * * * * * * * * * * * * * * * * * * * * * * * * * * //

dimensions      [1 -1 -2 0 0 0 0];


internalField   nonuniform List<scalar> 
6576
(
2600.19
2539.2
2555.39
2573.34
2614.13
2635.65
2568.45
2568.72
2620.11
2593.2
2697.7
2659.35
2624.56
2652.21
2552.84
2575.31
2481.82
2557.4
2560.02
2683.62
2514.41
2669.74
2678.14
2551.55
2634.74
2711.24
2848.33
2621.37
2532.68
2534.29
2591.93
2480.32
2586.54
2647.5
2630.57
2688.15
2624.18
2691.53
2585.76
2640.23
2552.53
2521.42
2597.2
201.214
146.895
205.972
132.989
203.115
209.865
205.352
207.338
209.179
0.0191165
0.0136581
0.00439455
0.0386279
0.0275333
0.0140461
0.0267886
0.0206413
0.0394445
0.0481763
0.0603412
0.0448698
0.020336
0.0456384
0.195496
0.181474
0.154274
0.156087
0.175739
0.112718
0.145581
4.08967
4.01524
4.28363
4.05665
4.15279
4.20183
4.18962
3.93259
3.88084
3.90095
3.97915
4.11024
3.95255
3.93382
9.07044
8.48086
9.03939
9.22345
11.7384
8.8461
9.61158
257.625
261.511
275.931
228.443
255.151
272.841
250.415
261.559
254.955
262.343
261.228
271.335
264.355
278.645
226.834
222.421
221.876
223.107
220.534
219.582
-0.0538826
-0.0451644
-0.143778
-0.0958215
-0.330445
-0.219691
-0.190234
1650.41
2490.47
2360.63
2542.75
2643.38
2704.98
2794.15
0.492476
-0.288328
-0.0201314
-0.734301
-0.489917
-0.88457
-0.849517
3.48141
3.8565
3.3282
3.99485
4.14012
3.96696
3.67975
-0.130282
0.623821
1.90014
-0.0169231
1.2683
1.58466
0.118778
-4.46143
-3.80023
-5.00013
-2.61771
-2.31203
-2.74916
-2.8986
-7.26585
-9.99548
-8.4
-6.8861
-9.71852
-8.12512
-6.27551
-8.56953
-6.209
-10.6262
-10.9128
-11.0241
-10.531
-9.68469
-9.77771
-10.2736
-12.0636
-13.2177
-11.9439
-11.7656
-12.6181
-11.5574
-11.8929
-11.8964
-11.2035
-6.92744
-6.2385
-6.36341
-7.05378
-5.92277
-5.572
-7.48866
-7.42981
-5.70347
-4.0671
-4.33702
-4.13779
-4.66924
-5.74144
-4.17132
-4.69324
-3.93727
-3.4919
-3.59234
-3.60516
-4.5741
-3.95444
-3.46203
-1.86048
-1.73501
-2.16141
-3.15405
-2.07084
-2.24176
-2.46417
-0.614017
-1.06027
-1.17655
-0.238353
-0.67484
-1.02344
-1.40701
-1.50028
-1.27348
-1.39001
-1.88827
-1.70836
-1.72159
-1.99805
-2.71323
-2.18418
-3.48683
-2.74974
-3.27603
-4.24392
-3.38631
-5.55336
-7.29953
-6.27114
-5.3181
-5.00996
-7.10993
-6.25901
-10.5723
-10.4906
-11.9075
-9.52745
-8.86334
-10.6496
-9.36773
-11.1224
-11.206
-10.3664
-11.0549
-12.2119
-11.0617
-12.1112
-11.5509
-10.545
-6.76576
-5.66194
-4.881
-8.68261
-7.87301
-7.02137
-6.58436
2.73462
2.60359
2.8434
2.95998
2.8869
2.77818
2.90535
215.068
216.02
214.734
214.451
214.978
211.255
212.801
213.33
213.753
209.772
215.607
212.931
207.063
207.721
201.813
127.202
1.89286
1.97018
1.93803
1.83961
1.92912
2.27351
2.44399
2.15136
2.11703
205.913
210.412
205.002
2.23802
0.168526
2.07375
-0.679114
0.33437
-1.46433
-2.35086
-0.194999
-0.329063
-0.215039
-0.233384
-0.133503
-0.117923
-0.204526
280.515
17.7064
1.53121
127.871
6.67347
3.32023
2.93113
1.71934
2.47692
-0.672167
-0.874533
-0.932808
-0.28545
-0.528551
-0.576778
-0.695581
3.68275
3.55981
3.96406
3.0182
3.55609
4.53695
4.45729
8.78747
3.17276
4.6507
2.10824
2.41211
1.51007
1.76973
2.96826
3.14434
2.05259
24.4294
4.5147
2.47463
2.93116
1.83798
2.01837
2.27636
1.96349
221.994
220.256
222.693
222.016
225.918
223.482
228.948
214.252
214.892
215.052
217.199
216.095
214.305
216.295
214.645
213.619
201.534
164.933
211.918
220.064
219.276
204.868
209.437
6.14312
9.97839
13.7532
13.6168
44.6926
16.2301
12.23
-5.72453
-7.69791
-4.09301
-11.396
-9.3376
-10.1323
-8.34794
-6.65914
-7.57885
2.5622
3.26512
0.558544
-6.26083
-10.2084
-2.25964
-3.90143
0.52138
-4.88789
6.8192
-4.98098
-7.27846
-2.87725
-1.18467
5.48187
1.4908
695.241
724.972
1433.17
928.75
688.698
31.7515
664.147
1527.08
1535.44
1557.57
1523.78
1472.04
1517.85
1555.25
-3.59396
-4.38334
-3.40897
-3.28129
-2.73869
-3.50363
-2.74342
-1.7476
-2.22762
-1.54035
-1.69836
-1.40878
-1.15521
-1.28119
-0.614751
-1.04714
-0.679714
-0.251749
-0.473203
-0.706855
-0.472491
0.400519
0.422883
0.543264
0.464404
0.502467
0.705866
0.746972
0.63703
0.635744
0.367139
0.367223
0.433654
0.465952
0.490723
0.424699
0.431144
0.341668
0.557939
0.38959
0.381027
0.33867
0.447427
0.374762
0.343903
0.342699
0.327434
0.399265
0.446348
0.382174
0.387319
0.0587251
0.0946766
0.212796
0.0852354
0.0520154
0.10586
0.258657
0.202342
0.15549
0.150823
0.141587
0.157223
0.250739
0.193522
0.0629719
0.171126
0.109352
0.168561
0.174339
0.431903
-0.00423744
-0.0165172
-0.0164579
0.00732405
0.00232243
-0.0102255
0.00423572
-0.00314782
-0.013836
0.00435495
0.0412223
0.005798
-0.00125798
0.00185589
-0.0188707
0.00595965
-0.0164036
-0.0167497
0.0231371
-0.00783124
0.0064691
-0.0213692
0.00737682
-0.00475773
0.00822398
-0.000779401
0.0102491
0.0108172
0.00449506
-0.0107672
-0.0046881
0.0048959
0.0266496
-0.00942331
-0.0040021
0.000742529
0.000941634
0.00183183
-0.0232308
-0.00429569
0.00532634
-0.0251501
-0.668329
-0.543763
-0.636562
-0.841363
-0.488725
-0.783356
-0.520066
-0.542963
-0.708389
-1.74148
-2.01122
-1.73469
-1.94763
-1.14997
-2.2479
-1.72864
-2.45594
-1.84517
-2.12833
-2.60069
-2.5625
-1.83431
-2.07928
-3.80931
-3.76855
-3.15898
-4.59589
-3.37632
-2.99852
-3.89794
-11.2909
-12.0267
-12.3709
-10.5766
-10.1583
-12.9895
-13.0438
-12.7496
-12.4887
-12.0067
-12.5486
-12.5626
-12.0043
-10.6345
-10.3715
-10.8221
-9.6197
-10.6129
-12.0888
-5.35432
-4.78506
-3.93048
-6.25446
-3.57362
-5.41041
-7.50897
1.24469
1.21314
1.23379
1.20838
1.19108
1.21972
1.23638
0.982936
1.04705
1.0636
0.916748
0.908407
0.955561
0.943396
1.01444
1.0302
0.935557
0.812909
0.858298
0.753198
0.852465
0.748099
0.843582
-0.0203134
0.0554494
0.0072647
-0.00981218
0.0625594
0.0734496
0.00368229
0.263552
0.242612
0.189989
0.255624
0.22483
0.211717
0.167794
0.401303
0.427564
0.377398
0.396452
0.357495
0.390528
0.422955
1.00995
0.913373
0.998736
1.05163
0.970467
1.08299
1.00837
1.32067
1.35962
1.32632
1.35714
1.20208
1.44856
1.3351
1.43225
1.31592
1.26246
1.37352
1.36685
1.41632
1.39658
1.3833
1.31833
1.34342
1.26216
1.67047
1.6651
1.5919
1.63156
1.53841
1.64235
1.66224
1.51949
1.57388
1.51918
1.59871
1.65767
1.59221
1.58771
1.52002
1.4987
1.81943
2.02864
1.78841
1.7842
1.68695
1.74209
2.14461
2.48639
2.78649
1.98053
1.90823
1.81996
1.64266
1.74663
1.77637
2.07153
2.30182
2.02896
2.41355
3.03962
2.2727
2.22746
2.16895
0.941563
2.21936
-1.76217
3.97122
3.94309
3.85498
3.43381
1.98607
4.12338
3.34632
2.2456
36.8457
2.77213
2.92841
1.92898
207.13
205.131
211.494
185.35
182.718
203.474
195.7
222.36
220.015
218.795
274.287
275.646
282.921
282.318
294.483
284.33
291.821
236.906
241.976
241.821
242.086
249.5
252.252
237.87
255.149
245.308
233.061
241.692
237.303
350.287
335.811
355.375
374.385
353.848
347.387
376.346
381.684
357.354
272.25
281.106
282.716
292.131
281.442
302.958
302.549
263.677
279.741
271.804
480.294
448.028
485.119
535.288
485.167
505.304
584.74
321.126
323.232
348.178
392.476
393.971
333.894
335.912
259.46
263.423
177.982
304.151
268.599
254.846
286.548
306.191
290.348
365.818
405.837
422.335
339.041
355.26
482.437
239.405
272.681
382.561
231.116
436.317
121.307
303.923
86.8501
260.051
157.787
63.3016
130.047
251.757
226.999
374.573
287.835
443.614
169.335
336.375
414.889
100.463
99.2916
255.315
133.399
506.2
99.0061
547.852
542.587
29.6926
-8.43932
-7.65239
-6.69249
24.6414
-2.87783
1.58649
-4.56554
-7.12516
-7.46614
-10.3533
-10.8545
-10.0419
-10.993
-11.4797
-11.4547
-11.7404
-1.3623
-1.67224
-0.0214351
-3.65092
-1.83311
-0.682404
-2.52919
-2.77149
-1.86853
-4.28449
-4.06012
-2.86324
-4.85297
-6.07236
-9.51489
-10.4135
-7.56413
-5.12828
-5.47947
0.522811
0.128004
0.0282677
0.756614
0.968284
0.557439
0.46357
0.827624
1.11586
0.970318
1.21318
1.21481
0.951432
0.897847
1.81218
1.90412
1.69998
1.7818
1.70832
1.52863
1.64378
1.29584
1.5984
1.34785
1.28654
1.16174
1.34763
1.25714
1.32635
1.23303
1.10273
1.47311
1.35043
1.32607
1.24579
0.787192
0.983162
0.98267
0.913542
1.16392
1.01388
0.936285
0.911574
1.14686
0.918894
0.897114
0.928721
1.01596
0.522512
0.477039
0.552429
0.535328
0.659148
0.48418
0.745681
0.579181
0.421671
0.418212
0.488298
0.212868
0.13945
0.245094
0.13963
0.106172
0.180189
0.190808
0.0316786
0.00150015
0.0208758
0.0436606
0.064564
0.0194037
0.0255171
-0.0852108
-0.0479188
-0.0312005
-0.102487
-0.0478733
-0.0557292
-0.0623394
-0.0115544
-0.00938606
-0.00612499
-0.145816
-0.15132
-0.165135
-0.0813417
-0.156283
-0.173754
-0.130388
-0.048224
-0.0228775
-0.00126391
-0.0404325
-0.0831844
-0.0349634
-0.0711411
-0.00890736
-0.0865216
-0.0669649
-0.0773526
-0.0840924
-0.047153
-0.0101101
-0.00993574
-0.119955
-0.0937127
-0.0677328
-0.118131
-0.0235836
-0.0844301
-0.0630061
-0.0570921
-0.0802753
-0.0933406
-0.0811163
-0.507108
-0.554442
-0.482655
-0.448772
-0.298215
-0.436754
-0.490984
-0.329907
-0.220321
-3.36538
-2.97469
-3.72501
-2.18041
-2.64723
-3.16604
-2.73026
-5.91501
-5.4431
-5.41871
-4.26745
-4.41452
-5.1202
-4.82074
-6.61243
-7.38131
-8.15281
-5.66593
-5.0325
-4.58757
-4.8934
-4.61122
-4.57454
-4.66482
-5.01987
-5.13546
-7.54459
-6.61619
-5.55369
-7.0135
-7.45074
-6.87199
-7.46192
-6.94939
-6.44132
1.43951
1.39257
1.40772
1.43288
1.39338
1.42541
1.37971
1.38664
1.42558
0.834357
0.858748
0.859509
0.793642
0.793478
0.820651
0.815308
0.712711
0.767356
0.721735
0.713812
0.665007
0.68538
0.730775
0.526854
0.48095
0.539092
0.544288
0.499231
0.593789
0.540048
0.528861
0.577193
0.402215
0.40949
0.364275
0.453815
0.417846
0.392017
0.425248
0.830325
0.803759
0.801732
0.774218
0.79846
0.775625
0.792931
0.930193
0.940381
0.99959
0.927931
0.921902
0.882477
0.927715
0.905278
0.956751
0.909543
0.925596
0.985534
0.934177
0.935558
0.90464
0.877035
1.06085
1.1421
1.12442
1.13194
1.22082
1.15855
1.21599
1.02508
1.15884
1.09991
1.40402
1.47319
1.43039
1.57827
1.69179
1.66507
4.08242
4.71999
4.87537
4.59635
4.82238
6.02562
4.01266
321.333
351.669
335.644
463.24
466.92
424.053
554.923
467.061
445.947
495.518
487.072
427.771
464.516
644.677
671.319
684.857
682.829
762.324
722.066
831.531
632.923
695.273
651.563
1028.31
1081.49
1020.99
1207.07
1023.29
1022.36
1193.34
1110.48
857.64
891.911
867.755
851.75
925.932
594.257
740.934
707.194
704.66
759.688
750.632
667.74
852.904
760.213
909.354
947.081
955.146
909.184
916.233
653.735
509.814
644.023
674.852
729.915
659.624
743.03
443.966
320.276
398.647
146.002
335.781
140.968
295.155
29.941
-5.37769
57.0761
42.6567
600.375
-5.52275
222.666
762.131
755.005
835.912
764.486
840.977
753.94
802.566
4.83173
129.305
28.9835
104.058
189.534
54.5246
512.384
3.99713
4.18401
4.02112
4.08506
3.96331
3.98398
3.84595
4.06935
3.98088
4.12424
4.13089
4.14554
4.133
4.07652
3.49695
3.59445
3.84678
2.98377
3.61262
3.22673
2.95526
2.5451
2.48116
2.05118
2.68224
2.92866
2.73245
2.49572
2.64005
2.30933
2.62925
2.70561
2.72204
2.35115
2.5209
2.52846
2.76177
2.75517
2.78113
2.82292
2.69196
2.55645
2.61333
2.81569
2.81755
2.8133
2.87389
2.63258
2.75649
2.05142
2.30029
2.26498
2.13199
2.33792
2.38107
2.47862
2.43981
2.29563
2.84844
3.12706
2.93736
2.86866
2.68402
2.95135
2.86217
2.89359
2.83708
2.66989
2.94144
3.05529
2.94773
2.84422
2.42654
2.63103
2.44273
2.40658
2.20944
2.06127
2.31232
1.63315
1.82467
1.74961
2.01436
1.83342
1.92309
1.7842
2.38962
2.6039
2.4594
1.69571
1.8517
1.78207
1.20945
1.25599
1.24731
0.63436
0.684983
0.764581
0.754583
0.728718
0.906926
0.831344
0.477916
0.636208
0.529736
0.41121
0.622994
0.268383
0.253428
0.335214
0.399031
0.476149
0.353681
0.333598
0.18193
0.385859
0.356147
0.0907685
-0.0408749
0.2249
0.25479
-0.0109278
-0.120086
0.0246819
-0.251694
-0.104159
-0.00986464
-0.0909709
-0.616987
-0.501117
-0.397005
-0.876941
-0.754325
-0.188648
-0.323974
-0.232172
-0.165615
-0.22119
-0.225565
-0.244213
-1.14326
-1.01112
-1.18056
-1.00762
-1.32929
-1.03618
-1.04699
-0.344965
-0.249442
-0.310232
-0.337927
-0.285398
-0.401859
-0.37464
-0.0963806
-0.101253
-0.0701421
-0.0788189
0.00105207
-0.0576043
-0.205266
-0.107999
-0.135332
-0.16889
-0.0920276
-0.0118664
-0.172354
-0.0972075
-0.131728
-0.165813
-0.0884535
-0.121977
-0.267663
-0.189111
-0.00259176
-0.0528453
-0.0228605
-0.0968272
-0.11313
-0.109954
-0.102549
-0.0897405
-0.104787
-0.118959
-0.0413125
-0.0368418
-0.0194285
-0.0720367
-0.0774135
-0.0681029
-0.0621523
-0.102941
-0.218098
-0.104995
-0.21856
-0.124002
-0.0823484
-0.107941
-0.0375688
-0.0474253
-0.0329965
0.00932034
-0.0366364
-0.0514811
0.034096
-0.277681
-0.277375
-0.472729
-0.331023
-0.510347
-0.197929
-0.340549
1.0569
1.16774
1.17007
1.04782
1.06359
1.08558
1.07006
1.17089
1.22791
1.30017
1.22047
1.23678
1.20588
1.29088
0.906952
0.826636
0.911229
0.917667
0.829979
0.923334
0.869292
1.35086
1.29567
1.35309
1.23359
1.25808
1.24289
1.26034
1.33534
1.31663
1.35247
1.34894
1.33405
1.36782
1.38226
1.37957
1.3608
1.22124
1.19387
1.25701
1.15408
1.18121
1.18953
1.21734
0.981911
0.94588
0.955461
0.923148
0.94752
0.94475
0.971387
0.962458
0.993288
0.859896
0.872267
0.899486
0.82893
0.81577
0.844818
0.827891
0.857591
0.880505
0.803093
0.807417
0.844958
0.775172
0.804338
0.781028
0.815786
0.58561
0.582231
0.574422
0.590501
0.601684
0.592511
0.583289
0.587311
0.582934
0.593085
0.575369
0.580932
0.584422
0.580044
0.559869
0.557192
0.566811
0.569927
0.566618
0.564972
0.56943
0.57944
0.574632
0.586592
0.581351
0.584627
0.586467
0.586183
0.598671
0.589501
0.589887
0.591902
0.60971
0.603607
0.595109
0.714963
0.703278
0.699947
0.725442
0.713835
0.70214
0.700734
0.680744
0.64422
0.653227
0.620949
0.640689
0.64966
0.628185
0.744532
0.711135
0.72502
0.68011
0.739507
0.707714
0.871006
0.809597
0.798674
0.807896
0.844421
0.782769
0.771376
0.758935
0.798563
0.786995
1.00513
0.966429
0.954271
100.643
39.7402
258.167
14.5284
20.4934
50.4504
61.9747
1029.04
976.482
1012.7
1156.34
945.798
955.384
1005.89
1138.05
1062.82
1151.66
1121.99
1072.35
1071.93
1249.53
1133.05
1135.79
1347.25
1237.99
1165.27
1154.3
48.6063
32.6232
34.8869
16.5171
18.8493
13.7429
10.0874
55.1595
142.66
85.7739
57.5737
69.6128
206.641
104.381
2.49932
2.26015
2.76323
2.81833
3.15259
2.63489
2.64488
221.687
480.057
140.093
535.46
540.025
115.262
132.397
321.727
391.695
16.2596
1.12198
-2.2571
663.864
321.737
748.406
297.201
2.44152
2.31506
3.14202
3.21599
2.52247
2.97888
3.20916
2.95922
2.73663
3.33304
3.31221
3.19034
3.22187
3.27493
3.08968
2.97429
3.23083
3.03043
3.60214
3.64874
3.50755
3.57215
3.63906
3.48506
3.58963
3.94254
3.73942
3.9083
3.72845
3.86881
3.88221
3.95574
3.87776
3.68568
3.85666
3.68879
3.81243
3.83235
3.90336
3.66593
3.89515
3.83192
3.92123
3.97541
3.88163
3.74489
3.24904
3.40552
3.3971
3.55526
3.40094
3.47065
3.5699
3.88648
4.03622
3.89181
3.90856
3.99072
3.23989
3.43063
3.42119
3.36277
3.20526
4.04107
3.90311
4.03396
3.98782
3.86966
3.23457
3.36916
3.40512
3.30014
3.16573
2.84769
2.68143
2.83857
2.31082
2.02955
2.23202
2.52013
2.43817
3.01483
2.93084
2.82931
2.74621
2.89813
2.86437
2.95739
1.47871
1.62337
1.58295
1.80162
1.7275
1.73355
1.65178
1.50443
1.75244
1.84445
1.72853
1.6193
1.94496
1.95446
0.46351
0.481702
0.597524
0.819594
0.839787
0.694594
0.722106
-2.17263
-1.97655
-2.74037
-2.36795
-2.3075
-2.53596
-2.8946
-1.75356
-1.73723
-2.1127
-1.775
-1.47062
-1.82899
-2.16941
-0.0822608
-0.061114
-0.0912217
-0.0483952
-0.0358638
-0.0499711
-0.09526
-0.0393621
-0.0645394
-0.140623
-0.0585149
-0.00621633
-0.0738944
0.0378225
-0.0344305
-0.00403999
-0.0407445
-0.0393937
-0.0486858
-0.0374223
0.025617
-0.0377386
-0.0595722
-0.0446849
-0.163377
0.00428512
-0.0192447
-0.090168
0.0658135
-0.427487
-0.0492252
-0.139817
-1.96302
-2.54845
-2.20682
-2.09024
-0.355175
-2.86178
-2.66706
611.133
1877.02
2735.04
2727.22
2710.06
2690.15
2806.14
1.39936
0.84398
0.724481
1.47385
1.12829
-0.478766
201.171
8.69026
69.4437
-3.99091
-1.32736
-3.62982
692.85
4.72431
-1.02194
-1.05772
-0.466621
-0.184789
0.006263
0.371363
-0.274688
0.395842
-0.0131215
-0.0646369
-1.62272
0.269086
0.129378
0.168267
0.986314
0.885903
0.915541
0.9049
0.823111
0.843569
0.853891
0.469713
0.50696
0.541245
0.616069
0.570534
0.334196
0.449548
0.643201
0.599874
1.07564
1.03749
1.0079
1.0204
0.9343
1.00269
1.0581
1.01296
0.982566
0.950215
0.951834
0.944569
0.907019
0.914576
0.850613
0.845477
0.891275
0.873081
0.873622
0.916485
0.906728
0.771083
0.809208
0.783424
0.752277
0.764322
0.785064
0.767021
0.590305
0.591679
0.592544
0.591719
0.589714
0.589184
0.591751
0.577689
0.580461
0.57973
0.577005
0.573318
0.588624
0.584463
0.583907
0.588615
0.585461
0.585002
0.591886
0.584985
0.589084
0.580912
0.586415
0.593301
0.584341
0.604655
0.583064
0.586291
0.581534
0.581463
0.585708
0.590953
0.590379
0.59553
0.616162
0.600936
0.595223
0.598607
0.583528
0.592158
0.629029
0.610738
0.60406
0.60693
0.611727
0.594746
0.602126
0.592826
0.588366
0.584901
0.583559
0.59932
0.58959
0.58018
0.620213
0.623966
0.616516
0.639202
0.667212
0.650689
0.620871
0.631381
0.638519
0.60286
0.606544
0.612933
0.609945
233.072
341.462
150.902
114.502
77.6703
184.092
84.9904
528.5
549.135
557.177
518.245
478.438
485.928
517.782
1064.46
1005.19
985.367
961.056
667.296
880.374
1019.49
243.508
239.444
317.48
143.755
118.609
119.357
300.643
1141.72
504.384
830.49
1249.03
800.147
1167.55
981.605
380.108
377.233
375.439
494.898
12.7775
316.215
4.68973
4.5837
4.67543
4.65911
4.56905
4.70761
4.64261
4.63826
4.52874
4.63626
4.61484
4.52575
4.67544
4.61471
4.50554
4.62598
4.62035
4.61049
4.66757
4.59252
4.50388
4.63613
4.62009
4.5136
4.64299
4.78738
4.68306
4.59496
4.16485
4.33457
4.32109
4.47376
4.35717
4.38391
4.29419
4.3052
4.11238
4.25516
4.26202
4.1277
4.26893
4.23699
4.30144
4.12998
4.22679
4.27476
4.14656
4.29604
4.31948
4.26136
4.13835
4.2467
4.21808
4.37233
4.34207
4.37585
4.30392
4.32137
4.19772
4.46835
4.58763
4.60657
4.33975
4.41855
4.52557
4.5487
-6.22071
-5.56738
-6.33003
-3.89999
-3.57975
-3.91483
-4.4981
-7.56009
-8.66311
-7.34917
-7.49608
-8.66644
-7.52702
-6.24329
-5.87622
-6.8362
-6.50332
-7.44006
-7.42746
-2.4536
-3.69966
-3.73887
-3.18006
-1.96993
-2.21069
-2.54668
2317.1
2155.49
2509.69
2379.35
2294.16
1097.49
2429.5
-3.71232
-3.4188
-4.47862
-5.35672
-2.03328
-5.99554
-8.10508
-2.03906
-1.87637
0.0642673
-1.25705
-0.239167
-0.0300723
-0.646115
-0.288788
-0.516553
-0.291322
0.0415236
0.0302496
0.0853033
0.0438054
0.0923466
0.0719561
0.107167
-0.00247937
0.00616207
0.0951093
0.0744724
0.0768193
0.014895
0.0765026
0.0767278
0.0710881
0.0428884
-0.0246555
-0.00245165
-0.263036
-0.0746555
-0.17681
-0.0117528
-0.0246248
0.085976
-0.150777
-0.235158
-0.0844038
-0.117653
-0.0924597
0.680795
0.640237
0.681791
0.633818
0.611399
0.649446
0.653135
0.647672
0.693103
0.68763
0.639581
0.634146
0.669152
0.668187
0.656298
0.68679
0.670814
0.641297
0.63452
0.674854
0.667583
0.655979
0.642739
0.629437
0.607546
0.606024
0.616022
0.617728
0.634388
0.642934
0.537475
0.557587
0.547386
0.532912
0.54781
0.547783
0.538034
0.579762
0.580102
0.583927
0.569993
0.577373
0.578904
0.58259
0.581827
0.572974
0.579847
0.58815
0.57608
0.573219
0.569414
0.580376
0.561971
0.575179
0.580569
0.587941
0.581767
0.586014
0.593087
0.567744
0.575039
0.573107
0.589709
0.582864
0.582154
0.577651
0.577707
0.57901
0.579935
0.581787
0.590499
0.591863
0.591966
0.577551
0.581443
0.578184
0.581042
0.582394
0.580293
0.581722
0.510958
0.497138
0.504915
0.486895
0.509107
0.479205
0.498901
-5.66077
-6.75001
-6.83579
-6.98817
17.9166
485.445
473.46
331.646
282.158
269.556
282.205
405.722
-5.51879
-5.18823
-4.46443
-4.37052
-4.58219
-5.29689
-4.97684
81.3346
444.28
528.782
5.17467
34.3443
0.363306
0.632239
-4.67664
-6.18735
-2.73101
26.7626
4.21021
213.084
55.3958
254.77
144.007
135.262
46.9712
86.7607
72.2162
2.50574
113.106
20.6651
-0.642384
10.2308
112.812
1245.54
540.384
727.79
5052.77
4117.77
4601.74
4424.56
3950.98
4892.48
4590.31
3359.45
1767.84
4242.75
2928.04
4001.73
4171.44
3565.44
3387.44
3044.63
2546.41
3073.93
1684.67
2643.25
3744.92
5483.68
4842.07
5.39852
5.46984
5.38381
5.35078
5.25049
5.29082
5.387
5.38612
5.43223
5.54602
5.11359
5.04367
4.99299
5.04043
5.11754
4.97325
5.05531
4.77252
4.69493
4.83636
4.55161
4.56392
4.65764
4.64311
4.92613
4.9022
4.81697
4.8871
4.9467
4.89949
4.84132
3.92847
3.93227
3.0605
3.97922
5.01147
4.50711
4.07191
0.204559
-2.70177
-1.00133
-0.686065
-0.859607
0.209761
-0.0043587
-0.15785
3.94562
1.40456
11.0218
6.98101
10.0878
16.632
-3.87281
-1.93947
-3.18323
-6.96095
-2.88097
-3.91234
-4.15275
0.561353
0.932471
0.852585
1.02607
1.36718
0.744408
0.563269
0.388863
0.686059
0.565205
0.663603
0.672702
0.697307
0.900079
0.75957
0.689001
0.67889
0.538404
0.539253
0.413887
0.66481
0.224003
0.401913
0.115065
0.0707776
0.119218
-0.0276634
0.137755
0.127214
0.0676585
-0.054686
0.0326357
0.0489965
-0.340027
-0.0899547
-0.170121
-0.224611
-0.212719
-0.233929
-0.068033
-0.302698
-0.0726015
-0.243549
-0.0113056
-0.105232
-0.0121889
-0.00832196
-0.16872
-0.0817795
0.0133164
0.00737916
0.00931592
0.0372382
0.0371551
0.026564
0.0368218
0.24988
0.302108
0.296444
0.266125
0.309675
0.336442
0.309852
0.328823
0.29558
0.489169
0.4705
0.48635
0.47487
0.457279
0.474494
0.481759
0.509807
0.509076
0.496012
0.504052
0.500502
0.496933
0.485584
0.539536
0.523228
0.515948
0.5066
0.521985
0.487602
0.51006
0.530875
0.546389
0.545355
0.569917
0.550312
0.554791
0.557212
0.520925
0.549264
0.54314
0.560213
0.569305
0.561369
0.558463
0.5578
0.550086
0.582375
0.576549
0.575561
0.608199
0.601503
0.609613
0.611885
0.605838
0.607978
0.613616
0.266516
0.233098
0.183388
0.191791
0.214727
0.114751
0.141968
0.0293935
0.0233045
0.0940039
0.0689228
0.0725691
0.155332
0.136984
-0.293777
-0.211419
-0.218822
-0.395286
-0.39917
-0.318291
-0.330652
-0.624407
-0.560121
-0.533751
-0.664925
-0.453073
-0.738894
-0.583756
-3.9156
-0.39224
-3.86623
0.966316
0.865269
-1.66811
-1.57766
-13.4472
-13.8354
-12.7476
-14.1078
-13.9251
-13.1896
-13.7173
-5.79426
-7.57212
-7.8254
-10.6649
-8.03136
-12.0758
-11.358
-11.4155
-10.4815
-11.186
-10.6505
-10.161
-7.52548
-7.4435
-6.22388
-7.31164
-8.44198
-7.01426
-7.55167
-6.95348
-7.37273
-5.394
-6.66083
-7.26259
-6.72782
-5.41239
3797.32
3528.91
3506.94
845.812
1033.27
1229.28
631.937
783.096
508.015
622.577
674.996
1483.65
1780.97
1237.48
1237.71
575.298
444.993
885.492
860.008
704.841
652.089
1140.6
835.589
758.676
478.386
527.528
6.27453
6.45568
6.37132
6.58659
6.71813
6.46804
6.56213
6.186
6.24266
6.1436
6.06995
6.16072
6.00117
6.10945
5.76382
5.77432
5.66791
5.91853
5.81787
5.86344
5.76513
6.19055
6.22439
6.3462
5.59715
5.70568
5.75493
5.56095
5.65753
5.68795
5.73395
5.68552
5.65832
5.58716
5.67342
5.7883
5.64876
5.62751
5.52253
5.72345
5.62328
5.82888
5.72055
1.60306
1.59171
1.62593
1.70835
1.7272
1.63158
1.59217
1.59381
1.53666
1.55482
1.63934
1.58394
1.61029
1.54249
0.415686
0.535722
0.51
0.553698
0.560514
0.436017
0.50287
0.0131863
0.0393227
0.00492939
0.212138
0.239799
0.21789
0.192583
0.241498
0.23895
0.210671
0.0426927
0.0183432
0.0417367
0.0799209
0.0968347
0.0472855
0.0202835
0.0604633
0.0754359
0.0384888
0.00306135
0.0329036
0.00779537
0.027736
0.0291619
0.0523479
0.043252
0.0601165
0.0609553
0.0576752
0.0614856
0.0732857
0.0428226
0.00867182
0.0527372
0.0658102
0.0509086
0.0416451
0.017191
0.0453475
0.0445084
0.0174997
0.047863
0.0620476
0.0480441
0.307456
0.284058
0.314093
0.322664
0.326069
0.306412
0.290754
0.428373
0.457244
0.431713
0.440561
0.422552
0.393113
0.485306
0.494114
0.476458
0.474784
0.460884
0.487462
0.468611
0.452969
0.529153
0.526637
0.526946
0.604254
0.593317
0.597132
0.610592
0.619218
0.602456
0.600583
0.589531
0.570055
0.571278
0.565733
0.572202
0.563566
0.576725
0.59408
0.598782
0.592863
0.581933
0.582949
0.585836
0.585345
0.622728
0.606082
0.616473
0.634378
0.621074
0.611613
0.622806
0.612518
0.607612
0.610588
0.609621
0.614885
0.613243
0.607273
0.687467
0.674118
0.691591
0.699451
0.683902
0.692389
0.710731
0.597629
0.571601
0.590117
0.622992
0.602728
0.590297
0.609517
0.626708
0.66701
0.656428
0.659116
0.626977
0.619874
0.652078
0.477255
0.507568
0.524197
0.507785
0.53406
0.561089
0.532216
0.507953
0.481389
0.539482
0.568002
0.600499
0.505049
0.432979
0.445003
0.318056
0.434584
0.538027
0.45962
0.505317
0.408566
0.340129
0.286237
0.379494
0.41947
0.451887
0.387786
0.344016
0.410782
0.449535
0.144279
-0.0504228
0.109891
-0.14783
0.0612789
-0.134458
0.0418729
6.10088
3.91672
5.3985
7.82649
1.68927
9.47064
9.25566
-2.35485
1.51967
-0.516076
1.54963
-1.5641
-1.4552
-1.71535
-12.7701
-11.2781
-12.7009
-10.7058
-9.84598
-12.0663
-11.6735
-13.5452
-13.0753
-12.3579
-12.8626
-11.6306
-15.2025
-14.9123
-6.03505
26.3026
20.8878
149.34
-2.96471
474.747
77.4781
349.551
495.007
761.148
961.077
990.651
932.598
1007.32
1127.69
1121.46
1022.26
1090.87
1260.86
825.239
955.247
1046.12
889.749
1057.9
1052.96
1038.09
858.232
934.553
879.863
887.24
887.295
893.033
861.732
969.015
865.575
924.236
965.2
936.864
964.886
1078.87
932.937
919.896
861.849
946.747
888.603
968.828
785.258
845.158
682.237
698.623
753.742
539.062
581.94
590.418
595.979
573.431
339.879
365.283
562.995
383.004
487.194
405.114
419.024
537.597
14.9031
16.3717
27.6703
18.7962
25.3146
107.068
139.808
40.9278
42.173
7.51029
7.70374
7.41551
7.68265
7.60156
7.71049
7.49502
7.44611
7.41745
7.3176
7.35213
7.40422
7.28327
7.3241
7.55041
7.36458
7.52194
7.5426
7.62394
7.32889
7.41728
7.40513
7.41295
7.37698
7.3736
7.24108
7.3331
7.39337
6.9622
6.8032
6.98254
7.07333
6.96097
7.0333
7.1232
6.81231
6.93928
6.94682
6.946
7.00553
6.86093
6.94373
6.90926
6.81663
6.94888
7.06654
6.99344
6.47133
6.59665
6.62418
6.57606
6.64497
6.64757
6.74905
6.41809
6.55827
6.56296
6.53259
6.41812
6.95218
6.95966
6.82112
7.02151
7.09375
7.02869
6.95722
7.52137
7.46904
7.57644
7.5387
7.53168
7.43286
7.48991
7.55329
7.53862
7.55789
7.57889
7.50303
7.58763
7.57718
7.83473
10.4
8.94527
8.66312
8.18818
7.83315
10.0567
207.615
207.665
209.816
28.4657
36.9284
51.3777
11.04
9.98359
38.4983
18.9615
11.4452
12.6018
8.48572
193.893
202.02
204.961
198.216
201.839
210.643
215.821
7.38956
7.54335
7.47349
7.49031
7.47305
7.51621
7.51109
7.54061
7.63348
7.3409
7.62783
7.70531
7.71018
7.56946
7.0675
7.0518
7.23998
7.25257
7.18404
7.15031
7.22903
4.22773
4.1415
4.10304
4.09782
4.00925
4.08282
4.1444
3.70913
3.8198
3.84375
3.8045
3.88241
3.94797
3.86486
4.39805
4.32172
4.32294
4.2426
4.33061
4.33515
4.27293
4.30139
4.2253
4.41147
4.38265
4.47363
4.29806
4.29893
4.21329
4.24742
1622.4
1585
1540.79
1167.94
1463.15
1619.8
1606.3
1471.62
1541.03
994.348
947.087
1305.74
1636.63
1614.35
1614.75
1455.55
1644.19
1716.23
1438.06
1740.28
901.802
7.16262
752.74
3.61749
1.33522
3.7464
0.59784
470.998
0.865987
1.19196
1.38014
1.0402
0.913491
1.47563
1.53312
1.46592
1.43311
1.47684
1.49002
1.45488
1.40592
1.44147
1.44555
1.3669
1.37804
1.02505
0.998107
1.02359
0.955243
0.961051
0.987735
0.980169
0.855152
0.82277
0.843
0.781994
0.751124
0.766069
0.780004
0.718944
0.621966
0.670399
0.673341
0.613671
0.658627
0.682659
0.394469
0.429109
0.446407
0.458753
0.453593
0.40388
0.424067
0.298582
0.341088
0.330596
0.281942
0.246066
0.17825
0.209677
0.194741
0.16281
0.190314
0.201619
0.184647
0.0837311
0.0470567
0.0563116
0.0941172
0.0745851
0.0700618
0.0925285
0.00328697
0.0379412
0.033406
0.0579688
0.0859472
0.0686916
0.0230798
0.053491
0.0363105
0.0630089
0.0781103
0.0530643
0.0260294
0.0226806
0.00402056
0.0415548
0.0515833
0.0893834
0.0699555
0.0513802
0.044478
0.00495324
0.031098
0.0256191
0.170111
0.137434
0.152257
0.155652
0.129508
0.150404
0.170418
0.1505
0.111417
0.165737
0.141472
0.17101
0.159365
0.163728
0.132401
0.0673228
0.117491
0.224418
0.267209
0.238665
0.242255
0.218127
0.161686
0.273005
0.299022
0.301089
0.326478
0.318751
0.268888
0.286317
0.313075
0.303503
0.275849
0.313024
0.280804
0.293719
0.264232
0.297237
0.272763
0.608993
0.618292
0.593473
0.577857
0.581862
0.605342
0.610871
0.544333
0.544932
0.52696
0.532412
0.561301
0.520818
0.544824
0.663524
0.664893
0.686067
0.695302
0.709601
0.672684
0.674984
0.629149
0.62411
0.616254
0.616846
0.648236
0.652306
0.65577
0.667886
0.634569
0.630836
0.639143
0.644897
0.705647
0.682671
0.700009
0.733923
0.709931
0.692913
0.713069
0.695401
0.68244
0.695356
0.690072
0.702587
0.684836
0.696164
0.850463
0.845891
0.818616
0.889412
0.851119
0.758865
0.739451
0.746323
0.772717
0.76241
0.742186
0.753206
0.747697
0.747466
0.773979
0.742365
0.723762
0.73698
0.756542
0.92188
0.917487
0.87971
0.924479
0.958115
0.93545
0.903663
0.964417
0.921208
0.953083
0.931528
0.975079
0.952639
0.995622
0.947283
0.986476
0.822109
0.829036
0.849779
0.895406
0.896078
0.868271
0.865734
0.992706
1.01011
0.937586
1.04761
0.964969
0.812987
0.840361
0.807314
0.900766
0.907402
0.875345
0.871517
1.11842
1.01598
1.08849
1.0924
1.00317
1.02575
1.12553
1.18559
0.520359
0.349357
0.574381
0.360527
0.767592
1.90815
3.88679
1.55422
1.83704
1.65028
2.14177
1.68972
1.1124
-2.81325
1.30793
0.485386
6.45811
3.12424
5.21808
4.79568
-1.43775
-2.0295
-2.983
-3.48283
-1.76301
-4.88292
-3.01402
-0.770141
3.08487
-0.672187
-0.510752
2.25122
-4.82864
-7.99407
-10.095
-4.87504
-7.99496
-9.07239
-9.96067
810.67
726.406
798.58
682.979
137.854
780.206
773.939
984.445
863.933
907.198
808.865
744.087
750.249
740.434
741.655
724.049
721.646
763.484
854.544
760.549
406.859
447.768
410.294
371.267
387.987
406.133
386.044
509.958
557.256
538.113
534.123
671.347
569.723
7.44984
7.49996
7.4388
7.40845
7.45828
7.38228
7.43926
7.2873
7.26729
7.17326
7.35679
7.31021
7.35585
7.27145
7.46327
7.59048
7.42821
7.5656
7.49323
7.11335
7.23003
7.29031
7.38132
7.44649
7.49154
8.16492
7.62373
7.49749
7.44974
9.22814
9.28061
9.18901
9.24233
11.1647
11.5435
11.626
8.68403
9.13115
9.77187
7.58915
11.3115
9.12408
9.99691
11.7034
11.6387
10.7269
10.0102
8.02701
199.716
132.567
207.408
216.451
197.851
220.856
213.907
277.242
257.351
259.742
249.54
262.479
248.034
257.141
262.349
250.622
257.444
295.836
303.041
307.924
345.375
307.795
315.327
303.312
293.207
287.023
308.176
301.85
288.169
286.564
411.433
424.289
474.945
361.176
367.183
401.551
419.039
452.864
391.75
385.444
440.093
375.689
329.179
485.275
475.972
420.276
411.189
227.649
249.953
482.4
653.819
583.737
22.38
23.3916
119.635
24.5448
101.87
483.106
439.762
451.611
661.116
562.732
642.918
601.01
3.29697
3.1935
3.1495
2.92947
3.03845
3.07315
3.16789
3.0176
2.81113
2.75151
3.137
3.18502
3.09414
3.13364
3.41019
3.34594
3.33976
3.39919
3.09162
3.40584
3.51152
3.55989
3.58118
3.50064
3.62516
3.57257
3.23882
3.51404
3.41464
2.98446
2.42843
6.88989
3.39144
3.32243
3.5853
3.11619
3.55871
3.84703
3.772
3.28086
967.447
1091.27
707.506
1101.63
642.943
1074.56
1010.56
1.19442
1.20956
1.20038
1.14438
1.16614
1.17827
1.15573
1.12716
1.15383
1.16285
1.16361
1.13118
1.12167
1.15251
1.00984
1.0079
0.980148
0.978617
1.01447
1.00397
0.97084
1.03094
1.06737
1.06219
1.08012
1.0555
1.05881
1.03409
0.7558
0.760834
0.799082
0.820458
0.814091
0.779143
0.779912
0.771392
0.790265
0.763952
0.735001
0.729725
0.751371
0.74363
0.564415
0.580261
0.60486
0.559676
0.582058
0.583832
0.55038
0.421539
0.431386
0.427719
0.381001
0.409973
0.407068
0.390631
0.352181
0.317662
0.338307
0.345753
0.360816
0.335275
0.307883
0.33467
0.352658
0.35363
0.343866
0.327222
0.345206
0.332695
0.314299
0.3311
0.0367634
0.0475379
0.0277624
0.0249945
0.0215354
0.0374117
0.0432186
0.0577723
0.0377875
0.00302012
0.00390552
0.0423593
210.775
211.99
211.785
212.242
212.25
212.169
212.85
212.9
212.307
212.429
212.935
212.597
212.437
212.486
212.538
213.14
212.082
212.096
212.769
212.484
211.429
209.707
0.0389375
0.0846406
0.0388974
0.0482878
0.0635004
0.0638576
0.042433
0.0702444
0.0397021
0.0624154
0.00712509
0.0128159
0.0272182
-1.85288
-1.20836
-1.71419
-2.37495
2.57653
0.213028
-1.44989
2647.88
2568.96
2721.64
2582.82
2466.17
2767.91
2737.94
2830.61
2827.12
2816.88
2800.46
2839.7
2731.98
2840.64
0.212541
0.0399074
0.878263
2431.82
2707.49
2524.45
2529.14
2550.63
2537.82
2525.57
2527.14
2553.33
2594.83
2630.86
2550.16
2504.47
2532.06
2539.82
2553.59
2522.17
2507.24
2532.87
2543.68
2486.69
2548.93
2536.09
2562.53
2522.35
2510.39
2495.31
2517.32
2532.42
2519.93
2523.44
2598.56
2566.33
2529.79
2507.17
2431.33
2514.15
2506.01
2526.94
2501.87
2515.15
2545.15
2519.27
2519.67
2382.13
2501.97
2547.64
2344.08
1250.81
2811.84
2807.63
2785.14
2873.06
2748.36
2633.25
2726.53
2816.4
2785.08
2801.5
2729.54
2729.51
2588.41
2737.66
-1.26159
-1.20127
-1.29916
-1.37798
1.44825
0.765287
-1.01502
2554.87
2609.28
2502.12
2702.26
2652.6
2699.17
2599.77
2764.41
2839.07
2666.39
-0.185018
-0.64471
-0.383308
0.0369076
0.00802386
-0.0739414
0.0714417
-0.00543316
-0.0880097
0.0253717
-0.0321562
-0.154448
213.673
216.01
215.727
215.884
217.206
215.802
215.97
216.119
216.114
216.64
218.207
216.494
212.282
215.401
215.437
-0.156694
0.0689196
-0.0964287
0.0181538
-0.0368616
0.000663185
-1.88152
-2.7928
-1.67761
-3.69054
-0.244962
-1.08775
-2.56909
-1.1913
-1.45599
-1.58008
-1.06131
-1.11616
2444.6
2339.41
2350.61
2344.09
2.22398
7.9258
1636.82
1982.6
4.38694
4.32473
4.53528
4.60726
1.7976
1.04194
1.19305
0.968973
-8.51745
-8.82048
-6.27241
-6.38199
2.06432
1.74206
19.3953
13.4681
2.49579
3.04436
1.69775
1.92103
4.68569
4.71029
4.55368
4.56922
0.865385
2.12916
-1.09226
0.133908
1.71677
1.83262
1.76384
1.88753
-1.24311
-0.832357
-1.20533
-0.426148
-4.27376
-2.92867
-4.0829
-2.94787
3.4183
3.61668
3.48553
1.3382
1.36116
1.30768
1.333
-3.11423
169.786
11.3561
62.6635
1.70193
1.77808
1.85577
1.97353
4.18025
4.16253
3.88488
3.77261
3.63778
3.59002
3.96962
3.97534
1.34598
1.32755
1.28905
1.28122
4.96109
5.16732
5.04881
5.18763
1.22287
1.21541
1.14468
1.14278
-1.19667
-1.27367
-0.643212
-0.748576
-11.4446
-8.82889
-6.78336
-2.75937
-6.23194
-5.92564
-5.12885
-5.32965
1.17354
1.17944
1.08756
1.10191
0.116204
0.187318
0.203482
0.252682
0.411016
0.441624
0.357811
0.399311
-5.72095
-5.12438
-4.21131
-3.65963
0.645547
0.635064
0.630244
0.624256
0.965249
0.920066
0.94635
0.656408
0.646966
0.666325
0.648915
93.6042
115.455
77.4514
138.807
20.4538
194.616
0.538282
164.103
1.33655
1.51003
1.06398
1.21969
796.608
740.129
933.005
879.971
1.2939
1.03203
1.38659
1.16668
0.630696
0.618479
0.680382
0.661531
0.419753
0.377936
0.408001
0.368544
0.290245
0.315637
0.206152
0.239972
0.056068
0.0096865
-0.0529324
-0.0753141
0.218104
0.159385
0.0668506
0.0666601
0.656046
0.641171
0.643453
0.624401
10.875
8.67254
48.4808
8.97179
1.16813
1.22382
1.15435
1.19214
0.509605
0.518052
0.547057
3.78032
3.49735
-11.9402
-12.1615
-9.86471
-9.33851
-7.73594
-8.1965
0.0250296
0.0804456
-0.0460559
3.82317
3.78479
3.44948
3.54407
-4.33918
-11.0513
-9.06644
874.287
119.578
107.691
-3.52294
121.497
-0.587755
8.14996
8.17345
7.95552
8.0364
7.84283
-0.289647
-0.0584965
-0.782363
-0.454703
-1.3044
-1.33966
-1.62393
-1.8437
-0.568697
-0.885978
-0.936296
1.32885
2.65782
0.284735
-5.5256
0.890527
375.05
3.23549
252.236
1.94813
1.74065
22.558
1.89311
0.579575
1850.07
5.01981
0.583302
0.956836
0.148825
304.432
631.118
1.24743
0.588345
151.667
-8.69241
31.365
0.578164
-8.92094
1.48324
0.591796
1.7412
0.833437
1.16276
0.805057
926.376
3.79799
1.37984
0.939089
170.477
2.895
209.708
1.32583
13.3265
141.065
184.397
-5.90251
690.054
218.43
212.317
2.63219
216.431
4.13759
263.84
444.848
148.681
237.765
218.921
1.2397
1.18563
1.01498
5.46765
1.1177
1.43098
3.48589
1.64542
1.68293
1.59427
1.26938
-5.39075
4.22832
3.78926
0.34576
2.49428
2.8811
2.1488
7.81321
1.19294
0.828303
1.43564
0.835561
2.31747
0.931781
4.74323
0.780772
0.575311
-0.434099
-0.601165
-2.02099
0.780095
0.57582
0.413611
-0.180073
-0.0902005
1.34046
223.342
-0.544043
69.9817
26.1261
1.40389
3.43127
-1.46844
-1.45915
-0.518307
-0.849737
-1.49696
17.7456
3.49607
-1.72991
6.47354
1.19047
-0.760474
0.270179
79.1798
21.8966
136.147
-2.88689
-0.527839
-0.410894
0.295006
1.01185
5.66993
32.9158
2.65837
2.84277
-0.24263
-3.57271
1.01497
0.287245
0.0886845
0.275406
0.513744
2.59259
185.558
-0.157797
446.418
40.1
8.41401
5.72273
0.36406
370.046
6.17962
5.84369
4.6712
122.29
751.081
7.57629
626.542
935.185
2.25154
819.406
0.534224
10.7128
188.55
-0.356321
539.37
-3.26315
-0.355721
0.374522
35.879
1.73663
0.0969618
257.903
0.969819
1003.15
924.528
478.501
-0.0953081
0.207796
-11.7572
-0.42767
-0.218563
-2.09106
727.176
0.0702123
850.797
725.554
795.103
806.999
499.681
650.002
10.8808
607.824
653.939
615.504
64.7655
-2.28141
-3.39633
13.9726
-2.11828
-4.90836
-4.02947
0.79113
0.26714
0.372754
417.021
0.574762
-2.37243
-7.97548
-4.37411
151.185
545.046
0.548234
-8.40974
0.567712
-5.7792
443.564
-3.85522
291.009
263.635
5.13858
538.99
127.781
17.4056
1.19441
-2.2285
485.639
4.95064
-5.35186
-5.60634
-5.17469
7.61522
-9.94802
0.264069
-8.68893
0.716882
-5.95432
-5.55892
-6.72235
-4.31609
0.869807
-0.368458
727.128
-6.30264
579.478
21.109
124.093
173.387
72.7296
34.3768
418.846
-5.53932
1.04683
0.801225
-5.75609
-5.86194
-4.48722
17.0366
102.553
707.877
133.746
884.017
28.3826
55.9531
-6.67839
88.0247
0.116996
152.727
44.3662
547.557
618.321
-0.0099642
3.35479
1234.41
5.07027
113.405
-0.360855
60.632
3.63133
10.6193
1522.69
2482.01
2491.5
40.9255
7.89251
643.275
1.27818
1.44288
1.50922
1.49121
1.36582
1.46168
0.0557646
1.94875
1.9415
1.57313
1.48754
0.403068
0.797275
1.96194
1.43954
1.99155
2.58707
0.572859
1.59245
0.276882
6.64975
2.3143
1296.84
894.176
0.383348
65.0114
2.28084
10.9945
1.95156
19.7233
-9.48206
8.28212
5.74479
-6.41013
1080.88
1208.36
-9.90795
0.80543
978.352
-9.15281
0.786963
-4.97323
-10.0106
5.54664
6.44387
-8.76681
1205.98
1.2095
169.839
-1.67331
-7.99059
45.3503
-1.2779
-9.39739
7.53515
4.73488
424.723
774.618
-13.8176
-7.95664
-0.129535
1.61815
-11.8402
-9.52442
-10.0029
7.35997
1114.07
4.81001
-12.6286
0.10425
0.583668
0.27696
670.894
8.96523
210.167
0.184609
0.556493
542.394
-9.6542
5.31687
2.00626
4.96557
-12.3349
5.176
-1.88687
1169.66
-9.88972
40.9909
378.124
4.2033
-11.9422
39.5633
0.288657
-0.702544
-12.934
-6.235
2.05105
3.83667
2.79033
746.72
283.893
0.447912
-1.03576
0.658374
0.343658
-0.13372
-1.33986
-12.4273
1.12416
-0.119569
-0.434652
5.06755
1.99263
1286.91
7.50225
0.537832
4.24272
0.586346
0.060391
-0.435235
0.209512
7.20176
0.540002
-3.46378
96.1623
0.554945
0.60371
0.765313
0.714167
0.835587
0.755657
1.08555
-4.05612
0.625543
0.208796
-0.0260833
1.61861
0.0975049
2.93875
0.541612
0.380436
1834.27
4.34634
0.61033
0.274436
0.320312
0.30654
0.599336
0.922009
0.506139
1.15958
0.503994
0.535619
-0.279575
0.518586
0.586198
0.606433
-0.388312
-0.513805
-0.438847
-0.671231
0.0516582
-0.454966
-2.29391
0.578851
-0.589184
-0.753334
3.10479
-0.441725
0.65147
-0.0544206
-0.284096
-0.464702
-0.423563
-0.51337
0.788043
-0.372651
-0.42504
-0.502525
0.176327
-0.292742
-0.940994
0.38438
4.51733
0.254748
0.343121
5.00075
0.421573
-12.7929
0.146265
0.126654
0.706311
1.26924
1.18369
3.02204
0.0763673
0.586841
0.770904
0.454933
0.314108
0.673139
10.1267
0.595408
-0.787553
-0.84242
0.400728
-1.4665
4.80606
0.616295
4.67041
0.531551
56.0121
2.0844
0.0084389
0.40629
0.508161
0.488587
0.521387
0.485228
0.533504
7.60335
0.688751
-5.75828
0.683957
0.740682
0.584663
4.91548
0.563589
1.52244
0.788858
0.0577601
0.860368
0.666308
0.908138
0.90098
-4.58038
3.35203
0.436515
0.570079
0.526412
0.537965
0.514141
235.256
-10.5767
0.493904
0.515119
0.583041
0.558753
0.555441
0.468964
2.00665
0.613995
0.522292
0.558035
2599.71
432.672
2.34807
0.442752
0.57618
0.571328
7.74503
0.586231
0.578598
1.30467
0.584754
0.579444
0.582872
1.09064
0.788297
8.8632
0.575472
5.662
0.579874
4.66231
0.390554
0.580481
0.578304
0.581503
0.567281
0.583678
0.603261
0.531418
0.618226
0.589482
2.46913
0.578471
4.74967
0.60443
0.594426
0.644122
0.598129
2.89385
0.561573
-0.00944926
7.91755
1.58645
-1.35546
0.470249
0.527886
0.547688
0.585939
-0.658911
0.542818
0.527276
0.506337
0.402579
0.422638
0.373955
0.529221
0.619029
0.447952
0.605666
0.424275
1.38502
0.258303
0.489043
0.468332
0.451737
0.533181
0.504335
0.601036
4.99783
0.582716
0.494106
0.484177
0.680762
0.579894
0.152803
0.613748
0.652316
0.562585
0.614579
0.646782
0.703864
0.602243
0.618644
0.339088
0.624026
0.581054
0.497934
0.461059
0.709002
0.70511
0.720447
0.562462
0.857278
0.877685
0.843268
0.941444
0.983477
2.75193
0.899781
0.848624
-0.0397483
3.23383
5.58515
0.833455
-0.232488
0.790841
0.476869
0.640226
0.652951
0.547106
0.70623
0.606487
0.695671
0.592301
0.755799
0.676946
-9.75542
0.983158
242.308
0.574287
0.709947
0.755541
0.836074
0.623688
0.756121
0.564357
229.378
231.191
-3.85624
5.53731
0.0526238
0.170269
0.228415
0.131928
0.691236
0.177285
0.730223
0.241423
0.172292
0.119181
0.282792
0.23887
0.140767
0.45432
0.231642
0.248204
-11.7699
0.134383
-4.15359
2.45855
0.372045
0.541734
-11.5413
31.8653
0.0782357
3.25282
3.43369
3.3237
0.30896
0.400496
0.389333
0.281728
0.438593
0.338921
7.85372
0.345032
5.02532
0.519611
0.383634
-0.164233
0.266744
0.508287
0.487527
0.45292
0.446335
0.472853
0.479582
0.319776
3.81527
7.18232
0.733084
0.562874
-0.615972
-4.61646
0.173346
2.61445
0.582872
0.622573
0.590471
0.32633
0.0637062
0.399382
0.081032
-0.0689719
0.582342
0.0136792
1.5323
0.215401
-7.86577
-10.7223
-0.115698
0.00128984
0.358233
0.305094
0.144595
0.558149
0.0700702
0.0962668
0.184961
0.545106
3.23286
0.00764171
0.500679
0.0779627
0.240965
4.31758
0.724482
0.609281
0.741646
0.620724
0.327706
0.584872
0.989745
0.842648
0.304698
0.149681
4.22331
1.06467
0.47739
289.805
2.48983
0.394131
-1.48173
1.11781
0.206173
0.612795
0.810164
7.75476
3.7283
1.09912
234.19
2333.09
2331.74
106.193
2664.76
2204.33
0.558976
6.99116
237.815
1.27607
1.18369
0.307069
0.297121
0.17547
4.95148
0.664673
0.209486
823.768
0.0306788
0.57075
0.123853
1.09063
126.701
2833.1
2733.87
-9.20677
1.33027
455.28
1.10796
1.18143
1.29335
0.923334
1.05567
1.0983
0.65083
0.687518
1.05142
1.2952
-0.254498
0.246818
1.3405
1.03606
0.995559
-0.0556144
1.32239
1.97097
0.715577
1.07939
1.05263
1.13941
0.919903
0.0140981
1.05825
1.05054
1.01665
0.875437
1.06751
0.209094
1.02654
0.878851
1.42728
-7.84878
1.13164
1.33593
0.826317
-0.123994
0.873757
0.783881
1.43
1.59437
-3.262
1.30657
0.571937
1.3062
1.49348
1.59572
1.56408
1.10131
1.58662
2.70529
0.240172
1.00778
1.21319
6.59386
1.54229
1997.42
1872.29
0.78745
1.70357
-0.764443
0.590499
1.46604
0.802551
0.920441
1680.07
1.34251
2.64501
2196.17
0.888126
1.44011
1.43242
1.30869
1650.52
35.4776
1.57485
34.9077
1.28279
1.34172
1.28392
1.15568
1.62252
0.262875
5.02085
1.34978
-12.5639
1.29594
1531.97
2.09218
0.432568
-0.531997
1.35436
1.33424
1.30895
258.024
1.48836
0.516965
2.00726
26.8553
1.29729
1.56297
3.90223
1.82728
0.364285
1.5591
1717.09
17.8469
2.48509
1.3811
1538.13
1.37385
1.37994
1604.94
1714.45
546.385
7.82354
-0.854506
1653.56
5.42722
-3.69066
5.44445
5.51465
176.995
6.10304
7.85558
5.50174
6.77213
5.14427
5.30071
1919.52
1861.33
918.753
2.93251
5.34863
1.31724
1866.23
3.07085
1913.52
1823.84
1.29084
6.2969
5.24792
1.05889
2.0204
1391.93
1539.05
1.93402
0.189694
1293.94
2124.49
-0.538516
-2.51532
1646.3
0.829219
1369.66
0.449051
2270.17
-4.2105
2021.5
0.953977
2075.07
1.42267
-4.87616
-3.46143
19.045
0.386634
0.0834264
-0.992044
5.1561
-3.34734
0.811816
-0.960298
2248.34
-2.5765
1.09686
1675.08
5.66868
6.8264
-8.48039
5.70807
2042.4
-1.87537
2010.61
-0.816437
-1.90028
-5.47437
-11.0537
-8.51373
-8.76383
-9.75584
-8.89924
1.61917
-1.58411
-3.53227
-8.51567
-8.75013
5.18855
-7.8387
-11.4312
-6.47107
-12.4893
12.4591
-10.4206
-9.60939
182.124
6.08269
-7.67713
2.12048
-4.34461
-2.26274
-4.59561
-4.13518
-7.63946
-7.0266
-8.05404
1.11111
0.373863
4.74103
4.88389
4.75508
3.98409
4.23632
4.22048
5.42032
5.65774
5.20627
3.80687
237.395
0.0819092
1.02483
3.16746
4.42872
1.7936
0.467608
2595.54
0.994931
0.253361
0.651975
0.511315
-4.68351
4.95277
693.124
2868.67
1.53608
-0.0262863
-0.264394
-0.664001
3.36096
-1.96886
-0.33713
-0.505724
-0.205245
0.508531
-0.123368
0.580121
2.02827
-0.209617
2.53318
5.54593
5.02839
1.96715
903.867
4.54886
2164.34
2547.48
0.835921
1941.48
7.58319
2.14131
-1.69395
-1.20333
-0.959222
2703.13
2554.37
2222.78
2677.3
91.6994
2232.79
2107.77
3.20805
0.26636
2448.81
7.37238
-2.01103
2545.64
2573.62
0.490074
-2.88778
7.69922
-13.5965
0.565884
0.594972
7.43208
-13.0108
-8.19862
-3.74629
-3.44298
6.66233
-1.19393
-2.58242
-0.599861
-1.64431
-2.7805
-0.595829
-11.5272
-0.749718
-1.30692
2.81339
3.51243
-0.382485
-0.377575
-0.308784
-0.219718
-13.1502
-1.11601
-1.10492
4.976
-0.164975
2819.44
-0.319193
-0.0870853
0.317712
2682.03
-0.134157
-0.132026
2637.07
0.596491
-0.204809
-0.349014
0.555322
4.39741
-0.0567166
-2.95519
1.87426
-0.464653
0.774452
61.574
-0.993956
-0.465141
-0.165857
-0.385809
-1.35067
0.0312754
-0.263434
-0.631888
-0.192114
-9.92399
-3.24088
-1.22176
-0.0393245
-1.4317
0.166911
0.173646
-2.37973
-0.470353
0.618604
0.594529
-0.957974
-0.277894
-0.582764
-1.28988
0.301618
0.130963
0.584819
0.00298478
-0.0434581
0.480735
4.93534
0.093026
8.9962
0.0693301
0.0583477
0.0956609
1.8089
-0.12932
-0.0080171
-0.160924
0.0841464
0.550016
4.5512
0.359067
5.05811
1.32356
0.111268
-0.182895
-2.4362
0.127948
-0.0101615
2812.64
-1.63
165.212
3.50817
2.33777
0.0116692
1.46936
1.90637
-3.48375
4.42777
4.58232
4.65604
4.50176
4.35513
4.9504
4.75842
4.79968
4.09548
4.3148
4.88146
7.40252
2.90322
4.33742
3.36167
0.760334
0.0868617
4.15211
-0.782004
-6.96368
-1.16946
5.04927
4.80674
5.03084
5.07482
5.07491
4.97528
5.78836
-7.30713
-11.5325
1860.66
-6.74073
-9.48165
3.93689
1.75317
4.85098
1.84525
0.713557
-3.55962
1.66022
0.240912
753.337
1.50765
0.946147
0.468341
2.80242
-0.41305
-2.12781
-2.4231
0.123514
0.822767
-1.93247
0.34017
0.525933
0.661872
7.63245
0.115375
1.10437
1.19288
6.08698
0.354918
-0.475484
1.35905
-11.9506
1.17999
-5.10316
1.56558
-0.26564
0.00358119
-4.4839
-2.68672
-0.409585
0.898554
0.198547
2.98268
2.33676
0.560377
6.50747
0.753716
-0.126718
4.1336
3.54717
3.9989
3.22279
7.49066
4.70929
4.41921
4.50489
4.11578
4.90805
4.34949
3.99094
3.99303
1.50479
3.91956
-0.113441
1.07395
0.63319
4.53899
4.94747
3.33213
4.34912
0.645461
4.39848
4.74588
-13.418
5.59819
5.27517
5.2424
5.38945
5.37493
5.05041
680.939
5.43942
5.30931
5.84977
5.25631
5.71846
4.3747
4.91641
721.142
5.25303
5.29214
3.93285
0.66423
4.72562
4.72592
4.80437
5.17412
5.0976
-0.920327
5.23933
0.6588
4.70016
3.43671
208.618
0.649158
4.94906
4.95481
4.81825
4.88453
4.6716
4.9509
4.97045
0.402838
-2.55559
4.70877
4.93604
4.97142
5.00993
5.11994
4.72568
4.84212
4.91389
5.00453
4.55846
4.52899
4.38792
4.58986
4.28548
4.26869
5.04898
4.81487
7.13596
4.98239
0.662632
4.81324
4.88582
856.09
5.02249
5.03233
4.78806
1.35788
1.05139
3.53732
22.011
218.756
1.72926
1.29145
4.94494
1.82206
2.53406
-0.494411
2.35812
5.36017
3.95816
4.00986
2.65168
3.74443
4.74362
5.46076
10.2643
5.22229
4.77004
5.50301
5.79094
6.51057
2.32966
4.53295
4.09322
6.24674
6.62257
-7.27103
1.19437
6.8978
6.98341
7.72014
6.50085
7.11354
6.91396
6.4287
5.01942
0.982985
7.69198
-0.145671
4.91057
6.52419
-0.154135
4.4161
6.90452
5.49737
5.64889
7.69394
0.572755
4.9681
6.10403
309.121
6.02433
5.6752
6.2082
4.99846
5.97677
3.89472
6.62523
4.2387
4.22089
86.7918
7.3369
4.74628
7.3718
7.62173
7.49296
7.38494
7.60578
7.61138
5.03434
3.80637
7.53412
7.64669
5.78716
4.59265
7.64993
7.75156
7.6834
7.74853
6.1955
7.7807
7.83303
7.68066
7.5709
7.5461
7.5611
7.58464
0.890791
7.64781
7.63147
1.08777
7.66184
58.7423
7.44988
7.73208
7.54841
7.39396
7.71088
76.3366
216.2
222.972
221.145
270.674
4.53427
7.48918
7.68876
7.81814
7.81872
7.8082
3.349
7.72077
6.98695
35.0197
238.51
7.69644
8.72447
37.0775
7.24084
9.23955
7.77891
475.402
1007.08
2.87037
340.364
283.73
232.396
7.60886
16.6874
709.445
690.448
875.262
1.10068
712.236
20.6994
7.63419
199.424
135.646
24.5375
13.2958
7.06047
7.78992
7.82501
7.12147
8.25241
8.09502
56.2119
7.70524
7.44543
0.307257
36.7198
7.27304
8.51397
7.22095
135.046
7.77782
61.0432
423.779
7.55675
8.22774
7.67293
174.592
0.37608
407.148
11.7074
7.42373
268.204
7.59229
448.612
422.558
367.392
7.04323
520.951
426.168
504.782
490.305
3.51405
7.08402
307.041
581.989
593.383
478.911
652.858
7.29837
517.507
4.56688
78.1409
119.381
121.036
1.29945
25.8449
2.74677
3.24897
-1.38894
-0.954217
-1.68148
-1.26476
4.35151
5.54143
354.078
14.2107
93.9799
0.0226458
-0.275257
446.168
0.0119492
1.74228
1.46923
0.754946
970.152
588.443
944.633
462.56
3.06367
768.358
352.294
882.31
3.30612
-10.8451
28.8634
229.705
29.9504
536.651
-1.41723
402.999
763.329
1015.55
1.70339
9.81121
731.225
684.1
844.169
137.508
3.12675
692.122
559.325
225.76
7.26225
667.759
932.407
578.055
3.38704
-1.46223
4.68923
1.20532
1.53275
113.275
0.622376
0.90421
988.058
1.01069
1.14005
846.815
421.569
10.2294
4108.26
0.204723
0.0196712
3235.9
637.348
-3.42834
317.737
212.568
1253.27
-3.41076
994.692
1.84972
0.574503
7.40223
2.03965
-0.0507243
-0.0616349
0.529559
0.700328
7.55463
250.166
1.05238
1.04467
1.39422
0.986764
1.28328
1.29013
2.17162
0.122902
392.432
1.3361
0.796878
0.640267
1.45596
-0.623558
1.79352
2.16126
183.148
55.1563
0.942217
6.44232
102.542
2.92489
-0.868344
551.863
568.289
128.301
7.53439
2.9214
689.17
0.320875
3.24632
461.08
-9.56119
8.46854
974.22
-6.88113
693.237
-5.39126
75.6582
-13.2834
916.214
150.02
0.2437
1.79143
0.204151
-5.62968
583.169
0.613063
1426.54
3.81157
205.546
775.998
4.10537
804.365
917.331
4.84891
-1.72394
4.02763
1077.24
1098.42
82.7019
208.694
1172.84
-3.61482
1.58527
8.84884
58.6735
3.42924
341.719
751.615
4.05541
959.784
6.2278
203.286
5.25395
6.54892
135.126
4.09847
5.1583
520.892
1326.57
2.9852
5.38901
4.95401
4.91274
5.38359
1759.47
4.19651
-9.97561
198.939
4.799
1378.56
4.25778
4.15306
0.878388
6.38687
4.34887
4.1256
0.071312
4.173
4.38472
4.4617
4.40334
-7.81333
4.58
4.75679
4.82289
4.32569
4.50405
3.26409
462.675
4.33102
4.87115
4.8007
4.86024
-3.88552
4.75994
1.35901
4.86415
4.73093
1254.54
4.7166
-3.42612
4.62999
4.62795
1244.62
-0.146612
4.72399
4.92813
3.47102
3.95366
4.08829
3.41079
7.53728
7.77797
3.2702
3.83172
5.63341
2.793
0.695861
3.08403
4.43722
3.92283
5.91474
5.94432
5.46637
3.28001
4.1389
3.25086
54.3892
479.667
441.549
2.98864
3.18877
234.395
2.81116
3.13502
2.62589
2.83581
17.5362
-0.0802179
2.51662
-0.0328067
4.92622
4.60319
4.69181
3.72638
4.29845
3.24056
3.92095
3.21982
742.395
3.4347
0.4457
3.1943
4.91998
3.83678
4.22305
0.458104
4.12328
3.45976
6.10994
4.59135
3.63284
3.98133
1601.58
4.40852
4.46426
4.68203
3.14524
540.776
58.7593
5.07008
4.9918
4.70787
4.30503
4.87012
4.52677
4.91736
4.73477
4.18037
3.78206
4.58556
2.92863
3.71972
3.88628
3.50668
4.529
4.20797
5.28035
4.51949
4.60666
4.82201
870.247
1127.34
3.48634
5.0425
5.11244
4.69395
1.46009
13.2115
4.67078
0.940589
1216.4
48.1022
732.697
23.4809
465.757
512.997
-1.51514
0.399099
-8.581
-0.314498
-8.35475
2459.16
3.83995
0.229808
4226.89
2.99488
1.143
114.481
553.931
291.263
2.63877
4.21662
334.607
619.158
62.0126
-0.350896
7.37115
2600.46
202.941
952.257
920.858
271.163
319.691
-0.34602
16.1331
662.492
38.7637
1093.68
-0.907748
2.5835
917.498
-0.834621
0.377564
251.137
8.96014
0.573574
2.9298
3.32885
3.45407
2.90239
3.58716
0.48542
7.68355
222.141
491.87
4.235
81.0037
419.978
23.5136
4.37866
378.983
7.28574
47.0135
7.58526
473.287
11.0863
396.112
406.701
317.583
64.634
1.26892
-0.841009
0.456783
916.062
2448.21
4.2621
7.72002
775.974
1029.9
61.2466
834.163
9.23291
7.77231
1.05687
32.8171
1047.99
227.984
9.81314
319.682
197.139
3.50846
27.6851
672.742
6.03197
104.138
7.9087
820.401
7.70722
435.092
220.368
1.16451
7.72029
7.63969
5.31828
2.38368
146.611
-6.69174
0.39604
7.26947
8.57942
2.24535
6.44187
8.37273
7.13286
30.2275
4.40248
7.50909
24.787
4.91263
6.10731
7.77598
3.80518
10.5562
3.38479
7.58541
3.16782
3.20833
7.77121
2.10351
3.57861
4.63931
476.676
4.90694
3.73621
1.50893
3.44615
4.47746
2.88665
3.23312
4.94877
4.96788
5.05849
4.82866
-0.790876
4.91784
4.67209
4.86395
5.37849
4.95767
5.00076
5.7809
6.66389
7.26185
-2.70139
5.30268
5.10769
4.76638
6.26704
4.80978
5.85572
5.09948
-11.2895
1.8703
0.113755
1.1032
3.53318
3.48283
1.25226
2.22723
2.4877
1.56685
244.435
1.68755
507.326
2.32528
0.559886
1.37523
-0.738982
0.204629
21.0079
0.582907
-5.81881
3.88887
0.388884
2072.02
-6.20226
2005.86
-0.634085
-0.486009
-0.210616
5.36436
2.28693
-2.03021
25.0282
2.58764
3.79583
11.6006
1911.38
0.169858
-5.85436
1.32753
2.31259
0.266793
36.2212
1.24936
1.77707
2.74733
0.126406
-0.00990486
277.41
0.775509
2.69717
1.26964
272.256
-3.21139
0.719879
0.834229
5.17572
1.53039
0.190156
1.14648
-0.127007
1.09139
-4.98655
0.546149
0.323826
2.61559
-0.0615517
0.290846
-5.00736
1.18563
0.560366
1.30904
1718.97
463.809
-3.18493
0.786531
2.55357
24.0371
1.20163
0.895373
-0.933887
2.70576
1511.97
-3.67816
0.415079
1236.91
-0.00982097
0.132726
-5.62065
1.29347
0.886528
1372.83
1.48313
2609.85
0.827467
1.284
6.84177
-1.62558
2071.32
2326.24
0.854768
-5.30174
1389.22
1.25626
0.557019
0.643108
0.763479
2634.98
5.39564
6.01238
-0.410957
4.81521
1.16831
0.156767
1.11678
0.517855
0.725679
2699.8
2653.37
1106.97
1.49336
0.285603
1.64143
-0.076684
1.02538
6.06058
1.2316
0.245994
-4.06783
-2.36889
0.679038
2208.95
0.0929409
-0.733362
0.0946881
-6.89276
0.0787657
0.709354
0.305933
0.383248
0.357871
0.156663
0.432743
55.7201
0.150008
2.39025
0.124826
0.208948
0.111335
5.36932
77.98
0.204805
0.234229
2598.6
3.43002
0.636475
0.694762
0.660151
0.742162
0.524465
-9.41669
96.8474
0.625206
1.07343
5.0993
0.195419
4.57087
-0.205673
0.495946
0.482508
0.834234
-0.0907895
0.576901
1.28229
0.0645778
7.79537
0.530184
5.45939
4.92973
4.93718
3.541
0.358912
1.52915
-3.30222
0.473621
230.284
0.426256
-0.552599
-8.85131
0.58247
0.287684
0.557568
0.551534
0.516357
0.420974
0.678319
0.493651
-0.930721
0.58902
1.07258
0.515085
4.16787
0.933424
4.94873
-0.946497
0.591808
0.564853
-0.149045
0.584334
0.513365
0.389452
0.550833
0.691918
-3.02329
253.079
0.584399
0.598049
1.78168
-0.0844627
-0.384074
-0.927364
0.342164
0.191904
5.33411
-0.158423
0.707524
2.43679
0.433247
0.643445
0.707546
-0.32227
0.56374
0.536118
-0.69039
0.205587
-0.867157
4.58786
-0.380418
4.25972
0.419517
0.349411
22.7146
-0.0460484
1.09383
0.755512
0.349911
0.329095
0.00673562
157.479
0.115502
953.93
0.352895
0.46518
-6.98639
0.108937
0.247995
9.1326
0.042416
0.93634
2048.29
1.54859
0.465829
0.63408
0.691298
1.22496
-2.1399
0.541944
1.92318
29.36
-1.59003
2.11705
-1.23017
-0.865733
-2.293
-1.371
-5.64609
0.894053
1.13951
-0.128564
-3.88497
-6.8661
-0.9596
0.383131
-12.4082
2638.86
4.048
4.13162
0.591569
1469.35
1052.1
-1.09728
0.295693
-0.484355
3638.59
485.521
223.76
26.9038
460.391
-0.378408
247.652
-5.1621
88.9287
1729.9
483.697
-4.81013
-0.0760356
228.791
644.906
0.716688
1.40478
0.945662
-0.157362
-0.0300733
1177.57
1.33
-5.9522
947.24
304.983
364.342
-6.9387
401.357
3.89009
4.62796
0.527011
-0.27536
106.519
14.5023
1019.85
0.814505
42.1863
935.766
256.452
-0.629923
22.1532
1187.82
191.75
149.623
16.045
453.655
283.065
70.7372
-0.729318
1.98045
360.105
-9.11916
1.08164
769.664
1.2262
13.6066
-1.42908
-1.75966
39.7936
228.98
7.9199
4.33148
-2.27876
-0.400216
494.909
-1.9266
-1.75563
5.05008
0.681737
0.716525
0.270277
-1.13044
0.371203
0.81415
0.658127
5.66604
932.773
4.594
5.02708
24.5059
4.57206
1.91285
-10.1417
1.70067
0.902989
0.493305
-0.0372389
222.315
4.86403
918.68
0.859876
610.786
11.9416
2.31631
0.751662
4.87082
-0.719187
1579.25
17.3561
5.3739
3.5804
2.85662
0.552553
0.526912
213.299
0.712701
0.0861155
0.833913
-1.89662
444.515
0.782962
385.447
-0.766242
5.29455
250.737
4.74856
-11.3372
686.411
9.60101
-10.1893
0.747023
0.565758
0.544988
0.333493
0.544566
0.569373
0.598607
-1.26066
-3.71532
0.515865
0.556571
0.562205
3.24234
0.647129
0.622172
0.54781
-12.9581
3.70027
658.923
-0.824159
2671.23
-0.00166119
-3.66516
8.11269
0.672155
4.56803
6.2153
1282.02
-0.909219
2460.99
4.81591
-1.68105
4.08018
4.99268
0.974589
-1.97419
-11.1953
4.33322
-0.324681
0.820019
5.81739
4.04094
1.44766
0.588862
5.40674
-1.5486
1.73071
0.562741
-1.97043
-1.91148
-9.84656
468.838
3.76911
3.35754
1460.1
4.69983
3.19476
-3.72196
5.00168
0.630556
4.48621
-8.62714
7.84728
4.19677
135.25
1852.35
-6.95821
4.38792
0.172462
-6.73063
0.770135
-0.0884304
3.02478
0.155882
7.56828
0.386319
2729.4
4.18284
3.27233
31.3111
4.44243
3.58704
-0.734008
-4.65018
2.13915
7.25753
-0.20794
7.21287
0.289528
0.585992
4.14075
4.91124
4.99398
7.34421
-1.46977
5.25834
-5.09982
5.07447
-0.585284
1800.17
5.4476
1.7943
-10.4987
4.53419
0.0733523
0.609108
0.441668
2619.12
4.84975
0.206938
77.3756
0.379386
0.60491
1.29717
5.11412
0.565774
1.19084
0.163824
5.31587
-0.503228
0.316457
295.158
-4.28907
6.92353
3.25724
5.02257
-0.962987
1.59658
1.74488
0.40051
0.188775
1.48257
0.771041
2683.41
85.4474
1.21978
1262.87
2.72823
-0.178278
-0.110335
-5.44849
0.13603
0.465924
1046.32
4.60925
0.468172
1.7322
2.79124
-0.239773
5.51569
4.49154
1.06665
1.43292
-2.87158
0.72407
)
;

boundaryField
{
    FrontBackPlanes
    {
        type            symmetry;
    }
    wallz
    {
        type            fixedFluxPressure;
        gradient        uniform 0;
        value           nonuniform List<scalar> 
97
(
2620.11
2481.82
2534.29
2688.15
221.876
210.412
0.168526
222.693
215.052
0.341668
0.171126
0.174339
1.59871
1.78841
2.78649
241.692
355.375
282.716
1.29584
0.983162
0.522512
0.925596
1.15884
1.40402
487.072
684.857
857.64
2.84844
2.44273
1.74961
0.653227
0.711135
0.798674
1138.05
1071.93
3.89181
3.42119
0.584341
0.598607
0.60406
830.49
377.233
4.32109
0.573219
0.586014
0.573107
4242.75
3044.63
5483.68
5.38612
0.515948
0.549264
0.560213
1780.97
860.008
478.386
6.19055
5.75493
0.431713
0.485306
825.239
1052.96
936.864
6.94888
6.62418
207.615
51.3777
0.132401
0.238665
863.933
750.249
557.256
7.42821
7.29031
9.77187
11.7034
10.7269
262.349
307.924
411.433
212.597
212.484
0.0388974
2431.82
2543.68
2501.97
2764.41
216.494
215.437
-0.156694
5.01981
690.054
0.372754
235.256
903.867
0.26636
4.62999
)
;
    }
    outlet1
    {
        type            fixedValue;
        value           uniform 0;
    }
    inlet1
    {
        type            fixedFluxPressure;
        gradient        nonuniform List<scalar> 2(-6.15573e-05 6.80533e-09);
        value           nonuniform List<scalar> 2(2562.53 2545.15);
    }
}


// ************************************************************************* //
