/*--------------------------------*- C++ -*----------------------------------*\
| =========                 |                                                 |
| \\      /  F ield         | OpenFOAM: The Open Source CFD Toolbox           |
|  \\    /   O peration     | Version:  v2012                                 |
|   \\  /    A nd           | Website:  www.openfoam.com                      |
|    \\/     M anipulation  |                                                 |
\*---------------------------------------------------------------------------*/
FoamFile
{
    version     2.0;
    format      ascii;
    class       volScalarField;
    location    "0.25";
    object      p;
}
// * * * * * * * * * * * * * * * * * * * * * * * * * * * * * * * * * * * * * //

dimensions      [1 -1 -2 0 0 0 0];


internalField   nonuniform List<scalar> 
6576
(
-411.147
-435.356
-402.292
-410.2
-418.495
-397.948
-397.988
-383.323
-404.646
-402.146
-400.156
-392.187
-379.062
-394.702
-303.287
-321.972
-357.746
-352.528
-325.208
-317.335
-361.144
-388.71
-397.113
-468.645
-296.997
-253.858
-180.102
-439.209
-442.162
-437.822
-430.393
-420.401
-382.088
-284.308
-267.322
-281.964
-309.985
-306.795
-300.56
-302.703
-339.896
-384.406
-332.836
164.713
103.827
180.964
110.449
151.069
231.382
184.626
135.222
185.821
-2.92189
-2.92279
-2.93537
-2.89146
-2.89539
-2.90929
-2.90427
-2.92276
-2.89364
-2.88346
-2.86706
-2.89839
-2.92351
-2.89135
-2.69844
-2.73207
-2.74961
-2.76432
-2.7325
-2.7976
-2.76498
5.41036
5.21424
6.07829
5.69339
6.08765
6.11015
6.51328
7.76263
7.44992
7.2227
6.95062
7.40543
7.24014
6.98609
233.139
188.447
136.142
151.799
125.069
199.798
214.876
590.362
568.042
637.015
435.204
571.238
615.027
533.408
681.337
632.512
655.746
653.103
735.862
630.821
760.456
476.614
418.243
452.805
411.309
408.211
413.776
-2.67098
-2.88257
-2.52194
-2.72986
-2.87952
-2.51805
-2.60434
-10.0228
-6.64171
-71.1684
-39.0107
38.8385
-23.4922
8.33144
-2.63872
-3.34043
-2.79783
-3.92249
-3.76099
-3.92943
-4.28659
0.67847
2.44586
0.315605
-0.764735
1.79595
3.07625
0.0746371
-4.47092
-3.94599
-3.57464
-4.9474
-3.69664
-3.26216
-4.39341
-8.2529
-7.65343
-9.21725
-6.05371
-6.63447
-7.7515
-6.95203
-8.67533
-9.53717
-7.99752
-7.99727
-8.98775
-7.28371
-6.78163
-7.90278
-6.97434
-11.8322
-12.5702
-11.9259
-10.5767
-11.7289
-12.3519
-11.1611
-11.0222
-10.6852
-9.98973
-10.5531
-10.5872
-8.84475
-9.35344
-9.00703
-8.5807
-8.13575
-8.01218
-7.39467
-8.18707
-7.72959
-6.59263
-7.76927
-7.88333
-7.08967
-7.40434
-7.60717
-7.5853
-7.85868
-7.89478
-7.74492
-7.64164
-7.79686
-7.27074
-7.42343
-7.23822
-7.8161
-7.34755
-7.26476
-5.79059
-5.80181
-6.1519
-6.96737
-6.28788
-6.63451
-6.57696
-3.55006
-4.04061
-4.73419
-3.1173
-4.19122
-4.2824
-4.82035
-6.21662
-5.98196
-5.88206
-6.99061
-6.33296
-6.54889
-6.7119
-7.79241
-7.3021
-7.89872
-7.48916
-8.34325
-8.82847
-7.73417
-9.1123
-10.1332
-10.1357
-8.90712
-8.21017
-9.40138
-9.80947
-14.447
-13.1237
-13.2206
-12.7493
-13.2763
-13.4264
-14.2101
-14.5558
-13.299
-15.5584
-15.2055
-14.1877
-15.4435
-14.0753
-13.7273
-15.6399
-11.4352
-10.2088
-11.5723
-11.7105
-12.1876
-10.7589
-11.7076
0.66224
-0.143546
1.50514
1.03746
1.12673
0.460095
1.11647
344.996
341.755
312.707
329.506
313.262
245.351
278.794
274.458
299.216
119.262
155.047
111.5
112.678
65.6586
84.3475
27.8944
4.04011
4.41097
4.49465
4.55099
4.27646
4.337
4.25285
4.39921
4.2732
176.506
121.505
142.875
6.10723
7.35543
5.42782
7.6571
6.93019
5.57413
6.03393
-1.57226
-1.64577
-1.61838
-1.61949
-1.54766
-1.54653
-1.63388
-0.170152
-1.50342
-2.17936
-1.15736
-1.44766
-1.63289
-1.42268
-1.51678
-1.90319
-1.55812
-1.55608
-1.59327
-1.52668
-1.54093
-1.53755
-1.55115
10.3182
10.6445
11.6916
8.8494
10.1131
10.6422
9.36299
9.11232
7.95295
10.102
6.54261
6.46055
8.2915
7.44471
8.81559
9.75924
11.4759
24.9107
7.73871
6.49983
11.9617
5.05928
3.53376
6.24368
5.12698
427.839
417.544
443.009
405.074
437.35
428.195
472.649
337.929
346.731
361.795
374.8
343.978
262.082
330.38
313.157
311.159
257.27
185.513
299.048
352.322
378.216
284.876
325.499
120.768
91.5239
220.167
239.802
252.657
161.364
177.17
-2.06688
-2.23561
-2.18202
-2.74949
-2.86244
-2.63599
-2.70136
-2.29241
-2.2741
-1.50264
-1.50616
-1.62194
-1.58622
-1.64487
-1.52154
-1.55695
-1.50492
-1.46737
-1.42815
-1.48913
-1.53847
-1.4885
-1.51864
-1.46805
-1.49694
3.98796
3.47922
-0.7572
7.59252
6.44649
6.08555
7.04436
14.6695
5.07922
-19.1078
32.7585
5.36851
15.2106
20.0163
-19.733
-20.2943
-19.5836
-19.4889
-19.0282
-19.9919
-19.3674
-17.8912
-18.9257
-17.2536
-17.6579
-16.7716
-16.6312
-16.8187
-13.9309
-15.4617
-15.0528
-12.8223
-13.6433
-14.9943
-14.3919
-7.97209
-8.00269
-6.48715
-7.71647
-6.79843
-3.79534
-4.74669
-4.60456
-5.86063
-5.27281
-5.64357
-5.34424
-4.25985
-4.67152
-4.67064
-5.00187
-4.78872
-3.32269
-4.34015
-3.9094
-4.40233
-3.17761
-4.019
-4.19285
-4.02711
-3.79515
-4.23515
-4.15696
-4.08476
-3.67706
-3.97636
-3.98473
-3.158
-4.05896
-3.54671
-3.85926
-3.27337
-4.77517
-4.51184
-5.06599
-4.67508
-3.79677
-3.04623
-4.38579
-3.13914
-3.56641
-3.62809
-4.24106
-3.90005
-2.89186
-3.1934
-3.60407
-3.55521
-3.34715
-3.12866
-3.53524
-3.49268
-3.62836
-3.55566
-3.09268
-3.31805
-3.68097
-3.61396
-3.49442
-3.42481
-2.87624
-3.60269
-3.68982
-3.45173
-3.84772
-3.02966
-3.78526
-3.08733
-3.6191
-3.64689
-3.40917
-2.8205
-3.01285
-3.08123
-3.60267
-3.52498
-3.26464
-3.3638
-3.81333
-3.33656
-3.22553
-2.87901
-2.9403
-3.87224
-3.45506
-3.35173
-3.88983
-12.6958
-12.8973
-13.7308
-12.8349
-11.0893
-13.2623
-11.5591
-12.5698
-13.6993
-16.897
-17.6922
-16.5161
-16.5468
-15.448
-16.7265
-16.0662
-15.629
-14.7835
-16.5866
-15.8518
-14.7318
-14.1911
-15.5219
-18.2568
-17.7936
-18.8212
-17.1459
-17.0828
-18.3454
-18.0667
-14.814
-13.0665
-13.5097
-16.1597
-16.5218
-12.027
-10.7639
-12.0946
-11.2305
-12.2639
-10.6955
-11.804
-8.86963
-7.94898
-8.17765
-8.02341
-7.35402
-7.59724
-8.4094
-3.47267
-2.20606
0.0124659
-4.588
-1.25661
-3.20015
-5.89069
-1.79467
-1.76537
-1.80437
-1.75014
-1.7562
-1.78713
-1.77621
-1.64701
-1.68384
-1.67277
-1.62604
-1.629
-1.63472
-1.64435
-1.67213
-1.66081
-1.58109
-1.56657
-1.58598
-1.56154
-1.58026
-1.55696
-1.59255
-1.51197
-1.41701
-1.44055
-1.44975
-1.36803
-1.39043
-1.47578
-1.12456
-1.15568
-1.23289
-1.13332
-1.18823
-1.15012
-1.26156
-0.857703
-0.844047
-0.920238
-0.921241
-0.971286
-0.906423
-0.873192
0.592445
0.421278
0.466991
0.720878
0.465351
0.867456
0.450816
1.74093
1.95387
1.78117
1.70629
1.39748
1.96976
1.7856
1.91228
1.6653
1.51401
1.77013
1.81223
2.00333
1.88521
1.85554
1.64975
1.71181
1.48221
2.72264
2.75338
2.6094
2.70716
2.38536
2.51305
2.75495
2.33949
2.5391
2.28945
2.61813
2.81278
2.6471
2.58126
2.30828
2.23293
3.80365
4.00338
3.84417
3.65181
3.03021
3.49645
4.84024
4.72202
4.52844
4.33346
4.78314
5.43822
6.49146
4.72646
4.52279
4.67246
4.58192
4.67275
5.06722
4.98932
4.4391
4.32585
5.18906
7.15358
10.8249
6.65544
12.7016
11.8583
31.6665
10.3847
17.6412
66.4845
34.987
9.54801
21.3755
8.25508
8.65523
4.01996
202.374
176.656
149.469
106.021
70.7833
118.766
151.712
404.171
373.598
392.805
511.396
601.932
626.942
636.567
654.957
626.994
586.846
493.029
521.448
495.983
507.968
591.675
529.487
425.663
582.844
494.696
499.051
563.021
506.149
587.561
637.033
631.402
680.884
645.871
631.651
635.228
698.81
652.761
606.159
617.5
652.43
664.306
618.767
676.011
635.575
616.165
623.164
583.936
694.697
638.512
650.423
732.98
657.716
623.211
697.343
664.496
591.032
634.183
627.883
723.516
573.75
632.784
503.018
512.446
408.881
554.531
525.939
485.942
543.614
541.455
438.934
530.245
568.599
570.481
560.735
594.301
18.272
21.8126
13.6003
15.5112
26.4286
3.981
18.2225
43.331
58.943
66.7806
65.2653
43.5228
35.0233
40.734
-19.6093
13.4518
1.57671
36.4821
10.0517
10.2974
0.525274
-0.304947
-1.35839
-10.9357
-7.31713
-0.827649
-1.18141
-3.12618
-2.08421
-1.47537
-3.18628
-3.36218
-4.4688
-1.93013
2.52176
-1.7562
2.38417
-3.05695
-3.78631
-2.41999
-2.56342
-2.39009
-2.32039
-2.44466
-2.22377
-2.34474
-5.14338
-5.36183
-4.3519
-6.0098
-5.54437
-5.17993
-5.71649
-5.31867
-4.84939
-5.49406
-5.75576
-5.04929
-5.70755
-6.22185
-8.45231
-8.86591
-7.9902
-6.65736
-7.37324
-8.21378
-9.6684
-9.91488
-7.30253
-6.30898
-8.19056
-8.38054
-7.10619
-5.6566
-6.80057
-4.72263
-5.2055
-6.59623
-6.97074
0.884971
-0.110945
0.387523
0.460853
0.850039
-0.0742205
0.308251
0.437803
0.473577
0.564076
0.739149
-0.515117
0.392693
0.33242
0.371284
-0.0176074
-1.03276
0.185084
0.518724
0.502221
0.183555
-2.02629
-0.442751
-0.459795
-0.490695
-0.160457
-1.38233
-1.16554
-1.14877
-0.932359
-0.598191
-1.01069
-0.188636
-1.37713
-2.57434
-3.74972
-4.00787
-3.61954
-3.39309
-3.24295
-2.52403
-3.53869
-3.31765
-2.92194
-2.78201
-7.0701
-7.05824
-7.19711
-6.76799
-7.68396
-7.23869
-6.47836
-3.70316
-4.77198
-4.64501
-4.80394
-4.84319
-4.99547
-4.50715
-6.25205
-5.60685
-4.70474
-6.8579
-6.95156
-6.47915
-5.91068
-3.65999
-3.65458
-3.64862
-8.00239
-7.46356
-8.81303
-5.79343
-7.11915
-7.92288
-6.79519
-3.81731
-3.77118
-3.02469
-4.09694
-4.13575
-3.72733
-4.25431
-3.24212
-4.13723
-4.01208
-4.21348
-4.54232
-3.59597
-3.22222
-3.10712
-4.06665
-4.06543
-3.82671
-3.86755
-3.44807
-4.12518
-3.91902
-3.16488
-3.85751
-4.11099
-3.0202
-8.29674
-9.32178
-7.47536
-6.26332
-6.23717
-7.32116
-8.17669
-6.74728
-6.32591
-13.5971
-14.1859
-15.1214
-12.6177
-14.2871
-15.4002
-13.7722
-9.71041
-9.29939
-9.76197
-7.99484
-8.57051
-8.89405
-9.2291
-7.81522
-8.42414
-8.16932
-7.49714
-6.81883
-6.42449
-5.76659
-5.00164
-6.02096
-7.27129
-7.12686
-8.11076
-9.51238
-5.86054
-6.3442
-8.13588
-8.36021
-7.81729
-7.64973
-6.47774
-7.48907
-2.14011
-2.08102
-2.09327
-2.11442
-2.07994
-2.07776
-2.07807
-2.07254
-2.07892
-1.65116
-1.66796
-1.65376
-1.62193
-1.62743
-1.6384
-1.62805
-1.57251
-1.60372
-1.57605
-1.57243
-1.54941
-1.55568
-1.58305
-1.48034
-1.45396
-1.47361
-1.48017
-1.45386
-1.49027
-1.45613
-1.45607
-1.48521
-1.31049
-1.33711
-1.31482
-1.3581
-1.35583
-1.33001
-1.32994
0.109188
-0.0127502
0.00538317
-0.0895953
-0.00617415
-0.0681635
-0.0297769
0.493227
0.499849
0.673977
0.462348
0.421227
0.294921
0.482061
0.375335
0.550935
0.373602
0.493246
0.659923
0.509966
0.521673
0.399545
0.284631
0.880819
1.14268
1.09325
1.12377
1.34428
1.20771
1.3489
0.746397
1.16133
1.00103
1.92991
2.17992
2.00647
2.54579
2.96018
2.80506
16.1267
10.8187
12.0329
10.6175
11.0421
13.9156
10.7568
696.863
613.082
636.658
651.889
611.634
734.722
684.635
596.131
617.661
619.597
740.873
633.007
669.278
618.784
465.584
524.855
515.002
492.147
511.834
630.963
707.356
451.224
508.768
197.001
287.675
202.751
311.267
206.259
221.806
276.957
420.781
291.093
356.5
517.821
325.445
277.538
103.334
185.945
220.286
271.7
246.564
270.875
300.883
84.4555
26.1774
66.8268
67.8388
50.8029
68.9424
121.126
0.44042
-7.75443
-4.59981
-6.92686
-7.30938
-6.87829
-4.96644
-6.82934
-7.80999
-7.72553
-8.15373
-8.47876
-8.16394
-7.73849
18.5525
-3.33983
26.4014
-4.42712
22.9431
-7.33136
0.00380351
6.07588
-72.5832
36.6043
11.7793
-5.12411
30.4729
-33.6906
8.85201
9.08883
9.20386
9.26795
8.95789
8.78835
9.17379
7.25773
6.47393
7.74293
8.53893
7.73378
7.74801
7.86959
6.92037
6.80379
6.6987
6.6492
6.55097
6.81512
6.53547
-0.866112
-0.274083
-1.30951
-1.1839
0.275238
0.076373
-0.830403
-0.445826
-0.551024
-1.94662
-0.0361233
0.743499
0.385067
-0.554654
-0.181441
-1.49493
-0.0642129
-0.0662284
0.127762
-1.27327
-0.578998
-0.537912
0.534417
0.0797531
0.657375
0.970122
0.370698
0.000955195
0.980861
1.51885
0.883504
1.78264
1.8098
1.28078
1.31784
-0.0097193
0.749065
0.302845
0.00597341
0.677526
0.0281319
0.603661
0.610753
-0.0476326
2.2149
2.93393
2.35173
2.20403
1.90072
2.55341
2.18291
2.21171
1.93723
1.74668
2.3342
2.68014
2.21801
2.03882
1.27668
1.59634
1.26773
1.32936
1.19885
1.14915
1.25005
0.904217
1.61299
1.55753
1.34896
1.47021
1.25424
1.28203
1.32365
1.68346
1.35374
0.602028
1.32212
1.18941
-0.828451
0.173082
0.452981
-3.88222
-3.37615
-2.6208
-3.27235
-2.87554
-3.06561
-1.96827
-6.62444
-4.12783
-6.30711
-8.39412
-7.01688
-7.35467
-8.20648
-7.59416
-6.48019
-6.98487
-7.14737
-6.05951
-9.93886
-8.75134
-8.64648
-10.6904
-11.3813
-10.1358
-9.54071
-10.8724
-12.0044
-10.7462
-12.7956
-12.0179
-10.7634
-11.3142
-12.8317
-12.0105
-10.8608
-14.0301
-14.2303
-6.39884
-7.92502
-7.85378
-6.47933
-7.68691
-7.34953
-8.31186
-14.7478
-14.1744
-13.4884
-12.7104
-13.5267
-14.2214
-14.8833
-7.88583
-6.80567
-7.63227
-7.77501
-6.66599
-7.50882
-8.49527
-4.02232
-4.24847
-3.90767
-3.77999
-3.5189
-4.10174
-4.84861
-4.0397
-4.36725
-5.55954
-3.73988
-3.09242
-4.50963
-3.35178
-3.22096
-3.59335
-3.18275
-3.56745
-4.51544
-3.8032
-2.52733
-3.44023
-2.95628
-3.33316
-3.58788
-3.0194
-3.29768
-2.91959
-3.55917
-3.71987
-3.32761
-2.86508
-3.0603
-3.44679
-3.34924
-3.50209
-3.29559
-3.34977
-4.05088
-3.51316
-3.9036
-3.59626
-3.38883
-3.32531
-3.15697
-3.23566
-3.27981
-3.14281
-3.27428
-3.26892
-3.03494
-3.86091
-3.92012
-4.40059
-3.83607
-4.51311
-4.01029
-4.03233
-1.98862
-1.93807
-1.74515
-2.14654
-2.21949
-2.11984
-1.95108
-1.74356
-1.6326
-1.67184
-1.69255
-1.73763
-1.80934
-1.7325
-2.17646
-2.17826
-2.3365
-2.10167
-2.21093
-2.18437
-2.31887
-1.82156
-1.83767
-1.82362
-1.88122
-1.85237
-1.87472
-1.85867
-1.83998
-1.8465
-1.90997
-1.99514
-1.94082
-1.8505
-1.90972
-1.96742
-1.90623
-1.91524
-1.9148
-1.92723
-1.9293
-1.92479
-1.90993
-1.91588
-1.82031
-1.79577
-1.82134
-1.82621
-1.85087
-1.82973
-1.85235
-1.816
-1.84077
-1.80085
-1.83762
-1.8199
-1.76671
-1.78404
-1.78026
-1.79837
-1.82547
-1.80714
-1.68212
-1.71497
-1.71225
-1.68948
-1.72139
-1.6749
-1.70395
-1.41308
-1.39998
-1.35293
-1.41123
-1.44793
-1.41882
-1.38055
-1.38677
-1.36551
-1.4103
-1.30659
-1.33711
-1.37178
-1.34602
-1.04711
-1.02765
-0.957923
-1.0436
-1.09096
-1.05192
-0.999906
-1.06037
-1.03923
-0.997969
-1.01909
-1.05146
-0.972137
-1.00885
-0.821801
-0.873266
-0.820738
-0.794476
-0.715623
-0.779081
-0.828203
-0.257397
-0.318213
-0.334983
-0.244889
-0.289685
-0.33192
-0.319356
-0.469561
-0.567089
-0.558809
-0.647748
-0.584887
-0.547227
-0.615145
-0.167729
-0.291592
-0.270943
-0.399017
-0.191957
-0.3192
0.248945
0.0389836
-0.0264098
0.0369083
0.184726
-0.0357613
-0.0758854
-0.118182
0.0251868
-0.0430206
0.67818
0.57231
0.546807
394.256
365.843
401.403
358.721
280.944
351.205
402.92
232.656
227.179
197.989
194.851
80.5369
93.4826
203.501
256.539
250.547
366.856
222.517
162.368
223.894
103.278
103.774
154.819
233.991
309.166
93.1058
115.293
-4.09858
-3.77272
-7.63282
-4.28114
-0.830358
-2.93385
-6.93687
-6.52066
-8.74056
-8.94709
-8.29346
-6.97489
-8.08199
-8.63048
6.6801
6.36368
6.6499
7.17935
6.95297
6.74011
6.94556
12.4637
8.39621
8.86599
5.86966
7.57724
6.67397
6.35153
7.26414
7.08799
7.96774
8.01838
7.67377
8.19186
8.19091
11.7732
8.75973
7.75981
7.6681
7.67798
7.77845
7.71946
7.39825
7.52768
7.51808
7.37815
7.83715
7.75404
7.73574
7.79488
7.76132
7.76542
7.67167
7.74019
7.69951
7.67979
7.65609
7.72572
7.69813
7.68068
7.79077
7.80844
5.96636
4.79893
5.70809
4.69839
5.39887
5.46373
5.86459
5.39725
4.71839
5.28773
4.62513
5.13291
5.09096
5.46598
4.63076
5.25368
5.05679
5.24892
5.61787
5.23429
4.8196
3.28704
3.6073
3.65695
4.06956
3.63495
3.86075
4.29613
5.18442
5.70132
5.20415
5.31986
5.69017
3.27815
3.63099
3.64286
3.54609
3.17866
5.81346
5.24298
5.81305
5.52282
5.17268
3.23704
3.53761
3.70897
3.28756
3.02525
2.25115
1.85648
2.06841
0.33553
-0.283969
-0.13136
0.893109
1.01941
1.80097
1.58629
0.945217
0.620091
1.07516
1.26544
1.6577
-3.22187
-2.52071
-2.28892
-2.33625
-0.710074
-2.40201
-1.96076
-4.51006
-3.7742
-2.85275
-3.26836
-3.77905
-2.09147
-2.76011
-8.38569
-8.90291
-7.90975
-7.42705
-6.47137
-7.84213
-7.14967
-18.5466
-18.2995
-18.7346
-19.1523
-19.0008
-19.0428
-18.9893
-8.27184
-7.58645
-9.08644
-6.65746
-7.10654
-8.23009
-8.45947
-2.99046
-3.27177
-3.51893
-3.42607
-3.23845
-3.365
-3.43284
-3.27836
-3.34504
-3.86664
-3.50195
-2.93547
-3.32628
-2.87562
-3.03273
-3.00311
-3.07973
-3.08666
-3.12766
-3.10181
-3.02988
-3.04481
-3.10863
-3.18918
-3.4357
-3.01342
-3.03178
-3.17579
-2.96821
-3.65558
-3.13208
-3.16992
-5.41873
-5.09012
-5.16472
-4.93389
-3.00015
-5.49309
-4.87346
-3.50552
-105.792
-8.294
-24.7721
0.850002
-33.8942
6.65891
-3.88624
-5.50794
-3.85492
-2.21829
-4.72692
-5.13782
0.459606
-4.03063
-4.57277
-5.04857
-5.06269
-4.35718
-4.88157
-5.14408
-2.25529
-1.461
-2.03713
-2.42131
-2.49005
-2.42041
-2.32151
-2.95469
-2.64711
-4.83802
-1.2059
-2.36614
-2.81824
-4.39471
-2.02007
-2.07328
-2.12482
-2.0639
-2.14111
-2.27822
-2.1525
-2.58581
-2.43002
-2.44262
-2.35364
-2.39676
-2.54991
-2.47957
-2.37813
-2.45174
-1.98859
-2.03516
-2.02401
-2.01902
-2.07737
-2.06019
-2.01261
-2.04945
-2.04379
-2.09079
-2.06946
-2.05877
-2.11563
-2.10509
-2.07789
-2.0952
-2.05533
-2.06914
-2.05126
-2.03858
-2.02307
-1.88522
-1.87492
-1.84747
-1.86731
-1.89644
-1.87201
-1.8442
-1.48673
-1.52176
-1.47638
-1.46013
-1.41429
-1.45199
-1.48851
-1.26007
-1.30393
-1.3023
-1.30311
-1.34233
-1.34509
-1.31609
-1.12318
-1.07098
-1.14131
-1.14628
-1.16596
-1.15643
-1.11625
-1.18137
-1.13752
-1.17984
-1.13924
-1.07068
-1.141
-1.13329
-1.17664
-1.19863
-1.01085
-0.972831
-0.966419
-0.962644
-0.895837
-0.879422
-0.938204
-0.964367
-1.03434
-0.991052
-0.698284
-0.773856
-0.778901
-0.8139
-0.771919
-0.852282
-0.808943
-0.832959
-0.828586
-0.883162
-0.810292
-0.728932
-0.799309
-0.853694
-0.75926
-0.67976
-0.745779
-0.566065
-0.453828
-0.526905
-0.595507
-0.564478
-0.50428
-0.654738
-0.674571
-0.636189
-0.609398
12.6069
-6.79928
13.8668
6.0508
12.9564
10.6132
19.0546
-7.70932
-10.296
-7.55351
-6.99511
-7.56961
-6.59709
-6.47855
8.75657
7.04633
41.8214
6.4396
-7.39118
-4.19761
13.0419
-2.04179
-7.16309
-6.26216
-4.44763
-4.94186
-6.40801
0.0597669
861.643
329.548
799.482
559.544
499.674
524.054
703.232
-32.1814
-169.373
-126.071
33.4667
-55.2341
24.1307
9.04211
8.43569
8.72342
8.69541
8.25754
8.74578
8.42296
8.28409
7.81854
8.13454
8.08422
7.71839
8.19358
7.89537
7.48691
7.81973
7.84336
7.71478
7.94991
7.747
7.42865
7.829
7.7282
7.40533
7.75108
8.17571
7.87078
7.61548
6.21723
6.66232
6.64981
7.25873
6.82339
6.96825
6.61776
6.65343
6.06345
6.47471
6.62418
6.20357
6.64397
6.45512
6.75429
6.16573
6.53523
6.917
6.49042
7.10833
7.03278
6.68842
6.36372
6.82658
7.03079
7.95432
7.53348
7.61274
7.24617
7.47632
6.86534
8.59886
9.31123
9.19176
7.99445
8.40925
9.02792
9.02336
-5.03767
-4.83317
-4.87054
-2.39246
-3.46672
-3.33179
-3.56098
-5.71828
-6.58612
-5.61823
-6.05003
-6.99016
-6.00697
-4.58356
-7.21459
-7.06334
-7.79197
-6.14854
-6.93807
-3.85707
-6.1339
-5.65977
-5.16304
-3.50871
-3.52177
-3.88119
84.8161
2.28318
26.2719
17.8695
-1.91388
-6.14334
-2.19357
-4.85302
-5.50745
-6.24006
-3.68692
-2.68516
-5.01379
-5.81788
-3.66636
-3.91724
-2.85717
-3.46597
-3.65164
-3.54297
-3.86542
-2.41172
-2.77171
-2.53837
-2.74814
-2.88379
-2.79628
-2.91791
-2.82687
-2.90285
-2.80613
-2.7435
-2.93531
-2.83038
-2.9873
-2.94154
-2.97463
-2.94093
-2.93593
-2.92624
-2.99716
-3.00194
-2.98077
-2.96856
-2.96909
-2.94806
-2.95937
-2.91365
-2.83375
-2.88517
-2.94367
-2.89308
-2.85378
-2.89974
-2.26342
-2.31165
-2.28522
-2.30595
-2.33381
-2.29625
-2.27029
-2.2082
-2.18634
-2.16295
-2.19971
-2.22572
-2.19281
-2.16739
-2.10526
-2.08856
-2.06067
-2.12104
-2.14891
-2.11604
-2.08983
-1.97762
-1.94666
-1.99147
-2.00545
-2.03515
-1.99067
-2.02011
-1.96177
-1.99099
-2.03813
-2.00941
-1.9921
-2.03687
-2.00665
-1.97582
-2.00602
-1.58397
-1.57218
-1.5255
-1.64063
-1.60125
-1.60731
-1.5682
-1.49376
-1.45782
-1.46994
-1.54104
-1.58845
-1.59125
-1.61925
-1.58244
-1.64247
-1.60424
-1.38755
-1.44174
-1.43239
-1.44296
-1.37456
-1.50866
-1.28577
-1.30783
-1.21979
-1.31945
-1.34897
-1.29932
-1.28533
-1.24048
-1.29031
-1.31787
-1.11045
-1.12808
-1.05784
-1.19966
-1.22058
-1.16785
-1.14028
-1.17134
-1.18282
-1.21314
-0.941426
-0.919327
-0.968859
-1.02613
-1.02537
-1.00107
-1.00568
-5.59056
-1.4314
-1.70689
-2.60069
-1.37518
42.6648
-4.00605
25.5149
8.20673
17.2042
-8.63371
5.93074
-2.14213
-1.76257
-3.13321
-2.05277
-2.09369
-2.69613
-2.53159
-5.05982
-15.1312
1.83975
-2.42488
-3.43834
-9.05681
-8.9185
-9.28744
-9.59891
-9.3546
-9.50104
-9.6468
-8.74789
-9.76306
-8.39943
-8.96193
-8.75152
-9.37212
-8.47175
-8.58927
-9.13846
-9.63653
-9.96954
-10.8175
-10.7403
-10.0356
582.231
144.57
340.033
2842.17
1153.99
2351.17
2408.48
2042.79
3052.55
2269.47
2156.44
562.039
2739.64
1696.53
2468.04
2618.48
810.884
401.031
355.891
311.768
373.955
-214.25
144.822
424.911
3861.8
2352.41
9.33144
10.1279
10.0874
9.66248
9.39834
9.03138
9.37924
9.01982
9.09256
10.0112
9.24264
9.07886
9.16242
9.10333
9.23399
9.08263
9.35717
10.118
10.0345
10.0107
9.96537
9.86876
9.90191
10.0035
10.6324
10.7324
10.5951
10.447
10.5205
10.5696
10.4602
7.73307
8.70714
5.60486
3.74611
6.08191
6.51347
6.43173
5.23435
5.84527
5.00102
9.85653
7.67503
4.10735
5.88714
-0.631296
1.42731
2.09628
3.82865
2.30527
1.78509
1.19809
-2.96448
-2.34744
-1.29425
-1.96864
-2.68451
-0.437425
-1.77271
-2.70914
-2.23637
-2.57468
-2.09636
-1.88969
-2.51075
-2.52705
-2.88287
-2.87733
-2.7996
-3.00471
-3.16035
-2.7328
-2.59054
-2.62301
-2.79902
-3.29049
-3.15318
-3.33025
-3.58589
-3.23623
-3.21244
-3.2149
-2.99698
-3.03579
-3.07584
-3.00845
-3.03282
-3.07061
-3.02684
-2.93791
-2.94888
-2.99328
-2.9529
-2.94075
-2.93592
-2.93003
-2.93038
-2.92575
-2.91766
-2.96124
-2.93791
-2.93535
-2.9076
-2.90224
-2.934
-2.88495
-2.92347
-2.91442
-2.92334
-2.93479
-2.9202
-2.90426
-2.90261
-2.89232
-2.89015
-2.66302
-2.62816
-2.61305
-2.64616
-2.61207
-2.56327
-2.59725
-2.57952
-2.6131
-2.18509
-2.23318
-2.21762
-2.21533
-2.24721
-2.21644
-2.18446
-2.09197
-2.05881
-2.10874
-2.05878
-2.09062
-2.09233
-2.12399
-1.93898
-1.98225
-1.98639
-2.01455
-1.98128
-2.03992
-2.00383
-1.89261
-1.85978
-1.85453
-1.80877
-1.85415
-1.83352
-1.79804
-1.9126
-1.85689
-1.87482
-1.72727
-1.66657
-1.72733
-1.71408
-1.74504
-1.77628
-1.56435
-1.58304
-1.53117
-1.54308
-1.5075
-1.503
-1.55093
-1.51314
-1.48925
-1.52975
-1.38885
-1.36733
-1.40264
-1.37562
-1.39257
-1.39447
-1.4152
-1.40528
-1.43089
-1.36292
-1.39091
-1.40103
-1.34679
-1.3402
-1.54129
-1.53692
-1.52896
-1.60928
-1.5714
-1.56987
-1.59202
-1.83958
-1.74146
-1.75701
-1.67049
-1.65308
-1.71713
-1.67537
-2.2034
-1.93001
-1.9821
-1.8786
-1.91679
-2.153
-2.11437
-2.62636
-2.69696
-2.4603
-3.08712
-2.85577
-2.69073
-2.74773
-2.35575
-2.69298
-2.48031
-2.55985
-2.27059
-2.9241
-2.93469
-2.90622
-2.7457
-2.76221
-2.74459
-2.77692
-2.85051
-2.32468
-1.33609
-2.99066
-2.35963
-1.78368
-2.70015
-2.41987
-2.67714
-2.19738
-2.60375
-2.48681
-2.45921
-2.27035
1133.83
597.69
255.762
406.873
300.735
828.436
-134.187
112.397
-67.7574
54.0942
-688.827
39.1227
551.749
17.0749
172.933
-365.055
-79.502
178.89
49.7186
-301.323
58.369
-171.867
51.0382
-169.633
-6.36195
12.9321
9.10061
8.90509
8.87406
9.42187
9.7295
9.45528
9.39486
8.93013
7.28647
8.12909
8.91094
7.16522
9.00667
7.81812
7.69238
7.5984
8.83009
8.86339
7.99306
8.66014
8.4613
9.39985
7.41876
8.27238
9.90515
9.07259
8.51652
9.08799
8.48502
8.37448
7.89852
8.54368
7.80583
8.91673
8.93397
8.6545
8.60175
8.63724
8.81106
8.19735
8.75113
8.52859
8.78221
-1.67716
-1.65791
-1.71477
-1.75246
-1.70153
-1.69813
-1.67687
-1.70294
-1.74113
-1.67422
-1.73588
-1.71687
-1.70065
-1.71626
-2.52269
-2.46569
-2.44951
-2.42647
-2.46911
-2.52041
-2.47128
-2.88419
-2.87049
-2.90301
-2.73889
-2.68921
-2.72574
-2.75568
-2.72
-2.68841
-2.72342
-2.89125
-2.92171
-2.8829
-2.86271
-2.83129
-2.88939
-2.92039
-2.89246
-2.86263
-2.90523
-2.93636
-2.90412
-2.93453
-2.91889
-2.92005
-2.90281
-2.90129
-2.8876
-2.89038
-2.89404
-2.88174
-2.86417
-2.90091
-2.93228
-2.88309
-2.86772
-2.89977
-2.89878
-2.92371
-2.89341
-2.88445
-2.92369
-2.89148
-2.86707
-2.89753
-2.5147
-2.54604
-2.50028
-2.51172
-2.48289
-2.51375
-2.54447
-2.24202
-2.18502
-2.24169
-2.2242
-2.25704
-2.29247
-2.11139
-2.06149
-2.11528
-2.13466
-2.16245
-2.09767
-2.13073
-2.162
-1.96205
-1.97558
-1.93089
-1.87576
-1.91752
-1.88594
-1.85918
-1.88987
-1.91793
-1.8876
-1.88406
-1.91245
-1.86727
-1.87907
-1.84982
-1.91057
-1.88095
-1.7258
-1.75933
-1.74197
-1.7853
-1.75314
-1.78645
-1.75385
-1.74972
-1.76212
-1.73333
-1.77031
-1.79618
-1.79444
-1.76535
-1.66603
-1.63164
-1.62305
-1.56906
-1.60929
-1.63563
-1.60099
-1.7051
-1.67252
-1.6706
-1.71041
-1.67854
-1.65803
-1.69061
-1.46249
-1.42121
-1.4612
-1.49997
-1.4664
-1.44854
-1.48411
-1.51337
-1.54205
-1.54373
-1.54625
-1.50926
-1.50635
-1.53372
-1.39528
-1.42442
-1.4208
-1.41394
-1.444
-1.45052
-1.4204
-1.43731
-1.44085
-1.4643
-1.49197
-1.49753
-1.52774
-1.49865
-1.5123
-1.51687
-1.51943
-1.53479
-1.51924
-1.52407
-1.51383
-1.44956
-1.46235
-1.46924
-1.48734
-1.49583
-1.46073
-1.4595
-1.48104
-1.48359
-1.52068
-1.50845
-1.51571
-1.51874
-1.50746
-1.51738
-1.51467
-1.5131
-1.50936
-1.50324
-1.51321
-1.50672
-1.49039
-1.50314
-1.67111
-1.6585
-1.74077
-1.60382
-1.65321
-1.67794
-1.62291
-2.18024
-1.88462
-2.32631
-1.86775
-1.62702
-2.13723
-1.93859
-2.09189
-2.31474
-1.98764
-1.92129
-1.92947
-2.38325
-2.2081
2.42026
1.00763
12.083
-5.56379
-0.392105
4.45188
5.20551
-306.292
-20.0809
-101.349
99.0028
-54.9277
6.41722
24.7773
-40.9989
108.837
56.425
221.421
58.9291
102.093
52.7529
-182.684
20.7944
-102.181
60.83
15.2195
104.434
83.7517
216.586
160.043
709.295
45.0109
288.292
9.42738
-6.57857
28.8933
38.0573
51.9701
-29.4076
-1.19965
52.1864
7.9481
6.06729
5.85931
5.15811
7.10948
5.45868
6.29383
202.007
159.24
52.2478
267.053
385.899
328.402
201.723
-7.69928
12.934
90.8725
2.15961
25.3221
203.4
203.402
144.814
125.061
81.9686
99.7493
71.4941
80.5337
90.6524
67.1624
85.995
81.9536
85.6794
117.562
100.058
79.4799
137.658
115.928
124.836
119.089
54.265
54.2376
54.4026
54.2523
53.9419
54.1565
53.7419
32.112
20.7535
28.0199
34.3318
32.6205
22.3673
27.3421
44.5541
50.0981
37.39
31.9834
23.6284
37.1458
43.2691
12.5237
11.2893
15.5165
13.9077
13.2986
21.8761
21.9869
9.8251
58.101
28.2151
91.6728
-10.4038
48.8033
21.323
17.536
5.97459
70.3612
-10.9317
55.3262
8.16511
11.0416
6.76829
11.0166
10.4958
5.91223
5.1176
7.12341
10.7355
14.6645
9.59255
8.76704
14.8909
18.998
12.4394
26.7246
30.8019
25.1989
22.8113
50.4574
48.5789
49.0573
52.1497
51.079
51.2425
49.4974
52.5913
52.306
52.5978
50.0698
50.7331
51.2048
51.4818
57.6504
57.3955
57.4656
57.2593
57.1764
57.3347
57.2302
194.435
222.95
261.318
61.8798
64.5942
66.3208
65.9939
62.0594
76.7211
66.543
66.4408
58.3864
62.407
152.107
228.37
238.517
195.878
238.059
222.527
168.77
54.6458
57.1102
54.8752
54.7661
54.0763
54.8706
54.9033
133.803
63.5504
95.4391
143.412
129.444
80.6599
130.036
52.3682
54.2042
64.2545
67.2419
56.8851
54.0322
58.5006
6.88067
7.07657
7.21642
7.33792
7.39143
7.24755
7.14514
7.62976
7.6116
7.48085
7.55211
7.51522
7.32801
7.3699
5.97831
6.33573
6.48406
6.65427
6.57537
6.39937
6.64168
6.42856
6.64611
5.591
5.94964
5.36795
5.3098
6.16286
5.80722
4.81688
6.31573
19.2676
-6.50805
11.3672
-36.8643
-2.96988
8.43704
-6.3667
-0.0886012
5.44177
4.72207
-23.8977
8.77766
-7.75533
3.36962
-13.6885
-5.83887
8.91239
-5.80867
9.14194
3.47925
0.0806366
-0.876869
-1.59834
-1.34718
-1.86681
-2.32174
0.370585
-2.32344
-2.2217
-2.33577
-2.21014
-2.25776
-2.06068
-2.03646
-2.11401
-2.09434
-2.07126
-2.10301
-2.14792
-2.08287
-2.12705
-2.0421
-2.05827
-2.05603
-1.99329
-2.00884
-1.98346
-2.03569
-2.04046
-2.02209
-2.01354
-2.15433
-2.16058
-2.1415
-2.19401
-2.21643
-2.20695
-2.18516
-2.29631
-2.35305
-2.29795
-2.31032
-2.35911
-2.32495
-2.28381
-2.52985
-2.49551
-2.47741
-2.46057
-2.49018
-2.52747
-2.49558
-2.61145
-2.5624
-2.59495
-2.62953
-2.66358
-2.74173
-2.69299
-2.72642
-2.75739
-2.72663
-2.69364
-2.72587
-2.85644
-2.88803
-2.87313
-2.82444
-2.85769
-2.85701
-2.82456
-2.93628
-2.90495
-2.90312
-2.87741
-2.82907
-2.86171
-2.91706
-2.8857
-2.90102
-2.86935
-2.84514
-2.87752
-2.91782
-2.91733
-2.93475
-2.90256
-2.88616
-2.8291
-2.86212
-2.87819
-2.89446
-2.93616
-2.90378
-2.9062
-2.69783
-2.74647
-2.7298
-2.73014
-2.76125
-2.72918
-2.69764
-2.75012
-2.78395
-2.73836
-2.75036
-2.7124
-2.72922
-2.69975
-2.75595
-2.81105
-2.7713
-2.62332
-2.56748
-2.61799
-2.60371
-2.6367
-2.6783
-2.54373
-2.51163
-2.49709
-2.44927
-2.48054
-2.54455
-2.51341
-2.48244
-2.51151
-2.493
-2.45207
-2.50272
-2.51267
-2.54483
-2.48542
-2.51876
-2.0643
-2.09441
-2.11161
-2.15548
-2.12655
-2.095
-2.12384
-2.10218
-2.11707
-2.13389
-2.16253
-2.13211
-2.16352
-2.13187
-2.03892
-2.01035
-1.99712
-1.98209
-2.00875
-2.01085
-2.03762
-1.9457
-1.99034
-1.97496
-2.03474
-2.00514
-1.88023
-1.86553
-1.89529
-1.92101
-1.89124
-1.89289
-1.92243
-1.88455
-1.89735
-1.87032
-1.90174
-1.92622
-1.92578
-1.89856
-1.81098
-1.78098
-1.77203
-1.72741
-1.76004
-1.75376
-1.7841
-1.80391
-1.83521
-1.80792
-1.7992
-1.77238
-1.78362
-1.76775
-1.74802
-1.79851
-1.82129
-1.79352
-1.77156
-1.6938
-1.68357
-1.71567
-1.72749
-1.6959
-1.70187
-1.73167
-1.74823
-1.77247
-1.74532
-1.73983
-1.76688
-1.77923
-1.75438
-1.72436
-1.68373
-1.69678
-1.67552
-1.69307
-1.68379
-1.71247
-1.70311
-1.73032
-1.65954
-1.64507
-1.65572
-1.69885
-1.67632
-1.67498
-1.69325
-1.65656
-1.67872
-1.64695
-1.65722
-1.63335
-1.60646
-1.61548
-1.61529
-1.64149
-1.6591
-1.64779
-1.6357
-1.64317
-1.61205
-1.61665
-1.62142
-1.59366
-1.59283
-1.61175
-1.51007
-1.50313
-1.52126
-1.51796
-1.50534
-1.51227
-1.51036
-1.50398
-1.52163
-1.53632
-1.51858
-1.52521
-1.53082
-1.51946
-1.49021
-1.43639
-1.46314
-1.47179
-1.49564
-1.47318
-1.49661
-1.50119
-1.47819
-1.49835
-1.48003
-1.49573
-1.49735
-1.48539
-1.51514
-1.44918
-1.55986
-1.47164
-1.52045
-1.59257
-1.52366
-1.59534
-1.52198
-1.51728
-1.7007
-1.59381
11.2554
9.84138
16.2651
5.36818
8.44665
8.35611
7.47017
190.833
77.065
64.7145
733.698
356.805
754.585
706.45
537.543
1072.05
789.131
349.552
752.118
374.332
842.313
851.481
764.267
926.293
808.266
855.128
924.497
967.135
779.445
1030.25
824.499
1128.35
856.212
169.416
78.2121
116.547
253.448
149.968
222.891
119.795
315.37
230.918
121.774
272.046
238.885
324.144
259.66
162.491
100.921
242.865
69.7431
88.2477
26.6759
240.049
345.394
56.2397
53.4106
82.7166
50.9419
49.9496
47.9739
36.6626
56.1247
55.0568
54.5809
53.7467
48.5049
52.122
55.7767
69.1617
120.82
84.9554
60.2041
31.3829
49.3392
57.0858
55.0645
57.6836
57.4573
57.8487
57.4939
326.6
205.744
325.386
397.87
304.833
407.649
347.076
703.964
588.109
640.846
554.688
616.866
581.274
641.057
702.882
622.954
655.334
788.632
758.44
804.159
905.712
792.21
773.229
771.207
776.58
664.325
775.474
747.874
797.449
733.284
927.448
899.912
1007.92
844.504
757.131
834.614
885.354
918.459
743.313
800.274
504.677
623.187
365.746
586.407
636.223
743.655
592.732
147.053
66.0433
54.4915
1.06104
114.756
109.285
82.1409
80.2049
101.256
79.1793
75.9395
100.722
65.7623
27.4794
6.96455
55.289
61.6418
7.80323
7.79293
7.79236
7.74371
7.83762
7.79241
7.83077
7.4701
7.2509
7.43468
7.5993
7.58404
7.50325
7.56585
7.76301
7.77133
7.76169
7.80394
7.65296
7.75026
7.72531
7.63337
7.67751
7.7319
7.54318
7.63791
7.76014
7.87029
8.06473
7.82027
7.70976
8.25489
8.13478
7.82569
7.92496
8.20455
7.89805
7.85147
8.50284
8.23479
23.1081
29.2826
24.9058
21.3033
0.496095
22.8927
-15.2182
-1.75762
-1.78295
-1.80761
-1.7415
-1.73711
-1.74968
-1.76693
-1.86856
-1.87819
-1.89221
-1.87006
-1.85007
-1.85273
-1.87924
-1.76022
-1.76612
-1.74252
-1.76923
-1.79333
-1.77408
-1.74925
-1.90626
-1.90046
-1.91656
-1.89552
-1.87885
-1.90763
-1.89173
-2.12613
-2.10177
-2.08308
-2.06739
-2.04428
-2.07363
-2.09712
-1.98016
-2.00413
-1.99424
-2.03503
-2.00888
-2.03265
-2.00765
-2.27526
-2.22961
-2.24107
-2.24844
-2.21597
-2.24465
-2.27818
-2.36746
-2.35189
-2.3825
-2.41541
-2.38292
-2.383
-2.4147
-2.50484
-2.5376
-2.49179
-2.47718
-2.44401
-2.50596
-2.53845
-2.50665
-2.47597
-2.43928
-2.47267
-2.48753
-2.44093
-2.47226
-2.50305
-2.47373
-2.88555
-2.86882
-2.90016
-2.89671
-2.9202
-2.88479
-2.87951
-2.84884
-2.8921
-2.92946
-2.91876
-2.87995
230.954
268.903
271.449
304.195
287.532
268.93
295.288
306.701
281.207
302.592
315.557
320.027
280.431
288.087
270.094
300.173
253.006
216.151
269.948
263.239
247.579
208.509
-2.8755
-2.83143
-2.87858
-2.87181
-2.83978
-2.8298
-2.87625
-2.82858
-2.89031
-2.85933
-2.93542
-2.91031
-2.90553
-2.8781
-2.67303
-3.374
-1.50797
0.818082
-3.15192
-2.79743
-227.878
-236.789
-174.096
-229.962
-255.477
-132.402
-157.169
-74.936
-45.9752
-43.2427
-26.8218
-39.9006
-19.8975
-26.4853
-2.97621
-2.95276
-3.44951
-291.545
-218.29
-267.414
-546.6
-563.3
-536.227
-537.584
-511.637
-537.853
-546.446
-521.837
-527.863
-513.206
-529.947
-530.191
-521.326
-508.043
-530.008
-544.97
-528.238
-509.93
-489.046
-553.941
-568.666
-559.169
-517.436
-548.241
-543.625
-569.969
-549.801
-537.512
-533.777
-556.98
-546.443
-538.373
-540.884
-539.521
-513.62
-530.917
-531.879
-551.528
-575.114
-560.291
-560.062
-549.468
-543.489
-488.774
-41.7582
-0.542956
-23.1008
-49.4275
-29.993
-17.607
-48.1426
-195.54
-127.741
-133.193
-148.771
-167.141
-118.118
-151.893
-191.088
-163.861
-4.24386
-4.21036
-4.27365
-4.37836
-1.81338
-2.25172
-4.01328
-263.218
-215.21
-254.833
-165.962
-212.756
-183.348
-246.601
-150.096
-166.848
-230.78
-3.23889
-3.72892
-3.40796
-3.27214
-3.4287
-4.07177
-2.74373
-3.5466
-3.54155
-3.21804
-3.63652
-4.12202
326.57
373.209
370.869
403.37
386.762
368.455
394.746
406.455
380.173
389.532
405.609
416.802
296.311
351.948
364.365
-4.46454
-3.00685
-4.10905
-2.83242
-3.62621
-3.13791
-3.16324
-4.9295
-1.78764
-4.19015
-1.40643
-2.03664
-3.02988
-1.62269
-5.43079
-6.11104
-5.10842
-5.40646
45.6581
2.70759
9.25302
11.7103
-2.28115
-1.54633
-6.59647
-5.96245
5.61258
4.72337
5.44444
5.48119
-1.93394
-2.14935
-2.01085
-1.96956
-15.4911
-16.9098
-15.8611
-16.8745
-1.77666
-1.77481
-1.42823
-1.95549
-1.80808
-1.62134
-1.68059
-1.67819
7.55818
8.9343
8.03665
8.8087
-4.18913
-3.23965
-6.30727
-5.66911
-1.76038
-1.71892
-1.79221
-1.73394
-13.1315
-12.7081
-11.7707
-10.5216
-13.2875
-12.078
-16.1488
-15.0425
7.85361
7.90354
8.04115
-1.88759
-1.85109
-1.84477
-1.81604
-1.59741
-1.81866
-1.39723
-1.33294
-1.59774
-1.57155
-1.63704
-1.60996
5.9983
6.80597
3.17962
4.52711
5.03716
4.78689
6.49453
6.60009
-2.032
-2.00751
-1.97491
-1.95207
9.68814
9.5394
9.9525
9.78478
-1.87977
-1.84776
-1.82086
-1.80067
-7.99008
-9.51293
-6.13479
-7.13511
-2.1259
-1.80605
-2.08756
-1.91548
-2.94728
-3.26109
-3.0232
-3.80806
-1.91467
-1.9098
-1.90738
-1.89012
-1.33964
-1.30524
-1.23901
-1.21763
-1.2703
-1.24721
-1.2264
-1.19071
-10.8101
-9.33671
-10.319
-8.21971
-1.59879
-1.59506
-1.54487
-1.54828
-1.9747
-1.9919
-2.01764
-1.68816
-1.68296
-1.73389
-1.74238
45.0263
45.1926
167.327
117.052
12.156
14.0845
9.30889
10.639
-3.76626
-1.94971
-3.87464
-2.37938
14.1893
18.8795
11.7346
24.7426
2.57255
-0.349515
2.82911
-0.188887
-0.431487
-0.501546
-0.311977
-0.397695
-2.46441
-2.51436
-2.45243
-2.50189
-2.64277
-2.62593
-2.72721
-2.71001
-7.26285
-6.83265
-9.17249
-8.51442
-2.63581
-2.71808
-2.84842
-2.86193
-0.498346
-0.56587
-0.524158
-0.611706
72.6808
64.1869
99.2297
67.4408
-1.93159
-1.92411
-1.94232
-1.91163
-2.14317
-2.09619
-2.08146
4.91419
3.9747
-3.0571
-2.84836
-2.93182
-2.76919
-2.80819
-2.61106
-2.97594
-2.98144
-2.93417
5.06325
4.91743
3.78492
4.09576
-1.58391
-1.79576
-1.77276
-3.39844
-3.21812
-2.81055
-3.79216
1.11391
-3.17393
237.197
192.735
174.301
168.488
136.106
-12.3916
-12.0882
-14.7232
-13.1247
-16.3299
-16.4569
-16.837
-17.8427
-13.8138
-15.2576
-1.64678
-2.07333
0.119835
-6.09046
-19.4544
-1.91275
30.5385
2.66482
551.561
-1.52059
-1.8388
-9.73165
-1.91952
-0.499405
1.01397
9.27708
-1.61331
-2.00159
-1.50941
519.495
275.351
-1.84951
-2.09569
5.52059
-12.0191
-2.57775
-1.73014
-7.81409
-1.75354
-1.58587
0.0460985
-5.7136
-2.17356
-1.73299
205.841
7.50276
-1.85498
-1.91303
64.05
1.71436
145.638
-2.02308
11.1211
159.208
216.066
-11.2794
-188.794
349.461
243.847
8.3183
305.713
22.3241
492.782
-5.6831
359.355
436.463
417.994
1.09153
0.979732
0.419623
34.6939
1.11505
1.95045
8.04107
2.32614
2.73342
2.36423
1.53815
-12.4766
10.0097
7.88827
-3.00639
7.64159
22.104
3.86614
18.0819
-1.88501
-1.25644
2.21609
-0.263847
6.59274
1.95846
8.99678
-1.03398
-0.954114
-1.03207
-1.50961
-1.9717
-0.762915
-0.765828
-0.808931
-0.823254
-0.899159
2.2699
9.5935
-0.815061
158.797
112.495
2.17762
8.36825
6.61047
0.183746
2.14589
-0.317387
5.74991
102.604
39.145
21.3043
205.113
1.20374
-1.85946
-1.32805
47.8672
40.5419
24.4686
28.3569
21.6682
34.5944
40.9129
0.683366
23.7087
21.3665
23.1126
15.3336
9.16277
78.9704
73.7583
-2.48727
-3.74823
66.6856
-2.33616
6.91282
132.764
-0.687596
557.618
338.615
189.567
252.642
-2.38183
551.358
298.113
159.66
107.534
208.137
101.367
53.3053
570.349
241.135
-2.84408
346.31
-2.21731
323.696
307.462
35.9379
30.3543
-11.7948
-9.01897
-2.37684
174.461
-1.71193
-1.49336
366.798
-1.54503
33.0072
48.9842
-9.68743
10.2397
-1.51813
-9.35491
12.3045
11.6575
-17.7021
520.337
-6.11617
-23.2528
24.9421
192.381
-5.02134
0.141552
28.3577
15.8971
-6.55762
18.343
-6.94948
16.4056
2.45105
-1.56119
149.711
0.0905178
80.5411
46.1794
60.5911
-2.58729
-2.3781
20.7307
-0.806005
-6.61392
-2.60189
-1.99169
39.5491
502.177
-0.935214
-2.59284
-1.72826
0.470642
-6.72866
-2.00502
-8.54525
560.683
9.36045
-5.91652
47.0692
64.1469
-9.45024
-8.36799
-6.68967
9.89717
-10.4903
-8.40739
-7.8552
53.401
-2.74771
-2.60309
-2.84196
-1.86687
-3.41263
-3.51279
-2.96294
-2.20806
-1.96916
-12.1778
-13.8433
-3.15129
1.3018
-5.04588
-0.917305
-8.47497
-3.81371
-6.70865
-8.29453
-8.07208
-1.83189
-3.1782
-6.99492
-8.54846
-7.87313
-8.3839
3.16667
445.934
200.995
139.066
-5.24321
82.2798
-3.25202
-4.3404
-2.38711
135.11
-3.09479
320.851
-9.41797
-1.50998
3.87728
154.836
9.45829
20.6034
-5.68298
1.84967
-8.2022
3.90062
362.316
724.399
8.85788
50.1975
-1.45095
313.796
-1.59091
-1.83793
-1.81709
-1.6822
-1.67125
-1.59259
-10.945
-1.54254
-1.54678
-1.82349
-1.83912
-1.09447
-1.54836
-1.64343
-1.64745
-1.61368
-2.01532
-1.74307
-1.81357
-1.57032
-1.95724
-1.86142
1.18523
138.838
-1.76107
-1.07874
-1.75982
-1.60723
-1.88433
-1.40678
-1.97626
-2.29305
6.36886
-1.63189
12.3566
-6.85978
-1.94175
-2.09132
8.79591
-1.82433
-1.96229
-4.40989
-2.31793
6.92837
9.24576
-2.77873
-1.19945
-1.8608
-2.2465
-1.48585
-1.57275
-6.20135
-14.2487
-2.68723
51.1523
8.03164
2.36091
40.142
-2.75391
-1.85932
-1.87022
-1.56948
-1.87206
-1.54053
-1.63483
-1.50329
27.6174
3.53323
-2.70743
-3.04959
-2.00507
-4.80742
517.545
58.785
223.338
-2.7595
-0.858561
561.654
-1.78237
10.0193
-1.67711
8.71176
-2.34219
9.96263
-15.7094
0.597133
-2.476
-4.01498
-8.10297
6.34707
-2.51065
-1.64513
31.6621
-1.86904
-2.83011
-2.43542
-1.85766
-1.57125
-1.50739
-1.06937
42.7453
-1.7034
-1.68037
-1.77487
-1.47727
-1.52579
-1.7513
-2.72942
-1.54584
-1.55505
-1.95607
-1.5075
-1.65235
-0.939418
-1.49625
-1.52634
7.31406
-1.53229
-1.46337
-1.88583
-2.92489
53.8819
-1.51699
-6.71889
430.813
-1.8866
-1.53303
-1.5766
-1.57117
-1.61355
-1.59236
-1.56406
-19.8581
-1.54153
-2.64751
-1.49678
-1.73493
-1.4348
-1.34775
-1.41976
-1.35131
10.7345
6.79959
-1.48913
-1.16992
-1.29507
-1.22987
-1.52055
-1.56371
-1.39828
-2.03878
-1.34934
-1.37352
-2.57154
-1.33623
-1.43284
-1.46877
-2.18514
-2.17372
-2.64748
-2.29135
-2.81871
-4.02879
-3.7622
-1.39279
-2.22615
-1.65737
9.09528
-2.16257
-1.53015
-1.55357
-1.69282
-1.65444
-2.02768
-2.1312
-1.51638
-1.54658
9.09779
7.64322
-1.25126
-1.93238
-2.11068
-1.01929
-1.52076
-1.30409
-0.991014
8.91425
-0.829082
-2.91643
-1.31563
-1.31469
-2.21027
-2.05107
-1.3223
35.7217
-1.14828
-0.492962
-0.0046868
-0.929976
-1.05823
-0.314763
-2.25819
-1.42946
-2.01624
1.62379
-0.881672
3.36433
4.38649
-0.528726
-5.13197
-0.635868
0.892672
6.93142
-2.77242
-0.961049
-0.788638
-0.721013
-0.818667
-0.857067
-0.669688
45.4858
-0.314481
-7.36006
-0.256998
-0.126522
-0.651734
8.9742
-0.726681
-1.75811
0.0693141
-1.50467
0.269449
-0.407557
0.421532
0.420575
-2.97466
9.20503
-1.11074
-1.21694
-1.13538
-1.27029
-1.18894
542.873
-2.72544
-1.14998
-0.974098
-1.35577
-1.25654
-1.21089
-1.07709
3.56778
-0.733811
-0.899462
-1.30503
8.57299
5.88499
7.51258
-1.05455
-1.13916
-1.16555
152.923
-0.937325
-1.3071
-1.93117
-1.36092
-1.31483
-1.32993
0.94437
-1.81395
116.172
-1.22205
8.95037
-1.2905
7.76412
-2.5695
-1.35829
-1.62691
-1.57886
-1.25392
-1.47262
-1.47512
-1.07609
-1.50599
-1.71892
-2.86612
-0.97493
10.5578
-1.85409
-1.49283
-1.85942
-1.70532
7.0384
-1.70986
-5.36146
239.023
2.26823
-14.2053
-0.837871
-1.95225
-1.86905
-1.56404
-15.3311
-1.95111
-1.9998
-2.12774
-2.34719
-2.33056
-2.3968
-0.613133
-1.59705
-2.20582
-0.804145
-2.26939
5.91558
-2.53478
-2.12851
-2.34256
-2.32993
-2.24698
-2.26485
-1.9589
8.45804
-1.84636
-2.22173
-2.2521
-1.97931
-1.97409
-2.73455
-2.24794
-2.22696
-2.35405
-2.30323
-2.09236
-2.1098
-2.20861
-1.64077
-4.18371
-2.33517
-2.35999
-2.36676
-2.37304
-1.96318
-2.2635
-2.26405
-2.40694
-1.90212
-1.88126
-1.86863
-1.96146
-1.94738
-1.45019
-2.05914
-2.04916
-1.49662
7.9407
9.30821
-1.72939
-1.53426
-1.65488
-1.26899
-1.54113
-1.57591
-1.31397
-1.60589
-1.47153
-1.60528
-1.4464
-1.6162
-1.64685
-2.19411
-1.90458
558.293
-1.82801
-1.78813
-2.17623
-1.99531
-1.73079
-1.91269
-1.16244
425.783
455.636
-7.45156
8.01439
-2.86528
-2.7325
-2.65158
-2.7807
-1.64306
-1.45207
-1.67141
-2.63465
-2.71738
-2.78254
-2.59962
-2.64983
-2.77988
-2.45646
-2.63705
-2.58792
-2.6883
-2.76641
-18.5184
7.52516
-2.38102
-2.31676
-2.89582
8.33942
-2.84669
3.02466
3.94251
3.02691
-2.58233
-2.33259
-2.37967
-2.58579
-2.25331
-2.5941
56.8775
-2.52027
11.1649
-2.37544
-2.47102
-12.6857
-2.63161
-2.44444
-2.43581
-2.49848
-2.44549
-2.38506
-2.48938
-2.62294
7.75448
11.6482
-2.21735
-1.85784
-1.26854
-17.8193
-2.76327
7.03746
-2.41393
-2.13703
-1.63578
-2.62869
-2.86407
-2.49592
-2.85943
-2.88674
-1.27592
-2.90181
-1.85105
-2.75312
-3.01523
-10.0161
-2.91428
-2.76341
-2.58927
-2.60841
-2.74391
-1.06673
-2.863
-2.79402
-2.68721
-2.42034
8.92849
-2.81132
-2.47256
-2.85385
-2.59156
6.90419
-2.40691
-2.53833
-2.49137
-2.72946
-2.72988
-2.39288
-2.03843
-2.23771
-2.64235
-2.76964
6.56011
-1.93572
-3.31069
252.239
-1.72688
-2.84437
-16.6643
-2.20642
-2.71855
-1.71069
-2.59487
-1.20695
-1.60882
-2.07323
489.296
18.2873
1.32407
-3.03717
-10.1293
-4.68629
-1.84122
30.892
458.425
-2.28166
-1.89547
-3.17686
-3.24491
-2.77528
9.3401
-2.83796
-2.89251
-65.8298
-2.86243
-2.32425
-2.76682
-1.71382
-7.88108
-16.0335
-147.299
-16.612
-2.01413
505.735
-1.81399
-1.87191
-1.99059
-1.6788
-1.74072
-1.74861
-2.92683
-1.57627
-1.71391
-1.80436
-2.11223
-1.51623
-1.84897
-1.78247
-1.87874
-2.82443
-1.89017
-1.31748
-1.59347
-1.84099
-1.84911
-1.94892
-2.09944
-10.4873
-1.954
-1.93672
-2.00384
-2.14229
-1.97822
-2.71296
-2.00841
-2.1174
-1.76971
-3.12378
-1.81425
-1.83283
-2.15456
-2.97715
-2.00198
-2.22248
-1.76145
-1.76976
-7.22912
-1.7117
-3.14056
-1.93455
-1.94428
-1.85828
-1.73185
-1.94605
-1.94131
5.6086
-3.05907
-2.22594
-1.93155
10.1692
-2.04288
-5.01971
-3.46718
-1.9011
-1.80765
-2.14465
-3.21021
-1.71878
-2.53283
3.37058
-5.52137
-2.08144
-1.82955
-6.10967
-0.657895
-2.00144
-1.89047
-1.94832
-6.96662
-1.62203
-1.93419
43.2204
-1.94571
-2.05186
-1.98483
-1.6793
-1.91958
-3.8537
9.50683
-2.0464
-12.5979
-1.90605
7.63118
-1.9593
-0.967918
-1.56621
-1.72695
-1.85252
-1.7515
36.9706
-1.84773
-2.44233
3.74113
-2.14902
-2.16755
-2.03501
-1.01556
-1.77641
-2.58768
-4.51395
-4.93522
-3.01045
-1.82466
-1.74858
-10.7042
-1.67795
-2.08162
4.44419
26.7286
6.7004
184.301
-11.6013
-8.2533
7.21441
-7.16244
8.79741
7.45783
6.8532
4.68375
5.21016
6.63482
6.41601
5.32545
6.67325
7.24641
-0.417877
-2.50589
9.4131
7.71314
-1.9915
6.09168
5.39324
4.04181
14.1568
-2.03404
7.00115
6.77023
-1.9726
4.84776
-3.40588
-0.986844
-2.17817
-2.73078
0.437474
-10.0591
-13.8152
-3.34323
-6.02954
-1.76459
-3.69223
-1.29185
-4.43813
-1.70221
11.2738
-1.8863
0.551744
-2.01702
-5.8105
-3.31618
-1.13761
4.43011
4.52852
0.483743
9.91114
0.432736
-2.14818
1.24028
-12.5173
-3.00403
-1.86572
-2.64075
7.00548
3.0806
-6.78576
6.28729
-0.738275
2.98203
-3.0534
-1.101
0.252832
-4.38741
-8.47045
-5.90607
-6.03985
-7.24956
-9.56816
-1.77688
-1.9524
-2.79316
-7.55244
-10.393
6.87689
-9.00934
-10.1392
-12.6426
-9.70107
40.0722
-12.6681
-16.0025
-1.22106
8.41245
-6.75301
-1.57961
-4.42059
-4.36044
-5.16342
-2.29502
-5.65699
-11.3677
-8.02487
-3.73893
-3.69838
1.30944
3.33447
-0.463676
-0.884986
0.814862
-2.01133
7.8807
6.03229
5.42232
6.91404
485.132
-3.79327
-1.7573
-0.81214
3.19297
-1.33466
-3.74228
-401.675
0.201664
-2.89339
-1.54492
-3.28384
-7.33801
11.699
78.2603
7.78581
-1.81986
-3.07537
-3.89414
-4.47515
6.64693
-4.65374
-3.91809
-4.00263
-3.83213
-2.29783
-3.18859
-2.15774
-1.4804
-3.27902
-1.7483
9.30402
8.73515
-1.74628
276.977
5.2959
0.693103
-0.900763
-0.831639
0.579617
55.2938
8.74295
-4.81242
-1.37715
-4.67982
24.0118
-16.4573
-4.94284
9.07075
-2.39127
-2.67364
1.04414
-1.12532
-2.49638
0.861854
5.96508
-3.45346
-12.5819
-3.92133
-1.59604
-6.96135
-1.42253
-3.06639
-1.82585
-0.533915
4.49852
-12.0853
-6.69692
-11.445
-9.95712
10.0598
-2.51031
-8.76457
-2.53064
-9.72348
-10.4776
-5.24271
-2.92668
-4.88813
-7.24973
0.568568
2.86451
-5.10488
-4.04014
-4.15206
-3.93978
-3.0055
-6.34312
-5.53627
10.7669
-3.4182
-58.9051
-3.97155
-3.32274
-2.14792
-201.493
-4.76545
-5.0473
-308.161
-1.62459
-8.26106
-10.8865
-1.85462
7.26425
-4.56114
-16.116
3.70454
-7.96155
-1.77538
8.2189
-12.8747
-9.3826
-4.51994
-5.15769
-13.2143
-1.54516
-8.75077
-4.89252
-4.08234
-7.9102
-18.8989
-12.2773
-4.56164
-15.9774
-2.76282
-9.17418
-16.3422
-13.9675
-1.8389
-0.919383
-15.5845
-11.7678
-14.5069
-6.06173
-4.24304
-5.34009
-1.44252
-10.3537
-10.1659
-4.93913
8.4514
-5.34533
9.17019
-3.51517
-3.82596
-1.35156
-3.76984
-9.87248
-3.56473
-11.5194
-3.92426
-4.05396
0.546897
-1.06465
3.52345
-3.73402
-3.90962
-11.2994
-18.7058
-8.18987
-3.91068
-10.7494
-17.1941
-1.92178
1.23318
-1.23661
-3.73648
-4.4074
-2.8546
-7.31778
5.63279
7.73315
6.34831
3.70885
7.80825
4.56507
3.10564
1.77053
-1.52003
-0.700562
6.10083
64.993
-1.74597
-0.746906
-2.4229
-5.7082
-2.95384
7.21483
-4.75637
-13.0001
-5.04342
7.92218
10.1374
9.6018
9.89222
8.00586
11.6972
8.29293
-5.93847
-11.8765
112.065
-18.8694
-17.2588
8.85099
3.53591
6.64199
-3.69759
-7.34536
-17.0976
-3.6825
-8.55592
3.32589
-4.62579
-6.52395
-8.33218
-1.92996
-13.4568
-8.3479
-6.75424
-7.14769
-6.02741
-10.1078
-9.8833
-8.70582
-7.8062
55.1165
-6.32082
-1.79329
-0.660516
5.25154
-2.39897
-9.66115
-0.156382
-2.97719
-1.63281
-1.4963
-4.76345
-10.7069
-11.3667
-1.93701
-12.4452
-13.6678
-1.18654
-1.50686
2.2344
1.23518
-1.84079
9.36254
-2.33887
-7.46816
7.07225
3.83487
6.10184
2.62087
53.5839
10.0085
7.86653
8.68085
-1.39909
10.7292
8.01375
5.78765
5.65259
-4.8216
5.47482
-12.0387
-2.08924
-1.61983
7.4422
8.9148
3.36998
7.24817
-1.64378
9.68411
8.16478
-2.94657
8.96463
9.29716
9.4369
9.34743
9.68934
8.93507
30.0665
9.39689
9.73763
8.14034
9.63568
9.0566
6.97385
9.44783
-40.5911
9.78079
9.58839
5.69249
-1.66309
9.69679
9.45988
9.83872
9.64564
10.1064
-11.2052
9.52814
-1.63456
8.06812
3.62331
458.074
-1.64165
11.2993
11.0493
10.4288
10.796
9.80636
10.9264
11.5893
-3.0033
-7.07607
8.35875
11.3464
11.8492
10.1682
9.99883
10.1681
10.7499
10.7502
10.6091
10.0967
10.0655
9.4867
9.85422
9.42559
9.59041
10.4135
10.8554
14.3024
11.5888
-1.84702
10.4296
11.0773
64.6278
12.3656
12.3133
10.8462
7.06714
7.77533
7.34441
11.5745
0.803295
8.07531
10.792
11.3385
9.25072
8.46484
-5.65056
8.90825
9.62278
9.27268
9.17218
8.91157
9.06481
9.17932
9.38896
11.5711
9.11223
9.18977
9.2343
12.4006
10.1539
12.9874
9.70868
9.48223
6.77413
10.1831
-17.5608
-1.98515
9.83488
10.9568
37.9377
9.87968
11.0743
9.0098
8.15404
9.5245
5.30879
47.1494
-9.05031
10.8925
9.04274
-1.52422
9.86152
11.1948
9.44077
9.24936
53.3856
-1.74162
11.3283
8.36531
46.0508
8.19527
9.1372
5.8774
10.0928
8.96919
7.44618
3.01584
3.85739
9.51563
7.00769
175.731
8.34581
78.9775
52.6267
50.6558
53.0561
52.4317
51.0449
9.86425
9.12559
51.2907
52.7548
8.6067
9.41838
52.1984
54.1572
54.5231
55.0575
5.39836
56.3918
60.1555
55.3108
54.6683
52.3235
52.1694
53.8113
-1.73278
54.673
54.7798
0.992137
52.2109
44.366
39.9271
57.0847
55.3921
27.4071
64.5465
-9.35131
351.396
405.26
378.321
3.07512
4.21789
52.309
55.2988
56.8615
56.8329
56.503
2.775
55.3241
11.2289
181.836
492.215
56.4112
278.976
104.194
183.262
75.7756
60.7079
26.762
190.367
0.696138
720.772
668.823
553.533
57.2765
365.75
18.4605
18.3814
28.4386
-1.93197
746.931
344.637
91.8598
357.372
55.2885
52.8242
50.8108
53.0928
53.2097
56.0823
53.0273
119.914
131.221
53.1128
94.6697
53.4812
-2.46899
36.6122
54.6183
176.864
53.3167
28.1327
63.6059
35.4352
11.5079
64.6688
57.217
56.2553
46.6901
-2.36637
51.8145
394.735
59.7615
47.0784
95.6013
50.4087
16.796
702.719
53.4096
31.5396
35.7578
41.4555
43.7162
10.9131
53.2452
650.241
2.95133
4.9585
2.01923
5.61947
70.911
-5.86253
0.386325
-0.599604
1.05705
1.49564
0.0939944
91.8188
12.7454
9.5377
-0.364426
-0.275044
-0.66129
-1.38051
9.7212
-0.525158
44.5628
0.48055
18.9293
5.73735
4.64903
-7.53335
0.348854
8.11517
7.07027
-1.97518
5.67924
804.09
69.2298
27.405
9.38045
4.57564
2.11004
5.15772
9.02939
-9.0376
0.228605
1.06356
-0.70183
863.244
-0.542964
2.07395
2.83093
25.5671
7.166
144.645
44.5903
3.39158
1.29918
0.183586
13.1159
-7.92869
68.1309
9.64296
62.6115
2.82602
67.1626
3.39468
1.08491
0.362961
10.3102
5.15689
6.61128
13.3163
6.23385
6.63231
34.4116
4.50707
3.20679
19.0761
8.27212
2.5392
2183.54
-3.115
-1.5192
309.143
437.962
-6.21634
172.265
12.4625
36.0087
-6.34169
3.70235
-1.79156
-1.7616
70.3407
12.8742
3.60494
2.91904
3.98429
4.46924
54.1611
-0.805394
4.77002
4.95192
5.02994
4.86148
5.59442
-1.97568
6.69756
4.56104
59.3571
4.89984
4.59421
5.52298
-0.661226
3.99179
5.63465
4.77013
11.8505
5.13983
4.31396
8.60601
5.28949
7.54774
-0.458382
55.6962
2.50025
5.79397
41.5908
7.59976
13.9698
-1.42345
76.6293
12.8724
-1.96847
60.3903
10.1034
-1.49755
6.09543
-4.93652
6.74139
-2.75985
-6.91194
72.194
-2.76208
5.9145
3.86862
-6.51117
7.57293
-3.20967
22.0858
7.48576
6.15752
-14.9235
6.82003
5.81617
14.376
10.2379
-1.58618
7.56207
8.16843
-3.74799
5.9531
4.77831
5.1837
-1.4907
-1.5808
-1.25495
6.69679
8.36827
3.13348
10.2746
7.07101
2.08301
5.97388
296.571
6.76389
-2.02971
-1.35239
6.95596
6.29244
8.24105
0.0681536
-2.38425
7.01607
5.84853
5.91223
4.79976
25.5508
4.95494
-2.47124
9.72128
5.38357
7.32742
6.23235
6.07897
-2.55419
6.88578
6.2803
7.39114
-4.53165
7.21009
7.05618
6.17224
6.05983
-1.65009
4.64825
-2.23718
-0.0666756
6.71291
5.24974
8.28378
-3.28301
6.45783
4.50529
0.803081
6.98229
-6.15812
7.92871
-1.88341
3.67761
5.91095
1.75208
0.563707
-7.66995
7.64286
2.34184
-2.97815
-4.91587
10.5653
10.1331
8.85921
8.00943
9.48729
8.82859
35.8638
34.9476
8.95576
8.73225
9.10816
8.99247
-1.54504
8.92514
9.88045
8.27826
9.01179
8.68381
9.65757
8.78059
7.8268
8.76222
7.35017
2.70335
8.96761
7.88616
7.88711
497.767
1.50616
8.17081
7.72786
8.11102
-1.77336
-5.83756
8.17654
-1.47238
4.78264
10.1427
-1.60066
-1.82392
8.87549
9.20486
7.55867
8.95793
147.632
8.93853
-2.22037
8.80159
1.88004
8.20883
7.91975
-2.25344
8.18755
8.2171
8.69295
2.86881
8.31024
8.63301
-36.865
5.81933
7.07879
5.44033
8.38071
17.9042
58.7267
10.6461
8.97723
-2.87483
8.49831
10.4609
4.44412
-0.329306
-0.0687499
-0.615544
7.94968
-3.57163
9.25783
9.20997
7.7428
8.46239
-4.43475
6.52775
6.77734
5.39172
4.99694
5.8985
11.4176
7.21169
7.74746
6.31138
6.5048
-0.928894
-2.00385
12.8708
9.92613
0.305726
4.19003
225.477
41.9425
8.85412
17.9324
2.56742
-5.16654
-3.94319
-17.476
-1.89189
-4.49535
41.7531
9.27738
-0.542605
1699.52
8.67559
5.46763
14.6712
2.74364
14.7239
-1.67586
-0.626667
14.0114
15.7655
2.99448
5.15301
53.3235
-340.726
10.7998
27.5209
5.64472
1.86156
1.91663
0.0751076
10.9431
1.99894
27.0025
21.5171
1.05655
8.42602
7.79342
1.6051
-2.56943
27.6159
96.0861
-1.6945
8.35391
8.574
9.31561
8.7786
8.08386
-2.47639
90.9387
60.7317
5.72793
7.48687
15.3577
38.8733
57.7146
9.6857
37.0819
12.3477
349.737
52.7063
46.1369
24.3053
48.2479
45.3391
788.637
238.258
6.88728
-0.456499
1.59289
-3.68772
-5.71238
5.28354
135.652
372.977
3.6052
1.04897
5.92479
292.829
55.8574
-2.02569
368.071
-40.9656
347.384
141.966
621.691
275.897
7.75155
58.1744
11.6391
4.64187
476.061
57.4853
-9.85578
43.7383
29.6868
312.477
1.24975
54.4207
38.1784
7.16358
-0.56495
213.015
-10.1444
-2.32624
70.3258
54.5534
8.12986
8.68558
61.6646
13.3137
70.5931
9.47494
52.9879
70.5662
12.6317
9.03577
85.6501
9.25957
10.091
9.04915
44.22
9.09477
8.87499
15.6148
12.4409
8.50944
4.14297
17.8681
11.4782
3.26127
7.4883
8.64498
8.49943
-2.5067
9.65278
11.7486
10.4224
10.3987
10.9159
8.99065
8.68374
-4.06477
10.2417
9.45693
10.6257
10.4816
9.14348
10.093
42.4876
-3.85529
9.36324
10.2083
8.84907
8.68986
9.56306
8.92753
9.02096
-2.85751
1.32987
-11.5719
-5.87722
3.94149
3.43547
-1.93178
-1.32612
1.30517
-0.2684
585.503
0.816927
-6.07036
-1.67417
-1.82297
-1.75975
4.77223
-2.65455
-1.5856
-1.41691
-8.95739
7.24373
-2.34845
-5.65272
-8.50946
-12.5059
-4.25067
-1.79135
-4.05378
9.62304
7.60705
-5.3961
30.9084
7.38262
8.43913
8.28784
1008.69
-3.14773
-19.2757
-2.0276
5.24609
-2.65306
11.3581
-1.88591
3.31952
-2.12919
-2.92838
-4.77245
7.52685
-2.20667
0.520233
1.61151
39.3174
-18.9859
-2.24974
0.261845
6.23942
-1.86273
-2.66366
-5.72767
-4.37586
-1.91405
-2.79607
-2.43074
-2.58463
-1.76113
-1.50073
-2.64178
-1.66092
-2.03489
-1.75736
-1.95259
3.478
35.8406
-3.74559
-2.76998
-1.23033
-1.18166
-1.70948
-2.05953
-3.05624
-1.91131
18.0553
-12.9368
-0.555729
3.85535
-3.90776
-2.78062
-6.67271
-0.808397
-2.08785
3.5605
-2.04405
-19.3624
-2.17539
-1.77249
6.52535
-17.5326
6.20619
2.79989
-1.59608
-6.06008
11.8819
-1.95047
-1.8195
-1.78505
-2.25137
-22.277
8.399
6.80964
-4.2329
6.51584
-1.92536
-2.76433
-1.7903
-2.08027
-2.17001
2.05818
-267.637
8.92616
-1.84865
-3.00366
-2.01779
-1.89138
-1.81993
7.8005
-4.84109
-2.60579
-1.47316
-6.643
-1.55627
0.0556355
-2.84538
-14.687
-2.84374
-5.4839
-2.86089
-2.29956
-2.48153
-3.14088
-2.39739
-2.77768
-2.34588
27.0904
-2.77896
-1.0119
-2.76564
-2.65508
-2.78318
5.50045
-13.8712
-2.64038
-2.6068
-302.995
3.78873
-1.64846
-1.85077
-1.57401
-2.08005
-1.28132
-7.70814
372.02
-1.5036
-1.8986
2.44476
-1.40764
-1.55239
-3.64007
-2.32429
-2.09677
-1.96058
-3.3627
-1.69568
-1.83089
-8.32298
188.887
-1.96714
7.368
3.71893
2.9766
4.39583
-2.47319
-2.75035
-5.12302
-2.1467
492.76
-1.37788
-2.15486
-13.2015
-1.34148
-8.52378
-1.97014
-1.01784
-2.01638
-2.25548
-1.57414
-1.20429
-10.3675
-1.46445
0.842989
-2.20434
-0.214388
-1.73059
0.13317
-1.73563
-0.984748
-0.878138
-1.52487
-1.11081
-1.08732
-1.43814
-1.88568
-0.367517
-7.03298
6.16321
-0.707503
-2.38786
3.31304
-1.64154
-1.04415
-5.49546
-0.971935
-9.66719
5.28555
-1.83146
-0.186255
-1.24537
-2.39108
-0.707707
-0.402609
-2.26728
-0.671776
-0.634576
-2.16725
-1.16064
-15.481
4.70703
7.49665
22.3857
-1.41531
-1.03317
109.622
-1.62407
-2.27008
-1.63026
-1.40681
-1.0327
-1.61638
156.634
-5.26066
2.28845
-1.18806
-2.20406
-16.0449
-1.48021
-1.51506
-1.46766
-1.42794
-1.80996
2.04778
2.4341
-1.17778
-1.51991
-1.55297
-1.68738
-3.60262
-1.50647
-1.64463
-1.02763
-4.72314
-1.52038
-16.2736
-2.08264
-6.48794
-5.87505
-4.41229
-1.5949
-1.70153
-1.51104
-3.16615
-2.99566
-7.35072
-1.50724
-2.98046
-422.289
7.19144
6.16132
-1.41011
18.4372
-8.02381
-16.3261
-2.85305
-4.20457
1908.01
2.29903
-9.0803
21.0821
-3.24102
-1.54126
121.45
-15.8049
4.74774
888.208
4.89449
-7.83543
-0.75616
457.995
20.7887
-2.07132
6.47186
0.653831
-6.91294
-1.50843
83.9017
-1.90773
-10.6354
41.813
-9.93172
37.7713
-2.72926
-6.25694
80.151
9.49945
-0.506827
-9.05876
-9.73792
86.2835
-16.928
-10.1877
277.537
2.59222
-8.8657
-1.53096
-9.87665
18.871
195.809
38.3926
16.168
15.4353
15.9077
296.55
-1.36136
-1.70613
10.6714
-2.79554
-0.5274
8.22582
0.743881
78.4473
46.2187
-1.9034
373.827
391.089
215.052
7.95967
54.9054
-13.989
67.8878
-6.29102
19.6786
12.0532
-0.229967
-2.77931
22.6224
-1.07198
-2.57217
0.1059
-0.307129
7.1151
13.9584
5.92394
4.48617
92.9722
4.09132
-2.15373
-7.58178
-1.95048
-1.90579
-0.739268
1.33238
393.986
46.6558
6.97049
0.248025
8.41654
81.4343
4.46947
-0.121759
9.41973
-5.9032
35.3834
205.184
96.2349
7.63334
5.80474
-1.95365
102.929
211.17
-1.74867
-0.825592
0.38214
-14.657
450.107
-0.00548053
-8.45146
-15.2304
6.73058
60.9441
3.31446
-2.01714
9.80836
104.939
-1.82626
-1.67025
-1.76025
-1.21731
-1.03776
-1.11869
-1.01795
-1.5775
-3.76336
-4.33581
-2.00014
-2.09632
-2.19998
6.59449
-1.53968
-1.50398
-1.36314
-2.54395
-1.08648
4.43418
-3.28968
7.13299
-2.80571
-2.98485
-1.36087
-1.55452
0.844147
8.26188
1.60402
-5.13885
2.42779
-2.77538
-11.3686
7.48292
5.35447
-3.60087
-4.38761
-2.80833
6.15095
-4.29164
-7.18096
6.54634
6.2279
-4.25331
-2.19625
9.24999
-1.18023
7.67062
-2.0211
-6.39097
-6.3176
-10.6017
15.8671
8.90952
3.28904
-5.97656
-4.13004
8.94312
-4.64947
12.1035
1.1958
9.08635
-2.82784
99.4599
8.67217
355.934
-5.78632
-5.23601
7.6768
-4.26893
-18.7985
-1.58945
-3.18224
9.09941
-1.22108
52.5257
-3.06275
-25.8712
8.9821
8.09115
0.230246
7.80476
8.724
-4.95672
-17.9607
-1.99547
53.5054
-1.68219
14.8706
-3.23709
-1.49691
6.88182
11.3691
2.31954
54.1572
-3.38335
9.81432
-14.6065
8.46421
-1.99895
-6.27684
9.45617
-2.89797
-7.88273
4.66528
-2.97105
-1.53166
-2.26844
-430.653
10.9506
-1.33806
-0.178839
-2.33712
-0.46873
-1.9327
9.22808
-2.14212
-1.60914
-2.77901
5.95706
-1.58386
-1.15058
9.54693
-5.80777
10.6396
3.1549
11.259
-1.87473
-1.65518
3.03217
-0.78311
-4.94867
2.27564
-0.0143786
358.182
-0.942404
-1.93075
-9.4255
7.66436
-2.10041
-2.97256
-5.79085
-1.84386
-0.889038
3.11219
2.99927
-2.26809
6.10348
3.36273
-11.9363
7.38267
5.41862
-2.09695
-1.74102
-4.32731
-2.12133
)
;

boundaryField
{
    FrontBackPlanes
    {
        type            symmetry;
    }
    wallz
    {
        type            calculated;
        value           nonuniform List<scalar> 
97
(
-406.284
-356.111
-438.7
-283.604
461.564
118.904
7.36738
449.14
368.364
-4.79047
-3.56379
-3.90268
2.62009
3.84417
4.52165
568.276
638.668
656.934
0.436051
-0.443064
-2.57527
0.49547
1.1646
1.92659
746.128
530.633
296.82
2.21315
1.26949
1.55578
-0.557057
-0.292532
-0.0296111
259.414
227.198
5.20123
3.64578
-1.13755
-0.961739
-0.777149
805.137
-161.966
6.64806
-1.5895
-1.44296
-1.31045
2748.09
361.803
3866.86
9.01719
-1.98464
-1.85426
-1.72727
560.115
55.409
-1.57841
9.39639
8.51924
-2.24169
-2.11045
109.893
65.7074
62.5856
70.2352
6.76501
191.808
66.0899
-2.75332
-2.61799
81.6647
760.623
788.203
242.685
345.628
84.9554
55.0599
57.4475
708.136
808.851
932.703
326.596
265.865
-2.8815
-289.109
-532.333
-547.585
-146.039
422.057
366.993
-4.46717
9.29021
-177.467
-2.36496
556.011
288.304
-2.50952
7.62972
)
;
    }
    outlet1
    {
        type            calculated;
        value           nonuniform List<scalar> 
31
(
-2.943
-2.943
-2.943
-2.943
-2.943
-2.943
-2.94302
-2.94315
-2.94301
-2.943
-2.943
-2.943
-2.943
-2.943
-2.943
-2.943
-2.943
-3.0121
-2.943
-2.943
-2.943
-2.943
-2.943
-2.943
-2.943
-2.943
-2.943
-2.943
-2.943
-2.943
-2.943
)
;
    }
    inlet1
    {
        type            calculated;
        value           nonuniform List<scalar> 2(-573.58 -580.028);
    }
}


// ************************************************************************* //
