/*--------------------------------*- C++ -*----------------------------------*\
| =========                 |                                                 |
| \\      /  F ield         | OpenFOAM: The Open Source CFD Toolbox           |
|  \\    /   O peration     | Version:  v2012                                 |
|   \\  /    A nd           | Website:  www.openfoam.com                      |
|    \\/     M anipulation  |                                                 |
\*---------------------------------------------------------------------------*/
FoamFile
{
    version     2.0;
    format      ascii;
    class       volScalarField;
    location    "0.25";
    object      p_rgh;
}
// * * * * * * * * * * * * * * * * * * * * * * * * * * * * * * * * * * * * * //

dimensions      [1 -1 -2 0 0 0 0];


internalField   nonuniform List<scalar> 
6576
(
2774.61
2749.53
2758.01
2763.27
2779.55
2786.93
2762.32
2766.14
2781.68
2771.89
2813.2
2796.59
2785.14
2794.08
2761.04
2766.91
2733.6
2760.91
2763.67
2810.84
2742.48
2801.71
2805.59
2758.63
2790.23
2821.08
2870.29
2784.73
2744.91
2749.25
2768.97
2729.81
2768.13
2791.42
2783.84
2806.06
2780.5
2808.25
2765.34
2787.77
2752.21
2744.57
2771.56
312.492
267.356
335.214
310.897
325.242
363.513
342.981
319.891
344.228
0.00447035
0.003567
0.00149456
0.00862183
0.00468814
0.00129565
0.00631558
0.00534471
0.00819166
0.0104855
0.0137432
0.00869768
0.00460127
0.0104768
0.0474694
0.0401159
0.0357197
0.0341431
0.0396854
0.0271485
0.0334848
6.58032
6.40713
7.29976
6.88632
7.2543
7.30353
7.73256
8.87827
8.5501
8.34382
8.09806
8.52806
8.36249
8.13349
556.873
531.583
484.383
523.402
475.101
548.56
538.659
733.628
724.295
755.257
631.772
741.853
759.396
703.862
696.221
673.663
704.773
694.244
750.744
692.937
796.362
511.649
466.416
461.564
472.62
443.246
448.811
0.239576
0.0542896
0.388618
0.196476
0.0468146
0.381977
0.295691
555.023
2289.39
2498.01
2539.95
2554.46
2748.21
2557.35
0.287614
-0.414102
0.139025
-1.02249
-0.860987
-1.0189
-1.37606
2.51347
4.26773
2.16376
1.05709
3.59153
4.87193
1.89649
-2.51772
-2.00592
-1.64771
-3.02044
-1.79599
-1.36151
-2.46648
-6.18966
-5.60364
-7.12804
-4.04335
-4.59775
-5.6883
-4.91501
-6.61253
-7.44809
-5.94786
-5.94762
-6.9118
-5.24707
-4.77126
-5.853
-4.95084
-9.67711
-10.3758
-9.75803
-8.46115
-9.58715
-10.1839
-9.01952
-8.8553
-8.49194
-7.83595
-8.41235
-8.42015
-6.73034
-7.21281
-6.86624
-6.4662
-5.75777
-5.60793
-5.02983
-5.82223
-5.33848
-4.24093
-5.44385
-5.54477
-4.72484
-4.92127
-5.13723
-5.07594
-5.40187
-5.46425
-5.26184
-5.18484
-5.32693
-4.78767
-4.91409
-4.78144
-5.38558
-4.89076
-4.7817
-3.21994
-3.21803
-3.5944
-4.43614
-3.73037
-4.077
-4.04573
-0.725476
-1.24232
-1.94898
-0.371539
-1.41916
-1.48409
-2.04833
-3.54082
-3.29302
-3.21941
-4.35423
-3.67025
-3.88622
-4.07551
-5.20419
-4.68761
-5.32364
-4.90095
-5.78132
-6.2928
-5.17224
-6.64667
-7.70704
-7.68319
-6.42839
-5.75773
-6.97521
-7.35702
-12.0945
-10.7587
-10.8948
-10.3712
-10.8716
-11.0745
-11.8316
-12.2955
-11.0785
-13.3114
-12.9058
-11.9145
-13.1568
-11.8155
-11.4936
-13.3795
-9.28472
-8.09761
-9.43479
-9.57317
-10.0237
-8.64746
-9.56983
2.60336
1.81073
3.43308
2.93864
3.05469
2.38806
3.01724
365.641
388.677
366.198
363.29
373.322
338.256
345.423
354.225
352.707
274.472
284.323
269.418
266.221
246.881
247.541
203.962
5.1443
5.32397
5.63798
5.31831
5.31201
5.19384
5.16871
5.22016
5.18615
289.899
274.98
278.149
11.5552
9.16047
8.69193
9.26488
8.71694
7.54017
7.93098
-0.424864
-0.524648
-0.510391
-0.498366
-0.400237
-0.425321
-0.53903
99.4674
9.1466
1.4183
72.4162
3.97729
4.29805
2.17702
1.42236
1.11975
-0.349415
-0.360515
-0.423973
-0.278561
-0.319069
-0.315696
-0.355552
11.5139
11.9385
12.834
11.6439
16.3423
12.7874
10.7907
10.2138
9.18422
11.291
8.30011
7.82622
13.6433
8.71813
10.001
27.3274
57.359
242.521
43.5014
7.92951
112.724
7.01676
17.0521
18.4528
6.69962
444.48
434.185
449.14
447.991
480.267
460.602
505.056
357.637
366.438
368.364
407.645
389.961
354.049
396.07
365.709
350.574
424.923
382.456
453.267
496.788
495.306
455.617
469.299
352.639
358.776
419.079
487.641
474.551
425.65
422.814
-1.07937
-0.87636
-1.247
-1.60787
-1.12783
-1.59635
-1.6914
-1.24895
-1.30004
-0.325007
-0.35691
-0.513311
-0.494555
-0.579473
-0.401907
-0.442259
-0.256691
-0.258599
-0.206237
-0.29348
-0.369132
-0.279735
-0.336162
-0.25929
-0.261829
36.7582
139.299
539.091
125.252
38.6815
7.63918
9.12355
1517.3
1520.65
1522.38
1484.94
1469.12
1491.19
1535.56
-17.359
-17.9072
-17.1701
-17.1281
-16.6411
-17.6047
-16.9539
-15.4601
-16.4683
-14.783
-15.2005
-14.3405
-14.1753
-14.335
-11.5613
-13.0745
-12.6422
-10.4396
-11.2856
-12.61
-11.9827
-5.59402
-5.59825
-4.12208
-5.35154
-4.40717
-1.44355
-2.42118
-2.23964
-3.52198
-2.78426
-3.12853
-2.86913
-1.77172
-2.20887
-2.15583
-2.51293
-2.21536
-0.788707
-1.77993
-1.33342
-1.80007
-0.627904
-1.44301
-1.61774
-1.43887
-1.18062
-1.67318
-1.62127
-1.52279
-1.08881
-1.19278
-1.21429
-0.413839
-1.27275
-0.734229
-1.07306
-0.513443
-2.12211
-1.8325
-2.38402
-1.99574
-1.09115
-0.324843
-1.69068
-0.311767
-0.778456
-0.826996
-1.57661
-1.22246
-0.253687
-0.269378
-0.706324
-0.661843
-0.449409
-0.204639
-0.628742
-0.612456
-0.739372
-0.662294
-0.173039
-0.468483
-0.805127
-0.746877
-0.601058
-0.516849
0.0580022
-0.721002
-0.800316
-0.601637
-0.971349
-0.107309
-0.889181
-0.178112
-0.736156
-0.783659
-0.519667
0.115929
-0.0895611
-0.15794
-0.69251
-0.627962
-0.374191
-0.512766
-0.936023
-0.432979
-0.299167
0.0473564
-0.00342295
-0.97216
-0.554981
-0.441139
-0.979238
-10.0154
-10.2301
-11.0898
-10.1413
-8.36952
-10.5816
-8.85248
-9.88941
-11.0452
-14.33
-15.1516
-13.938
-13.9545
-12.8302
-14.1594
-13.4728
-13.0464
-12.1617
-13.99
-13.2839
-12.1381
-11.5721
-12.9259
-15.7918
-15.3169
-16.3299
-14.6561
-14.5641
-15.8266
-15.576
-12.5523
-10.8457
-11.263
-13.8587
-14.2478
-9.78025
-8.54343
-9.8346
-8.95748
-9.96447
-8.44882
-9.53085
-6.6974
-5.80307
-6.01863
-5.82497
-5.18187
-5.42506
-6.21092
-1.30052
-0.0601869
2.17151
-2.38957
0.915538
-1.02801
-3.69226
0.762841
0.0760722
0.209284
-0.05221
-0.0074492
0.0857332
-0.0519425
-0.0178889
-0.0153015
-0.0305122
-0.0363327
-0.0130147
-0.0318728
-0.0152322
-0.016732
-0.0316886
-0.0745934
-0.0863455
-0.0663464
-0.0813186
-0.0737628
-0.0504599
-0.0597785
-0.447781
-0.326543
-0.336913
-0.332999
-0.225004
-0.273696
-0.385317
-0.00782374
-0.0126663
-0.129293
-0.0428626
-0.0714887
-0.0859369
-0.171097
0.206484
0.246416
0.183363
0.221774
0.145453
0.18404
0.243547
1.39426
1.24961
1.25566
1.4964
1.26858
1.6167
1.22635
2.41632
2.60171
2.46782
2.40823
2.12379
2.66387
2.45739
2.58365
2.36297
2.34319
2.47647
2.65155
2.77155
2.70632
2.65426
2.54661
2.53329
2.33696
3.6871
3.82964
3.66013
3.3803
3.24253
3.20767
3.41663
3.04669
3.21223
3.01651
3.29104
3.87413
3.31922
3.38425
3.96144
3.31244
5.12414
5.05368
4.9019
4.70954
4.5005
4.89299
6.24606
6.15829
5.37635
5.14086
5.53885
16.2067
10.2302
7.56659
5.49466
6.91106
5.58085
6.64554
7.67284
7.96804
5.34595
5.21977
6.76357
8.92839
42.637
8.61246
51.8707
29.091
86.1342
41.6635
125.021
289.478
128.37
21.2931
197.31
26.7775
17.1401
18.4615
320.613
315.256
296.249
271.795
262.067
282.593
293.199
454.096
436.66
429.592
604.114
668.373
680.245
654.961
699.627
671.664
657.792
536.573
538.715
547.409
551.511
608.939
594.051
516.503
621.109
559.258
530.582
568.276
537.68
605.337
654.81
638.668
724.937
689.924
652.994
656.57
746.429
700.38
621.173
632.509
656.934
705.597
660.058
706.792
692.632
652.93
673.059
646.965
709.586
679.674
699.466
747.869
698.88
685.317
732.391
731.125
683.937
687.674
668.235
790.138
666.655
699.413
673.781
668.776
605.055
672.773
670.151
656.676
688.109
712.088
635.824
687.718
713.056
688.676
731.446
738.765
23.4293
55.7201
77.6282
28.7626
42.8165
17.9679
64.7225
519.798
510.75
569.182
382.892
484.974
512.083
484.26
413.232
510.105
425.12
446.62
109.813
33.9986
218.304
427.097
398.915
356.92
67.1358
65.5554
19.5168
252.215
259.341
277.395
16.4268
-2.38197
38.9318
441.893
373.137
42.0366
320.167
-2.0958
0.889148
-1.49611
-1.67264
-1.44857
-1.40394
-1.54575
-1.28939
-1.40948
-3.21205
-3.41738
-2.44687
-4.02571
-3.5867
-3.24854
-3.75874
-3.38737
-2.94436
-3.54961
-3.79818
-3.11799
-3.74997
-4.2379
-6.38941
-6.77685
-5.94057
-4.64699
-5.33673
-6.05907
-7.50053
-7.72076
-5.16097
-4.19369
-6.04885
-6.21269
-4.90769
-3.49752
-4.62835
-2.5504
-3.05955
-4.42401
-4.77224
3.02684
2.00511
2.54254
2.60354
3.01837
2.12067
2.47723
2.69582
2.69218
2.80898
2.9998
1.77181
2.62706
2.59307
2.63112
2.25602
1.26668
2.40559
2.76542
2.74886
2.45647
0.377743
1.92182
1.90492
1.86949
2.17345
0.95166
1.19465
1.22918
1.38873
1.76231
1.36322
2.15984
0.94403
-0.105185
-1.24115
-1.53867
-1.16226
-0.962764
-0.760665
-0.0940013
-1.08233
-0.726782
-0.344209
-0.164858
-4.50745
-4.48295
-4.66128
-4.15292
-5.09507
-4.67617
-3.88935
-0.878408
-1.97351
-1.85968
-2.03175
-2.09726
-2.22328
-1.70868
-3.46664
-2.80825
-1.87991
-4.08551
-4.20494
-3.70661
-3.11211
-0.766918
-0.748365
-0.768688
-5.23004
-4.67816
-6.06694
-2.96862
-4.32061
-5.15061
-3.99662
-0.922483
-0.863211
-0.0904299
-1.21525
-1.22774
-0.819219
-1.34603
-0.307723
-1.22918
-1.1038
-1.31857
-1.66032
-0.669596
-0.295837
-0.170236
-1.16656
-1.16531
-0.91605
-0.956949
-0.524041
-1.22742
-1.02566
-0.240861
-0.95977
-1.23077
-0.1137
-5.52332
-6.57464
-4.68892
-3.46384
-3.41146
-4.52146
-5.40327
-3.94768
-3.50003
-11.0346
-11.6101
-12.5847
-10.003
-11.6986
-12.8342
-11.1835
-7.24919
-6.82503
-7.27447
-5.50736
-6.05676
-6.40657
-6.71533
-5.45038
-6.07243
-5.84389
-5.09289
-4.44086
-4.04214
-3.41052
-2.63243
-3.63862
-4.86267
-4.74451
-5.70215
-7.25265
-3.64021
-4.09757
-5.83674
-6.08735
-5.53129
-5.39
-4.24428
-5.22934
1.17454
0.742369
1.24276
1.22157
1.19338
1.3197
1.27934
1.26348
1.29987
0.0786905
0.0750221
0.0629447
0.0685032
0.0892782
0.0783055
0.0623877
0.0697491
0.0648197
0.0530736
0.0435585
0.0402942
0.0603066
0.0592089
0.0305435
0.0306439
0.0504091
0.0438481
0.0438773
0.0731655
0.081025
0.0679536
0.0650811
0.0952841
0.0818015
0.0646773
0.100226
0.0762243
0.0757684
0.102113
1.58523
1.33421
1.20625
1.17406
1.50979
1.1632
1.20553
1.59974
1.58606
2.01677
1.65216
1.7822
1.52075
1.93431
1.31885
1.97939
1.79352
1.67171
1.84731
1.61072
1.96967
1.6559
1.70437
1.74419
2.07978
1.92363
1.93493
2.12833
2.00217
2.14613
1.64858
2.14546
2.18008
2.78997
2.92839
2.85068
4.19535
4.49632
3.70794
36.6304
20.4968
16.5762
14.0791
42.9381
50.552
23.6159
733.649
663.006
699.72
695.682
668.508
804.763
752.429
692.39
713.968
689.622
746.128
664.537
700.808
634.45
481.279
530.633
549.76
529.535
535.573
652.174
741.803
498.31
567.519
205.147
310.159
229.525
327.742
234.774
240.665
284.364
437.742
296.82
387.999
540.65
365.483
294.377
166.291
231.244
270.651
301.406
279.988
287.9
335.282
127.489
29.1831
153.413
70.8621
119.038
72.1559
150.689
10.0577
-1.85467
15.3841
-6.58775
10.0456
-6.50353
-1.18466
1.71116
1.36637
0.636446
-6.56279
-7.70743
5.37221
2.42897
313.761
-2.51319
592.918
49.2414
627.615
-6.34461
279.136
288.718
533.902
863.333
826.29
833.939
844.984
756.284
9.94224
10.179
10.3868
17.4375
10.2544
9.98589
10.2969
8.38813
7.62957
8.97325
9.6445
8.86678
8.83993
8.96022
8.11593
7.97309
7.90744
7.87157
7.79978
8.03699
7.73106
0.977616
1.5565
0.547344
0.69924
2.13211
1.93328
1.05274
1.4988
1.40657
0.037362
1.89576
2.64933
2.31656
1.40311
1.78141
0.494406
1.88552
1.89681
2.06451
0.71606
1.38404
1.45091
2.48353
2.04218
2.61978
2.90584
2.33269
1.98929
2.9693
3.46767
2.84603
3.7446
3.74548
3.26904
3.27987
2.07968
2.81185
2.35272
2.08292
2.72715
2.06556
2.61425
2.63456
2.00304
4.1576
4.83721
4.28129
4.14935
3.87232
4.47246
4.12823
4.15616
3.89482
3.73055
4.26551
4.58517
4.14932
3.9964
3.32536
3.61874
3.31904
3.37804
3.27381
3.23987
3.3145
3.08603
3.76853
3.71044
3.46246
3.60998
3.3835
3.43757
3.37058
3.69097
3.38753
2.79873
3.47941
3.35985
1.47336
2.44862
2.71538
-1.47733
-0.998051
-0.25515
-0.920209
-0.49616
-0.739838
0.384009
-4.25952
-1.74974
-3.90276
-6.04233
-4.69137
-4.84513
-5.72329
-5.12411
-4.02328
-4.55424
-4.69044
-3.57565
-7.57832
-6.43021
-6.29907
-8.31674
-9.03371
-7.81467
-7.1933
-8.35837
-9.52984
-8.25845
-10.3079
-9.5565
-8.27558
-8.80031
-10.1514
-9.31698
-8.14105
-11.3625
-11.5874
-3.56941
-5.12187
-5.06382
-3.6499
-4.88377
-4.54656
-5.53506
-12.1061
-11.5108
-10.8121
-10.0213
-10.8632
-11.5579
-12.2436
-5.08269
-3.97628
-4.84231
-4.97187
-3.8366
-4.70568
-5.71841
-1.12924
-1.36836
-1.00123
-0.886628
-0.599262
-1.21276
-1.98152
-1.14634
-1.49141
-2.70997
-0.831914
-0.158179
-1.62787
-0.427176
-0.322637
-0.703657
-0.284426
-0.695403
-1.66518
-0.926654
0.400656
-0.512244
-0.0177857
-0.431461
-0.686182
-0.10718
-0.411749
-0.0133805
-0.666095
-0.839946
-0.401253
0.0612763
-0.123436
-0.546706
-0.449158
-0.591504
-0.384997
-0.476854
-1.20424
-0.627088
-1.05696
-0.723335
-0.489627
-0.452377
-0.232954
-0.337904
-0.386446
-0.218789
-0.37653
-0.388702
-0.128447
-1.0581
-1.09101
-1.61092
-1.03322
-1.73656
-1.18116
-1.2295
1.1019
1.136
1.29619
0.777299
0.86848
0.856077
0.947364
0.80037
0.966076
0.805845
1.32126
1.07064
1.04007
0.884849
0.493159
0.519282
0.240293
0.739139
0.661075
0.657837
0.360874
0.412056
0.42113
0.427575
0.390722
0.445848
0.370952
0.413269
0.405689
0.372891
1.55806
1.41287
0.214913
0.357547
0.658733
0.513006
0.275648
0.196454
0.235849
0.209896
0.20782
0.238752
0.200921
0.221239
0.111922
0.110187
0.124031
0.132304
0.133916
0.12878
0.132436
0.116241
0.117739
0.143588
0.146235
0.137677
0.138314
0.147259
0.1379
0.14607
0.145245
0.1373
0.113417
0.119988
0.109565
0.132334
0.126705
0.120645
0.117868
0.21605
0.216005
0.236778
0.231031
0.220609
0.22344
0.23544
0.255491
0.263621
0.258246
0.283126
0.278878
0.27049
0.269965
0.371811
0.378127
0.421579
0.388453
0.367373
0.380137
0.405872
0.402343
0.397202
0.425327
0.417344
0.411253
0.438021
0.427582
0.505148
0.479959
0.493073
0.506197
0.558774
0.521592
0.498746
0.817303
0.784081
0.766948
0.982858
0.828758
0.786415
0.794301
0.711993
0.640742
0.651649
0.602125
0.638709
0.660603
0.618962
0.925813
0.812907
0.867925
0.745557
1.22615
0.799764
1.70233
1.53233
1.18686
1.53424
1.64212
1.31662
1.27085
1.28801
1.5222
1.21501
1.60631
1.93693
1.57969
630.557
625.373
615.991
632.264
580.83
622.741
651.419
252.714
260.705
237.933
236.114
137.273
150.217
240.605
259.414
264.988
381.509
231.488
171.345
227.198
126.429
121.195
167.599
247.206
326.892
120.035
140.752
-3.87888
-3.57075
-7.39552
-4.00706
-0.591107
-2.69619
-6.66375
-6.30121
-8.50303
-8.67418
-8.05622
-6.77324
-7.74103
-8.35741
7.61459
7.07572
7.36766
8.16768
7.71656
7.4216
7.74942
13.8704
18.8163
10.1229
24.4261
9.0831
7.89243
8.13228
9.54422
9.54851
9.1297
10.9397
8.78119
58.6358
18.6188
191.088
34.4507
8.78451
8.72339
8.75262
8.77118
8.74755
8.40861
8.32802
8.53531
8.33931
8.85498
8.80443
8.68836
8.82103
8.84548
8.64829
8.53557
8.63624
8.57174
8.71908
8.69839
8.76407
8.71937
8.72297
8.79963
8.82445
7.71818
6.577
7.4467
6.47642
7.15062
7.21548
7.59006
7.149
6.49642
7.02634
6.40315
6.88466
6.84271
7.19145
6.40611
6.98962
6.80587
6.98194
7.32461
6.96731
6.5789
5.15387
5.44786
5.49459
5.88384
5.47551
5.68525
6.09435
6.91135
7.40198
6.93547
7.04679
7.39083
5.15106
5.47763
5.48512
5.39273
5.05157
7.5039
6.97283
7.50349
7.23953
6.91567
5.12017
5.38133
5.53955
5.14442
4.90838
4.19822
3.84297
4.02862
2.38514
1.80593
1.93246
2.90337
3.05587
3.70164
3.51328
2.88532
2.57343
3.00288
3.19239
3.55837
-1.05764
-0.383464
-0.137462
-0.224228
1.42824
-0.289989
0.177559
-2.41647
-1.70672
-0.798555
-1.20087
-1.68545
-0.0237726
-0.718205
-6.08646
-6.62995
-5.64993
-5.20665
-4.2247
-5.59546
-4.87672
-16.0585
-15.7854
-16.26
-16.6905
-16.5131
-16.6077
-16.5279
-5.60907
-4.91059
-6.45
-3.99474
-4.41755
-5.56732
-5.823
-0.0842509
-0.378688
-0.638996
-0.532701
-0.31881
-0.476028
-0.565749
-0.384986
-0.469197
-1.01708
-0.593981
-0.00123135
-0.444581
0.0507245
-0.106376
-0.0662452
-0.17967
-0.186607
-0.217082
-0.191235
-0.123687
-0.151752
-0.228722
-0.281253
-0.501461
-0.118623
-0.123837
-0.294154
-0.0602792
-0.762547
-0.225912
-0.290073
-2.65111
-2.34878
-2.38394
-2.16628
-0.25883
-2.72554
-2.07963
299.281
1781.16
2772.05
2768.78
2768.15
2661.11
2649.16
-0.716285
-0.797244
-0.901292
0.676845
-1.80355
-2.29426
3.32784
3.19291
14.5235
-2.36628
-2.12844
-1.41341
216.622
-2.31251
0.617506
1.38959
0.848877
0.477853
0.38293
0.426107
0.55131
-0.181496
0.142779
-2.08885
1.63517
0.452922
-0.0102597
-1.58003
0.425587
0.401116
0.414956
0.517149
0.414207
0.418974
0.714459
0.0327752
0.202772
0.133391
0.182951
0.166112
0.0696294
0.122685
0.184738
0.137405
0.336849
0.316551
0.340836
0.358966
0.326894
0.317796
0.339108
0.29789
0.277274
0.269687
0.277877
0.262294
0.257984
0.24225
0.195003
0.20397
0.204429
0.203756
0.195361
0.208033
0.197268
0.159953
0.157111
0.158284
0.16472
0.161865
0.160023
0.161557
0.260642
0.251884
0.257854
0.26097
0.280525
0.269105
0.258865
0.341906
0.324324
0.328581
0.325141
0.312195
0.325202
0.327933
0.387826
0.413744
0.382828
0.379555
0.386148
0.380851
0.394752
0.370741
0.388312
0.385284
0.386476
0.42613
0.382083
0.389796
0.372725
0.366499
0.43522
0.446961
0.450745
0.457148
0.497679
0.498328
0.465823
0.457178
0.426617
0.44363
0.588375
0.539079
0.536662
0.525312
0.541017
0.502696
0.519758
0.49399
0.485225
0.470063
0.490381
0.545465
0.501364
0.473255
0.551924
0.592009
0.552267
0.640013
0.712883
0.666036
0.613199
0.63109
0.665012
0.567106
0.57355
0.585654
0.58617
30.1101
62.6408
230.348
111.398
107.66
33.6118
40.6561
17.1371
9.34197
16.4262
-6.55451
-2.91888
-5.66877
-5.17598
10.8974
35.6113
94.4649
21.0824
-7.12133
-1.248
23.1406
-1.65841
-6.83954
-3.35953
-4.15663
-4.39072
-5.25252
14.3327
876.99
344.897
805.137
599.129
538.601
553.937
723.612
-20.6053
-161.966
-98.5604
63.0981
-14.491
75.9856
10.5836
10.0035
10.2518
10.237
9.82536
10.261
9.9645
9.82563
9.38636
9.66294
9.62576
9.28621
9.70885
9.43691
9.05472
9.34813
9.38489
9.25632
9.46517
9.28854
8.99646
9.35302
9.26536
8.96877
9.26196
9.66031
9.38166
9.15263
7.87351
8.29232
8.27719
8.84669
8.43763
8.57197
8.24776
8.28519
7.73462
8.1196
8.25769
7.87649
8.29061
8.10177
8.37466
7.83866
8.18187
8.5505
8.16334
8.75498
8.65315
8.33506
8.03664
8.47322
8.70371
9.60096
9.16698
9.23311
8.89281
9.12296
8.53826
10.228
10.9272
10.7815
9.66299
10.0515
10.6702
10.6393
-2.97938
-2.78801
-2.83852
-0.360449
-1.46098
-1.32605
-1.52897
-3.60744
-4.449
-3.46797
-3.93919
-4.85304
-3.84358
-2.44645
-4.9417
-4.80361
-5.49284
-3.92822
-4.69148
-1.5562
-3.8739
-3.38683
-2.8475
-1.27592
-1.20456
-1.63418
1884.01
1784.02
2478.95
2083.13
2030.39
600.37
2368.48
-1.65759
-2.58102
-3.02095
-1.01973
0.0474174
-2.3341
-3.12441
-0.960896
-1.23715
-0.202996
-0.746469
-0.958393
-0.876001
-1.17219
0.468119
0.134429
0.354647
0.153649
0.0443028
0.0976296
0.0101835
0.0749236
0.00580743
0.0747288
0.167938
0.00243387
0.0810506
0.0935977
-0.0400819
-0.0294617
-0.0238565
-0.0228859
-0.0131923
0.142993
0.0038887
0.0807499
-0.0579754
0.0212237
0.0549019
0.172897
-0.138883
-0.080549
-0.0988452
-0.144573
-0.118587
-0.0548162
-0.0743492
0.162763
0.153944
0.167237
0.146507
0.144925
0.156209
0.155896
0.15229
0.161012
0.158129
0.147647
0.14791
0.154544
0.153683
0.154508
0.158061
0.159681
0.151861
0.150272
0.156864
0.156793
0.163899
0.168579
0.163193
0.162352
0.158926
0.163994
0.160826
0.166613
0.163673
0.16033
0.162766
0.166942
0.161591
0.165527
0.170085
0.166162
0.255367
0.254024
0.274428
0.238123
0.251231
0.245168
0.258008
0.279892
0.276414
0.277433
0.271153
0.250018
0.249846
0.245496
0.256025
0.238038
0.249992
0.307269
0.292491
0.288706
0.291278
0.320259
0.264986
0.327588
0.318674
0.367292
0.32282
0.319577
0.329807
0.330661
0.349236
0.325684
0.3244
0.397802
0.393314
0.42414
0.341881
0.347237
0.360553
0.37498
0.370195
0.358717
0.35468
0.359247
0.355069
0.344951
0.300821
0.327858
0.299604
0.321273
106.43
7.72234
13.1259
-1.65262
92.321
558.958
536.563
580.545
566.365
592.568
408.416
547.512
28.045
23.0482
31.6605
31.7003
10.5126
2.32547
-1.93456
112.913
327.263
187.916
13.4244
86.881
-5.8662
-2.33751
-8.34755
-8.7974
-8.50174
-8.21804
-7.25832
-6.67226
-8.13214
4.96425
-3.32663
4.81259
-8.10647
-7.28486
-8.28626
-8.79951
-9.02554
-9.62852
-10.4429
-9.96595
-9.55828
628.28
172.861
354.951
2856.5
1193.69
2398.48
2468.46
2077.42
3066.91
2309.17
2202.88
593.067
2748.09
1733.09
2501.83
2650.02
826.936
417.043
361.803
353.177
415.364
-183.294
169.262
455.328
3866.86
2380.15
10.6444
11.4146
11.4031
10.9912
10.7533
10.3707
10.6922
10.3311
10.3917
11.2901
10.6178
10.4803
10.577
10.5047
10.6091
10.5103
10.7586
11.3354
11.2388
11.2019
11.1566
11.0337
11.0668
11.1947
11.9419
12.0549
11.8914
11.7171
11.8168
11.8659
11.7302
15.0295
11.519
9.28133
8.19036
8.73305
11.2236
17.1158
9.77386
7.88081
23.2926
14.8671
9.70718
22.2815
10.4176
1.44338
9.47457
18.9556
99.1748
31.9601
7.27954
3.24707
-0.767162
-0.0442793
0.933492
0.269864
-0.0710185
1.80388
0.441381
-0.085247
0.436832
0.0533678
0.846074
1.89182
0.412268
0.308614
-0.230876
-0.2595
-0.155879
-0.377114
-0.543031
-0.139962
-0.0243775
-0.0173928
-0.195913
-0.59232
-0.409779
-0.626148
-0.887948
-0.55963
-0.483885
-0.515096
-0.0316948
-0.170212
0.0832978
-0.174984
-0.149102
0.00229653
-0.217314
0.0583525
0.183577
0.167302
-0.0510744
-0.0126415
-0.0419767
-0.00192038
-0.0285549
-0.0186732
-0.0368604
-0.0497858
-0.00016437
-0.0238914
0.000360327
-0.0074244
0.000243236
-0.00327061
-0.0155168
-0.00646436
0.00301392
0.00208138
0.00616006
0.00633016
0.00797995
0.00775486
0.00992176
0.0566095
0.0651898
0.0671632
0.0603321
0.0681426
0.0775253
0.0698214
0.0744132
0.0671124
0.135997
0.127323
0.129739
0.132038
0.126427
0.130922
0.136625
0.150284
0.157172
0.146656
0.157202
0.151639
0.149926
0.144538
0.188536
0.171539
0.170028
0.16552
0.172513
0.155908
0.165729
0.184102
0.19065
0.193274
0.21539
0.196283
0.201143
0.210347
0.178995
0.195295
0.190507
0.217175
0.238467
0.217122
0.21723
0.212544
0.207587
0.259221
0.253672
0.26613
0.234949
0.24425
0.235608
0.227097
0.238613
0.23622
0.222005
-0.0356229
-0.0403792
-0.0888313
-0.0749539
-0.0656218
-0.120079
-0.114531
-0.23591
-0.235306
-0.154215
-0.195341
-0.17918
-0.0986737
-0.118354
-0.336963
-0.319453
-0.337772
-0.444347
-0.380217
-0.378682
-0.427113
-0.775088
-0.63775
-0.666213
-0.553646
-0.509891
-0.626426
-0.558116
-1.26563
-0.798394
-1.06902
-0.969981
-0.955562
-1.21879
-1.16865
0.23249
-0.564343
1.07563
-0.160535
-0.677244
0.649582
0.48168
-1.21015
-1.60838
-1.16494
-1.50379
-1.02235
-2.13219
-2.07148
-2.12142
-1.99396
-1.9835
-1.95048
-2.02418
-2.16373
3.30818
20.3886
2.44111
0.255038
15.1947
3.5222
-1.73455
-1.99065
-1.55183
-1.93168
-1.78822
-1.73171
-1.62442
1182
658.302
291.256
420.427
338.211
873.088
-101.451
169.011
-54.2292
91.5708
-642.814
72.593
560.115
75.6347
190.76
-333.084
-64.0567
194.336
55.409
-261.492
98.1276
-142.948
66.5353
-142.187
-1.57841
31.0627
10.1468
9.91206
9.9901
10.4256
11.2397
10.4828
10.8662
10.3817
8.70347
9.58414
10.3986
8.61846
10.7885
9.60518
8.95244
8.89602
10.1531
10.6678
9.66755
10.2153
9.85854
10.8501
9.11342
9.67268
11.1928
10.3371
9.77057
10.3475
9.72916
9.59785
9.27401
9.90228
9.12435
10.204
10.1287
9.82323
9.80961
9.86035
10.0583
9.39202
9.97204
9.69697
9.97685
0.646444
0.659646
0.623926
0.544722
0.62344
0.626568
0.614493
0.608171
0.581972
0.694681
0.560368
0.605892
0.647732
0.665851
0.0961801
0.126904
0.12995
0.139844
0.123481
0.0984623
0.121312
0.00887663
0.00943838
0.0032011
0.0420518
0.0523099
0.0420609
0.0383983
0.0477998
0.0531088
0.0443861
0.00820393
0.00402197
0.00866297
0.0157127
0.0208559
0.0100557
0.00533872
0.0122419
0.0157966
0.00623032
0.00137982
0.00734191
0.00233602
0.00746219
0.00630885
0.00777969
0.00929872
0.0124768
0.00969419
0.0121707
0.0113317
0.0157595
0.00705407
0.00195784
0.0117274
0.0139668
0.00819514
0.00918123
0.00440227
0.008416
0.00949774
0.00442118
0.0103506
0.0137344
0.00955694
0.0779258
0.0728565
0.079201
0.0809037
0.083454
0.078876
0.0744266
0.12286
0.14045
0.123191
0.127544
0.120978
0.111833
0.149326
0.159809
0.145435
0.139188
0.137676
0.149908
0.143123
0.13813
0.176852
0.176458
0.181733
0.178169
0.175827
0.181133
0.181618
0.177197
0.175415
0.179469
0.183012
0.180898
0.186665
0.188006
0.190975
0.182782
0.186121
0.209893
0.202638
0.206857
0.202941
0.20883
0.201789
0.208116
0.199104
0.199843
0.202355
0.191653
0.192056
0.193796
0.196617
0.212728
0.220833
0.216287
0.230868
0.216916
0.216853
0.225207
0.178032
0.184337
0.173115
0.17272
0.178316
0.172551
0.16624
0.166637
0.1685
0.154783
0.168571
0.175866
0.167448
0.158153
0.0719587
0.0695584
0.0810165
0.0916337
0.10235
0.078984
0.0778862
0.089327
0.086459
0.103219
0.0969401
0.0931609
0.112915
0.116757
0.0735665
0.0437574
0.0597152
0.0451908
0.0659028
-0.0684717
-0.0656599
-0.0924535
-0.136434
-0.112721
-0.0755228
-0.08625
-0.0910794
-0.107116
-0.0428465
-0.0819156
-0.0493884
-0.0543466
-0.0365683
-0.0277362
-0.0527903
-0.0480535
-0.0243289
-0.198113
-0.212158
-0.206284
-0.248725
-0.211167
-0.247367
-0.218383
-0.291261
-0.300657
-0.255128
-0.343927
-0.311147
-0.268537
-0.307579
-0.252055
-0.554223
0.509436
-0.460133
-0.531246
-0.586783
-0.505491
1.79199
-0.570684
1.19934
2.446
-0.299061
2.06885
1.2434
1.87316
0.742386
-0.776163
-0.887362
-0.441493
-0.240116
1.06179
35.3437
36.9319
62.0537
148.243
219.054
481.152
141.026
-259.957
22.3896
-67.2288
112.822
-16.7263
51.9339
58.6586
-8.56148
122.656
92.964
264.317
90.2021
109.893
107.348
-155.913
36.9663
-75.1216
65.7074
23.1068
117.477
119.814
259.554
205.976
737.283
71.5136
301.325
9.69098
-6.28548
46.9231
55.5076
62.5856
2.42166
32.2767
65.9855
17.6902
11.8445
13.2208
7.36335
7.3755
5.73284
6.54458
356.181
224.264
106.241
463.306
547.215
435.685
364.539
267.827
314.739
352.989
264.611
314.065
425.977
452.691
407.309
361.292
484.29
477.39
432.792
473.848
457.766
394.045
438.144
449.038
426.616
366.855
574.468
449.816
548.425
439.681
569.032
469.466
54.9682
54.8952
55.124
54.8619
54.5768
54.8778
54.4182
41.0041
29.8998
37.1094
43.1903
41.7776
36.3496
60.3086
76.9562
82.9795
48.9496
77.6231
34.8332
68.9243
97.177
15.5967
13.8628
18.8024
18.4776
17.6339
48.9203
67.124
35.9082
107.276
32.0563
156.005
87.4123
113.167
122.101
69.8759
53.1746
113.074
84.891
154.229
11.1492
12.9799
9.00796
14.6343
12.3832
16.1946
26.0405
8.72009
11.9875
16.4386
12.2046
10.6422
20.8293
22.3382
15.9115
30.1329
48.6034
37.0131
26.2006
62.9508
54.4462
50.8431
57.872
62.0509
57.0813
56.8569
53.245
52.9998
53.2783
51.6201
52.8551
56.3313
61.1914
58.6079
58.6335
58.0564
57.7616
57.7887
57.923
57.7132
349.43
364.841
376.933
76.8323
89.0575
100.711
77.7987
80.5254
178.572
77.5638
75.7037
61.0624
72.32
347.803
398.286
383.689
328.974
346.941
365.088
324.407
55.3704
93.7302
55.483
55.4934
54.7162
55.476
55.4894
303.558
254.705
435.725
469.005
572.663
404.219
582.963
84.8268
84.1663
360.581
277.275
86.077
62.2239
156.157
8.12879
8.29841
8.42513
8.53348
8.56072
8.44311
8.36698
8.69394
8.70206
8.58446
8.64257
8.63195
8.47102
8.48664
7.3306
7.66182
7.79693
7.92773
7.8751
7.72538
7.94149
7.72829
7.91957
6.91229
7.27892
6.72951
6.61807
7.44846
7.11493
6.1515
1557.78
1551.55
1319.25
273.397
1085.11
1589.85
1489.24
1163.71
1164.72
703.196
687.791
971.139
1503.87
1581.7
1215.23
1046.9
1450.58
1694.56
1033.04
1663.99
275.67
8.53785
531.314
1.55368
0.802883
4.9856
8.58258
430.972
-0.406088
2.53456
3.28953
-0.27906
-0.354132
1.06086
0.414831
0.482662
0.967407
0.474534
0.371423
1.16615
1.25314
1.23034
1.35806
1.25637
1.21583
0.253323
0.250914
0.236871
0.237198
0.258702
0.250799
0.233071
0.228051
0.208663
0.214605
0.188376
0.192225
0.201702
0.197222
0.191179
0.160713
0.1764
0.17717
0.154659
0.162544
0.177403
0.0890456
0.0971064
0.102067
0.105767
0.102427
0.0914224
0.0970284
0.0687574
0.0783955
0.0721207
0.0638255
0.0560462
0.0392221
0.0485365
0.0413899
0.0366931
0.0411838
0.0478929
0.0419347
0.0164796
0.01117
0.0129288
0.0222055
0.0152345
0.0159106
0.022082
0.0014653
0.00651545
0.00834471
0.0120924
0.0210206
0.014657
0.00529389
0.0103739
0.00819445
0.0135872
0.0180871
0.0119794
0.00547554
0.00596489
0.00168195
0.00758688
0.0108526
0.021925
0.0151821
0.0122545
0.00911945
0.00158321
0.00768351
0.0052685
0.0437069
0.0344851
0.0380062
0.037674
0.0328411
0.0386287
0.0438964
0.0360877
0.0285307
0.0452159
0.0358447
0.0475247
0.0412185
0.0444068
0.0320121
0.0163273
0.0298001
0.0568935
0.0733213
0.0622291
0.0633674
0.0566599
0.0413319
0.0717294
0.0775545
0.0789534
0.0873574
0.0823627
0.0709145
0.0757735
0.0804691
0.0776685
0.0689661
0.0836227
0.072381
0.0755726
0.0696896
0.0765423
0.0694825
0.156048
0.152215
0.148154
0.143702
0.146352
0.151629
0.149066
0.148828
0.147078
0.143403
0.141037
0.145174
0.14005
0.145416
0.159528
0.161822
0.161913
0.163809
0.163427
0.161324
0.160832
0.169539
0.164322
0.166562
0.159331
0.162658
0.173696
0.175263
0.171782
0.172342
0.175826
0.174183
0.170912
0.169377
0.169717
0.170471
0.165325
0.167126
0.167562
0.168506
0.172877
0.176599
0.172418
0.177615
0.171269
0.177542
0.173486
0.140526
0.148643
0.149663
0.132104
0.132649
0.160821
0.163556
0.157002
0.15907
0.162562
0.164063
0.159742
0.149912
0.147007
0.141182
0.155642
0.160955
0.154987
0.151458
0.0954817
0.11066
0.111527
0.0907444
0.0899673
0.103892
0.102471
0.0502228
0.0645766
0.038388
0.0202325
0.0289534
0.0382374
0.0358341
0.0451881
0.0442584
0.0922007
0.0803969
0.0828887
0.0791681
0.0754242
0.0767667
0.0847724
-0.0274383
-0.0101907
-0.00469034
-0.0412421
-0.0436464
0.0139056
0.0180158
0.0313536
0.00515093
0.0138171
0.0251217
0.010937
-0.0797378
-0.0748952
-0.0926362
-0.0842688
-0.0827787
-0.108224
-0.100874
-0.240059
-0.206836
-0.211838
-0.195394
-0.209053
-0.215977
-0.240342
-0.207549
-0.212114
-0.212684
-0.222209
-0.255125
-0.229972
-0.248982
-0.3253
-0.245206
-0.258814
-0.2543
-0.304449
-0.28199
-0.331697
-0.190303
-0.244983
-0.277908
-0.284374
-0.273702
-0.308392
-0.174549
-0.306299
-0.253615
-0.39052
-0.249478
-0.272264
-0.449535
-0.406923
-0.491733
-0.431511
-0.40054
-0.636507
-0.503346
135.002
38.5511
84.5193
123.926
9.58864
9.48404
213.903
211.088
81.6647
76.0604
749.399
373.193
760.623
748.716
578.549
1103.94
820.988
398.715
781.658
430.764
857.203
892.647
813.316
962.204
870.453
896.294
939.387
1002.17
788.203
1078.42
859.531
1163.18
917.517
221.394
128.106
168.617
363.256
255.595
335.149
227.883
385.35
300.582
193.998
387.754
358.452
414.88
379.603
264.444
152.197
294.952
160.258
193.395
111.747
362.43
415.688
145.882
81.4159
185.382
147.162
105.682
49.4533
123.062
56.6449
55.6077
55.1348
55.7118
58.3415
52.8267
56.7325
160.575
145.986
108.506
95.1452
49.8423
53.6968
57.6126
55.9005
58.2271
58.8181
59.199
58.3789
496.75
402.059
473.469
541.916
473.287
525.886
486.746
774.034
684.251
697.624
650.872
686.856
651.202
684.844
708.136
654.481
686.861
806.462
776.27
808.851
936.681
836.317
830.473
815.313
820.687
756.291
841.164
800.424
836.863
798.975
932.703
931.443
1039.45
914.559
853.463
891.527
929.143
988.523
839.652
870.344
662.264
793.954
562.785
730.907
754.455
888.155
763.499
422.677
367.91
316.597
211.687
332.332
474.056
487.771
460.369
455.154
407.296
448.205
472.467
414.813
83.5791
247.77
212.74
384.087
8.75574
8.70625
8.69473
8.59943
8.71877
8.67846
8.7516
8.27473
8.03501
8.25138
8.44167
8.41663
8.30169
8.3912
8.72141
8.68056
8.84086
8.73748
8.52198
8.72465
8.72731
8.70597
8.69733
8.72553
8.58475
8.69957
8.82637
8.85174
9.08167
9.26112
8.7927
9.55898
9.61946
8.85719
9.00229
9.36454
8.97587
8.92965
9.66909
9.37955
886.266
1073.06
508.247
1090.33
441.332
1064.94
968.076
-0.0233998
0.0726306
-0.00190535
-0.020333
-0.0422955
-0.028591
-0.0195677
0.0890121
0.0662454
0.09164
0.0612317
0.0549521
0.0785682
0.078328
0.0659763
0.0732102
0.0573913
0.0832371
0.0854118
0.0783874
0.0769392
0.156422
0.149081
0.172396
0.140884
0.13128
0.155045
0.144669
0.173049
0.17113
0.176678
0.179225
0.17606
0.172991
0.175779
0.165738
0.168041
0.16479
0.163421
0.163292
0.165798
0.16452
0.133406
0.139642
0.141322
0.133955
0.140148
0.137743
0.130487
0.106915
0.109346
0.105006
0.0983747
0.104591
0.104512
0.0990825
0.0843372
0.0778591
0.0842514
0.0857268
0.0926167
0.0832184
0.0770036
0.0825284
0.0869322
0.0920295
0.0849156
0.083191
0.0903744
0.0853276
0.0808148
0.083854
0.00752271
0.0111142
0.00605168
0.00420217
0.00699347
0.00823979
0.0106044
0.0149957
0.00881508
-0.00227312
-0.00237098
0.0101604
309.966
321.641
321.56
321.462
331.075
321.587
321.735
323.962
324.737
322.299
335.264
326.596
326.413
334.07
322.645
339.587
318.644
308.117
335.639
318.386
315.646
302.15
0.00764578
0.0254385
0.00894776
0.0113385
0.0170846
0.0168495
0.00981293
0.0180662
0.00889294
0.0135994
0.00232691
0.00115506
0.00593454
0.226251
0.379134
-0.331874
80.2249
522.467
-0.223846
0.106068
2789.02
2755.74
2815.77
2762.55
2712.67
2820.84
2820.45
2854.23
2856.8
2846.52
2849.84
2863.15
2830.65
2850.47
-0.0648099
-0.0150255
-0.445902
2702.66
2812.47
2738.97
2749.25
2757.12
2752.25
2746.79
2748.17
2757.99
2773.98
2787.12
2756.52
2741.64
2749.48
2753.33
2758.1
2746.81
2741.23
2750.84
2753.92
2735.36
2756.25
2751.97
2761.82
2746.74
2742.37
2736.14
2744.85
2750.45
2746.05
2746.87
2775.18
2763.44
2749.4
2741.05
2713.97
2744
2741.23
2748.51
2739.36
2744.28
2755.37
2745.62
2745.85
2695.83
2738.67
2756.52
2268.54
952.058
2862.28
2849.27
2842.27
2855
2798.05
2781.98
2825.41
2856.89
2845.59
2851.59
2835.31
2825.91
2778.87
2830.47
-1.31579
-1.30861
-1.37967
-1.49772
1.09359
0.676357
-1.11153
2759.67
2783.3
2739.41
2815.99
2793.57
2815.14
2776.25
2845.76
2865.58
2801.62
-0.301153
-0.817511
-0.496548
-0.379072
-0.564535
-1.18133
0.183508
-0.645642
-0.614314
-0.317085
-0.746081
-1.20529
405.399
425.762
420.794
419.136
428.803
421.007
421.022
422.22
422.215
421.064
437.14
422.057
390.9
420.07
419.545
-1.57673
-0.158457
-1.23437
0.105326
-0.714746
-0.226441
-0.706461
-2.48586
0.60345
-1.81219
1.05034
0.407001
-0.6388
0.755253
-2.8295
-3.52287
-2.44143
-2.75261
2419.65
2329.84
2160.44
2324.83
-0.147753
17.6448
1528.71
1457.88
7.05687
6.12792
6.90249
6.90308
0.276335
0.181338
0.111573
0.167123
-13.0988
-14.5274
-13.404
-14.4303
0.274936
0.243619
5.51583
0.0798103
0.495627
0.642634
0.60987
0.589911
8.96704
10.3302
9.37678
10.1358
-2.2184
-1.28206
-4.27065
-3.64578
0.496123
0.140604
1.68566
0.868786
-10.9031
-10.48
-9.58906
-8.35343
-11.1058
-9.90942
-13.9015
-12.8083
8.84178
8.92831
9.0265
0.0232616
0.835104
0.931132
0.84977
0.416935
131.738
14.623
174.804
-0.162678
-0.177311
-0.181952
-0.196519
7.75927
8.55381
5.006
6.34066
6.85063
6.60062
8.25514
8.34749
0.577043
1.07341
1.14716
1.10716
10.818
10.6561
11.1481
10.9672
0.237858
-0.0189307
0.0483822
0.0123845
-5.28351
-6.8195
-3.36253
-4.37602
2.08235
2.56828
-0.291973
0.490124
-2.06484
-2.28863
-2.41288
-3.11452
0.161147
0.126604
0.155294
0.13314
-0.144069
-0.0702539
-0.0565851
0.00420816
0.12234
0.15857
0.100543
0.149381
-9.97687
-8.4247
-9.92598
-7.59127
0.20113
0.20486
0.202497
0.212228
0.193086
0.189031
0.215835
0.190594
0.195791
0.184273
0.188923
224.885
204.496
464.795
475.099
12.6506
14.4969
9.64973
10.9081
-1.5848
0.218518
-1.62785
-0.145825
29.6079
92.094
17.0973
38.1245
33.4262
7.69471
12.7209
9.25114
0.659044
0.628382
0.766495
0.719208
0.0975525
0.0870214
0.0963953
0.0863446
0.0637141
0.0674182
0.044973
0.0490294
-4.59508
-4.12546
-6.51792
-5.82037
0.0575501
0.0409694
0.0157468
0.0153789
0.684091
0.655975
0.658273
0.610138
200.235
82.8717
277.934
106.408
0.249395
0.243665
0.291156
0.33498
0.142879
0.15044
0.152033
6.67469
5.78777
-0.860684
-1.90658
2.47101
15.6055
-1.75795
-1.89478
-0.153222
0.137315
-0.0530306
6.81062
6.67794
5.61112
5.90882
-0.506581
0.612482
-0.485488
852.334
213.376
217.891
-0.971099
82.1671
2.40407
568.891
549.161
484.72
546.324
568.321
-10.1235
-9.8073
-12.3723
-10.7908
-13.9657
-14.0609
-14.4991
-15.4599
-11.4784
-12.8936
-0.508385
0.0321828
2.06486
-3.54037
-17.0718
0.16307
37.543
4.53054
681.746
-0.193285
0.619735
-8.46817
0.0613137
0.525382
1360.28
10.7091
0.239165
0.721338
-0.182464
663.961
370.095
0.589721
0.150939
6.09886
-9.6278
27.4549
0.214304
-5.54122
0.519336
0.240331
2.18879
-3.4275
1.15575
0.132621
251.149
8.59354
0.0720093
0.162791
240.779
3.64571
282.209
0.0810766
43.5639
342.85
384.298
-8.79631
-177.467
428.221
388.221
9.59486
435.782
77.8487
623.431
14.5465
542.253
580.091
587.691
2.06727
1.79023
1.25382
193.683
1.88222
2.94073
9.1295
3.66456
3.78764
4.09668
2.23672
-9.98039
13.3729
10.9783
-0.272136
14.3704
205.021
6.62088
187.247
0.453557
0.529346
3.98213
0.726503
9.13001
46.4934
10.5077
0.950426
0.548962
8.47121
92.3576
-0.0141285
0.284042
0.234062
0.127711
4.10133
-0.383293
3.25258
30.0251
8.91011
549.132
325.963
3.04134
9.88127
441.259
109.407
102.846
54.1916
212.165
556.751
286.762
568.111
544.046
1.92424
15.9187
-0.00109996
591.388
630.266
608.063
580.053
721.916
679.376
681.336
1.49833
685.115
669.803
723.397
702.677
620.513
561.267
551.212
0.0746998
-0.94976
561.701
0.120688
7.65413
299.176
0.89816
686.111
584.805
451.266
539.432
0.101305
707.198
571.868
464.238
493.545
348.577
118.386
53.9057
640.164
274.086
-1.0175
389.902
0.134428
609.581
478.203
428.08
36.8432
-9.65281
-6.24649
0.106297
525.425
-0.163168
-0.166413
502.287
-0.139255
43.7653
55.7511
-1.32404
678.439
-0.164906
-7.10824
196.944
743.277
-15.3662
571.695
-3.42257
-16.8233
28.6487
209.002
0.612155
25.361
32.5657
67.672
-6.18298
29.9906
-6.62826
677.812
112.773
2.80495
527.303
8.32533
516.811
550.209
599.391
0.0666462
0.105031
578.045
0.48153
-4.02573
-1.81686
-1.38143
296.995
611.74
0.404873
-1.57564
0.216188
16.5489
4.20773
8.07978
31.9834
639.474
10.7531
-0.320734
62.6907
272.075
2.56801
-1.43474
41.4016
11.3292
-9.47384
-7.57207
-7.09845
54.7141
-1.81831
0.0639858
-2.04198
0.169545
-2.59416
-2.67141
-1.93112
-1.61104
0.172349
-9.51058
689.229
-2.36504
542.789
95.7332
174.741
324.811
193.439
102.003
-7.94587
-1.71099
2.01457
-0.522422
-6.40677
-7.43821
1.47869
62.944
197.405
565.258
258.87
358.836
84.4394
123.295
-2.43493
165.839
-1.63536
526.94
-2.74279
354.974
-9.18206
-0.209313
5.73051
192.281
10.8509
177.319
-5.3261
2.47332
-7.86336
5.45358
498.79
854.243
2488.78
60.9351
-0.229095
341.076
1.4897
0.568732
0.184002
-0.132584
-0.120958
-0.147074
-8.71685
-0.198131
-0.190877
0.84082
0.421419
0.193059
-0.0805275
-0.092637
-0.136422
-0.158123
1.09199
0.21452
1.81356
0.929687
16.3346
1.1799
1029.03
164.893
0.7718
108.1
1.31483
6.74886
1.09327
74.522
-0.462149
14.8793
7.64043
0.242868
965.318
1030.87
-0.948327
0.18158
951.368
-0.679476
0.16609
-2.46927
-1.40395
8.5803
10.2752
-1.34411
1002.36
0.490908
152.69
0.888476
-0.480325
129.881
-11.9787
-1.84643
54.4073
9.52939
2.54868
803.305
-1.81655
-0.122761
-0.872492
-0.163618
-0.858723
-0.420751
-0.555574
-0.202624
1104.27
5.08982
-1.55019
-0.270356
0.162731
-2.21806
556.929
59.2509
365.374
0.0389639
0.442112
689.353
-0.749635
11.3466
1.26319
10.1438
-1.37995
11.2633
-13.4278
945.205
-1.21854
37.6091
6.6431
8.00247
-1.60986
370.974
718.973
-0.350206
0.250362
2.98322
-0.935885
-0.390045
-0.272404
474.602
83.5589
-0.559423
-0.563604
0.182712
-0.0714988
-0.251392
-0.673725
-1.90704
-0.153202
-0.372561
-0.968094
-0.311932
0.635291
1065.84
-0.208637
-0.12057
7.6361
-0.0345505
-0.162696
-1.01093
-0.0609587
55.1919
-0.0192454
-4.27524
680.204
0.189236
0.00412431
-0.0263042
0.0316734
0.00242899
0.0498952
-0.132005
-17.502
-0.0963402
0.0458548
-0.209253
-0.024189
-0.147266
-0.968255
0.130537
0.0544661
1602.78
8.41558
0.126859
0.0256502
0.0450124
0.0576634
0.0297397
-0.11852
0.112603
0.796401
0.148408
0.163637
2.00447
0.174648
0.183147
0.186637
-1.18132
-1.18641
7.38245
-1.36343
-0.0461271
-1.33554
-1.8309
0.210061
10.6932
-0.527468
9.99739
-1.22539
0.125247
-0.463066
-0.600987
-0.537639
-1.00911
15.4609
-0.189435
-0.324738
718.116
294.59
-0.134522
-0.900777
-1.19612
0.202554
-0.293784
-0.00342047
0.0994481
10.3463
0.195695
-1.66052
-0.327501
-0.237361
0.167734
0.722547
1.07202
426.483
-0.214889
0.492464
0.902271
-0.0138433
-0.0860086
0.605065
5.80606
0.212801
-0.998635
455.521
0.103764
662.896
5.89737
0.379552
-3.47604
0.454597
60.9765
7.64642
-0.0133583
0.234518
0.40693
0.356314
0.416315
0.364776
0.460189
63.3447
0.783552
-6.56131
0.767891
0.886173
0.54384
10.4194
0.495162
0.475382
0.989442
-0.19086
1.17653
0.722389
1.34709
1.2885
3.82547
10.4158
0.21621
0.320219
0.296675
0.24059
0.256256
556.011
-1.8847
0.2558
0.352851
0.286499
0.280624
0.299993
0.262998
5.52703
0.553724
0.388072
0.24527
2353.7
20.9987
53.2744
0.246117
0.371721
0.345331
525.858
0.455315
0.295755
1.04496
0.294486
0.301163
0.312334
1.71997
0.156767
210.181
0.328253
10.7102
0.325486
9.275
0.0844213
0.257704
0.238712
0.247345
0.296383
0.274756
0.245971
0.329686
0.2151
0.212384
-1.01365
0.430849
11.8453
0.18232
0.254541
0.176996
0.212848
9.49578
0.221448
-2.58883
570.84
3.06921
-11.9364
0.344558
0.176136
0.19364
0.249028
-12.8714
0.177275
0.168002
0.145174
0.109666
0.113159
0.0994712
0.398509
0.216016
0.132786
0.522805
0.121768
6.52979
0.0666039
0.144401
0.114286
0.11378
0.131035
0.126303
0.169487
9.8901
0.190051
0.130007
0.125913
0.16221
0.167436
0.0376363
0.143206
0.151046
0.129068
0.140478
0.15427
0.1631
0.143126
0.211706
-1.62047
0.147947
0.136262
0.11636
0.110084
0.165199
0.180194
0.192779
0.141859
0.160567
0.155148
0.154642
0.180055
0.180988
2.59204
0.213752
0.18432
-0.27478
9.43259
10.5038
0.123084
-0.312415
0.105628
0.176205
0.179965
0.184603
0.223189
0.141478
0.236422
0.155228
0.261555
0.104886
0.179349
-0.876022
0.158101
623.934
0.19527
0.169447
0.175496
0.172478
0.20052
0.163136
0.335305
517.75
547.599
-5.41453
9.91465
0.0120275
0.0396926
0.0549143
0.030905
0.169995
-0.111984
0.15479
0.058707
0.0416726
0.0290729
0.0674583
0.0566666
0.0317247
0.105493
0.0563005
0.0660168
-1.85447
0.0320588
-16.0701
8.30033
0.10211
0.126943
-1.90804
8.56604
0.0174728
4.89094
5.79576
4.87939
0.0716013
0.111125
0.103461
0.0681416
0.124713
0.0729738
58.3678
0.0811045
12.7106
0.120818
0.0909427
-10.4161
0.0617436
0.117509
0.113008
0.10289
0.103332
0.111201
0.111982
0.0704056
8.84494
30.5222
0.173795
0.191719
1.08313
-15.3584
0.0351941
7.78489
0.148012
0.14901
0.229834
0.064652
0.0132305
0.092319
0.0178762
-0.00944775
0.326933
-0.0376207
0.46556
-0.0502876
-1.75596
-7.87453
-0.0369651
0.00876195
0.0777846
0.058643
0.0282693
0.365325
0.0143032
0.0175723
0.0201881
0.128471
9.94095
-0.0128636
0.115664
0.0103046
0.0623812
8.52018
0.368118
0.231306
0.466603
0.102134
-0.0697144
0.197664
0.638469
0.644427
0.0641287
0.0288207
7.86281
0.80557
-0.584276
306.765
0.470909
-0.0249347
-14.3134
1.24615
0.0404851
0.207482
0.0932562
6.50997
2.86481
1.71695
541.847
1918.01
1938.64
60.1945
2353.75
2008.74
0.195194
79.0021
523.684
0.516862
0.0943614
-0.27679
-0.17008
0.101967
10.7722
-0.0789571
-0.0646874
-20.52
0.00173071
0.132595
0.031654
-0.00583966
11.9552
2887.01
2819.53
-14.3651
1.34327
674.627
0.0516185
0.0812621
0.358446
0.0422864
0.0197877
-0.00119228
-0.154661
0.131685
0.0071745
0.149023
-1.13994
-0.189282
1.05005
0.0699988
0.144529
-0.0125674
0.30014
3.16579
0.114481
0.0903112
0.10846
0.323964
0.278552
-8.03034
0.213784
0.191653
0.269043
0.248847
0.373493
0.0460851
0.38271
0.221181
0.480853
1.12483
0.593146
0.440045
0.302268
-0.0999128
0.17895
0.234347
0.524561
0.581882
-4.74606
0.654414
-0.41391
0.286025
0.650019
0.630075
0.526909
0.234867
0.383535
7.25628
0.0139689
0.425341
0.136469
11.3058
0.205476
1490.31
1748.37
0.161588
0.608852
0.338401
-0.541218
0.664473
0.161113
4.36303
1560.22
0.0616982
0.328616
1752.16
0.921892
0.0557054
0.678871
0.214753
1432.38
10.9969
0.260123
511.98
0.568764
0.78149
0.82889
-0.0633192
0.523874
-1.18662
10.5973
0.100538
-10.3248
1.00721
1388.19
0.395969
0.267063
-0.370612
-0.110973
0.851421
-0.0603681
60.5606
1.43653
1.15534
4.76765
57.3938
0.628061
0.172872
1.23519
0.432442
0.0793841
-2.45113
1454.39
3.85818
0.67669
0.384765
1216.91
0.683432
0.531868
1460.74
1699.98
57.0871
532.717
-8.89462
1587.83
9.09446
-4.66623
10.5749
9.18674
75.8275
10.4391
9.09431
8.53666
8.30278
6.94144
8.29206
1640.49
1452.21
152.85
20.3217
9.43328
-0.0153752
1833.31
8.1156
1896.08
1790.24
1.01556
8.62812
8.4121
0.260872
7.49926
1466.78
1028.47
2.8646
0.0414024
477.325
1880.9
-11.2135
-1.09637
975.616
0.62718
726.828
0.1402
2257.49
0.389216
2094.67
0.150105
2046.45
0.457856
-3.45881
-0.662113
0.941474
6.50605
6.59123
2.65153
11.2381
2.50856
0.20354
3.3706
2183.91
-0.648403
0.104988
1112.01
8.72122
13.4421
-4.61799
8.32046
2004.82
5.01845
1677.42
1.11276
2.2761
-2.32474
-6.23698
-3.83025
-3.97716
-5.10804
-7.21643
0.623911
0.427848
-0.288037
-5.30584
-8.01493
8.54219
-6.61819
-7.85316
-10.1854
-7.53305
214.064
-10.3161
-13.65
116.048
9.96281
-4.72958
0.484209
-2.44987
-2.44228
-3.20584
-0.232338
-3.62058
-8.92402
-5.73886
-1.88646
-1.83277
2.96188
4.97033
1.20119
0.878618
2.61773
-0.260416
9.67282
7.96523
7.0649
7.24499
669.001
-0.981945
0.0557488
1.02518
5.04613
0.530956
-1.25904
2774
2.13464
-0.142902
-0.0340429
-0.331678
-4.88121
13.1311
84.9791
2826.42
0.652142
-0.21131
-1.01688
-1.76876
15.6598
-1.85543
-1.15917
-1.20427
-1.02062
0.395367
-0.534795
0.509183
1.2259
-0.612054
0.542155
10.5259
10.1541
0.624253
288.304
6.72874
2151.02
2544.65
3.82502
1940.99
135.147
9.65411
-1.9351
0.593559
-2.026
2649.04
2570.47
1656.32
2661.65
15.0479
2212.53
2112.11
1.01986
0.0655874
2440.41
7.90327
-0.95729
2545.04
2444.58
0.965808
-4.39943
7.46604
-0.597797
0.197431
0.582826
15.3954
-9.85171
-4.6605
-8.89622
-7.39517
11.1367
-0.0141243
-6.1632
0.0180721
-7.05633
-7.88933
-2.47051
-2.11038
-2.19486
-4.5563
2.48674
4.71718
-2.30641
-1.28117
-1.37992
-1.12823
-1.63729
-3.6366
-2.86926
12.1727
-0.554085
2857.16
-1.17315
-0.445466
0.558427
2802.23
-1.88784
-2.18282
2793.81
0.227888
-5.48871
-8.1798
0.194938
8.8671
-1.68363
-13.5622
5.02565
-5.1892
0.155918
9.43131
-10.1812
-6.62326
-1.65578
-2.34607
-10.5603
-0.572868
-5.97831
-2.13349
-1.21817
-5.84731
-16.4506
-9.61014
-1.69746
-13.384
0.0356433
-6.67782
-13.7752
-11.4829
0.184374
0.473257
-12.9915
-9.11367
-11.9436
-3.36839
-1.64036
-2.67272
0.278579
-7.80468
-7.57737
-2.48087
9.89659
-2.63879
266.294
-0.703561
-1.02749
-0.339872
-1.71998
-7.20524
-0.687427
-8.95723
-1.15206
-1.60885
2.30741
-0.156736
5.12648
-1.86841
-1.15057
-8.69782
-16.2178
-5.62745
-1.03337
2569.31
-14.6402
181.176
3.09883
0.720978
-0.872312
-2.38411
-0.883867
-4.78215
7.38034
9.44134
8.06977
5.46956
9.52964
6.28623
4.85305
3.53105
0.306168
1.1125
7.80906
628.116
0.0686809
1.01771
-0.596697
-3.67176
-0.188145
8.93595
-2.78564
-10.8319
-3.08582
9.5433
11.7798
11.2445
11.4954
9.6482
13.2081
10.2234
-3.91519
-9.69552
164.877
-16.5133
-14.9167
9.96773
4.53103
8.95853
-1.67385
-5.20379
-14.8228
-1.6592
-6.42723
12.5327
-2.56306
-4.39546
-6.1512
-0.0117924
-10.8682
-6.27187
-4.1792
-5.07184
-3.96466
-7.97891
-7.59712
-6.45901
-5.67755
56.1673
-3.66626
0.0329045
1.61331
6.41543
0.097301
-7.51942
2.07766
-0.999073
-0.0956594
-0.379291
-2.68724
-8.01324
-8.97544
8.96898
-9.85692
-11.1178
1.1534
-0.153635
4.15257
3.29789
0.195632
10.3997
0.0405148
-4.70883
8.7802
5.64793
7.82294
4.48653
54.1985
11.6245
9.48252
10.2968
0.41397
12.3455
9.66915
7.4956
7.36055
-2.77203
7.19591
-9.59446
0.128805
0.206367
8.99249
10.3469
5.22246
8.86415
0.195559
10.906
9.66253
-0.531149
10.1865
10.6241
10.777
10.6481
10.9908
10.3409
33.6673
10.7259
11.0778
10.0306
10.9758
10.639
8.5767
10.893
-2.15556
11.0683
10.8891
7.41358
0.189382
11.2471
10.997
11.3496
10.9857
11.4465
-8.51172
10.8551
0.191642
9.57901
5.44951
628.344
0.197686
12.705
12.442
11.9659
12.3069
11.4092
12.3716
13.0345
-0.169943
-4.48786
9.86964
12.8836
13.3995
11.4032
11.2207
11.3899
12.3002
12.0771
11.9492
11.3186
11.3005
10.7217
11.1549
10.6212
10.7728
11.7142
12.1823
37.5608
13.0982
0.176258
11.8367
12.5118
68.4073
13.878
13.8508
12.1863
126.747
22.1992
17.3147
42.5656
388.367
9.14983
50.3477
12.8362
10.1225
9.45053
-2.85206
9.79356
10.8184
10.3894
10.3021
9.83922
10.0778
10.2041
10.5188
339.168
10.1253
11.273
10.2082
32.6438
30.0831
53.3699
10.8254
10.599
7.87693
11.2026
-15.2852
0.790126
21.0203
13.9339
134.072
10.8966
161.805
20.7967
9.39792
10.9303
5.88275
178.528
-6.34334
12.2326
11.5721
-0.249826
11.0571
266.946
10.6232
10.3661
117.759
0.21597
12.7603
9.38833
751.25
9.31318
10.3197
7.58665
11.4985
10.0604
8.53795
16.1063
6.06939
10.6062
36.8379
293.557
9.84356
146.828
53.9175
58.249
74.7516
54.1472
52.6523
11.2569
10.2161
52.7246
54.0691
9.63154
11.0606
55.3696
54.6462
55.014
55.5206
6.60847
57.9483
75.416
55.7634
55.2791
60.8051
63.6957
54.393
0.0934107
55.1784
55.2719
2.23304
54.2674
48.7645
94.1238
61.6825
67.3679
84.0561
119.327
-9.01301
415.399
484.088
441.16
49.3352
5.62373
75.1306
55.7673
58.0036
58.3544
56.9556
4.62767
55.7741
13.528
410.415
636.252
56.8684
543.244
256.175
306.348
117.074
123.072
49.7894
217.652
2.61473
852.026
813.193
737.277
63.7597
653.684
73.5195
246.788
32.5369
0.209536
811.024
619.614
320.96
540.743
119.432
55.6454
72.5547
54.0785
56.1187
56.5967
55.377
562.688
566.664
167.064
586.24
54.2444
0.0798361
203.927
56.8551
551.37
54.1148
608.345
626.796
520.419
265.194
623.886
57.8414
56.7058
494.768
0.103625
445.671
666.931
599.972
682.665
577.504
401.928
465.826
847.171
54.1739
606.794
547.918
577.498
555.973
13.5801
77.6258
820.713
3.32184
104.397
2.43099
7.6032
620.981
296.466
0.874302
-0.125486
1.55736
1.85833
0.523993
549.713
53.8218
10.2998
0.166327
1.34379
-0.17279
-0.902547
10.4967
-0.164251
541.221
0.850546
155.298
6.77337
9.80233
51.227
4.72345
9.72304
7.95249
0.166338
6.09966
882.912
92.7407
677.727
15.1582
4.91426
2.39799
5.4049
9.80458
-6.76471
0.516656
1.31871
-0.39275
928.93
2.08449
2.3534
3.04846
31.029
7.88615
526.67
55.5925
3.78816
3.15082
0.454887
49.6049
18.7609
81.6643
10.621
268.809
3.12786
83.056
3.65038
1.40266
0.892857
11.6371
5.78958
7.03609
13.8896
6.90354
7.31311
46.1811
5.12674
4.07503
20.0383
361.781
57.9274
2256.96
0.0441208
-0.205395
359.087
456.366
1.71986
296.234
13.9898
68.8976
-4.60321
112.906
0.48324
0.209122
598.472
139.634
4.13643
3.45061
4.45125
4.97627
54.7828
44.9866
5.22368
5.44557
5.49782
5.54913
6.18622
0.335933
7.37892
5.13393
452.155
5.31813
4.99911
6.17227
0.312624
5.02381
6.03441
5.52965
32.3558
27.8645
4.74713
9.00397
31.8672
8.38659
0.0157604
310.193
320.846
6.43449
83.0125
8.65325
597.896
-0.0308099
520.033
330.932
-0.978391
68.5703
913.229
-0.361732
118.462
-4.2866
23.6531
-0.936728
813.878
238.751
0.0497258
6.5521
23.597
-5.6316
199.974
-0.540723
1433.37
8.56683
6.75305
723.614
8.42594
759.141
772.778
11.4729
-0.218791
8.6407
900.51
1009.19
7.14578
16.6905
1145.1
0.498015
0.11874
11.8618
16.1883
9.44275
14.2246
463.699
8.26657
750.511
7.90168
545.668
8.41931
6.5224
143.595
8.1778
7.84567
25.2665
1298.96
-0.571151
8.67267
7.38569
7.42551
6.58976
1737.51
6.45326
-1.58795
13.809
6.88134
1094.5
7.6899
7.32934
0.00618572
9.23732
7.60724
8.52374
-1.77259
8.43193
8.35685
7.51243
7.3868
0.0657858
6.05691
-0.673574
1.4904
8.00044
6.64237
9.19035
168.77
7.7585
6.08895
2.40028
8.52534
-4.20041
9.38325
0.0406756
5.21557
7.38007
885.217
2.10676
-5.12117
9.15374
3.81164
993.818
-2.05141
11.866
11.5783
9.87084
9.1393
10.6172
9.81458
402.038
538.459
9.93343
9.82271
10.1987
9.96528
-0.112991
9.91617
11.0629
9.395
10.1287
9.81453
10.9537
9.68839
9.02236
9.66487
8.79698
386.78
372.939
8.75411
8.80048
550.319
3.42492
9.05156
8.52933
8.92581
101.778
-3.03903
8.95171
-0.342411
6.33295
11.4303
-0.0440721
0.0285589
10.0973
10.0836
8.68855
9.88024
163.122
9.9633
0.131372
9.63395
3.62741
9.29929
9.14159
0.124585
9.36997
9.18931
9.78433
4.30669
9.33501
9.76288
1556.4
7.15942
8.40621
9.43925
9.25496
524.515
331.989
12.2639
10.5496
-1.29117
9.73329
11.9587
5.83801
1.31364
1.44482
1.1237
9.027
-1.89669
10.13
10.2878
8.85954
9.44775
-2.74307
7.77178
8.41989
6.79749
6.44213
7.40545
514.534
847.659
8.75367
7.863
8.07957
0.593204
-1.03139
22.2634
11.2662
1.11725
1192.8
459.289
678.904
9.98139
692.664
304.182
-3.24835
26.851
-15.1884
-1.10867
8.12875
65.0813
10.3687
0.696424
1744.5
9.68736
6.03998
18.5787
4.29924
15.1721
9.14682
-0.246583
14.356
39.2937
3.23292
44.1501
54.0433
2773.5
224.293
36.4994
6.01749
2.07273
2.20931
9.07178
11.6729
2.23762
306.351
26.1769
2.66052
9.18805
9.72807
7.01338
0.0844997
473.276
535.77
0.223667
9.15869
9.49414
10.0786
10.8117
9.09549
0.111834
309.084
619.885
465.379
8.72185
76.5536
675.59
602.975
10.8156
476.865
81.1793
585.488
54.0281
721.606
537.5
637.186
638.918
867.458
527.04
11.8934
1.00713
65.3772
21.2706
2436.31
5.59623
444.576
435.756
19.5282
1.35045
6.44164
579.179
56.3067
0.0386738
615.384
-3.65153
477.831
371.365
805.585
443.581
8.79989
652.081
518.864
6.22807
711.87
59.6021
1.34425
45.2556
43.2378
456.728
2.03231
55.2527
50.021
9.23493
1.45936
396.605
-9.21961
0.117478
133.416
55.2568
9.10221
9.71818
70.4331
23.57
179.401
10.5523
53.7138
99.0821
54.1068
10.1136
382.625
10.3372
12.4856
10.074
211.216
10.0685
9.90031
275.019
100.032
9.52113
5.60986
480.536
12.884
10.2748
34.9678
9.6172
9.8001
-0.64109
10.5962
13.1942
11.9659
11.7256
12.3088
76.2513
10.1289
-2.41344
11.701
10.7445
12.0577
11.8742
10.2734
11.1027
85.0906
-1.60858
10.4407
11.4958
10.3468
9.71859
11.0608
10.0049
10.4136
-1.91025
3.47141
-9.31702
-3.73558
5.75455
5.26174
0.223399
0.7114
3.32845
1.91373
624.917
2.99805
15.281
2.1517
0.200308
0.220278
208.416
0.0519448
20.0902
0.29105
-6.88095
8.3736
0.108404
1766.96
-2.65251
1995.78
-1.55713
-0.710747
-1.25536
10.8449
8.36908
-2.84737
616.473
8.18562
9.51645
9.13553
1055.98
-0.0759593
-16.9328
0.879318
6.57988
0.053412
624.701
1.06927
5.5333
-0.197883
0.00343168
-1.96077
11.2877
0.281715
2.45233
2.34522
512.002
-16.6427
0.246498
1.14258
7.84227
0.629826
0.0428101
-3.65181
-1.49829
0.464039
-0.667711
0.131209
0.0692819
1.93401
-0.305166
0.0256209
0.0312621
0.775296
0.213365
-0.0185007
1287.98
40.3085
-1.4596
-0.174365
0.70098
1.1762
-0.0642007
0.480198
-0.468124
0.328452
1250.23
-10.3877
1.36244
305.502
-1.04357
0.0844512
-2.21667
1.43944
0.357051
814.376
0.159555
2790.92
0.268298
0.566075
8.3983
-15.0445
1893.14
1692.25
-0.0457848
-3.72153
1374.75
0.534525
0.20378
0.18567
0.231735
2749.33
10.1236
8.57892
-1.4739
8.79465
0.360657
0.0341359
0.664296
0.153228
0.168584
2539.53
2797.46
214.068
0.656483
-0.208418
0.308708
-0.879508
0.0982258
9.60687
-1.60031
0.0612904
0.668509
-4.06795
0.0859927
2016.35
0.0187852
-12.084
0.020424
-3.303
0.0164141
0.196682
0.0804401
-0.384868
0.0988771
0.0339274
0.11097
629.233
0.0326403
0.959584
0.032825
0.051419
0.0284293
7.22226
150.872
0.0529778
0.0602777
2774.37
5.62884
0.204019
0.172504
0.173355
0.16657
0.216424
-5.47467
621.388
0.138665
0.49382
4.10083
-0.0806949
0.150899
-0.867964
0.119417
0.149862
0.167801
-0.498543
0.222491
0.94128
-5.72092
496.976
0.174387
9.07744
5.56616
4.69837
6.23593
0.0887687
-0.897878
-3.19172
0.139348
532.174
0.0673084
-0.877733
-11.0204
0.31393
-6.06674
0.171379
0.374801
0.164565
0.122545
0.146949
0.227762
-7.66093
0.138403
1.65643
0.134261
1.53311
0.0824616
1.75295
-0.645082
0.447307
0.448811
-0.342438
0.386935
0.305323
-0.00608807
0.190153
0.762847
-4.49736
15.6074
0.527479
0.160931
4.74756
0.83071
38.3896
-2.78901
0.0396991
-7.28912
23.8165
-0.819786
0.799269
2.81429
0.105183
0.179183
0.504571
-0.941482
0.510656
0.337651
-1.15807
-0.135867
-12.9148
6.13912
229.656
80.3422
0.029876
0.149256
549.222
-0.599292
3.88333
0.117105
-0.0010332
0.097174
-0.56716
535.404
-2.5672
2.71113
0.112616
0.134544
-13.8108
-0.15326
-0.174973
-0.232657
-0.192955
0.121342
1696.95
4.39191
0.214863
-0.179827
-0.0158185
-0.0845369
-1.23809
0.00441318
0.0879234
9.58908
-2.13499
-0.180283
-13.7196
-1.09779
-3.92604
-3.22118
-3.73102
-0.0577509
-0.0461299
-0.27606
22.7686
-2.16176
-5.28799
-0.101466
-1.86997
2790.24
8.37386
7.35859
0.245291
1209.71
1086.66
-13.8248
-0.0715922
-1.43241
1959.33
450.077
-8.75968
93.3362
409.186
-0.306275
134.771
-13.3213
15.4298
971.398
231.025
0.152606
0.625085
523.685
620.745
0.162164
7.13998
1.20415
-4.10126
-0.20776
126.392
0.289537
-7.27596
58.5367
-9.68172
582.444
7.82484
31.1585
487.87
11.1548
0.447284
-6.29944
-9.34606
563.343
-5.94087
-9.10097
512.506
907.511
-8.4913
-0.309116
-9.39177
19.2779
206.192
49.1704
25.1338
15.7329
16.3038
547.37
430.565
0.370836
601.465
-1.80047
1.97047
190.627
4.70298
576.293
576.838
-0.78705
609.555
522.291
562.504
9.66784
550.835
-11.5444
98.7049
-3.70285
651.763
13.6056
0.742277
-0.170433
258.194
383.193
0.0817543
0.975955
0.704514
8.9103
29.7061
7.32463
6.19415
313.22
32.8912
-0.116577
-5.50586
0.280725
-1.31746
0.377471
26.6418
459.339
212.601
581.267
1.20469
374.174
517.513
5.85201
0.952077
11.0755
-3.14413
40.3342
544.76
355.417
8.67048
8.04697
0.174738
559.786
342.551
0.169495
0.360164
3.65025
-12.4021
528.215
1.02137
-8.05908
-12.7315
8.29262
622.168
4.81224
-1.04328
621.074
547.602
-0.794689
0.142812
0.210476
0.280436
-0.139817
0.326503
0.00390601
0.235564
-1.20149
-1.99727
0.167662
0.150313
0.138617
7.28351
0.168277
0.203977
0.187155
0.25775
0.676657
123.074
-0.688412
2699.7
0.0058811
10.4006
7.60365
0.100881
2.55543
9.34405
1253.98
-2.44555
2320.56
-1.16603
-8.71457
8.66534
7.0106
-1.32792
-1.90455
-1.89851
7.4934
-1.48003
-5.02626
8.28537
7.93585
-2.12486
0.142345
10.5375
-0.334933
9.12302
0.159836
-3.77651
-3.70315
-8.26303
293.389
9.98684
5.15544
826.729
-2.53285
9.83008
7.85003
13.6013
3.34782
10.3739
-1.98827
546.944
9.86773
592.274
1309.15
-3.1602
8.96433
-1.56243
-16.4027
0.0133949
-0.318106
10.0148
-0.265296
57.9373
-0.247695
2783.91
10.1645
9.01081
0.533119
9.40761
9.74891
-2.2503
-15.6734
0.0289215
54.295
-0.603401
19.2416
-0.346326
0.263605
8.1168
12.7617
4.04064
54.9348
-0.782101
11.0493
-12.1102
10.1198
-0.962377
1517.62
10.6912
39.0722
-5.75434
6.56152
0.147864
-0.139028
0.122715
2781.88
12.5535
-0.05053
68.541
0.106591
0.608603
0.655255
10.6207
0.143928
-0.111399
0.0325961
13.8247
-0.401436
0.0844054
35.2252
-3.52172
14.5998
5.02051
12.8631
-0.848369
-0.156363
4.04347
0.298311
-2.29403
3.05875
0.960579
417.435
153.79
0.110524
1162.91
8.47894
-1.09329
-0.186606
-3.82013
-0.818843
0.0315003
332.904
4.44501
0.123069
6.73682
5.3885
-9.7082
9.20203
6.81623
0.189349
-0.0789723
-2.02468
0.164708
)
;

boundaryField
{
    FrontBackPlanes
    {
        type            symmetry;
    }
    wallz
    {
        type            fixedFluxPressure;
        gradient        uniform 0;
        value           nonuniform List<scalar> 
97
(
2781.68
2733.6
2749.25
2806.06
461.564
274.98
9.16047
449.14
368.364
-2.21536
-0.778456
-1.22246
3.29104
4.9019
5.37635
568.276
638.668
656.934
2.69582
1.92182
-0.105185
1.67171
2.14546
2.78997
746.128
530.633
296.82
4.1576
3.31904
3.71044
0.651649
0.812907
1.18686
259.414
227.198
6.93547
5.48512
0.386476
0.457178
0.536662
805.137
-161.966
8.27719
0.249846
0.291278
0.318674
2748.09
361.803
3866.86
10.3311
0.170028
0.195295
0.217175
560.115
55.409
-1.57841
10.8501
9.77057
0.123191
0.149326
109.893
65.7074
62.5856
113.074
9.00796
349.43
100.711
0.0320121
0.0622291
81.6647
760.623
788.203
294.952
415.688
108.506
55.9005
58.8181
708.136
808.851
932.703
326.596
318.386
0.00894776
2702.66
2753.92
2738.67
2845.76
422.057
419.545
-1.57673
10.7091
-177.467
0.105031
556.011
288.304
0.0655874
9.15374
)
;
    }
    outlet1
    {
        type            fixedValue;
        value           uniform 0;
    }
    inlet1
    {
        type            fixedFluxPressure;
        gradient        nonuniform List<scalar> 2(0.000803029 9.44724e-05);
        value           nonuniform List<scalar> 2(2761.82 2755.37);
    }
}


// ************************************************************************* //
