/*--------------------------------*- C++ -*----------------------------------*\
| =========                 |                                                 |
| \\      /  F ield         | OpenFOAM: The Open Source CFD Toolbox           |
|  \\    /   O peration     | Version:  v2012                                 |
|   \\  /    A nd           | Website:  www.openfoam.com                      |
|    \\/     M anipulation  |                                                 |
\*---------------------------------------------------------------------------*/
FoamFile
{
    version     2.0;
    format      ascii;
    class       volScalarField;
    location    "0.1";
    object      p;
}
// * * * * * * * * * * * * * * * * * * * * * * * * * * * * * * * * * * * * * //

dimensions      [1 -1 -2 0 0 0 0];


internalField   nonuniform List<scalar> 
6576
(
-402.182
-422.879
-392.828
-398.762
-409.201
-388.123
-387.868
-378.132
-395.764
-393.047
-394.932
-384.886
-372.41
-386.821
-299.998
-315.028
-351.19
-346.312
-321.846
-316.334
-350.432
-382.684
-392.268
-461.283
-293.23
-254.846
-180.744
-432.692
-427.362
-427.239
-418.195
-409.786
-371.13
-274.896
-255.628
-272.751
-297.784
-297.802
-285.809
-291.595
-324.127
-373.689
-321.113
30.8832
5.03962
42.8602
11.8891
27.5759
70.1706
45.2988
20.2652
44.7445
-2.92227
-2.92375
-2.93561
-2.89281
-2.89673
-2.91025
-2.90538
-2.92345
-2.89438
-2.88448
-2.86852
-2.90019
-2.92498
-2.89251
-2.71187
-2.74435
-2.76047
-2.7746
-2.74472
-2.80743
-2.77463
0.160151
0.0849471
0.174876
0.144778
0.204233
0.253646
0.194803
0.0254766
0.0223717
-0.0408707
0.0115058
0.0808269
0.0327182
-0.0292227
0.358994
0.306611
0.241212
0.208784
0.107136
0.285902
0.206233
53.5972
44.9154
82.5848
8.88945
29.4469
55.1343
27.4879
183.63
157.074
149.52
157.295
184.122
136.456
163.498
163.942
151.681
191.176
138.351
165.282
165.78
-3.00385
-2.91787
-3.05076
-3.03032
-2.83223
-3.03733
-3.01253
-14.6665
-99.8067
-167.52
-113.05
-53.0896
-25.2344
9.03925
-3.00255
-3.16426
-3.05111
-3.00656
-3.17558
-2.96608
-3.37835
-1.58166
-1.55303
-1.59562
-1.57604
-1.52875
-1.52309
-1.56834
-1.77646
-1.76626
-1.73122
-1.77402
-1.71977
-1.70664
-1.754
-1.92299
-1.90322
-1.94988
-1.84703
-1.87641
-1.90983
-1.88327
-1.94682
-1.98627
-1.95018
-1.93668
-1.97777
-1.95634
-1.90802
-1.96073
-1.91682
-2.06367
-2.10343
-2.0833
-2.01507
-2.03749
-2.068
-2.04688
-2.11014
-2.14221
-2.11485
-2.07999
-2.11586
-2.07661
-2.11757
-2.09964
-2.06322
-2.30057
-2.3068
-2.29305
-2.29132
-2.30007
-2.28062
-2.27477
-2.27965
-2.28518
-2.35357
-2.3445
-2.38151
-2.35179
-2.3243
-2.36906
-2.34258
-2.29972
-2.32232
-2.32782
-2.28532
-2.28475
-2.3084
-2.31217
-2.35834
-2.36376
-2.30347
-2.34299
-2.38164
-2.36333
-2.32195
-2.77617
-2.78069
-2.54061
-2.54385
-2.60808
-2.81658
-2.76281
-2.58225
-2.59578
-2.55912
-2.54472
-2.58032
-2.57448
-2.53916
-2.49684
-2.52121
-2.47696
-2.49175
-2.46944
-2.43693
-2.4598
-2.36913
-2.34086
-2.36296
-2.38013
-2.35156
-2.33645
-2.36054
-2.27754
-2.29145
-2.2548
-2.30398
-2.32648
-2.2788
-2.29991
-2.1771
-2.13149
-2.155
-2.21674
-2.19682
-2.20186
-2.18117
-2.1488
-2.17063
-2.0284
-1.97686
-2.00236
-2.02438
-2.04685
-1.98633
-2.01008
-1.67563
-1.69279
-1.66042
-1.61941
-1.6535
-1.65731
-1.62456
187.302
160.27
154.252
174.256
147.345
115.42
141.915
127.599
154.82
45.9927
79.1612
48.6864
49.9885
22.6978
37.5882
11.1587
0.318803
0.242368
0.350973
0.543644
0.285469
0.283589
0.386836
0.320148
0.390581
93.2158
50.592
63.2918
-0.0385757
0.437989
-0.262441
-0.672623
-0.385032
0.626783
-0.908384
-0.480192
-0.428192
-0.433399
-0.442919
-0.488746
-0.460942
-0.41748
-6.94573
-4.57532
-4.39922
-4.67596
-4.98442
-3.83397
-5.10524
-5.68968
-3.77995
-0.415355
-0.381689
-0.357647
-0.496269
-0.463872
-0.444298
-0.417977
0.0470064
0.0228213
0.0621309
-0.162626
-0.0239163
0.0666803
-0.00493676
0.201758
0.440088
0.193507
0.157801
0.194945
0.259238
0.204527
0.275312
0.35271
0.394984
0.337877
0.0181172
0.132981
0.556198
0.0989926
-0.198902
0.111579
0.0608355
188.917
189.495
199.529
162.674
162.48
173.059
172.81
188.572
188.043
201.256
174.113
161.192
115.261
141.332
155.179
169.204
25.7489
1.7234
41.9912
53.4966
82.3858
27.068
56.7624
0.226446
-0.44576
1.57588
1.8636
1.51819
0.888902
0.331615
-0.0227459
0.0312601
-0.0120641
0.0749877
0.084009
0.0507076
0.0605861
0.0126896
0.00187377
-0.0838051
-0.0825607
-0.0320008
0.00390756
0.0102467
-0.0526845
-0.047619
-0.0244855
0.0339584
-0.0447606
0.148826
0.110947
0.102144
0.0755762
-0.00239299
0.0170977
0.682338
0.899278
0.831427
-0.79635
-1.1001
-0.885891
-0.659402
0.462126
0.987228
0.256645
1.05706
1.5113
1.37863
1.08497
-2.26208
-2.28099
-2.30893
-2.2464
-2.27326
-2.27861
-2.30672
-2.32246
-2.35671
-2.36808
-2.35334
-2.32051
-2.34935
-2.38241
-2.24238
-2.26116
-2.29126
-2.25516
-2.22614
-2.25891
-2.28916
-2.23976
-2.27299
-2.22291
-2.22349
-2.25524
-2.20433
-2.17147
-2.22076
-2.1894
-2.3732
-2.40643
-2.35828
-2.37131
-2.34129
-2.40507
-2.37285
-2.48017
-2.42747
-2.46398
-2.48237
-2.51593
-2.44955
-2.48252
-2.48274
-2.49862
-2.53156
-2.46582
-2.43208
-2.46576
-2.49725
-2.74426
-2.72789
-2.69372
-2.74774
-2.78084
-2.74709
-2.71223
-2.58109
-2.61312
-2.61792
-2.61391
-2.64697
-2.6663
-2.63274
-2.80071
-2.74918
-2.76619
-2.59499
-2.61125
-2.55817
-2.91817
-2.88546
-2.88336
-2.88667
-2.91836
-2.89682
-2.86681
-2.87732
-2.88318
-2.91541
-2.82673
-2.86018
-2.85048
-2.88167
-2.90015
-2.93265
-2.86835
-2.87691
-2.82798
-2.86045
-2.91689
-2.88545
-2.90098
-2.86901
-2.84443
-2.87705
-2.93471
-2.91784
-2.91672
-2.90253
-2.88614
-2.8772
-2.82877
-2.86214
-2.89462
-2.92062
-2.92167
-2.93515
-2.89009
-2.88914
-2.90235
-2.90222
-2.62688
-2.60892
-2.57723
-2.64069
-2.67312
-2.625
-2.65708
-2.6247
-2.59333
-2.48557
-2.45537
-2.50105
-2.51729
-2.54946
-2.48763
-2.51749
-2.51327
-2.5546
-2.52282
-2.49603
-2.52458
-2.55412
-2.52326
-2.37544
-2.38964
-2.40316
-2.40564
-2.43575
-2.43475
-2.40579
-2.17661
-2.13863
-2.17302
-2.21274
-2.18211
-2.18738
-2.1696
-2.20271
-2.2196
-2.23506
-2.19993
-2.21469
-2.15138
-2.14256
-2.15624
-2.19441
-2.19484
-2.17404
-2.18063
-2.27818
-2.30666
-2.31696
-2.33073
-2.39802
-2.34135
-2.30158
-1.91938
-1.80629
-1.90575
-1.71125
-1.74713
-1.85159
-1.85854
-1.39793
-1.50771
-1.45672
-1.2848
-1.33814
-1.32291
-1.37616
-1.45997
-1.40981
-1.06604
-1.0045
-1.09468
-1.01222
-1.07044
-1.06941
-1.1304
-0.407956
-0.449945
-0.461336
-0.473592
-0.516634
-0.48439
-0.443598
-0.510776
-0.542479
-0.484678
-0.475933
-0.504814
-0.43495
-0.465074
-0.456531
-0.4944
-0.508697
-0.561852
-0.522159
-0.490914
-0.52823
-0.164425
-0.194052
-0.146549
-0.133735
-0.162343
-0.101993
-0.1306
-0.0145385
0.0156029
-0.028621
-0.0450432
-0.0743902
0.0143932
-0.0143854
-0.0141922
-0.0438341
-0.0792783
-0.048566
-0.0326084
0.00140812
-0.0302278
-0.0298584
-0.0610605
-0.0480159
-0.0793755
0.108468
0.140032
0.0941664
0.0945036
0.0632628
0.0765626
0.109834
0.0606171
0.0929992
0.0489239
0.0964163
0.133751
0.0968668
0.0970261
0.0652794
0.0472758
0.271824
0.303576
0.219724
0.240637
0.177136
0.214058
0.768999
0.525541
0.639139
0.349084
0.540656
0.183138
0.211592
0.146332
-0.032678
0.118691
-0.045051
0.158823
0.383964
0.255797
0.287463
-0.0289015
0.173801
0.150518
-0.106056
-0.543351
0.68537
0.310947
-0.145929
0.359157
0.168022
-1.4965
-0.818461
0.388129
0.132273
0.0713111
-0.0214717
0.197046
87.8381
59.9538
49.2371
36.676
4.6811
33.0495
62.9003
155.683
142.539
169.649
113.887
139.134
152.432
187.242
161.104
161.036
135.153
161.419
187.552
153.343
161.347
187.74
140.225
112.783
166.881
140.182
173.452
199.614
173.295
187.962
187.988
198.396
161.515
161.658
184.317
184.203
157.907
158.055
190.431
190.608
201.126
164.57
164.358
175.013
149.012
168.498
155.682
142.387
190.693
164.403
156.534
190.767
164.408
143.426
169.824
139.622
113.551
151.993
165.167
138.82
112.524
139.281
34.7479
51.1512
16.267
87.8039
59.9125
35.0128
59.5678
33.2896
8.29744
46.7281
55.583
86.2233
29.3608
56.2502
0.649034
0.510941
0.449677
0.510654
0.414316
0.407636
0.427593
0.333404
0.339295
0.312323
0.358094
0.351325
0.327526
0.347984
0.344747
0.334207
0.363127
0.349392
0.356739
0.375876
0.376627
0.304024
0.338624
0.308875
0.355649
0.381897
0.350647
0.362902
0.326895
0.319709
0.211033
0.246514
0.237957
0.276057
0.233217
0.266024
0.227927
0.251903
0.217458
0.296527
0.300261
0.269868
0.280637
0.283556
0.255422
0.252624
-1.80455
-1.81503
-1.75879
-1.86127
-1.81578
-1.78735
-1.82892
-1.84012
-1.82017
-1.87897
-1.87492
-1.85725
-1.90526
-1.92247
-1.98185
-1.99772
-1.94311
-1.89282
-1.9147
-1.97355
-1.99317
-2.02505
-1.9554
-1.92053
-1.95841
-1.98841
-2.01662
-1.96649
-1.98458
-1.97935
-1.94936
-1.98473
-2.01511
-1.92709
-1.89251
-1.94651
-1.9281
-1.96059
-1.99673
-1.96279
-2.07791
-2.02452
-2.06054
-2.08042
-2.11558
-2.04742
-2.08045
-2.07842
-2.09624
-2.13196
-2.0273
-2.0624
-2.06293
-2.09559
-2.26535
-2.21169
-2.21316
-2.20965
-2.1707
-2.1744
-2.20729
-2.23029
-2.15738
-2.2088
-2.22424
-2.19265
-2.16002
-2.34769
-2.39835
-2.34761
-2.3317
-2.29785
-2.36564
-2.29705
-2.33108
-2.49964
-2.48391
-2.53225
-2.46839
-2.48624
-2.43424
-2.53545
-2.50289
-2.46861
-2.50035
-2.79673
-2.7644
-2.74872
-2.73098
-2.69777
-2.73146
-2.76253
-2.74919
-2.76518
-2.79817
-2.73334
-2.69997
-2.73332
-2.76502
-2.88234
-2.897
-2.8656
-2.7341
-2.75145
-2.70144
-2.79903
-2.76697
-2.73445
-2.76528
-2.88444
-2.90022
-2.93248
-2.86902
-2.89969
-2.89945
-2.89941
-2.9323
-2.89996
-2.90145
-2.88743
-2.87075
-2.92206
-2.92322
-2.93603
-2.89002
-2.89032
-2.9028
-2.90099
-2.91812
-2.88503
-2.88347
-2.91766
-2.88606
-2.86759
-2.89708
-2.73561
-2.70455
-2.75123
-2.76479
-2.79782
-2.76638
-2.73604
-2.76655
-2.79823
-2.48832
-2.50336
-2.45958
-2.54802
-2.51883
-2.48989
-2.5179
-2.36794
-2.37635
-2.39669
-2.37963
-2.41095
-2.38764
-2.4152
-2.28846
-2.28407
-2.27397
-2.30282
-2.28467
-2.27697
-2.25227
-2.25245
-2.24974
-2.26209
-2.25493
-2.2724
-2.29245
-2.31205
-2.32343
-2.25865
-2.27293
-2.27329
-2.27777
-2.29859
-2.30245
-2.14345
-2.14106
-2.10928
-2.12028
-2.12038
-2.06386
-2.07483
-2.08441
-2.07966
-1.48163
-1.50591
-1.47406
-1.41193
-1.44883
-1.46003
-1.42048
-1.31375
-1.37385
-1.298
-1.27852
-1.22531
-1.27319
-1.32177
-1.07662
-1.03114
-1.10022
-1.10071
-1.05429
-1.17214
-1.11986
-1.10013
-1.14862
-0.915165
-0.937292
-0.87211
-0.997602
-0.954014
-0.913765
-0.954719
-0.378998
-0.411343
-0.414439
-0.445062
-0.411597
-0.465814
-0.430517
-0.283326
-0.265602
-0.234951
-0.285304
-0.315906
-0.317108
-0.286573
-0.297478
-0.267037
-0.332006
-0.284912
-0.250022
-0.28219
-0.282649
-0.31384
-0.332824
-0.18708
-0.154681
-0.152073
-0.154937
-0.121805
-0.136094
-0.103625
-0.205803
-0.155842
-0.172936
-0.0259833
0.0226309
-0.010139
0.0981314
0.152745
0.114248
0.293927
0.0727484
0.13968
0.0252952
-0.321328
-0.156194
0.0186221
169.008
155.797
142.808
161.795
148.591
135.292
135.69
108.985
109.623
135.358
200.347
174.037
174.039
189.331
189.406
199.905
163.172
163.087
173.671
173.51
169.101
156.123
143.034
189.985
163.781
155.852
169.287
142.672
163.694
190.183
170.018
196.519
157.235
170.809
143.963
170.165
15.1338
32.5853
51.3892
59.8689
88.1447
61.1548
36.6513
30.9643
7.32774
45.7722
56.0862
83.7821
31.1941
57.3185
1.00469
0.835208
1.07524
0.944317
1.01193
1.19752
1.92049
0.656914
0.587329
0.77555
0.865942
0.967226
0.787178
0.897893
0.484326
0.462552
0.473534
0.445621
0.460064
0.446652
0.463529
0.357963
0.378579
0.363251
0.377062
0.362503
0.369544
0.386858
0.278077
0.305949
0.308973
0.314504
0.299142
0.270972
0.297601
0.242606
0.212674
0.20372
0.241538
0.210705
0.188585
0.218948
-0.124598
-0.0531322
-0.0881511
-0.0754981
-0.151062
-0.155918
-0.0822843
-1.59879
-1.58201
-1.62352
-1.64477
-1.60238
-1.60831
-1.65114
-1.69478
-1.71674
-1.75018
-1.67583
-1.63801
-1.67988
-1.7108
-1.70608
-1.74025
-1.68814
-1.69888
-1.66937
-1.73788
-1.70476
-1.72823
-1.67796
-1.69465
-1.68994
-1.65959
-1.69307
-1.72625
-1.72059
-1.6702
-1.68659
-1.68328
-1.65267
-1.72043
-1.6871
-1.85751
-1.81886
-1.80506
-1.8397
-1.80222
-1.78734
-1.75092
-1.7686
-1.80478
-1.6584
-1.60261
-1.6407
-1.66056
-1.69733
-1.62555
-1.66084
-1.65933
-1.67761
-1.7135
-1.64289
-1.60649
-1.64397
-1.67693
-1.80009
-1.7625
-1.80231
-1.79936
-1.83542
-1.85798
-1.82147
-1.97845
-1.94268
-1.94041
-1.88674
-1.92295
-1.909
-1.94331
-1.79849
-1.74359
-1.77931
-1.9966
-1.94464
-1.96212
-2.1338
-2.09851
-2.08253
-2.26983
-2.23599
-2.21938
-2.20341
-2.23524
-2.16771
-2.20185
-2.22346
-2.23623
-2.27106
-2.20934
-2.17309
-2.40283
-2.37184
-2.35578
-2.33759
-2.30396
-2.33829
-2.36953
-2.22432
-2.17281
-2.20555
-2.24039
-2.2098
-2.17587
-2.20667
-2.41359
-2.36736
-2.37922
-2.38415
-2.35168
-2.38095
-2.41486
-2.62575
-2.64035
-2.67284
-2.60875
-2.57729
-2.80516
-2.77265
-2.75821
-2.80511
-2.77335
-2.77316
-2.74248
-2.575
-2.60502
-2.62076
-2.63572
-2.60558
-2.60603
-2.57546
-2.77332
-2.80478
-2.75893
-2.77347
-2.80445
-2.77164
-2.74222
-2.884
-2.86699
-2.89823
-2.88183
-2.91446
-2.87674
-2.84987
-2.88061
-2.8604
-2.82777
-2.89839
-2.93269
-2.86706
-2.92037
-2.88674
-2.876
-2.88544
-2.85362
-2.82593
-2.85957
-2.92404
-2.92273
-2.93738
-2.88989
-2.88802
-2.90283
-2.86954
-2.89578
-2.88124
-2.86493
-2.91934
-2.92075
-2.93495
-2.88585
-2.8863
-2.89836
-2.89854
-2.85427
-2.82035
-2.86688
-2.8179
-2.85272
-2.88366
-2.84944
-2.91433
-2.87881
-2.87628
-2.91359
-2.88025
-2.85706
-2.88851
-2.74134
-2.78329
-2.733
-2.75366
-2.71804
-2.78493
-2.74647
-2.95246
-2.7121
-2.27438
-3.09511
-3.32193
-3.37685
-2.87733
-2.18879
-2.02444
-2.02705
-2.15091
-1.99342
-2.33091
-2.06201
-2.93384
-2.78098
-3.0383
-2.67925
-2.68967
-2.84115
-2.89269
-2.10782
-2.15787
-2.10396
-2.19131
-2.22116
-2.16236
-2.18216
-2.13693
-2.13135
-2.07715
-2.06141
-2.07161
-2.09268
-2.06681
-2.05986
-2.07927
-2.05306
-2.08672
-2.07625
-2.07013
-2.09823
-2.05085
-2.0761
-1.80084
-1.75561
-1.80705
-1.80773
-1.85202
-1.81906
-1.86059
-1.79369
-1.83598
-1.76758
-1.82362
-1.7961
-1.70441
-1.73434
-1.72764
-1.75732
-1.80153
-1.77291
-1.55386
-1.6059
-1.60243
-1.57618
-1.62065
-1.54925
-1.59302
-1.25918
-1.24114
-1.2021
-1.2792
-1.31881
-1.279
-1.24199
-1.278
-1.26131
-1.31579
-1.2018
-1.23918
-1.27535
-1.2401
-0.964772
-0.94665
-0.91034
-0.984943
-1.02162
-0.983804
-0.949143
-1.0279
-0.99009
-0.975202
-0.99194
-1.02778
-0.957493
-0.990934
-0.841419
-0.878264
-0.822815
-0.804852
-0.769705
-0.80578
-0.839884
-0.510481
-0.542251
-0.542126
-0.509127
-0.540595
-0.557972
-0.525841
-0.646934
-0.681544
-0.685375
-0.739578
-0.703705
-0.682404
-0.716731
-0.496523
-0.544613
-0.54592
-0.595419
-0.495696
-0.561018
-0.359764
-0.393585
-0.409894
-0.396813
-0.362474
-0.412193
-0.428898
-0.4635
-0.395347
-0.428357
-0.231278
-0.263641
-0.280197
0.650999
0.426698
0.548565
0.364269
0.208188
0.340097
0.418845
161.047
147.871
134.293
135.162
108.515
107.975
134.594
199.685
173.301
173.477
189.134
189.606
200.245
163.782
163.333
174.448
174.691
168.715
156.215
142.56
46.0638
59.188
33.0854
5.89809
30.0607
30.7485
6.41505
48.9474
29.1548
3.49804
33.4191
59.3527
33.1422
13.5014
0.406916
0.435666
0.422055
0.373165
0.380226
0.400527
0.390635
0.446842
0.422766
0.447553
0.468228
0.441682
0.446683
0.472386
0.452866
0.4798
0.347713
0.347156
0.374096
0.357236
0.36291
0.378139
0.38737
0.339799
0.31507
0.334433
0.359392
0.3299
0.355503
0.31882
0.334421
0.366064
0.208745
0.16923
0.187502
0.207193
0.16825
0.166368
0.209391
0.166999
0.207449
0.0360691
-0.0205662
0.00461741
0.00320875
-0.0471602
0.0069998
-0.0434806
-1.41585
-1.45133
-1.39829
-1.4483
-1.4155
-1.4097
-1.37746
-1.40724
-1.44152
-1.38941
-1.43942
-1.40701
-1.40249
-1.36975
-1.4294
-1.37359
-1.39149
-1.37048
-1.33484
-1.37063
-1.40667
-1.55484
-1.51956
-1.51543
-1.4833
-1.51967
-1.49746
-1.46039
-1.36572
-1.3278
-1.36977
-1.36251
-1.32669
-1.56105
-1.52551
-1.52159
-1.5278
-1.56365
-1.31388
-1.36704
-1.31348
-1.34811
-1.38276
-1.57461
-1.52473
-1.50742
-1.54253
-1.57732
-1.66174
-1.71675
-1.67984
-1.80255
-1.85836
-1.8226
-1.74995
-1.78306
-1.61007
-1.64586
-1.66474
-1.68142
-1.65113
-1.64774
-1.61448
-1.96278
-1.93055
-1.94609
-1.89234
-1.92631
-1.89521
-1.92762
-1.88102
-1.8497
-1.82944
-1.8479
-1.87854
-1.84086
-1.81171
-2.14554
-2.11322
-2.09521
-2.04247
-2.07572
-2.07787
-2.10889
-2.3911
-2.42454
-2.37864
-2.36247
-2.39376
-2.33196
-2.3644
-2.59617
-2.60421
-2.56568
-2.58515
-2.61947
-2.59391
-2.56136
-2.89498
-2.87925
-2.86254
-2.87554
-2.90832
-2.8667
-2.84101
-2.87365
-2.84904
-2.81362
-2.89446
-2.93047
-2.8602
-2.91701
-2.91478
-2.93416
-2.8835
-2.87997
-2.89274
-2.90069
-2.88785
-2.87333
-2.85383
-3.02924
-2.94507
-2.90945
-2.90644
-2.8839
-2.96176
-3.04573
-3.02703
-3.01577
-2.81875
-2.69846
-2.52129
-3.0964
-3.37914
-3.44037
-2.34007
-4.57237
-123.028
-64.8371
-52.2516
-20.3458
-20.9094
44.0166
-4.37098
-5.52249
-4.93925
-6.30037
-5.9442
-6.35977
-2.75617
-4.27451
-5.35415
-5.28447
-5.39806
-5.39739
-2.4398
-6.37413
-2.81918
-3.50733
-3.06511
-3.02781
-3.02813
-3.2677
-3.13034
-3.59115
-3.69777
-3.9625
-3.74303
-3.74825
-3.54674
-3.68235
-2.47898
-2.5248
-2.57916
-2.53588
-2.57752
-2.65829
-2.60975
-2.77957
-2.75768
-2.70803
-2.63672
-2.66254
-2.75564
-2.73791
-2.67461
-2.69756
-2.28991
-2.32629
-2.35285
-2.36873
-2.41173
-2.36146
-2.3265
-2.31946
-2.28327
-2.33146
-2.31863
-2.28207
-2.34931
-2.31015
-2.19933
-2.23878
-2.1897
-2.20257
-2.16621
-2.17491
-2.13774
-1.87669
-1.86729
-1.82534
-1.85205
-1.89066
-1.86177
-1.8228
-1.42451
-1.46153
-1.40514
-1.38746
-1.35011
-1.38849
-1.424
-1.22096
-1.25628
-1.25978
-1.25615
-1.29317
-1.31556
-1.27663
-1.09443
-1.06022
-1.1139
-1.11564
-1.14905
-1.1287
-1.09544
-1.15198
-1.11854
-1.16691
-1.11552
-1.07628
-1.11291
-1.11365
-1.14853
-1.16975
-1.00635
-0.969612
-0.966706
-0.969737
-0.933485
-0.912113
-0.947872
-0.971537
-1.02809
-0.990863
-0.787999
-0.82401
-0.827196
-0.859533
-0.823903
-0.882362
-0.846022
-0.839726
-0.822536
-0.876411
-0.802263
-0.767952
-0.804256
-0.836767
-0.8222
-0.768136
-0.803179
-0.679459
-0.627593
-0.66271
-0.68074
-0.663802
-0.628082
-0.697084
-0.733559
-0.697393
-0.662371
0.405664
0.398174
0.380024
0.363375
0.371804
0.385731
0.420881
0.432834
0.364474
0.735066
0.596132
0.849383
0.407197
0.477642
60.2635
49.4659
84.9319
32.8032
10.7679
33.2229
57.8997
55.4231
42.5972
68.0779
94.5641
68.3598
68.3251
94.5194
189.41
189.674
199.882
162.858
163.157
173.133
173.455
172.458
198.539
172.599
171.736
158.998
145.726
-1.11466
-1.15406
-1.10119
-1.1166
-1.15277
-1.08115
-1.11481
-1.11362
-1.15059
-1.09907
-1.11478
-1.14959
-1.07993
-1.11326
-1.14827
-1.09697
-1.11207
-1.11062
-1.07836
-1.11306
-1.1474
-1.08799
-1.10473
-1.14117
-1.07119
-1.03363
-1.07036
-1.10428
-1.26747
-1.2295
-1.22722
-1.17259
-1.20943
-1.19472
-1.2307
-1.23123
-1.28834
-1.25033
-1.24046
-1.29144
-1.25666
-1.25468
-1.22129
-1.29017
-1.25681
-1.24495
-1.29651
-1.26147
-1.22492
-1.25831
-1.29507
-1.26175
-1.30357
-1.26812
-1.25128
-1.23016
-1.26341
-1.26753
-1.30122
-1.24628
-1.22686
-1.18692
-1.30429
-1.26435
-1.26454
-1.2264
-2.16698
-2.17932
-2.11999
-2.20992
-2.15751
-2.13007
-2.17468
-2.18283
-2.18266
-2.21147
-2.20565
-2.20139
-2.23142
-2.24422
-2.2983
-2.29432
-2.26533
-2.29421
-2.28284
-2.24404
-2.28706
-2.30611
-2.36391
-2.41201
-2.29258
-2.34511
63.4256
-8.0281
26.007
12.0147
-2.10446
-6.34465
3.00998
-5.73706
-6.27594
-5.7951
-5.17148
-5.00491
-5.30272
-5.30039
-4.28641
-4.15852
-3.84786
-3.98352
-3.88975
-3.89088
-4.02435
-3.06098
-2.79823
-3.01634
-2.99976
-2.96989
-2.98923
-2.94449
-3.00843
-2.96409
-3.01513
-2.99505
-2.9536
-3.013
-2.9881
-2.9964
-2.94692
-3.00312
-2.9838
-2.97302
-2.96669
-2.94433
-2.95686
-2.95392
-2.95488
-2.95939
-2.96433
-2.94285
-2.90307
-2.91596
-2.95268
-2.92163
-2.90964
-2.92939
-2.38368
-2.42639
-2.42221
-2.40326
-2.44157
-2.41678
-2.37998
-2.28154
-2.27285
-2.23406
-2.25908
-2.29543
-2.2677
-2.23207
-2.14149
-2.12645
-2.08876
-2.15522
-2.19053
-2.15923
-2.12386
-1.97351
-1.93779
-1.98953
-2.00195
-2.04177
-1.98662
-2.02459
-1.95437
-1.99075
-2.03079
-1.99761
-1.98143
-2.02951
-1.99716
-1.96364
-1.99237
-1.5494
-1.53064
-1.49313
-1.60186
-1.56438
-1.5655
-1.5299
-1.45789
-1.40355
-1.42086
-1.50832
-1.54514
-1.54812
-1.58113
-1.54509
-1.6048
-1.56671
-1.34755
-1.40067
-1.38451
-1.40098
-1.34859
-1.45839
-1.23689
-1.25497
-1.19845
-1.27552
-1.3125
-1.25632
-1.24005
-1.20267
-1.2391
-1.27453
-1.09183
-1.11073
-1.0557
-1.13719
-1.172
-1.12115
-1.10262
-1.1353
-1.13727
-1.17179
-0.794226
-0.754927
-0.812247
-0.827448
-0.867652
-0.790574
-0.828797
0.208956
0.240831
0.199094
0.25939
0.286234
0.330846
0.322752
0.298526
0.279481
0.261504
0.296734
0.311065
0.333591
0.342461
0.351527
0.364915
0.361348
0.35323
0.337423
0.341237
0.330013
0.379331
0.342025
0.315785
0.471986
0.469982
0.487189
0.518281
0.553759
0.477172
0.514353
0.508901
0.465036
0.613914
0.470506
0.78236
0.700309
0.775463
2.46989
-0.022686
1.23221
-1.45275
1.72037
-2.54777
-0.138953
156.157
169.732
143.161
189.802
163.629
155.604
142.297
168.682
189.696
163.45
156.598
170.129
195.993
143.451
169.617
169.608
188.669
188.463
199.192
162.461
162.33
173.024
173.077
173.358
199.452
173.259
-0.803382
-0.76968
-0.806767
-0.82439
-0.860566
-0.838591
-0.803751
-0.801635
-0.783722
-0.74946
-0.887013
-0.92279
-0.93893
-0.921734
-0.885761
-0.955364
-0.918234
-0.628322
-0.606449
-0.598087
-0.577628
-0.54963
-0.556201
-0.586537
-0.76488
-0.780058
-0.735268
-0.709527
-0.750367
-0.74684
-0.705312
-2.38672
-2.38939
-2.33479
-2.35411
-2.39686
-2.38877
-2.38679
-2.36928
-2.34142
-2.33647
-2.4854
-2.40541
-2.42692
-2.31824
-2.98484
-3.45259
-2.57054
-4.45959
-3.82492
-3.59309
-3.5134
-2.95919
-2.84503
-3.07979
-3.38811
-3.27599
-3.61847
-2.15328
-3.87973
-3.76007
-3.70268
-3.76924
-3.70733
-3.85059
-3.89766
-3.96945
-3.63345
-3.64659
-4.02172
-3.91835
-3.58739
-3.51045
-3.57654
-3.53223
-3.65687
-3.60757
-3.79989
-3.78715
-3.72208
-3.72178
-3.71894
-3.00942
-3.01494
-3.06443
-2.98643
-3.00589
-3.04775
-3.01789
-2.96052
-2.96982
-2.98498
-2.93748
-2.94111
-2.92645
-2.93822
-2.93257
-2.92936
-2.91955
-2.94761
-2.94254
-2.94245
-2.92309
-2.91214
-2.93861
-2.90336
-2.92663
-2.9255
-2.93343
-2.93794
-2.92872
-2.91237
-2.91411
-2.90446
-2.90638
-2.69607
-2.66731
-2.65034
-2.67946
-2.65128
-2.60066
-2.62986
-2.61784
-2.64577
-2.18898
-2.23649
-2.22431
-2.21623
-2.25347
-2.22297
-2.18775
-2.08431
-2.04906
-2.0997
-2.05053
-2.08365
-2.08159
-2.11569
-1.93176
-1.96823
-1.97211
-2.00374
-1.96734
-2.02697
-1.99018
-1.86623
-1.83015
-1.82677
-1.79389
-1.83065
-1.81014
-1.77442
-1.88805
-1.83229
-1.85135
-1.69046
-1.63629
-1.69226
-1.67302
-1.70854
-1.74401
-1.52599
-1.5435
-1.49049
-1.46793
-1.43038
-1.41607
-1.46973
-1.43225
-1.3995
-1.43579
-0.813066
-0.772809
-0.743701
-0.73187
-0.767666
-0.684373
-0.720961
-0.544352
-0.575168
-0.606222
-0.583313
-0.61437
-0.662396
-0.628126
-0.527463
-0.554041
-0.524937
-0.464637
-0.485746
-0.503527
-0.47572
-0.312806
-0.375591
-0.360869
-0.375339
-0.430893
-0.336463
-0.386811
0.00344379
-0.0327531
0.0167931
-0.0551004
-0.072695
-0.0270392
-0.0115359
0.0906597
0.113359
0.0769515
0.159328
0.15216
0.124409
0.134005
0.0179298
0.066604
0.0315049
0.0467575
-0.00316509
0.276424
0.258553
0.265562
0.319113
0.314
0.297325
0.305393
0.327257
0.301926
0.328019
0.277978
0.284166
0.324647
0.319093
0.359946
0.342001
0.363986
0.390097
0.357503
0.356094
0.376847
155.328
142.062
168.217
190.575
164.137
156.359
169.611
143.23
190.63
164.275
157.517
170.455
197.017
144.305
170.866
170.581
188.213
188.33
198.738
161.859
161.891
172.292
172.468
173.638
200.221
174.025
-0.433879
-0.384235
-0.398171
-0.369129
-0.335198
-0.400964
-0.367185
-0.529907
-0.496915
-0.533197
-0.563459
-0.530179
-0.584549
-0.550213
-0.667426
-0.664764
-0.702179
-0.613606
-0.647736
-0.634382
-0.667935
-0.527879
-0.510853
-0.477061
-0.722455
-0.687105
-0.669588
-0.723307
-0.686059
-0.673887
-0.656467
-0.688139
-0.68896
-0.72276
-0.638674
-0.608082
-0.658823
-0.678694
-0.712489
-0.645407
-0.677203
-0.609334
-0.640838
-1.5913
-1.66702
-1.62741
-1.65787
-1.5991
-1.71199
-1.6425
-1.73761
-1.84792
-1.84723
-1.82013
-1.9185
-1.87332
-1.95252
-2.68389
-2.63499
-2.6468
-2.63498
-2.68649
-2.69733
-2.65013
-2.89954
-2.89119
-2.9186
-2.78781
-2.7486
-2.78168
-2.79837
-2.76461
-2.7446
-2.77582
-2.90011
-2.92565
-2.89435
-2.87821
-2.85598
-2.89953
-2.926
-2.90394
-2.87974
-2.91297
-2.93809
-2.91282
-2.93609
-2.92471
-2.92431
-2.90811
-2.90786
-2.89553
-2.89757
-2.9048
-2.89026
-2.87574
-2.90418
-2.93389
-2.88809
-2.87575
-2.90658
-2.90329
-2.92557
-2.89768
-2.88918
-2.92585
-2.89486
-2.87293
-2.90163
-2.52287
-2.5557
-2.51322
-2.52584
-2.49584
-2.5234
-2.55598
-2.23864
-2.18561
-2.23317
-2.22046
-2.25484
-2.29289
-2.10467
-2.05663
-2.10689
-2.12182
-2.15602
-2.08876
-2.124
-2.15801
-1.94669
-1.96605
-1.91343
-1.85061
-1.89897
-1.86145
-1.83427
-1.86869
-1.89955
-1.86284
-1.85963
-1.89278
-1.84262
-1.8547
-1.82494
-1.8907
-1.85692
-1.68442
-1.71821
-1.7005
-1.7513
-1.71459
-1.75215
-1.71641
-1.70644
-1.71951
-1.68808
-1.72642
-1.75982
-1.7574
-1.7246
-1.60987
-1.5713
-1.55502
-1.49849
-1.53731
-1.57191
-1.53534
-1.63254
-1.59202
-1.58219
-1.63518
-1.59586
-1.56395
-1.60144
-1.26312
-1.20048
-1.24165
-1.32376
-1.28181
-1.24139
-1.28076
-1.21297
-1.26333
-1.27235
-1.2923
-1.24964
-1.21092
-1.25617
-1.03635
-1.07792
-1.10089
-1.07932
-1.11831
-1.16482
-1.12109
-1.07786
-1.03303
-1.10146
-1.12471
-1.17417
-0.964206
-0.91811
-0.882446
-0.800279
-0.843753
-0.96676
-0.920876
-0.897833
-0.854732
-0.889395
-0.841994
-0.913654
-0.922349
-0.977309
-0.933052
-0.886964
-0.932157
-0.980861
-0.631249
-0.602108
-0.593384
-0.513777
-0.531747
-0.536512
-0.563718
-0.32937
-0.292898
-0.355674
-0.215594
-0.222288
-0.269516
-0.257941
-0.180154
-0.233353
-0.169174
-0.282322
-0.261118
-0.203059
-0.216259
0.0440955
-0.00250194
0.049816
-0.0282041
-0.0380763
0.0227867
0.015613
0.0690315
0.119895
0.0998334
0.148891
0.100068
0.14158
0.0956626
0.489762
0.507048
0.477995
0.498308
0.491284
0.48236
0.468832
154.909
141.755
168.226
190.687
164.624
156.535
143.305
169.322
190.52
164.381
156.559
169.628
196.016
143.321
169.973
169.774
174.406
200.327
174.101
192.119
165.794
157.918
144.78
170.666
165.911
191.883
141.438
115.583
154.887
168.259
194.289
141.611
167.701
168.105
45.4876
0.357319
32.6211
57.6664
31.169
7.76431
30.1457
40.4651
54.1719
28.5884
0.638857
13.8943
21.7063
10.2966
0.736472
0.203053
-0.323306
0.915116
-0.168251
-0.968632
-0.147304
-0.142741
0.910234
0.312333
0.28347
0.299008
0.328764
0.264136
0.270525
0.347759
0.320736
0.173255
0.202647
0.206438
0.176032
0.223168
0.219102
0.218356
0.198346
0.105264
0.132822
0.0970292
0.109145
0.0815717
0.0866566
0.0572843
-0.140293
-0.185782
-0.158416
-0.124316
-0.148407
-0.183367
-0.156538
-0.13107
-0.101456
-0.144969
-0.158758
-0.190202
-0.160203
-0.130242
-0.283431
-0.317724
-0.269534
-0.252811
-0.284748
-0.25471
-0.223151
-0.32357
-0.276264
-0.290288
-0.273443
-0.242946
-0.30415
-0.273512
-0.291853
-0.323057
-0.269323
-0.222472
-0.253643
-0.435353
-0.402892
-0.397282
-0.403161
-0.371587
-0.381059
-0.349166
-0.453478
-0.419673
-0.404348
-0.420921
-0.45324
-0.285239
-0.270978
-0.317884
-0.255556
-0.224454
-0.255097
-0.285863
-0.0348143
-0.0760347
-0.0447878
-0.0218302
-0.0492077
-0.0774965
-0.0480401
0.0168704
-0.022043
-0.00702293
-0.0384312
-0.065615
-0.0112153
-0.0365645
0.521204
0.672857
0.895754
0.684625
0.00142378
0.596029
0.352065
48.4744
61.4622
87.1228
2.10493
1.61119
2.98339
1.42193
0.342748
3.67999
2.61853
1.57656
-0.01733
1.00612
21.4727
29.9125
48.1119
50.6344
80.0533
56.3872
36.8441
0.155063
0.185662
0.19172
0.180896
0.153472
0.178982
0.200091
0.20027
0.192794
0.170074
0.231382
0.217473
0.218029
0.198216
0.122146
0.113079
0.147378
0.152082
0.127302
0.129574
0.156884
-0.430673
-0.342498
-0.370838
-0.352891
-0.285401
-0.303537
-0.374175
-0.071396
-0.128817
-0.109823
-0.102122
-0.159401
-0.176461
-0.111985
-0.557232
-0.420147
-0.465586
-0.399613
-0.481296
-0.460309
-0.341996
-0.450441
-0.354811
-0.246081
-0.293586
-0.30418
-0.0942537
-0.132983
-0.164637
-0.138651
2.6534
-6.10858
-4.98424
-7.80391
-1.51787
-2.69737
-4.76088
15.8222
17.7369
11.8542
1.10117
2.15383
4.33441
-1.37697
0.879789
5.57634
3.08455
18.1466
-0.101927
9.35409
-12.4292
-6.73195
-3.59768
-4.09637
-6.5748
-4.55298
-0.952079
4.6008
-3.09132
-2.28155
-4.23687
-3.43129
-3.49567
-2.20925
-2.06262
-2.13035
-2.24121
-2.24533
-2.13539
-2.1613
-2.10871
-2.11721
-2.06314
-2.08672
-2.11343
-2.18653
-2.20107
-2.15238
-2.21411
-2.25362
-2.21635
-2.18104
-2.35418
-2.33132
-2.31715
-2.33785
-2.37852
-2.38455
-2.34603
-2.49249
-2.52054
-2.46719
-2.48559
-2.51228
-2.47062
-2.44769
-2.5894
-2.55203
-2.54572
-2.53341
-2.56721
-2.59295
-2.55811
-2.64921
-2.60431
-2.63862
-2.65891
-2.69376
-2.75874
-2.71206
-2.7452
-2.77166
-2.73917
-2.71193
-2.7441
-2.86147
-2.89247
-2.88023
-2.8335
-2.86422
-2.86401
-2.83417
-2.93693
-2.90814
-2.90611
-2.88108
-2.83679
-2.86731
-2.9187
-2.88896
-2.90387
-2.87335
-2.85071
-2.88175
-2.92004
-2.92
-2.93535
-2.90524
-2.8896
-2.83519
-2.86628
-2.88233
-2.89866
-2.93661
-2.90507
-2.907
-2.7048
-2.7559
-2.73647
-2.73427
-2.76722
-2.73626
-2.70561
-2.75661
-2.78986
-2.75272
-2.75627
-2.72118
-2.73746
-2.70465
-2.75876
-2.81034
-2.77613
-2.6268
-2.57715
-2.62821
-2.61066
-2.64404
-2.67839
-2.55055
-2.51695
-2.5036
-2.45443
-2.48781
-2.55291
-2.52002
-2.48736
-2.51806
-2.4892
-2.45425
-2.50381
-2.51645
-2.54915
-2.48691
-2.5184
-2.07572
-2.11552
-2.12912
-2.17898
-2.14406
-2.11263
-2.14793
-2.10594
-2.12321
-2.13623
-2.17355
-2.14223
-2.17201
-2.13989
-2.05837
-2.01788
-2.01103
-1.99559
-2.03165
-2.02221
-2.06033
-1.9362
-1.9911
-1.96729
-2.0422
-2.01015
-1.85666
-1.84169
-1.87685
-1.90627
-1.86775
-1.87175
-1.90893
-1.86857
-1.87965
-1.8495
-1.89135
-1.92273
-1.91889
-1.88767
-1.77265
-1.73362
-1.71865
-1.66272
-1.70264
-1.69795
-1.73546
-1.76574
-1.81568
-1.77191
-1.76043
-1.71231
-1.73942
-1.71024
-1.67748
-1.7574
-1.79205
-1.74721
-1.71556
-1.59595
-1.58042
-1.6221
-1.64668
-1.60412
-1.6108
-1.65178
-1.66715
-1.71448
-1.6605
-1.65205
-1.70057
-1.72368
-1.67365
-1.6055
-1.55047
-1.54795
-1.47761
-1.55239
-1.53581
-1.59617
-1.56653
-1.62324
-1.50257
-1.47589
-1.50585
-1.56961
-1.54118
-1.52191
-1.55393
-1.39101
-1.48082
-1.39738
-1.38225
-1.29506
-1.31889
-1.35533
-1.35265
-1.38692
-1.42861
-1.4205
-1.37893
-1.24986
-1.15001
-1.10637
-1.15472
-1.07641
-0.990651
-1.06772
-0.401138
-0.409452
-0.493063
-0.535266
-0.510553
-0.45579
-0.43618
-0.168274
-0.100031
-0.152345
0.0586388
0.00588011
-0.0310912
-0.0557547
-0.0739465
-0.0577543
-0.152691
-0.187231
-0.188223
-0.107445
-0.109191
0.234935
0.173409
0.238438
0.194061
0.232828
0.241214
0.275612
0.0570375
-0.0133596
0.0628922
0.119622
0.0311597
0.0779414
0.0570202
0.108499
0.0850266
0.0953275
0.133996
0.140766
0.332107
0.329336
0.340869
0.349476
0.331957
0.330359
0.348141
175.396
201.725
175.598
189.399
189.094
199.608
162.868
162.797
173.329
173.061
155.893
169.451
142.781
188.817
163.067
154.606
166.75
141.211
162.54
188.237
169.949
197.09
157.843
170.874
170.798
144.904
-0.0217219
0.00843702
-0.0248325
-0.0516108
-0.0213377
-0.0714406
-0.0407447
-0.148205
-0.145488
-0.179128
-0.0988197
-0.130056
-0.118162
-0.148502
-0.0184796
0.0127724
-0.0193294
0.0121849
-0.0177415
-0.197174
-0.165905
-0.150447
-0.0686588
-0.0388488
-0.0215004
0.0271866
0.0245674
-0.00952253
-0.0378166
0.209946
0.0895447
0.151666
0.145734
0.215101
0.210463
0.115489
0.0622768
0.114898
0.115375
0.0918504
0.209294
0.136929
0.368649
0.270394
0.205148
0.61417
0.252653
-0.133868
25.8344
6.65623
39.3095
51.5489
24.7441
75.4005
49.0352
129.696
101.779
141.322
101.092
128.455
127.393
154.355
193.284
166.545
166.687
182.555
182.968
196.233
170.993
156.95
144.116
156.768
156.32
109.716
135.521
148.013
160.497
134.705
198.466
172.498
173.049
132.671
106.566
146.749
160.233
134.738
108.024
133.316
50.7248
35.7365
7.64811
62.6447
86.5749
62.1249
35.55
-0.522888
-0.85236
0.443647
1.88203
1.78086
0.280096
0.351775
0.346038
0.0703955
-0.0453543
0.46593
0.478073
0.446209
0.416396
0.343624
0.449087
0.415065
0.0842191
0.127296
0.113735
0.158708
0.11622
0.149623
0.107993
0.273863
0.314226
0.276504
0.248355
0.284719
0.305459
0.269418
0.18481
0.144675
0.147239
0.226041
0.225862
0.126506
0.0811406
0.104381
0.0605474
0.105271
0.0624174
0.105851
0.287107
0.24889
0.270911
0.270571
0.302021
0.303578
0.272957
0.166016
0.189175
0.220836
0.201452
0.218097
0.251611
0.238601
0.38239
0.370582
0.38768
0.401465
0.387923
0.391769
0.391599
-1.77859
-1.82912
-1.84166
-1.69099
-1.6607
-1.73027
-1.74744
-1.90707
-1.91617
-1.94386
-1.91303
-1.86332
-1.87835
-1.92079
-1.69869
-1.7076
-1.64479
-1.70814
-1.75804
-1.72407
-1.67255
-1.96824
-1.96412
-2.00475
-1.95479
-1.91803
-1.97541
-1.93854
-2.22012
-2.18128
-2.17069
-2.15679
-2.11896
-2.1478
-2.18459
-2.01029
-2.04752
-2.02502
-2.0722
-2.03249
-2.07717
-2.03821
-2.32616
-2.27403
-2.29591
-2.28567
-2.25677
-2.29322
-2.32365
-2.38421
-2.37069
-2.4037
-2.43471
-2.39594
-2.39963
-2.43478
-2.5243
-2.55643
-2.51343
-2.49464
-2.46459
-2.52479
-2.55655
-2.52271
-2.49492
-2.45039
-2.48793
-2.49846
-2.45082
-2.48495
-2.51304
-2.4819
-2.88657
-2.86994
-2.90087
-2.89737
-2.9228
-2.88711
-2.88376
-2.85206
-2.89383
-2.92892
-2.91729
-2.88211
131.24
157.312
159.702
192.696
165.744
157.406
184.019
193.067
166.383
190.291
189.636
203.286
163.823
163.224
157.49
169.75
144.447
118.129
143.478
155.403
141.889
116.492
-2.87631
-2.83941
-2.88184
-2.87326
-2.8427
-2.83059
-2.87628
-2.83053
-2.8907
-2.85957
-2.93634
-2.91006
-2.90538
-2.95225
-2.60637
-2.32358
-2.87034
-1.84686
-2.43142
-2.74752
-216.712
-218.271
-161.585
-214.52
-226.839
-101.724
-143.272
-60.9147
-47.0757
-35.9133
-38.1802
-31.0189
-70.5604
-10.9667
-2.6929
-2.88182
-2.63107
-268.12
-208.401
-248.162
-537.105
-553.796
-526.505
-526.499
-501.912
-528.167
-537.561
-513.196
-517.749
-504.804
-519.193
-520.835
-511.647
-498.722
-520.399
-535.695
-517.817
-501.603
-479.644
-544.613
-559.497
-549.532
-508.245
-537.788
-534.099
-560.481
-540.579
-527.624
-525.004
-547.981
-536.826
-528.646
-531.296
-530.32
-504.823
-521.521
-522.411
-542.172
-565.829
-550.667
-550.593
-539.465
-533.149
-480.488
-96.8291
1.1405
-30.0431
-52.8361
-45.4034
23.3848
-58.7942
-179.934
-133.817
-132.269
-146.817
-166.677
-131.478
-151.157
-195.895
-165.71
-4.02692
-4.34141
-3.83306
-4.6239
-0.944241
-2.45454
-4.72796
-257.4
-215.074
-246.864
-164.858
-205.107
-182.693
-241.284
-159.704
-165.744
-227.902
-3.35752
-3.76891
-4.72299
-2.88247
-2.84737
-2.87936
-2.92102
-2.89227
-2.92717
-2.89113
-2.87969
-2.91453
123.702
149.818
152.335
186.472
159.799
149.826
176.061
186.549
160.223
170.638
169.928
196.916
108.402
134.123
147.259
-2.87788
-2.82591
-2.8617
-2.93605
-2.90451
-2.90344
-2.17677
-2.21465
-2.24353
-2.20951
-1.62644
-2.25838
-2.7742
-2.13407
-2.37073
-2.39383
-2.45517
-2.47453
25.7985
-3.94807
2.50221
-4.81605
-2.60704
-2.18946
-2.1433
-2.23426
-0.254546
-0.147074
-0.679252
-0.485288
-2.9704
-2.9588
-2.84279
-2.96926
-2.30798
-2.2933
-2.37739
-2.36132
-2.94692
-1.37665
-2.22642
-0.727933
-1.51365
-1.53782
-1.54999
-1.53552
-0.875358
-0.855709
-0.740078
-0.728828
-1.77982
-1.74933
-1.86259
-1.83463
-1.10361
-0.755245
-1.09954
-0.543745
-2.07897
-2.07603
-2.02427
-2.00167
-2.04547
-2.02121
-2.12045
-2.09846
0.0154233
-0.0862815
-0.0514661
-2.69989
-2.63571
-2.1982
-2.1459
0.434205
0.46274
0.375522
0.396724
-0.675243
-0.510965
-0.612934
-0.394539
-1.4556
-1.42924
-1.54832
-1.52255
-1.51303
-1.50949
-1.43933
-1.41564
-2.12472
-2.16534
-2.04394
-2.05493
-0.51938
-0.508333
-0.61165
-0.599144
-1.93963
-1.92675
-1.83554
-1.79944
-2.65018
-2.63649
-2.73025
-2.71653
-0.00248819
-0.0625075
-0.0398664
-0.100525
0.426222
0.465021
0.471521
0.51996
-2.01673
-1.98543
-1.9839
-1.94923
-0.591191
-0.651984
-0.58697
-0.647226
-0.900126
-0.923122
-0.801786
-0.827792
0.687099
0.770156
1.74555
1.67405
-1.50959
-1.50694
-1.43377
-1.44987
-2.08047
-2.08842
-2.16188
-1.62
-1.61768
-1.67674
-1.69103
0.473141
0.356788
0.429915
0.463462
37.5788
77.3624
21.4292
61.9707
-1.98641
-1.96746
-2.07033
-2.05099
2.76097
2.26246
28.8627
42.1118
0.110181
0.0753523
0.0953573
0.0667394
-0.518783
-0.571877
-0.506848
-0.559021
-2.50856
-2.5524
-2.48577
-2.5316
-2.68686
-2.67862
-2.76028
-2.75041
-2.60031
-2.65031
-2.58624
-2.63468
-2.64196
-2.72444
-2.84995
-2.86317
-0.649249
-0.700925
-0.647742
-0.698647
1.05287
0.768276
-1.19977
0.666983
-2.11403
-2.10342
-2.16869
-2.17892
-2.14422
-2.09631
-2.08154
-1.40716
-1.48349
0.17462
0.197912
0.132555
0.163275
0.387165
0.35429
-2.99248
-2.99406
-2.96291
-1.39229
-1.41187
-1.50185
-1.48287
0.0488653
0.0659056
0.0980883
0.363429
0.367104
0.37402
-3.74297
-1.7412
-2.51671
0.311496
0.272637
0.257925
0.254721
0.232031
-2.11646
-2.13076
-2.21626
-2.19672
-2.23916
-2.27672
-2.20969
-2.26392
-2.19962
-2.23402
-0.296498
-2.4351
-1.6892
-2.4522
-2.28269
-1.94696
141.786
-1.57644
67.4483
-0.352057
-1.81338
0.637533
-4.82116
-0.423756
-0.173138
-0.960868
-1.56798
-2.56418
-0.680677
60.5464
58.9042
-1.98957
-2.11058
0.537789
-2.31536
0.364879
-1.6917
-2.2588
-2.04766
-1.53272
-1.92928
-2.12203
-3.74478
-1.64355
155.55
-0.0699193
-3.27114
-1.96045
27.5664
-1.64827
66.7952
-2.26231
-0.18748
20.6209
31.6304
-2.40043
195.025
126.656
59.8229
0.267228
74.5824
0.105398
76.5952
0.43022
20.7198
62.1712
41.865
0.00191139
-0.0408295
-0.114242
0.244459
-0.120926
-0.0127874
0.214788
0.0981773
0.115497
0.0993867
-0.044537
-2.41611
0.0318392
0.0880618
-2.97564
0.158771
0.186686
0.177339
0.643653
-2.28555
-0.0990956
0.0894522
-0.167647
0.252059
0.134473
-1.07291
-0.0319741
-0.100232
-0.0435998
-0.0381345
-2.09956
-0.14616
-0.00680035
-0.124063
-0.0945892
0.201459
0.0689692
0.642011
0.046633
0.331153
-0.411527
0.0563957
0.273778
0.0834773
0.0760668
-0.0604097
0.0259117
0.144195
0.310916
0.282303
0.151026
0.445147
-0.0574664
-0.0822539
-0.782536
0.263978
0.220855
0.247048
0.181303
0.0701488
0.120525
0.149784
-0.181482
0.156723
0.186004
0.108562
0.138694
0.151588
0.304722
0.265614
-2.48791
-2.7623
0.271469
-2.38291
0.403047
35.9991
-0.0020117
73.8239
4.39537
2.4162
1.26424
-2.38744
33.7815
0.941373
0.44648
0.385588
0.737784
17.4307
0.0714548
127.329
139.106
-1.73141
127.392
-2.23954
0.540866
30.5795
0.201114
1.63198
-1.99318
-2.73694
-2.38474
0.485689
-0.939636
-0.709243
-0.112389
-0.749131
59.484
34.1273
64.3175
0.0408925
-0.744138
-2.21453
-0.0216281
0.0301429
-2.21226
140.549
-2.63195
155.734
2.48928
61.789
78.0518
0.466204
1.17474
-0.098469
0.845463
1.28814
-0.299378
0.197943
0.0884748
0.0728278
0.424866
0.0386723
0.293442
0.231523
0.218705
-2.59845
-2.38816
0.298863
-0.783792
-2.46523
0.345021
0.365826
0.358202
62.1212
-0.852719
0.297527
-1.69227
0.334667
0.434193
0.40862
0.434038
126.452
-0.910152
0.504272
0.420432
-2.0241
0.501106
0.454277
0.389195
-0.958641
0.759708
0.718558
0.749662
0.0870715
0.341524
-2.61846
0.391474
-1.8493
0.560558
0.544387
0.421352
0.418501
-2.02577
-2.60716
0.412998
0.48283
0.521608
0.526639
0.467501
0.424414
0.399077
0.418795
3.40162
0.558216
-0.0315379
-3.63922
0.590277
0.643334
0.92103
0.375844
0.771877
34.1682
20.8864
1.7811
0.767241
1.6454
0.464008
0.459912
2.24846
0.422125
77.0327
39.765
42.8402
-0.623634
-1.56451
141.584
-0.905317
0.702404
-2.40136
63.3944
2.63338
22.055
18.9948
60.7672
5.57462
39.7374
-0.146198
76.2487
0.297867
-2.09289
-1.81922
-1.15452
-1.22308
-0.783633
-2.0665
-0.223732
-0.073254
-1.7871
-2.34502
-0.758378
0.220601
-0.418439
-1.03948
-0.208654
0.0933569
-1.70873
-1.9714
0.354336
0.695801
-0.600916
1.2251
128.223
0.565653
0.682917
-0.20381
-0.311588
0.724321
0.502289
0.322972
0.352506
-0.649463
0.292416
0.422561
0.89807
0.29135
-2.19023
0.372241
0.305362
-1.98761
0.510851
0.316914
-4.03365
-0.425804
0.382953
0.738947
-2.29577
0.383858
0.307571
0.262762
0.521943
-2.12615
0.358621
-0.0168183
-1.0519
61.1832
0.359506
0.228669
0.367014
-0.299708
-0.624244
0.206317
0.141111
0.179776
-0.33928
0.405055
-1.10087
0.185032
-3.01928
-1.99938
-2.50046
61.0236
0.209868
60.609
-2.79008
-0.799435
74.7214
0.267302
-0.822031
0.293154
-0.963327
0.228817
-0.770524
-2.14707
0.50878
0.341921
0.414179
0.480479
-1.26469
0.26513
0.403214
0.0999485
-0.028397
0.113578
0.501268
-0.0825726
-0.165259
-0.374088
-5.10992
0.413445
-0.228048
-0.323308
-1.72948
-0.88092
-0.606428
-0.256364
0.274008
-0.67123
-0.339541
-0.158705
-0.292265
-0.21182
1.4084
-0.236848
-0.822025
0.977798
-1.04322
-0.694014
-0.0462828
-3.75904
0.077317
-1.04903
-2.26442
2.63369
-1.86387
-1.12455
-1.16842
-1.25974
-1.31633
-1.3292
-0.805319
-2.24403
-0.920481
-2.77649
-0.655037
-1.23738
-0.695859
0.0150377
-1.1408
-0.910775
-1.03985
-1.21203
-1.24869
-0.615243
-0.811579
-0.740376
-1.148
-0.869874
-1.08025
-2.96406
-1.05951
-1.12079
-0.165543
-1.08095
-1.2414
-1.3004
-0.262912
-0.228615
-0.135227
-0.137928
-2.89323
-2.37336
-1.9786
-1.22326
-0.0948246
-0.371917
-0.0619269
-0.182913
-1.31378
-0.435001
-0.397908
-0.400846
-0.287639
-0.127674
-0.514984
-0.509607
-0.000826806
-0.0529613
-0.498321
-0.32231
-0.101096
-0.666754
-0.147589
-0.747814
-0.485285
-0.960577
-0.406614
0.188061
-0.329397
-0.443685
-2.31764
-2.59988
-0.00843076
0.217201
-0.197384
-0.37164
-0.284863
-0.223302
-0.327989
-0.292592
-0.172848
-1.28069
-0.238705
-0.00861796
-0.353258
0.0623028
-1.20644
-0.270147
-1.40423
-0.506414
-0.702709
0.337088
-2.84396
-0.633769
-0.647216
-0.483939
-0.703881
-0.681022
-0.560311
0.0681571
-0.526417
0.63489
-0.436026
-0.424579
-0.657969
-0.979918
-0.690998
-1.98283
-0.305168
-0.675763
-0.294169
-0.579041
-0.264141
-0.24506
0.36907
0.017352
-0.817638
-1.1303
-0.977711
-1.08635
-0.992523
184.793
0.33542
-0.934104
-0.831136
-1.27618
-1.12663
-1.08978
-0.841043
0.219212
-0.790151
-0.778023
-1.14428
18.9207
0.442871
0.151911
-0.783477
-1.09653
-1.09417
0.27048
-0.932409
-1.22189
-2.14707
-1.29368
-1.23908
-1.27628
-0.135836
-1.77788
0.560914
-1.15011
-2.12737
-1.23715
-1.07067
-2.6712
-1.24057
-1.58476
-1.53216
-1.1463
-1.42272
-1.39033
-0.94335
-1.39432
-1.67601
-1.68294
-0.950082
-0.715032
-1.82158
-1.42653
-1.83223
-1.66009
0.204021
-1.67237
-2.73227
0.301167
0.0704954
-2.12648
-0.624262
-1.93424
-1.84753
-1.51421
-2.35177
-1.9328
-1.9838
-2.12522
-2.3574
-2.34176
-2.40534
-0.400756
-1.52008
-2.20582
-0.842972
-2.27176
0.45753
-2.53382
-2.12261
-2.37059
-2.34963
-2.27355
-2.28856
-1.94717
-0.960642
-1.81625
-2.23359
-2.27066
-1.98222
-1.96324
-2.74173
-2.3157
-2.30558
-2.43216
-2.38616
-2.12204
-2.17007
-2.25523
-1.57356
-2.4655
-2.45479
-2.46139
-2.42041
-2.40451
-1.97265
-2.42247
-2.4472
-2.56997
-1.91895
-1.89327
-1.86482
-2.04279
-2.0349
-3.32347
-2.2081
-2.14511
-0.591223
0.252588
-0.634173
-1.63861
-0.551603
-1.50054
-0.983623
-1.39879
-1.45651
-1.12456
-1.45516
-1.37449
-1.469
-1.37046
-1.43953
-1.5528
0.334659
-1.95517
131.416
-1.80014
-1.7389
-2.29184
-2.05324
-1.6847
-1.91221
-1.07424
105.051
103.943
-1.89325
-2.28371
-2.8653
-2.74528
-2.66386
-2.7888
-1.53867
-0.769277
-1.56766
-2.65036
-2.72642
-2.78763
-2.62395
-2.66906
-2.79127
-2.52302
-2.64581
-2.59524
0.304078
-2.7734
-2.35487
0.223156
-2.38718
-2.37266
0.211839
36.8951
-2.84944
-1.57902
-1.56312
-1.54179
-2.61075
-2.33864
-2.39104
-2.6041
-2.25516
-2.64701
0.0920325
-2.5441
-1.13575
-2.44289
-2.49725
-2.1145
-2.65521
-2.54168
-2.51445
-2.58419
-2.49822
-2.42873
-2.61063
-2.69257
-0.181168
-0.238156
-2.34213
-1.83174
-1.71656
-2.37196
-2.80666
0.351627
-2.61285
-2.16813
-1.58649
-2.72065
-2.88511
-2.5423
-2.87194
-2.90696
-1.22168
-2.91337
-1.92568
-2.86685
0.412962
-2.05665
-2.93195
-2.83387
-2.70055
-2.73911
-2.80377
-0.983613
-2.88077
-2.84122
-2.83377
-2.53519
-0.282952
-2.86538
-2.61315
-2.88137
-2.59815
-1.21518
-2.73972
-2.82693
-2.83416
-2.94208
-2.84828
-2.69561
-2.7163
-2.66177
-2.71506
-2.82047
-0.243209
-2.78641
-3.4554
3.72773
-1.76303
-2.91527
-2.22409
-3.75991
-2.78128
-1.66279
-3.6903
-2.81124
-2.64248
-3.5973
145.138
6.21169
-5.92639
-3.28026
40.5668
-12.692
-1.81397
-0.256671
139.266
-3.34396
-1.93868
-3.24638
-3.1667
-3.07286
-0.961615
-3.6623
-3.37381
155.602
-2.89114
-2.3969
-2.77239
-1.61369
0.47115
4.25141
-134.7
-2.14198
-2.05628
43.606
-1.8103
-1.91684
-2.03784
-1.51627
-1.65178
-1.67433
-3.56476
-1.39623
-1.59268
-1.99126
-0.268981
-0.624613
-4.9526
-1.74293
-1.91139
-2.89762
-2.08731
-3.49199
-1.40685
-1.84396
-1.85905
-2.21417
-2.35934
-2.3441
-2.08949
-2.04409
-2.2195
-2.37309
-2.32701
-2.74134
-2.38839
-2.29486
-2.05101
0.121188
-2.29065
-2.16162
-2.50029
-3.53032
-2.07896
-2.46716
-2.12499
-1.79622
-2.2981
-2.16146
-3.12678
-2.06728
-2.01704
-1.87677
-1.89632
-2.11098
-1.95671
0.182556
-3.18071
-3.13013
-2.01826
-0.38109
-2.14666
-7.12403
-1.54634
-1.90247
-1.70887
-2.26622
-3.28529
-1.90746
-3.06209
0.853721
-2.51366
-2.65457
-1.87481
-11.7485
-0.120828
-3.31107
-2.03539
-2.26637
-4.30468
-1.73578
-2.60087
-0.0583222
-2.91866
-2.48073
-2.69241
-1.42258
-1.94099
-2.59591
-0.468216
-2.20405
-2.20452
-2.17614
19.9249
-2.70072
-0.691673
-0.450343
-1.54339
-1.91503
-1.68895
127.96
-3.10037
-2.70452
0.25449
-3.17449
-2.88504
-2.40119
-1.09579
-1.70826
-2.66758
-1.84891
-4.1239
-2.17371
-1.43267
-5.8122
-7.65045
-1.99841
-2.31499
0.0856774
43.2176
-7.98677
0.288802
-2.65658
21.1228
-2.5247
-2.35492
-2.31939
-2.91115
0.39554
-2.54012
-2.48332
-2.69053
-2.54065
-1.80634
-2.50675
17.2613
-0.784036
-1.06832
-2.38036
-2.58057
-2.49135
5.14295
-2.2714
3.10049
16.7708
-2.59801
-5.5615
-3.393
-2.17275
-2.27826
-13.5233
-1.27685
-1.74959
-2.75386
-0.369073
-24.1446
-2.52845
-1.70831
-4.52527
-2.24752
-5.6971
-0.96016
-0.515612
-2.42924
10.318
-1.91648
-3.38819
-2.04819
-2.24311
-4.55034
-3.10764
-2.30996
-2.33641
-2.50592
-0.809273
-2.30128
-2.30507
-2.51459
0.728727
-2.14652
-1.89631
0.120324
-3.64369
-3.01895
-2.21713
-2.58149
-8.3339
-2.28303
-2.84207
-2.54954
-2.23854
-2.19304
-2.22123
-2.1157
-2.07794
-2.15433
-2.28372
-1.6213
-2.23231
-2.63647
-2.26001
-2.30527
-5.17271
-2.31154
-2.23762
-2.37484
-2.12591
-0.0803835
-2.28245
-2.26793
0.363071
-0.350394
-1.96318
-1.82674
-2.0316
-1.92071
-1.9782
-2.26614
-2.07752
-2.35902
-2.26376
-1.75009
-1.80369
-1.37404
-1.28571
-1.33223
-1.67625
-1.75664
-1.57974
-2.68371
-2.02066
-1.82956
1.45699
20.0495
-2.26375
-1.69343
-1.84581
-2.00008
-1.91967
-2.36772
-394.67
-2.11119
-2.93553
-1.07113
-3.26138
-2.33209
-0.947148
155.587
14.3599
-1.65217
-2.91252
-2.88775
-2.51199
-2.37946
-2.88583
-2.56379
-2.78162
-2.75527
-2.20272
-2.23634
-1.45657
-2.87268
-2.25539
-1.96807
-0.670808
-0.944561
-1.67448
194.956
-0.697029
3.48363
3.52953
0.0140739
-0.359603
0.207824
-0.148978
-4.73308
-2.15092
-2.32617
4.99431
-6.10665
-4.30229
19.0222
-2.13403
-0.833892
-0.274462
-1.55846
-2.48832
9.98641
-2.76954
-2.66116
3.94377
5.73125
-1.43818
-2.4388
0.505546
0.165778
-1.79814
-0.55068
-2.72037
-2.17008
-1.99865
-2.47029
-2.47971
-0.356881
-2.25185
-2.51892
-2.17183
-2.6048
-2.51158
-2.72157
0.245477
-2.5231
-2.62855
-1.66866
-1.58087
-2.75775
-2.64143
-2.68185
-2.74654
0.220811
-2.6394
-2.53124
-0.914926
-2.86634
-65.4563
-2.72757
-2.84732
-2.47715
-191.542
-2.86356
-2.84846
-307.678
-1.5695
-2.73492
-2.65537
-1.83044
-1.19749
-2.86254
-2.47693
0.242001
-2.73413
-1.71976
0.330204
-2.64232
-2.71955
-2.84653
-2.77744
-2.59509
-0.301737
-2.73632
-2.69549
-2.84475
-2.01385
-2.35158
-2.60959
-2.84708
-2.51664
-2.78391
-2.38863
-2.48929
-2.38202
-1.81044
-0.933168
-2.51547
-2.58948
-2.4797
-2.61147
-2.51428
-2.5992
-1.38724
-2.4577
-2.50752
-2.33541
-0.979494
-2.64867
-0.176043
-2.77879
-2.76287
-0.356745
-1.83007
-2.60361
-2.86397
-2.47527
-2.72999
-2.31818
-1.55875
-0.249416
-1.61186
-1.72644
-2.71436
-2.52361
-2.39581
-2.46964
-2.86306
2.3006
-2.46973
0.360864
-1.60756
-1.72594
-2.84648
-1.81208
-1.75232
-2.40403
-1.44922
-1.38417
-1.41235
-1.47675
-1.39344
-1.44031
-1.47489
-1.50999
-1.6072
-1.57388
-1.40675
0.170635
-1.77466
-1.65596
-1.65688
-1.8372
-2.96195
-1.37993
-1.79593
-2.04485
-1.7938
-1.28954
-1.28403
-1.30238
-1.25347
-1.33022
-1.07634
-2.15566
-2.03292
-2.10179
34.7109
-2.25582
-2.25082
-0.382342
0.202738
-2.30437
-1.79888
-1.95578
-2.14785
-1.80326
-1.94833
0.93592
-1.84916
-1.93437
-2.00309
-1.69198
-2.51019
-1.91537
-2.43524
-1.891
-1.86625
-1.96872
-2.13129
-2.08169
-1.94241
0.198025
-2.58311
-1.76626
-2.09732
-0.545153
-2.40418
-1.97168
-2.04704
0.208925
-1.16902
-0.0163388
-1.86393
-2.63799
-2.26296
0.362355
-2.5166
-2.46054
-2.18496
-0.75496
-1.62842
-1.81757
-1.81492
-0.413725
-2.23559
-2.71808
-1.35738
-1.49518
-1.3731
-1.56575
0.0646147
-1.23371
-1.22506
-1.22613
-1.6148
-1.24546
-1.28223
-1.34239
-1.33679
-1.8388
-1.35803
-2.32903
-3.49403
-1.53935
-1.12197
-0.962445
-1.537
-1.21893
-1.56217
-0.584117
-1.05269
0.181804
-0.676601
-0.818192
-0.838745
-0.78377
-0.787135
-0.928694
-2.04999
-0.787487
-0.839152
-0.633455
-0.840545
-0.683583
-1.19505
-0.979151
116.791
-0.754572
-0.776229
-1.36486
-1.58449
-1.12942
-1.11023
-1.07186
-0.830817
-0.825535
-2.63875
-0.813872
-1.54674
-1.07137
-1.50907
29.0165
-1.56362
-0.90733
-0.889931
-1.11288
-1.07356
-1.21068
-0.974301
-0.97101
-2.98341
-2.48523
-1.07205
-1.11741
-1.1413
-0.666801
-0.652764
-0.630897
-1.13468
-0.789869
-0.817243
-0.611473
-0.622387
-0.591607
-0.704511
-0.533655
-0.527162
-0.761754
-0.776261
-0.247965
-1.06059
-1.81847
-0.89072
-0.941694
76.5316
-1.0809
-1.12459
-0.790654
-0.1409
-0.185296
-0.144027
-0.0221969
0.0196822
-0.188425
-0.220857
-1.05409
-0.105408
-0.276044
-2.76398
-0.106235
-0.625081
-0.427078
-0.430371
-0.149436
-0.347959
-0.379564
-0.535178
-0.170959
-0.37055
-0.331661
-0.322916
-0.239918
-0.267812
-0.21555
-0.487952
-0.460932
-0.494245
-0.376093
-2.16678
-3.1818
-0.28304
-0.271907
-0.135844
-0.405845
-0.222793
-0.258551
-0.339828
-0.923078
0.482945
-0.102074
-2.65231
-0.805164
-0.363913
-0.591831
-0.56579
-0.195298
-0.611102
-0.522792
-0.0942782
-1.70698
-0.951611
-0.387291
-0.0181929
-0.541329
-0.619895
-0.514407
-0.919611
-0.497077
0.0598514
-0.383012
0.0441896
-0.445349
0.0188305
-0.116774
-1.05381
-0.11751
0.0649643
-0.0589569
-0.132214
0.0615451
0.0490105
-0.902245
-0.379103
-0.00144099
0.0950338
-0.398195
-1.27089
0.0840235
0.130466
0.152285
0.135979
-0.513412
0.160563
0.147531
0.171628
0.176951
-0.0159507
-0.0335441
0.103452
-1.62724
0.156913
0.181523
-0.169907
0.0984852
61.7208
-0.1287
0.189349
0.212443
-0.172036
0.278166
-0.450193
136.765
120.093
134.594
116.336
-0.801847
-0.0438694
0.17498
0.0668489
0.183099
0.0852241
-1.55139
0.168551
-0.280517
-1.75065
52.5188
0.246296
0.859915
1.77741
-0.162842
0.896043
0.107517
116.302
168.494
-1.66255
71.2699
57.2854
18.0121
0.265953
0.695607
1.32238
2.22111
63.8027
-2.06742
139.328
0.478519
0.35693
8.89497
0.0255538
0.027441
0.0652323
0.0360698
0.0325109
0.162658
0.102866
0.247444
0.239414
0.0648552
0.225434
-0.021568
-2.4711
-0.0487082
0.112497
0.234599
0.0100021
-0.0516231
0.219644
0.371488
0.825342
0.178754
-0.204125
0.285641
0.102156
-2.37085
0.0628143
0.578862
0.13738
-0.0164136
0.263271
0.493578
0.432302
60.2188
-0.00138247
0.260744
0.253956
0.309473
0.297577
0.169682
0.101002
33.8266
0.516074
0.518857
0.493509
0.5226
0.209788
0.493271
0.422129
0.470941
0.548038
0.616055
0.455368
0.295539
0.203552
0.0969305
0.300574
0.294094
0.197399
0.0670893
0.0578798
0.294641
0.353215
0.546089
0.175484
0.378593
0.356176
0.450879
0.298801
0.208291
0.271932
-1.99787
75.428
127.898
140.873
0.141987
0.172853
2.86721
1.1538
37.7543
0.100967
-2.24105
0.718541
-1.55185
0.536538
140.567
0.402238
19.2396
61.0739
139.872
0.288584
0.186962
138.928
22.4432
74.7729
1.1069
0.195734
126.353
139.698
76.7567
0.135235
1.38165
141.87
-0.0754983
1.14209
0.353744
-0.75648
1.0054
0.963481
21.234
0.291019
0.31107
140.121
0.768395
0.575594
36.2738
0.959954
0.632736
125.412
-3.13218
-0.667434
126.034
140.143
0.81808
-1.81528
0.834524
126.472
1.47094
-2.20276
-1.90933
-1.7271
0.168311
0.268733
0.52016
0.594679
0.621228
0.542283
0.0994272
0.39144
0.602337
0.585069
0.632628
0.598106
0.529154
-2.04523
0.374587
0.464246
0.450682
0.795655
0.858591
0.439234
-0.0718723
0.390771
0.71386
0.76185
0.87866
0.886785
0.777422
-2.22619
0.636169
0.250173
0.287672
0.873503
0.521116
0.522113
-0.122356
0.314237
0.410596
-0.872441
0.283554
0.731946
0.197711
1.00504
0.364541
0.237407
1.20817
0.550226
0.789549
0.142245
0.363615
0.693792
-3.38865
0.491429
0.291756
0.596697
0.317588
-3.47621
1.39154
0.0238486
0.548201
0.398964
0.22107
0.372267
0.332758
-0.65747
-0.0981145
0.165751
0.414319
0.585861
0.519784
0.641144
0.470669
0.320684
0.118704
0.456652
0.31831
0.254799
0.554386
0.328515
-0.203902
0.492923
-3.30973
0.733556
-2.06635
1.03543
0.638575
-0.272638
-1.62421
0.771881
0.804577
-1.67768
-3.00237
-1.54506
-1.38251
-1.84161
37.4446
0.0422421
0.327062
0.290468
-1.14769
0.917616
-0.0589313
0.123548
-3.2865
-3.33473
-0.524055
0.171439
-2.71461
-0.40626
-0.618524
-0.692959
-0.618768
0.309153
-0.849845
-1.23127
-1.31015
-0.542315
-0.706297
0.011273
0.428315
-0.5335
-1.15351
-1.19267
-1.06747
-1.84295
-0.933654
-3.18833
-1.32409
-0.957512
1.15525
-1.07837
-2.44107
-1.0701
-0.945903
0.586912
-2.8475
-0.728338
-0.976703
-0.237514
-0.312149
-0.467461
-0.189853
-0.144302
-0.116471
-0.192771
-0.330438
-0.484698
-0.236356
-0.872329
-0.237707
-0.556165
-0.321525
-0.533407
-0.555676
-0.768372
-0.0535344
-0.422799
-0.00920683
0.433262
0.603208
0.626241
0.113281
0.0848609
145.254
-1.65346
0.0564633
0.182559
0.128041
-2.32833
-2.76531
0.154753
-0.484829
-1.45882
-0.692642
-1.12082
-1.63694
-0.544701
0.0616839
-0.214196
-0.102426
74.0048
-0.284136
-2.22197
0.0681226
-1.51516
-0.264904
-0.488178
-2.2626
-0.430021
-0.0697689
-0.506075
-0.895288
-0.169695
-0.380523
-8.2041
-0.61406
-0.687317
0.105557
0.042898
0.535936
-0.0604535
-1.26285
-1.16729
-1.1825
-0.547694
-1.05298
-0.788462
-1.57568
-1.15414
-1.54805
-0.198801
-1.52188
-0.0643488
-0.376099
-0.241065
-0.129595
-1.44678
-0.0502825
-2.38604
-0.713342
-0.855927
-1.40136
-2.68349
0.736582
0.0342201
-1.91992
-2.39083
-1.09457
-0.115106
0.136535
-0.77014
-0.160307
0.547248
0.795877
0.396404
0.317191
0.101014
0.55099
-1.79821
0.303821
-2.18777
-0.100689
0.414639
139.612
-0.416228
0.346842
138.87
-0.31904
0.51194
0.973361
75.514
62.2591
1.38137
0.380391
0.896747
125.794
19.8668
0.0228884
0.0172413
-329.934
0.323613
138.966
62.2831
34.8216
1.2746
0.291541
1.38812
34.7382
0.275662
20.5865
0.469195
0.143768
62.8496
0.353192
-2.64418
0.435657
0.273225
-1.65784
0.115799
-0.0450429
0.0573963
-0.307019
-0.103156
-2.5774
0.230504
0.268861
0.405765
-0.482143
0.136905
0.143119
0.270961
-0.496523
0.100571
-0.213905
-1.53871
0.0529809
0.0626832
-0.122311
0.2263
0.102842
122.607
0.138767
0.241112
0.472546
0.278839
125.621
-1.70545
-2.33129
0.324951
126.898
126.594
1.09377
-3.05343
0.693889
0.126264
-3.04845
0.535454
142.456
64.2521
0.540402
23.9004
25.2505
0.132089
0.182674
0.454067
-0.56434
-1.30931
-0.163279
116.658
0.117
142.257
56.8013
-0.122372
0.130372
-0.102889
-2.20935
-1.77305
15.0189
0.643691
-2.33747
-0.162236
0.164829
-0.271719
-0.428921
0.635867
-0.235589
0.599395
-0.437143
0.00895375
3.11832
-0.247283
-0.483963
0.259445
-0.410089
-0.0226605
-0.354784
-0.0750927
-0.300366
-0.323442
-0.202422
0.205631
-0.179665
-0.920276
0.178109
-0.901019
0.222925
0.232038
-0.138405
-0.66988
-1.67176
0.0194245
-0.967938
-1.08854
-0.802482
-0.871474
0.157085
-0.980842
-1.33887
-0.963829
-0.759456
-0.955668
-0.897633
-0.546926
-0.365689
-0.176354
-2.35612
-0.457625
-0.747014
-1.05454
-0.411801
-1.0529
-0.472651
-0.911057
0.25792
-1.92532
-2.09707
-1.94683
-1.48577
-1.52059
-2.00207
-1.79509
-1.76609
-1.9794
158.453
-1.97561
0.416328
0.0783471
-1.79595
-1.71442
0.182816
-2.66151
0.347661
-1.36739
-1.94579
-0.102898
-2.35311
0.896534
0.602265
-19.9542
-4.20562
-0.352577
-2.72803
-0.663641
0.206676
-2.24403
-0.0901464
0.27396
-0.274326
0.904207
125.898
-3.08675
-2.23712
-2.05805
0.0948926
-2.74703
0.227216
-1.99607
0.172472
-1.71898
-3.03675
-2.78004
0.381848
-2.55566
-1.67653
-0.0136173
0.326842
-2.22415
-2.56069
-0.255757
-2.02995
-1.77027
-2.76955
-1.87295
-2.86308
-2.3501
-2.28621
-2.57008
-2.74597
-2.30502
-0.558776
-2.81134
-0.128131
-2.80719
-1.72564
-2.66149
-1.27409
0.666289
-2.69783
-3.31517
-1.69512
-1.71009
-1.534
-2.5496
-2.16307
-2.42606
0.610377
-2.47309
-2.04677
1.33057
-2.84615
-3.06425
0.51546
-2.06361
-2.48939
2.11104
-2.30279
-115.265
-2.46004
-2.20696
-2.8825
-2.38941
2.83866
16.451
-1.17937
-2.25548
1.0627
-2.00556
-1.79641
-1.74338
-2.51468
-61.4232
-2.18507
-3.30227
-2.67256
-2.53205
-2.22475
-2.77981
-2.28836
-2.07549
-2.26807
3.14929
-264.2
-5.985
-1.98608
-2.99103
-2.16218
-0.176045
-1.8043
-0.56464
-4.19792
-2.61359
-2.34047
-2.43868
-1.30557
-1.78116
-2.85642
-2.52954
-2.86029
-2.24458
-2.86731
-2.51876
-2.48665
-3.06758
-2.40346
-2.80185
-2.36188
-0.0938295
-2.79461
-1.7262
-2.77147
-2.66253
-2.78737
-1.8423
0.501856
-2.64973
-2.61495
-294.077
-1.54341
-1.57609
-1.8243
-1.44031
-2.13985
-1.0655
-2.24068
0.0520872
-1.28586
-2.36512
-1.69775
-0.762858
-1.42616
-2.65682
-2.35803
-2.08907
-1.99896
-2.83287
-1.65886
-2.05566
-2.51975
0.265972
-1.95003
-1.99278
-1.92578
-1.4823
-1.55302
-2.4937
-1.85062
-1.87931
-2.13857
158.889
-0.971827
-0.149948
-2.07034
-1.29235
-2.33989
-1.95893
-0.928426
-2.00328
-2.25762
-1.41199
-0.970317
-2.65446
-1.22442
-0.167328
-2.22039
-1.57702
-1.63143
-1.53595
-0.304999
-0.987031
-0.835964
-0.527729
-1.07743
-0.921366
-0.939872
-1.86298
-0.57901
-2.39033
0.334468
-0.711659
-2.61672
0.198251
-0.169504
-0.0899837
-2.61365
-0.381536
-2.24438
-3.55744
-0.326131
-0.384742
-4.30899
-2.41739
-0.22016
-0.242617
-0.189542
-0.6365
-0.348628
-0.21682
-0.383987
-2.48186
-0.841682
-0.0104993
0.455681
-0.967137
-0.608536
0.342166
-0.356837
0.010516
-1.47372
-0.900536
-0.534956
-0.222479
0.37005
-2.63181
75.4545
-0.76686
-2.20485
-2.1185
-0.729709
-0.678745
-0.233424
-0.623298
-1.78264
-0.545806
-2.23248
-0.911093
-0.589727
-1.12998
-1.41171
-2.16513
-1.07331
0.0274578
-2.7716
-2.24315
-0.460182
-2.46727
-0.178251
-2.40126
-2.53434
0.562492
-1.14996
-1.52907
-0.588523
0.122761
0.444468
-1.88922
-0.865218
0.237585
-415.401
-0.239448
-0.0317103
-1.29593
1.19877
1.41898
-2.40345
-2.92182
-2.70581
138.72
0.57176
-1.82035
0.849295
0.611526
-0.511696
127.681
-2.40348
0.611457
73.6693
0.848937
0.530024
-0.0717796
132.566
0.46859
-2.1165
0.362721
0.643945
-2.78278
-0.65829
126.345
-4.10509
0.790871
75.249
24.4477
0.290024
0.153624
0.400367
0.261519
-1.29583
0.0373712
-2.72015
0.0831526
0.338947
168.514
1.34843
3.7232
0.364994
0.841148
-0.421524
-0.14945
76.3567
75.7198
0.536423
-0.475367
1.28005
-2.25945
1.20085
0.0733047
-1.84861
0.258123
0.261621
-0.0501174
-4.73306
0.0532047
0.284091
0.189069
-0.0867516
-1.36472
70.9522
0.351712
-1.36813
0.241158
-2.33192
-1.24796
-2.42894
0.112776
-1.15145
-0.363769
-3.09166
0.194644
0.0327786
-2.63556
-0.235576
-0.415123
-1.96118
21.114
-0.830927
-1.44097
-2.30219
0.184303
-1.80871
-2.04618
-2.30726
-0.340188
-0.537109
0.112988
139.667
0.455464
-1.63768
-0.312732
0.476787
0.379768
0.212062
-0.443331
-1.31152
-2.70991
61.8331
0.384593
0.535638
0.11627
0.155769
-1.93809
0.356414
76.3269
-1.68676
-0.122382
0.0967148
-2.11539
23.0313
-0.393079
1.10986
-2.40083
-2.56832
0.228306
-1.11881
0.241411
0.453316
0.32264
0.156918
-1.555
-1.72616
-1.06993
-0.198121
-0.998799
-0.148852
-1.51638
-2.18581
-2.22253
-1.9852
-2.10172
-2.22719
0.44273
-1.38392
-1.37664
-1.14235
0.0628754
-1.63426
0.596585
-2.27021
6.48063
-2.85701
0.459364
0.571585
-1.32121
-1.49393
-0.491625
0.676971
-2.57818
1.79424
-1.43212
-2.59224
-0.349943
-1.36974
-2.10372
-2.21132
0.237745
-0.375414
-2.76956
-1.96775
-0.632799
-1.34923
-1.92391
-2.23308
-0.762508
0.179144
0.220329
-2.0139
-2.48465
-2.47184
-2.27355
0.368664
-0.332174
-1.58874
-3.78637
-1.23478
-0.0162317
0.572038
-1.05642
-2.67939
-0.661058
0.372297
0.222233
-0.489057
-1.92152
-3.99778
-2.16333
-0.615052
-2.64714
-2.30046
-1.27328
-2.82891
-0.105764
-0.25003
-0.00415064
-3.47334
-51.1199
-0.486734
0.0261937
-2.70739
-1.20174
-0.234035
-2.57937
-2.16968
-1.78583
-0.00527261
-0.395319
-0.227034
-3.10191
-1.44132
-0.242931
-0.882177
-1.72614
-0.0285145
-2.8317
-0.678117
-2.4173
-1.33451
-0.278812
-4.6032
-0.686281
0.391229
-2.12519
-2.08416
-3.02675
-0.765152
-2.27592
-422.212
-1.21951
-0.719093
-0.283347
-2.34098
-0.497516
-2.32122
-0.910046
-2.15823
-1.02432
-2.81399
0.0661557
-0.452762
-0.674306
0.399527
-2.2902
-0.29334
-1.55484
-1.23299
-0.220411
-0.941648
0.115652
-0.0754052
-2.58174
0.0573209
-0.373884
74.7631
0.961165
-1.99623
0.97386
0.200307
-0.219724
-2.97103
-1.93654
-0.147773
-0.274393
-3.66246
-0.920598
-2.28099
0.503262
-2.20064
-2.06986
-2.93147
-0.556536
-2.11685
-1.54026
-2.42084
-2.19071
)
;

boundaryField
{
    FrontBackPlanes
    {
        type            symmetry;
    }
    wallz
    {
        type            calculated;
        value           nonuniform List<scalar> 
97
(
-397.403
-349.555
-428.117
-274.391
199.934
47.9682
0.452239
205.66
207.825
-2.48193
-2.74655
-2.61388
0.0981055
0.219724
0.630452
204.869
205.662
205.63
-2.07966
-2.212
-2.34863
-0.283223
-0.153214
-0.0286109
205.602
206.036
205.278
-1.66015
-1.80056
-1.94217
-0.683623
-0.545551
-0.412522
204.94
206.376
-1.37269
-1.51867
-1.11383
-0.968909
-0.825445
206.013
207.297
-1.22897
-1.54637
-1.40098
-1.2576
204.751
205.323
204.707
-0.804263
-1.97036
-1.82966
-1.69046
205.776
204.869
205.476
-0.530506
-0.66696
-2.23317
-2.10373
204.775
205.582
206.488
-0.27195
-0.398742
45.8474
2.96317
-2.75613
-2.62821
206.98
205.739
205.849
-0.0216755
-0.147819
0.115375
0.267079
0.578553
198.54
200.925
203.721
209.855
158.031
-2.88476
-265.684
-521.913
-537.245
-155.647
202.171
149.887
-2.88051
-0.947729
208.163
-2.37503
197.931
208.095
-2.50146
-1.08324
)
;
    }
    outlet1
    {
        type            calculated;
        value           nonuniform List<scalar> 
31
(
-2.943
-2.943
-2.943
-2.943
-2.943
-2.943
-2.943
-2.943
-2.943
-2.943
-2.943
-2.943
-2.943
-2.943
-2.943
-2.943
-2.94372
-2.943
-2.943
-2.943
-2.943
-2.943
-2.943
-2.943
-2.943
-2.943
-2.943
-2.943
-2.943
-2.94321
-2.943
)
;
    }
    inlet1
    {
        type            calculated;
        value           nonuniform List<scalar> 2(-564.412 -570.744);
    }
}


// ************************************************************************* //
