/*--------------------------------*- C++ -*----------------------------------*\
| =========                 |                                                 |
| \\      /  F ield         | OpenFOAM: The Open Source CFD Toolbox           |
|  \\    /   O peration     | Version:  v2012                                 |
|   \\  /    A nd           | Website:  www.openfoam.com                      |
|    \\/     M anipulation  |                                                 |
\*---------------------------------------------------------------------------*/
FoamFile
{
    version     2.0;
    format      ascii;
    class       volScalarField;
    location    "0.1";
    object      p_rgh;
}
// * * * * * * * * * * * * * * * * * * * * * * * * * * * * * * * * * * * * * //

dimensions      [1 -1 -2 0 0 0 0];


internalField   nonuniform List<scalar> 
6576
(
2783.57
2762
2767.48
2774.71
2788.85
2796.76
2772.44
2771.33
2790.56
2780.99
2818.42
2803.89
2791.8
2801.96
2764.33
2773.86
2740.16
2767.12
2767.04
2811.84
2753.19
2807.73
2810.43
2765.99
2794
2820.09
2869.65
2791.25
2759.71
2759.83
2781.17
2740.43
2779.08
2800.84
2795.53
2815.27
2792.69
2817.25
2780.09
2798.87
2767.98
2755.28
2783.28
200.442
168.614
198.972
129.977
199.047
202.302
202.184
204.948
203.151
0.00408325
0.00261015
0.0012629
0.00727245
0.0033454
0.00034171
0.00520686
0.0046554
0.00745442
0.00946328
0.0122854
0.0068966
0.00313049
0.00932556
0.0340438
0.0278385
0.0248624
0.0238673
0.0274679
0.0173202
0.0238358
1.32506
1.27613
1.3792
1.33596
1.36914
1.44483
1.41226
1.13345
1.11721
1.08024
1.1589
1.20194
1.15383
1.11817
0.686272
0.660371
0.614658
0.617289
0.680595
0.64612
0.53554
197.327
199.72
199.458
147.785
187.343
199.007
193.98
198.52
198.24
198.569
198.461
199.012
198.643
199.409
198.977
199.854
199.934
199.662
200.316
200.815
-0.0876872
0.018996
-0.139706
-0.103987
0.0941074
-0.137128
-0.112498
501.763
2028.97
1835.12
2512.02
2486.9
2745.74
2770.29
-0.0762139
-0.237926
-0.114255
-0.106554
-0.275575
-0.0555406
-0.467818
0.253297
0.268782
0.252476
0.245777
0.266787
0.272454
0.253476
0.176732
0.173794
0.195695
0.152894
0.180869
0.194003
0.172921
0.139685
0.146318
0.139078
0.163094
0.159998
0.152847
0.153134
0.115855
0.102688
0.0993556
0.112862
0.0980421
0.0800597
0.102109
0.0888104
0.106445
0.0909733
0.0906317
0.0844807
0.100164
0.10402
0.0997802
0.0946229
0.0567035
0.0509092
0.0388523
0.0605723
0.0509813
0.0376808
0.0229941
0.0409242
0.0510641
0.0774058
0.0974534
0.0717916
0.0735211
0.0910408
0.0710745
0.0506511
0.0589118
0.0796475
0.129506
0.125437
0.127843
0.105016
0.106223
0.114022
0.11422
0.17021
0.160748
0.181514
0.171474
0.145774
0.148395
0.170889
0.212306
0.220017
0.254026
0.188241
0.175874
0.194185
0.209296
0.0484162
0.0177875
0.247617
0.201913
0.169868
-0.0182721
0.00920833
0.0935429
0.0931417
0.10352
0.0916537
0.0823391
0.0881723
0.0972046
0.0913639
0.0932645
0.0981018
0.0964475
0.0924865
0.0987145
0.102113
0.0964434
0.085294
0.0894771
0.0985779
0.100865
0.0897038
0.091892
0.0741742
0.073398
0.0706392
0.0740114
0.0777829
0.0729125
0.0780786
0.0826495
0.0888499
0.0916157
0.0824287
0.0760679
0.0841713
0.0785768
0.0846769
0.0891243
0.121873
0.133996
0.134774
0.112747
0.116559
0.12452
0.127046
0.264434
0.260413
0.266503
0.281236
0.273429
0.269619
0.276091
207.947
207.192
207.742
208.039
207.405
208.325
208.544
207.366
208.311
202.009
208.421
206.678
206.527
205.491
208.163
180.062
0.755487
0.695969
0.83255
1.04159
0.836118
0.878479
0.979628
0.880763
1.27473
208.076
205.398
204.8
2.59804
2.5897
4.61492
1.2503
3.5298
5.25056
1.6727
0.667201
0.692924
0.674579
0.678197
0.658647
0.660174
0.67736
59.9569
35.4062
61.1244
12.3627
37.9256
2.5225
46.6837
63.3323
3.49663
0.793348
0.813876
0.811642
0.751848
0.757969
0.777543
0.777588
0.421032
0.604473
0.446514
0.481612
0.556359
0.527785
0.511476
0.6001
0.854489
0.565974
0.716303
0.693278
0.688467
0.604645
0.647838
0.960326
0.728793
1.66501
0.479767
0.48491
0.874426
0.482698
0.155774
0.452151
0.477857
205.559
206.136
205.66
205.592
205.398
205.466
205.217
208.279
207.75
207.825
206.958
207.175
207.227
207.022
207.731
208.618
189.429
116.66
196.947
197.368
199.873
184.512
195.674
0.556321
1.93247
4.39561
11.3139
33.7131
2.33091
0.643097
0.910058
0.924649
0.894463
0.955239
0.937984
0.944097
0.927699
0.906079
0.921539
1.03293
1.06045
1.0716
1.09437
1.07443
1.06405
1.04284
1.22363
1.24266
1.17708
1.34439
1.28024
1.31085
1.258
1.20631
1.25208
2.64109
2.76314
3.62963
1.89179
1.1885
1.74903
6.04057
2.52071
3.87904
3.2877
3.01981
3.43771
3.64003
3.40647
0.107165
0.101394
0.0997356
0.109709
0.109132
0.103771
0.101941
0.103721
0.0957524
0.0975203
0.0991208
0.105674
0.103115
0.0963282
0.126872
0.121228
0.117413
0.127232
0.129972
0.123485
0.119513
0.138253
0.131301
0.141967
0.141388
0.135917
0.147406
0.153989
0.144123
0.149198
0.114313
0.10736
0.11609
0.116203
0.119941
0.108714
0.114656
0.0931775
0.106467
0.0962279
0.0936133
0.086331
0.10015
0.0934592
0.0923676
0.089626
0.0829632
0.0961479
0.103602
0.096208
0.0909956
0.0393224
0.0425438
0.050435
0.0384665
0.0316462
0.0391176
0.0476968
0.0719758
0.0662241
0.0640439
0.0654327
0.0586495
0.0550899
0.0623664
0.0266662
0.0387822
0.0349111
0.0694548
0.0663399
0.0800008
0.00585332
0.0122853
0.0100063
0.0110758
0.00566052
0.00968294
0.0134106
0.0116597
0.01018
0.0042352
0.0228367
0.0156605
0.0166028
0.0116929
0.00781586
0.0015885
0.0133333
0.0125952
0.022108
0.0159163
0.00546479
0.0106224
0.00823565
0.0139273
0.0187946
0.0124505
0.00171819
0.00544861
0.00657566
0.0076215
0.0108759
0.0132452
0.0222588
0.0151667
0.00896331
0.00573861
0.00468218
0.00171675
0.00999185
0.0109334
0.00823979
0.0083717
0.0533308
0.058153
0.0635648
0.0526527
0.0465032
0.0552099
0.0494065
0.0555039
0.060604
0.0763797
0.0803008
0.0740429
0.0709378
0.0650506
0.0743218
0.0707398
0.0661982
0.064277
0.0697863
0.0702936
0.0680239
0.0647622
0.0693409
0.0857772
0.0847146
0.0843289
0.0818519
0.0780127
0.0790211
0.0816979
0.0831418
0.0817033
0.0735853
0.0864236
0.090776
0.059232
0.0507347
0.0570329
0.0532768
0.0640946
0.0466708
0.0581921
0.0207705
0.00331559
0.00277709
0.00401831
-0.0226886
-0.00189042
0.0177986
-0.106033
-0.160792
-0.15795
-0.132305
-0.225871
-0.168993
-0.103102
-0.17202
-0.0720684
-0.132114
-0.0164385
-0.0260408
-0.104225
-0.13746
0.231188
0.16082
0.185534
0.304906
0.277838
0.279933
0.252962
0.195431
0.219312
0.440457
0.475725
0.424954
0.468
0.436062
0.437091
0.402371
0.656229
0.640516
0.642263
0.643146
0.62638
0.632348
0.646864
0.605962
0.600535
0.618921
0.614529
0.611924
0.629235
0.625387
0.607654
0.596063
0.594903
0.581163
0.594579
0.599548
0.588509
0.636999
0.633648
0.641736
0.641413
0.639081
0.646878
0.644548
0.654566
0.658431
0.653621
0.650337
0.647267
0.657221
0.654719
0.654912
0.651546
0.646695
0.651131
0.653951
0.659063
0.653704
0.654073
0.649147
0.651681
0.646598
0.673527
0.678815
0.672363
0.67439
0.669425
0.667897
0.674893
0.666779
0.672885
0.668104
0.676182
0.684612
0.674005
0.674164
0.668693
0.666455
0.73226
0.802099
0.693034
0.714958
0.689891
0.700422
6.10993
1.73578
1.72501
1.1064
1.90712
0.613474
0.650042
0.575307
0.382982
0.662233
0.394876
0.603352
5.56163
1.62591
1.05967
0.910149
2.23093
4.27432
14.9468
3.37627
1.50838
0.678983
0.199884
4.31581
0.50095
23.8881
0.110553
0.716055
1.76665
0.419085
0.346535
0.651558
205.551
203.502
203.346
198.363
123.816
194.232
199.121
205.607
205.601
206.436
206.604
205.575
205.735
205.635
205.774
205.706
206.098
204.963
204.819
204.769
204.89
205.008
204.789
203.623
205.169
204.745
204.983
204.869
204.827
205.738
205.765
205.662
205.567
205.711
205.66
205.545
205.526
205.674
205.446
205.623
205.63
205.861
205.65
205.794
206.069
205.284
205.606
205.449
205.583
205.569
205.583
205.657
205.574
205.613
205.735
206.25
206.369
205.483
205.52
205.449
205.423
205.909
201.307
206.68
171.364
205.053
203.3
194.431
202.902
193.368
142.056
201.073
198.738
203.309
171.118
197.32
1.14845
0.958508
0.9105
1.31232
0.987021
0.80962
1.04626
0.825405
0.812899
0.825352
0.796159
0.811784
0.817184
0.833677
0.835236
0.850972
0.840504
0.866156
0.847289
0.840122
0.869195
0.921556
0.917149
0.900215
0.928023
0.937187
0.92941
0.915444
0.90501
0.924082
0.933627
0.942833
0.921137
0.919824
0.903258
0.922928
0.911107
0.935083
0.926914
1.17678
1.15424
1.16326
1.18716
1.16381
1.18822
1.15915
0.126749
0.129406
0.146226
0.122581
0.141792
0.143946
0.128657
0.0911771
0.0848491
0.0654637
0.0826516
0.0740469
0.0523076
0.0613777
0.080826
0.0912312
0.106432
0.117308
0.1217
0.181106
0.174619
0.169026
0.186123
0.194713
0.183107
0.179381
0.181837
0.192553
0.187601
0.192829
0.196543
0.187444
0.183348
0.214429
0.222732
0.208157
0.213418
0.207211
0.197348
0.205008
0.180109
0.194085
0.18434
0.18023
0.171347
0.186949
0.180194
0.181353
0.176672
0.16723
0.193057
0.184234
0.183701
0.17732
0.138631
0.152877
0.151407
0.150535
0.163215
0.159514
0.152896
0.147414
0.163704
0.151697
0.149402
0.15471
0.161063
0.121364
0.110117
0.121444
0.124215
0.13179
0.116554
0.132588
0.124837
0.0912341
0.0938183
0.0848994
0.0935722
0.0888633
0.101442
0.0790652
0.0853501
0.0933484
0.0878917
0.0280119
0.0340669
0.0366069
0.0412128
0.0481405
0.0407304
0.035937
0.0361387
0.0332834
0.0265769
0.0388492
0.045936
0.0388666
0.0334494
0.0107331
0.00921362
0.0143263
0.0380887
0.0338782
0.0444699
0.0257136
0.0314921
0.0377315
0.0331886
0.0103825
0.0077401
0.00176182
0.0126635
0.00827477
0.00851095
0.00855462
0.00194323
0.00800192
0.0065147
0.00739326
0.0109326
0.00429775
0.00313938
0.000838816
0.0100592
0.00975349
0.00778324
0.00959331
0.00589902
0.012708
0.00988657
0.00635635
0.0116755
0.0126321
0.00941856
0.0375111
0.0422901
0.0350315
0.0346016
0.0278566
0.0330147
0.0370799
0.0328479
0.0274499
0.0736171
0.0717146
0.0760762
0.06648
0.0693924
0.0720466
0.0703169
0.0932472
0.0979807
0.0907826
0.107827
0.102788
0.0998261
0.0985427
0.0763791
0.0676292
0.051451
0.101423
0.0932949
0.105373
0.103801
0.116759
0.132602
0.146526
0.127413
0.136227
-0.0327152
-0.0917364
-0.0768426
0.0404887
-6.17069e-05
0.012716
-0.0180375
-0.065135
-0.0427228
-0.107042
-0.130904
-0.0597468
-0.0707332
-0.0971287
0.0250826
-0.0121601
-0.0348829
-0.00384505
0.24822
0.237072
0.242653
0.278499
0.267883
0.256677
0.269954
0.328506
0.294682
0.331125
0.337464
0.364395
0.342798
0.320487
0.434264
0.453468
0.423794
0.423308
0.443449
0.391294
0.417298
0.423891
0.401677
0.490611
0.481622
0.50739
0.460726
0.478038
0.492011
0.477333
0.592346
0.586276
0.585808
0.578834
0.586023
0.573847
0.582869
0.610186
0.614771
0.619146
0.609897
0.605571
0.604369
0.608627
0.609171
0.613336
0.602488
0.610168
0.616154
0.610263
0.609803
0.604889
0.601671
0.628358
0.63448
0.634461
0.634224
0.64108
0.637302
0.643495
0.624525
0.635071
0.631115
0.65457
0.66377
0.657276
0.67358
0.688832
0.676559
2.06151
0.963953
0.898531
0.512068
0.198282
1.55581
0.548411
205.795
205.721
205.871
205.589
205.523
205.362
205.76
205.33
205.959
205.428
205.602
205.568
205.57
205.972
206.048
206.036
206.089
206.005
206.079
205.918
205.888
206.048
206.097
204.875
204.947
204.901
205.198
204.859
204.86
205.073
205.053
205.278
205.408
205.844
205.274
205.2
182.826
192.229
207.383
203.508
205.236
204.996
201.333
186.887
161.952
200.846
199.601
200.947
192.708
198.196
1.42815
1.54823
1.47853
1.44476
17.1028
3.75271
10.6488
1.1139
1.25714
1.21774
1.40371
1.36307
2.1061
1.45417
1.15875
1.16325
1.16109
1.17259
1.16076
1.17363
1.16423
1.23383
1.22817
1.25226
1.25293
1.26465
1.24542
1.23645
1.26343
1.26503
1.30747
1.32613
1.33705
1.2826
1.28296
1.35934
1.35569
1.30732
1.332
1.32744
1.27904
1.28313
1.07097
1.11616
1.12055
1.14634
1.09705
1.06592
1.11328
0.244925
0.248566
0.233331
0.238358
0.254473
0.248542
0.231983
0.249666
0.240838
0.233678
0.255471
0.267019
0.251425
0.246777
0.25588
0.247987
0.260681
0.263081
0.266315
0.250362
0.257197
0.260011
0.270866
0.267316
0.272019
0.276091
0.268892
0.26199
0.267648
0.278627
0.275369
0.278681
0.283021
0.267812
0.274866
0.231457
0.243834
0.244495
0.236127
0.247334
0.249077
0.259217
0.254675
0.244775
0.284294
0.300664
0.288853
0.284766
0.274271
0.293498
0.284482
0.285115
0.279976
0.27036
0.288419
0.29854
0.287337
0.280658
0.248592
0.259904
0.248994
0.249319
0.239537
0.23274
0.242977
0.20336
0.212863
0.212496
0.226755
0.216818
0.220262
0.212231
0.248433
0.263925
0.254481
0.200105
0.212651
0.208307
0.168018
0.177032
0.179865
0.134466
0.142031
0.145501
0.14833
0.142777
0.157752
0.149893
0.141419
0.14179
0.133235
0.142395
0.152375
0.106573
0.111287
0.114208
0.11926
0.126618
0.118556
0.113598
0.13618
0.148275
0.141808
0.133248
0.137558
0.145215
0.140693
0.100195
0.107006
0.108283
0.103351
0.109551
0.106561
0.0989251
0.0544571
0.0530025
0.0467817
0.0583161
0.0634973
0.0239667
0.0301918
0.031491
0.0240143
0.0294976
0.0296837
0.0340828
0.061405
0.0576644
0.0550648
0.0532463
0.0570984
0.056653
0.0609409
0.0295247
0.0243411
0.0307703
0.0293718
0.0246678
0.0311996
0.0343447
0.0090729
0.0129387
0.00797453
0.0115342
0.00517734
0.0122437
0.017208
0.0127487
0.01544
0.0217896
0.00956622
0.00155037
0.0146203
0.00423303
0.0115807
0.013684
0.012879
0.0184228
0.0243291
0.0169703
0.00394551
0.00525454
0.00111319
0.0118125
0.0136798
0.00937851
0.0163899
0.0104215
0.0118224
0.0149963
0.00701292
0.00559943
0.00191635
0.0142158
0.0137683
0.0122255
0.0120469
0.0186391
0.0262779
0.0191739
0.0287308
0.0201872
0.0155336
0.0234652
0.00968326
0.0189203
0.0170726
0.0104304
0.0174802
0.0231464
0.0179793
0.0614653
0.0458071
0.0566761
0.0491555
0.0584954
0.0441733
0.0563452
0.758572
7.47187
2.01387
0.451418
3.05867
5.17441
0.745412
0.201877
0.348433
0.331169
0.355119
0.686412
0.141076
0.323443
-0.442601
-0.306656
-0.524377
-0.217893
-0.20221
-0.350674
-0.377566
0.111561
0.100927
0.141697
0.0806311
0.0770586
0.0833079
0.0897824
0.108731
0.0880382
0.0774828
0.0538126
0.0698844
0.101364
0.100957
0.0816339
0.0884984
0.057783
0.063544
0.0608752
0.0669939
0.065167
0.0599922
0.0610269
0.131399
0.150353
0.138327
0.150786
0.132774
0.139449
0.124199
0.138546
0.122529
0.176864
0.160235
0.16148
0.200611
0.196965
0.19052
0.187124
0.169182
0.171528
0.241678
0.229052
0.219386
0.24564
0.227443
0.246289
0.2288
0.369942
0.37485
0.387611
0.363063
0.349731
0.363263
0.374001
0.364262
0.367821
0.352754
0.387912
0.376812
0.366919
0.375893
0.454144
0.459128
0.469161
0.447111
0.436712
0.448251
0.456635
0.434811
0.446344
0.448094
0.444494
0.434927
0.452665
0.4455
0.48553
0.474961
0.490996
0.495821
0.504692
0.494893
0.487065
0.563559
0.558065
0.559129
0.564912
0.559722
0.55642
0.562276
0.53462
0.526286
0.525083
0.510294
0.519891
0.525426
0.517376
0.566725
0.558049
0.556742
0.546658
0.567552
0.554783
0.59669
0.589145
0.585974
0.588545
0.596607
0.586302
0.582736
0.57441
0.590011
0.583277
0.62007
0.613984
0.610566
1.49033
1.12363
20.1658
0.640956
0.761465
2.27712
2.01355
204.841
204.802
204.362
205.232
204.861
204.321
204.664
204.94
204.832
205.009
205.776
206.247
206.376
206.7
206.251
206.855
207.098
205.502
206.139
205.623
205.521
207.894
206.602
189.624
205.194
205.882
178.709
207.268
202.375
129.954
202.308
207.966
206.943
151.846
1.0901
1.07943
1.0921
1.09576
1.07654
1.07057
1.08695
1.14222
1.14442
1.12979
1.13733
1.13706
1.11579
1.11521
1.12197
1.12263
1.17979
1.15296
1.16676
1.18931
1.16871
1.18394
1.1669
1.14028
1.14183
1.12178
1.1336
1.13038
1.10343
1.09303
1.10863
1.114
1.11527
1.10203
1.08089
1.10058
1.08791
1.04662
1.06337
1.06039
1.07456
1.05208
1.02172
1.00749
1.01922
0.995126
0.996734
0.97253
0.335895
0.326696
0.340324
0.329721
0.336248
0.342049
0.34801
0.344506
0.336506
0.349199
0.338609
0.344735
0.349256
0.355719
0.345953
0.36235
0.35758
0.362535
0.371902
0.362384
0.35262
0.311995
0.320995
0.322203
0.330979
0.320882
0.327042
0.337835
0.361211
0.37286
0.361542
0.364427
0.373966
0.311868
0.321128
0.320667
0.318837
0.309269
0.376562
0.362816
0.376954
0.3686
0.360231
0.308523
0.318993
0.323156
0.314323
0.305815
0.285338
0.269739
0.280376
0.247003
0.23061
0.240086
0.26019
0.253354
0.290576
0.281072
0.275322
0.27178
0.275801
0.27919
0.286172
0.200636
0.206589
0.204193
0.218522
0.210836
0.215653
0.209519
0.212329
0.217365
0.224493
0.219169
0.214808
0.226209
0.229083
0.153646
0.159689
0.164556
0.177884
0.170906
0.168764
0.164019
0.0920209
0.0848544
0.0913412
0.094374
0.0893531
0.0985972
0.0924407
0.0664966
0.0715913
0.0706996
0.077506
0.0694718
0.0687508
0.075026
0.0112205
0.0138137
0.0173755
0.0178152
0.0113208
0.0222665
0.0260578
0.0197009
0.0267816
0.0359179
0.013492
0.00376379
0.0214717
0.0093367
0.0115723
0.00270502
0.0165609
0.0200883
0.0178477
0.00990642
0.0183433
0.0197194
0.0260696
-0.121146
-0.0107621
-0.0145656
0.0015945
-0.00195859
-0.0536622
-0.152693
-0.120731
-0.135909
-0.0425418
0.0454073
0.262048
-0.328444
-0.636225
-0.669699
0.455988
442.456
1852.56
2714.64
2740.43
2746.23
2719.32
2809.4
-1.56751
-2.69166
-2.14753
-3.4715
-3.14156
-3.5817
0.0464218
8.45395
54.8282
1.08752
-2.70285
-2.67602
433.723
-0.163678
0.0544834
-0.660417
-0.178791
-0.128612
-0.14382
-0.419372
-0.257487
-0.817032
-0.899676
-1.2052
-0.917755
-0.949273
-0.746561
-0.878493
-0.0484494
-0.0679858
-0.109213
-0.0790734
-0.0944287
-0.148931
-0.126663
-0.16415
-0.168543
-0.132028
-0.100127
-0.0996678
-0.140214
-0.148771
-0.111748
-0.108412
0.0355275
0.025429
0.0120029
0.00925256
-0.00746328
0.0165277
0.0252112
0.0278771
0.0377898
0.0290214
0.0287125
0.0389935
0.0243089
0.0371886
0.0735624
0.0603926
0.0700529
0.0703224
0.0804096
0.0717094
0.0825954
0.168482
0.164738
0.180412
0.179986
0.167649
0.170255
0.18295
0.322863
0.312116
0.329093
0.333638
0.344714
0.332609
0.323373
0.381019
0.371974
0.371097
0.3721
0.361355
0.354736
0.367393
0.416576
0.424506
0.410242
0.410192
0.403057
0.408581
0.415562
0.400127
0.40729
0.398214
0.41019
0.420528
0.410177
0.409433
0.400826
0.395372
0.439718
0.450181
0.450459
0.450055
0.460031
0.465637
0.456154
0.450008
0.432873
0.443819
0.49866
0.488925
0.488367
0.479678
0.489032
0.472616
0.482679
0.487224
0.491275
0.476814
0.49841
0.506445
0.496417
0.490182
0.488983
0.503633
0.494866
0.52662
0.539071
0.53023
0.527966
0.531765
0.54121
0.52476
0.514561
0.524451
0.533196
0.83515
0.853846
0.849405
0.845151
0.860764
0.841225
0.944077
0.945617
1.15772
1.80826
1.26765
1.44456
1.04009
0.997462
203.218
201.691
200.664
174.428
143.231
192.72
198.678
208.701
209.013
208.114
208.427
208.499
208.464
208.383
206.052
206.316
206.013
205.775
206.075
205.54
205.862
207.493
207.297
207.634
206.771
207.171
207.037
0.42688
0.413754
0.427213
0.424937
0.415039
0.434113
0.426728
0.427918
0.41722
0.429328
0.426759
0.418223
0.435331
0.428273
0.419548
0.431434
0.429467
0.43092
0.436904
0.428476
0.420417
0.43603
0.432426
0.422262
0.439692
0.450972
0.440519
0.432879
0.388811
0.400504
0.400158
0.41537
0.404809
0.409006
0.399305
0.40052
0.382826
0.394561
0.393043
0.381481
0.389981
0.391965
0.399075
0.382752
0.389833
0.388556
0.376406
0.385172
0.395446
0.388333
0.377855
0.384889
0.369352
0.378526
0.382227
0.390212
0.383235
0.379112
0.371695
0.382842
0.38913
0.40279
0.364245
0.377913
0.377719
0.389588
-0.108694
-0.134166
-0.0879767
-0.177904
-0.151773
-0.124331
-0.142666
-0.0719946
-0.0455426
-0.0612164
-0.0948071
-0.0642699
-0.0680281
-0.107106
-0.025435
-0.034586
0.0338141
-0.0738711
-0.0362467
0.0551297
-0.0272037
-0.0290751
-0.0856072
-0.131744
-0.00204963
-0.0940273
1825.89
1852.37
2474.81
1952.35
1769.59
567.912
2346.22
-0.0239424
-0.496098
-3.0359
-2.49815
-1.36088
1.56761
-2.24775
-1.59181
-1.47422
-1.18561
-1.25963
-1.13107
-1.11657
-1.3268
-0.181116
0.107985
-0.123318
-0.0904989
-0.0386541
-0.0938627
-0.0141279
-0.103775
-0.0555959
-0.13293
-0.0761288
-0.0158581
-0.0997975
-0.0796828
-0.101089
-0.0119753
-0.11794
-0.0638475
-0.0638649
-0.040342
-0.00745829
-0.0305118
-0.0433338
-0.0442906
-0.0593234
-0.0642592
-0.170695
-0.157191
-0.130657
-0.154243
-0.149466
-0.11119
-0.104662
0.0424983
0.0392067
0.0302439
0.0491962
0.0371674
0.0356763
0.0461987
0.0789529
0.0745006
0.0870136
0.0882734
0.0782023
0.0796479
0.0890035
0.118272
0.120178
0.131591
0.117683
0.10865
0.113676
0.122766
0.168009
0.177451
0.165133
0.16585
0.152308
0.168041
0.156349
0.174008
0.163904
0.167664
0.174574
0.177613
0.168947
0.175018
0.182268
0.179812
0.289943
0.295561
0.306791
0.276893
0.288097
0.286977
0.296301
0.31576
0.330689
0.326518
0.303867
0.293328
0.292973
0.28361
0.293371
0.275707
0.287526
0.347274
0.333569
0.336587
0.333254
0.346226
0.315261
0.37647
0.371531
0.388638
0.366751
0.356041
0.372804
0.375939
0.387043
0.376894
0.367738
0.416427
0.410663
0.426285
0.404351
0.395815
0.407251
0.412647
0.40624
0.404274
0.396023
0.506446
0.519469
0.501563
0.499501
0.485572
0.510099
0.498151
0.905274
0.924011
0.921688
0.929433
0.93
0.869508
0.88769
0.876601
0.870695
0.878994
0.887961
0.876002
0.951119
0.933721
0.929633
0.903582
0.926291
0.918173
0.928643
0.919317
0.895028
0.920349
0.933378
0.933278
0.953716
1.0033
0.955782
0.947468
1.01105
1.30227
0.969807
1.08018
2.52491
1.25552
1.85453
2.20799
3.51572
2.029
83.411
10.1831
13.013
14.8368
19.2673
15.0255
8.40246
206.082
206.519
206.224
204.692
204.795
204.653
204.484
204.593
204.586
204.616
204.771
205.164
204.751
204.762
204.652
204.643
205.311
205.104
205.323
205.379
205.248
205.431
205.484
204.889
204.707
204.791
0.509553
0.516978
0.508795
0.50431
0.49441
0.500619
0.509183
0.509547
0.514323
0.522308
0.488108
0.478607
0.475605
0.479663
0.48936
0.47231
0.483163
0.58914
0.597876
0.593099
0.613558
0.615279
0.608709
0.604648
0.544549
0.542509
0.561022
0.560487
0.545923
0.549451
0.564702
-0.407534
-0.429529
-0.404458
-0.187008
-0.487169
-0.487876
-0.39989
-0.355827
-0.306975
-0.290013
-0.409717
-0.363244
-0.393608
-0.25456
2.69859
0.307715
-0.138849
-1.39208
-0.886639
1.62455
2.09747
2.23839
0.364954
0.692233
-1.10515
-0.450617
-1.44774
-0.00495053
-1.26784
-1.16144
-1.0661
1.66881
12.3108
-1.2387
-0.761936
-0.283077
1.10301
-0.656463
1.18212
0.728574
-0.742826
-0.28388
1.95383
-0.231455
-0.36368
-0.234093
-0.410392
-0.290548
-0.148892
-0.500281
1.54513
-0.184709
-0.229643
-0.266004
-0.214277
-0.260023
-0.275604
-0.21946
-0.0674656
-0.0899022
-0.0787853
-0.0356563
-0.0129994
-0.0325164
-0.0101114
-0.0307448
-0.0222836
-0.0387533
-0.0361473
-0.00479758
-0.0309859
-0.0151353
-0.0173178
-0.00436843
-0.0216863
-0.0186769
-0.0175436
-0.00707009
-0.00107371
-0.00236218
-0.00177844
-0.00351778
-0.00438303
-0.00630013
0.0235548
0.0260401
0.0298733
0.0270255
0.0289309
0.0401384
0.0372104
0.0360961
0.0344431
0.132109
0.124016
0.123049
0.131131
0.120175
0.124398
0.133332
0.157942
0.166914
0.155697
0.165447
0.158607
0.160663
0.152837
0.195751
0.185555
0.184302
0.176323
0.186452
0.16886
0.179378
0.210484
0.220285
0.221038
0.230269
0.219781
0.224525
0.233965
0.203545
0.219897
0.213971
0.253986
0.268746
0.252191
0.258292
0.249051
0.239857
0.297585
0.293212
0.306807
0.310099
0.32137
0.322539
0.308293
0.319505
0.325974
0.315962
0.540157
0.554138
0.570108
0.568801
0.559281
0.590022
0.579709
0.624938
0.620398
0.602482
0.612253
0.607472
0.585723
0.593717
0.67686
0.663421
0.666249
0.700273
0.70544
0.687659
0.68919
0.751379
0.728007
0.729592
0.741398
0.71212
0.753997
0.729926
0.883695
0.860636
0.870768
0.851427
0.860109
0.879488
0.868715
0.997187
1.00675
1.00975
1.0133
1.03241
1.03094
1.01426
0.898181
0.920579
0.924894
0.953285
0.929638
1.06033
1.0556
1.03633
1.0636
1.08477
1.06809
1.04988
0.992934
0.980731
0.967442
0.943647
0.976108
0.964039
0.984761
1.03875
1.00767
1.00337
1.05576
1.04944
1.02176
1.01623
205.253
205.125
205.003
205.464
205.303
205.408
205.522
205.417
205.519
205.441
205.69
205.489
205.776
205.616
205.901
205.616
204.855
204.971
204.869
204.777
204.809
204.699
204.875
205.169
205.476
205.556
0.60403
0.61426
0.613461
0.616227
0.623882
0.610669
0.618171
0.572817
0.579533
0.572154
0.565541
0.572545
0.560217
0.568277
0.542154
0.542189
0.533678
0.553933
0.546079
0.548923
0.541646
0.573093
0.576981
0.584497
0.528292
0.537366
0.541744
0.529192
0.540163
0.539198
0.543479
0.538083
0.537263
0.529739
0.555954
0.56027
0.548943
0.54221
0.534691
0.549221
0.543702
0.559017
0.55379
0.7103
0.60865
0.634608
0.56473
0.649767
0.537259
0.633564
0.541402
0.456175
0.417385
0.460456
0.386909
0.378498
0.326667
-0.0650183
-0.0423921
-0.067349
-0.0686628
-0.0938965
-0.078459
-0.0575378
-0.00646859
-0.0112654
-0.0123962
-0.00686722
-0.00707396
-0.0138776
-0.00428746
0.00319005
-0.00307877
-0.00801604
-0.000656443
7.5866e-05
-0.00278428
0.000214445
-0.00383114
-7.90066e-05
-0.000267284
0.000765898
-0.00131739
-0.00150652
-0.000345487
-0.00135815
0.000782357
0.00164648
0.00204348
0.00247792
0.00272891
0.00454608
0.00251207
0.00140579
0.00280871
0.00419341
0.00377975
0.000354396
0.00673316
0.00593334
0.00138128
0.00467108
0.00253845
0.00414699
0.00476396
0.00225675
0.0069689
0.00788069
0.00545305
0.0697544
0.0631959
0.0662679
0.0667799
0.0705018
0.0692231
0.0629166
0.126248
0.139861
0.131716
0.131289
0.123179
0.111406
0.156042
0.164666
0.15382
0.152028
0.144107
0.158813
0.149853
0.142118
0.19221
0.185991
0.199187
0.203326
0.194383
0.205625
0.206529
0.198376
0.1938
0.204229
0.207444
0.20057
0.211317
0.212375
0.215855
0.202649
0.210153
0.251273
0.243759
0.248331
0.236945
0.247378
0.236096
0.245554
0.242386
0.242452
0.247608
0.235541
0.228422
0.23084
0.23736
0.268882
0.281183
0.284317
0.301438
0.28889
0.280565
0.290866
0.250591
0.264836
0.261526
0.247951
0.260994
0.266629
0.255418
0.366002
0.389229
0.374339
0.344783
0.360454
0.374594
0.361501
0.372359
0.348277
0.352395
0.34558
0.361969
0.374409
0.355436
0.448253
0.43296
0.423131
0.431564
0.418849
0.398613
0.416065
0.433021
0.451571
0.422553
0.412445
0.389267
0.495059
0.514879
0.537405
0.580157
0.56296
0.492505
0.512113
0.535155
0.551981
0.517319
0.538443
0.506197
0.51064
0.481956
0.499937
0.51975
0.500833
0.478405
0.691317
0.694182
0.716043
0.756237
0.764542
0.733501
0.732572
0.892471
0.915805
0.892443
0.953694
0.973276
0.952324
0.937623
0.910306
0.870245
0.89501
0.86069
0.855618
0.887401
0.900477
1.02945
0.995991
1.0089
0.983427
0.999831
1.00814
1.02724
1.05001
1.0746
1.09395
1.12987
1.10732
1.09628
1.07664
1.15542
1.14643
1.1568
1.13769
1.15695
1.14802
1.16077
204.833
204.818
205.012
205.577
205.79
205.584
205.492
205.233
205.41
205.547
204.732
204.663
204.775
204.632
205.008
204.809
205.938
205.582
205.632
207.009
206.96
206.967
206.967
206.577
207.077
206.773
206.189
206.611
206.501
206.735
206.488
206.363
206.176
206.58
205.7
158.295
205.733
206.553
205.757
145.629
203.872
190.562
202.663
202.705
42.1178
172.819
196.881
142.672
1.40552
0.52122
1.26252
2.17931
0.183355
5.09764
3.18515
0.123396
1.16206
0.741177
0.801498
0.685784
0.808195
1.03554
0.615861
0.720722
0.747067
0.83301
0.674742
0.691671
0.687541
0.650594
0.672804
0.672058
0.678324
0.670202
0.671484
0.675105
0.674082
0.672785
0.67787
0.674774
0.652372
0.646297
0.647386
0.65521
0.657396
0.648711
0.649265
0.644077
0.647415
0.643316
0.642665
0.637497
0.64122
0.644905
0.623097
0.61508
0.623856
0.627441
0.62178
0.625541
0.630825
0.612612
0.620504
0.619618
0.620698
0.624918
0.616267
0.620628
0.618053
0.613126
0.62144
0.628876
0.623981
0.592337
0.598523
0.599753
0.598253
0.603551
0.602838
0.608455
0.588811
0.596339
0.598527
0.595091
0.589048
0.621289
0.622412
0.614921
0.624696
0.629522
0.625155
0.620665
0.652746
0.650939
0.65591
0.652591
0.65149
0.649478
0.652658
0.660636
0.661137
0.663019
0.657887
0.65698
0.658827
0.659754
2.62288
2.17526
2.39004
5.48691
2.33042
5.53589
5.65106
203.467
203.353
202.735
5.58367
5.22363
5.9954
1.7023
1.61267
40.6065
10.1561
5.19573
1.16972
1.2937
205.816
180.489
192.997
190.328
194.655
200.899
206.554
0.671828
0.676151
0.669071
0.671385
0.670236
0.669471
0.664303
0.672365
0.678027
0.681583
0.658809
0.671175
0.671731
0.678194
0.695842
0.699913
0.707936
0.686364
0.68786
0.690132
0.691166
0.817443
0.879342
0.837864
0.842673
0.883887
0.892027
0.847665
0.992787
0.961642
0.993775
0.988337
0.957335
0.966551
1.00475
0.795049
0.905858
0.847281
0.873841
0.818434
0.865696
0.957734
0.849289
0.918642
1.06772
1.03336
1.04904
1.20641
1.14141
1.13603
1.18829
131.797
51.1944
947.05
39.7991
46.2389
48.3357
78.4021
344.627
1348.35
176.988
37.3404
129.451
382.311
105.928
1479.99
1121.33
1655.88
1603.26
1407.07
1690.22
654.011
42.3777
241.517
47.8164
62.1706
62.676
220.284
809.431
2.19484
4.24756
0.935747
4.67297
1.24371
-0.159712
0.0263315
-0.0676634
-0.230705
-0.208923
-0.0727105
-0.124887
-0.059181
-0.054526
0.0258096
-0.0503274
-0.103309
0.0600858
0.0586845
0.067955
0.0587845
0.0455467
0.0565394
0.0655704
0.0282029
0.0379191
0.0389534
0.0445312
0.0301375
0.0241088
0.0363558
-0.00500692
-0.00677677
0.00716218
0.00190313
0.00149144
0.0168681
0.0135278
0.0294875
0.0405857
0.033752
0.0329253
0.0254056
0.0259437
0.0344984
0.0310002
0.0364825
0.0284461
0.0344384
0.0258681
0.0222053
0.0294712
0.0226098
0.0224319
0.0286359
0.0295952
0.0237107
0.0114548
0.00672888
0.00583308
0.0131437
0.0087015
0.00890857
0.0124786
0.00080976
0.00332729
0.00535733
0.00842493
0.0132927
0.00905656
0.00364952
0.00711674
0.0053401
0.00958521
0.0125196
0.00775012
0.00324755
0.00328787
0.00107797
0.00490959
0.0074105
0.0158381
0.0110209
0.00810889
0.00491725
0.00113271
0.00640047
0.0044623
0.0367356
0.0250526
0.0313407
0.033544
0.0268738
0.031551
0.0359251
0.029593
0.0226226
0.0308605
0.0299318
0.0387504
0.0329835
0.0395074
0.029203
0.0170405
0.0249633
0.0534219
0.0636527
0.0520103
0.0564193
0.049317
0.0412455
0.0649102
0.0722288
0.0724468
0.0822004
0.0750903
0.0625535
0.0691613
0.0755439
0.0711256
0.0727697
0.0814431
0.0712954
0.0717903
0.0653771
0.0750528
0.0698481
0.144628
0.131108
0.13065
0.120203
0.128844
0.133996
0.124971
0.145074
0.140937
0.141054
0.130017
0.135058
0.131552
0.137401
0.140082
0.154291
0.148002
0.150305
0.140525
0.149962
0.138119
0.179041
0.16356
0.174229
0.151876
0.157651
0.197271
0.199101
0.190218
0.187081
0.199322
0.195322
0.184415
0.18536
0.187423
0.191292
0.175715
0.170616
0.17445
0.179402
0.211205
0.223964
0.225792
0.242306
0.228662
0.23336
0.222123
0.178701
0.168173
0.185668
0.170875
0.192716
0.205021
0.221062
0.227545
0.200176
0.191811
0.210366
0.215741
0.247769
0.250156
0.23475
0.236446
0.252731
0.246055
0.231349
0.176563
0.168646
0.196353
0.178526
0.156278
0.159446
0.183204
0.169082
0.197834
0.187209
0.218143
0.169636
0.186215
0.152135
0.18177
0.151341
0.249173
0.249578
0.23276
0.208415
0.210567
0.22983
0.224089
0.238109
0.187715
0.244876
0.233736
0.294648
0.301469
0.278168
0.293986
0.259714
0.244303
0.252412
0.267707
0.313568
0.387139
0.417642
0.382437
0.434471
0.49395
0.443162
0.868875
0.886837
0.816364
0.7873
0.785737
0.840499
0.833833
1.12801
1.2094
1.17022
1.35493
1.27589
1.2652
1.21426
1.09096
1.13343
1.05163
1.03023
1.00296
1.08374
1.05572
1.48305
1.39525
1.44714
1.38963
1.45467
1.4105
1.47118
1.26574
1.1822
1.23218
1.34146
1.27928
1.22095
1.17376
1.2121
1.17549
1.21206
1.19818
1.23123
1.2255
1.26214
1.2474
1.20345
1.21221
1.23689
1.22839
206.928
206.98
207.129
206.041
205.735
205.739
205.786
205.715
205.736
205.468
205.817
206.238
205.844
203.707
204.233
203.655
202.66
203.398
203.706
203.127
204.984
205.849
206.016
205.908
205.833
206.215
0.660911
0.664794
0.660147
0.657298
0.661295
0.652953
0.657372
0.640956
0.641045
0.636309
0.648299
0.643339
0.644723
0.640659
0.661416
0.666392
0.661505
0.665805
0.662154
0.633153
0.638146
0.640466
0.652997
0.656531
0.660742
0.670014
0.667395
0.659581
0.657563
0.658201
0.621901
0.628938
0.654686
0.739784
0.820375
0.64821
0.679767
0.692974
0.69345
0.683064
0.747993
0.701867
3.76644
0.863842
1.41676
5.56501
3.98984
2.38045
173.452
112.986
181.017
184.922
174.001
188.451
186.059
199.766
198.125
198.253
197.438
198.525
197.463
198.148
198.54
198.077
198.219
200.385
200.799
200.925
201.961
201.056
201.361
200.875
200.426
201.536
201.211
200.565
199.911
200.395
203.721
204.029
204.58
202.741
202.911
203.681
204.027
204.806
204.369
203.385
206.143
199.311
171.034
206.356
204.066
199.85
198.399
-0.243443
-0.303249
0.712909
4.3371
29.6036
1.05157
0.904392
0.804059
0.814317
0.643461
0.876519
0.885993
0.815693
0.77291
0.912295
0.900745
0.833117
1.01702
1.03382
1.00712
1.01268
0.996471
1.02987
1.01452
1.06215
1.0631
1.05165
1.07605
1.08614
1.08061
1.07084
1.0782
1.0512
1.08004
1.10629
1.07984
1.08559
1.0665
1.10287
1.07218
1.09063
1.10032
1.11748
1.1367
1.12476
1.15992
1.14644
1.15162
1.17945
1.1751
1.18203
1.23146
1.22371
1.21746
1.26038
1.26762
1.22833
1.44219
1.45666
1.4869
1.51382
1.474
1.47785
1.4514
-0.044368
-0.081758
-0.0680251
0.0300988
0.0341126
-0.00918849
-7.55975e-05
0.0505036
0.0282649
0.0399908
0.0182672
0.0417008
0.0529498
0.0367817
0.127497
0.131729
0.155125
0.14433
0.120708
0.128399
0.153639
0.0944433
0.0854231
0.0842006
0.0816106
0.0920984
0.087269
0.0978664
0.0790523
0.0916225
0.0890714
0.0898348
0.101388
0.0988248
0.0883078
0.13561
0.124647
0.134016
0.126248
0.139688
0.121279
0.133961
0.0825059
0.0952216
0.0864845
0.0967253
0.0993493
0.0891715
0.0850213
0.0901645
0.0905423
0.0838082
0.0790747
0.0915688
0.0878753
0.0790106
0.0648813
0.0590268
0.0626104
0.0682647
0.0720388
0.0643862
0.0589119
0.0664709
0.0679845
0.0809139
0.0696546
0.0722643
0.0804905
0.0726385
0.0708198
0.0756835
0.00650559
0.00998771
0.00533641
0.00354552
0.00439179
0.00591474
0.00635067
0.0117734
0.00708776
-0.00173311
-0.000904873
0.00799757
210.257
210.052
209.815
209.963
209.287
210.146
210.483
210.334
209.926
209.998
209.343
209.855
209.806
209.207
210.042
209.165
210.137
210.096
209.169
210.583
210.201
210.853
0.00683719
0.0174512
0.00568283
0.00988821
0.0141704
0.0160535
0.00978811
0.0161175
0.00850083
0.0133523
0.00140144
0.00140601
0.00608137
-0.0241755
0.295432
0.570409
0.0103292
1.06011
0.496651
0.154241
2800.18
2774.23
2828.26
2778
2741.29
2851.52
2834.34
2868.25
2855.7
2853.85
2838.48
2872.03
2779.95
2865.98
0.218553
0.055911
0.28033
2726.06
2822.36
2758.22
2758.74
2766.63
2761.97
2757.88
2757.89
2767.68
2782.86
2795.76
2766.63
2750.05
2760.23
2762.69
2767.78
2756.13
2750.84
2760.11
2764.34
2743.69
2765.65
2761.3
2770.99
2756.38
2751.56
2746.59
2754.38
2759.94
2755.27
2756.76
2783.95
2772.44
2759.02
2750.78
2723.56
2753.2
2750.03
2757.91
2748.82
2753.64
2764.66
2755.24
2755.32
2705.83
2749.01
2764.81
2252.51
976.019
2855.34
2845.86
2826.84
2895.99
2787.38
2797.59
2819.33
2857.81
2847.54
2852.05
2821.95
2826.64
2774.06
2828.62
-1.09848
-1.43924
-0.938625
-1.74279
1.96345
0.473881
-1.82554
2765.48
2783.43
2747.37
2817.09
2801.22
2815.79
2781.57
2836.15
2866.69
2804.5
-0.419575
-0.857314
-1.81126
0.0106024
0.0167931
0.0110827
0.00620831
0.00868429
6.53817e-05
0.0098281
0.0107482
0.00219425
202.53
202.37
202.259
202.238
201.841
202.378
202.337
202.314
202.265
202.169
201.459
202.171
202.996
202.441
202.439
0.00993774
0.0224851
0.0129729
0.00169919
0.00695708
0.00802752
0.283358
0.228991
0.147585
0.168473
0.83338
0.188228
-0.380082
0.252653
0.230559
0.194344
0.211821
0.179322
2396.07
2326.35
2175.42
2320.57
-0.208605
0.161554
921.589
390.306
1.17887
1.24578
0.765937
0.920491
1.56643
1.63841
2.2545
1.62792
0.0831509
0.0846934
0.0794361
0.0823738
5.84139
1.06848
26.5463
3.3596
3.24471
1.14858
1.16053
0.977714
0.530415
0.536926
0.600005
0.598117
0.190893
0.208245
0.173815
0.188636
0.433794
0.742515
0.458278
0.967317
0.149098
0.152037
0.156665
0.166121
0.135454
0.146577
0.126171
0.135022
0.98764
0.938488
0.933889
-0.937612
-0.912489
-0.450796
-0.437844
1.62977
1.64517
1.5054
1.51346
0.756805
0.881669
0.832252
1.01123
0.304909
0.318124
0.277873
0.290508
0.300027
0.303568
0.321173
0.331725
-0.154019
-0.234046
-0.086378
-0.136773
0.610495
0.608404
0.583916
0.583284
-0.0740307
-0.100561
0.0169303
0.0136156
0.0562845
0.0568442
0.0419183
0.0424993
0.982867
0.962262
0.932351
0.911106
1.09626
1.12192
1.07587
1.11117
0.0590839
0.0509653
0.0787733
0.0740286
0.604375
0.582996
0.595458
0.574617
0.492512
0.482655
0.525162
0.512294
1.52714
1.12456
2.46493
1.96573
0.290333
0.292985
0.313599
0.310635
0.0873147
0.0925106
0.0716005
0.258749
0.261069
0.241426
0.240277
0.838474
0.76735
0.776454
0.849894
203.307
208.743
182.723
206.487
0.194532
0.200341
0.176305
0.182507
32.0594
29.5206
194.379
194.794
0.689108
0.681117
0.682824
0.662044
0.57168
0.558
0.570477
0.557718
0.0534018
0.0489813
0.0630499
0.0566352
0.0196247
0.0147312
0.0119044
0.00863433
0.0667617
0.0561842
0.0676972
0.0586697
0.0513976
0.0346137
0.0142132
0.0141297
0.53318
0.520919
0.534688
0.523197
15.0628
1.05744
-0.962945
0.943208
0.0668891
0.0643547
0.0647826
0.0676814
0.141829
0.150321
0.151955
0.35335
0.329572
0.976042
0.973059
0.947116
0.938422
1.09662
1.06375
-0.180891
-0.129914
-0.0856071
0.355082
0.34864
0.324349
0.330191
1.12619
1.07754
1.12286
1.28309
1.28677
1.25427
-0.982387
1.12276
0.361402
0.64783
0.635552
0.633674
0.643608
0.673471
0.151025
0.14986
0.130056
0.136459
0.120297
0.114428
0.12348
0.114089
0.133554
0.125436
0.833377
-0.503638
0.255243
0.096623
0.0953095
0.128865
207.476
0.28917
197.906
0.974887
0.328681
3.8744
4.66014
0.601015
1384.13
0.471186
0.284501
-0.120511
0.646268
205.055
203.423
-0.176517
0.136048
1.08959
0.075761
0.953782
0.252744
0.0140773
0.225436
0.293483
0.212239
0.16402
0.942575
0.222065
208.102
1.02054
-1.54714
0.115366
187.203
0.283036
210.298
-0.344112
20.6038
154.079
175.205
0.0826629
208.163
205.484
204.342
0.668736
205.963
0.429327
207.976
0.977061
141.55
206.51
186.544
0.658816
0.655489
0.647768
0.585992
0.641083
0.657255
1.20014
0.665123
0.667308
0.678894
0.651782
0.0801279
0.782838
0.753928
-0.282327
0.75409
0.687482
0.805206
3.45109
0.0530145
0.662914
0.678552
0.646915
0.874891
0.700501
0.437972
0.677483
0.674915
0.718409
0.737013
-0.14199
0.655263
0.689518
0.677361
0.706834
0.592425
0.6603
1.10184
0.716675
0.725296
3.30471
0.660748
1.19344
0.75352
0.732971
0.741014
0.72223
0.735409
0.770759
0.729306
0.755378
0.786738
0.651991
0.797998
0.544411
0.828923
0.825206
0.838262
0.772517
0.779605
0.790567
0.806688
0.63308
0.826765
0.842908
0.818018
0.835012
0.861044
0.80397
0.764861
0.074055
0.0361654
0.823277
0.0739369
1.09936
175.459
0.707445
205.205
39.9124
7.69384
1.55328
0.0956974
154.311
1.21727
0.801209
0.779909
5.28917
152.209
0.662669
206.157
204.796
0.0947777
206.141
0.112197
0.829914
165.194
0.766052
18.0056
0.148336
0.0352466
0.0983895
0.92279
0.57124
0.617704
19.515
0.656642
204.002
176.142
208.279
0.816039
0.609084
0.0320696
0.779795
0.792152
0.120914
206.239
0.0614082
208.287
22.5451
206.307
209.433
1.2692
1.59714
6.1539
3.57327
1.73053
7.01693
0.867985
0.863621
0.874251
0.805871
0.853233
0.779551
0.783323
0.809918
0.0554917
0.0949689
0.863801
0.503743
0.122953
1.04134
0.970184
0.872754
206.64
0.487368
0.993846
0.252175
0.939587
0.956343
0.973581
1.0544
205.281
0.482487
0.936595
0.871314
10.3471
0.987216
0.953524
0.903305
0.473412
1.15491
1.1432
1.13146
0.652009
1.11667
0.0486121
1.16662
0.187107
1.1518
1.14874
1.11767
1.00971
0.115748
0.0599157
1.18814
1.15287
1.12596
1.09265
1.01977
1.18642
0.886241
0.920163
31.3303
1.05749
0.664781
0.230023
1.07667
1.1
1.31466
0.838304
1.15321
187.713
165.189
2.03104
1.16557
6.33971
1.16033
0.90741
18.1526
0.821761
208.413
184.697
188.397
0.677035
0.287967
207.226
0.487322
1.0443
-0.148773
207.661
12.8995
175.47
164.576
204.821
2480.6
194.982
1.07564
207.1
1.62481
-0.437109
-0.203166
0.382635
0.327209
0.661554
0.161571
1.11635
1.25369
-0.184077
-0.545613
0.529156
1.52127
1.01361
0.471393
1.18398
1.67611
0.248852
-0.304621
1.64187
2.02283
0.968198
2.64174
207.051
1.86632
3.88148
1.29429
1.28832
2.13086
1.72413
1.29519
1.33786
0.546104
1.40915
1.55243
2.23837
1.2767
0.0826685
1.38387
1.31699
0.140764
1.07579
1.22344
0.261276
0.598967
1.18438
2.03963
0.0559313
1.46118
1.52941
1.35322
1.12643
0.141333
1.17318
0.653224
0.44584
205.599
1.26603
1.09578
1.45747
0.685649
0.781528
1.21795
1.25785
1.2571
0.961388
1.52179
0.410011
1.09156
-0.247114
0.168421
0.0877804
204.168
0.76255
204.892
0.00838662
0.501237
206.102
1.29207
0.504917
1.68594
0.468726
1.14848
0.530147
0.133551
1.70434
1.22217
0.979977
1.22616
0.390712
1.14538
1.20464
0.796267
0.851854
0.993828
1.15817
0.837093
0.951477
0.86089
177.827
1.26366
0.862412
0.793428
0.228099
0.524855
0.667966
0.820958
1.07543
0.721405
0.842886
0.826651
0.903299
1.23337
7.23638
1.05068
0.583749
1.26491
0.454517
0.606656
0.820831
-0.895107
0.681669
0.448714
0.179225
28.4179
0.211965
0.412603
0.381869
0.343106
0.299651
0.313057
0.62673
0.107699
0.524707
-0.0831596
0.632494
0.312906
0.591673
0.373282
0.409499
0.495001
1741.41
0.403962
0.367292
0.580323
0.528506
0.547158
0.402299
0.575313
0.43063
-0.867701
0.43823
0.41637
0.714708
0.429937
0.374591
0.355002
0.722444
0.743604
0.731886
0.781738
-0.121065
0.409743
-0.0473062
0.379593
0.772289
0.757958
0.818324
0.736753
0.341622
0.65546
0.692553
0.715891
0.723994
0.752577
0.811961
0.712234
0.77432
0.7616
0.618416
0.702461
0.805432
0.555089
0.982285
0.552857
0.605177
0.471477
0.618157
1.06831
0.65596
0.633639
0.0603689
-0.679024
0.661615
0.718402
0.682868
0.613717
0.621666
0.65695
0.64423
0.627075
5.06684
0.361575
0.772927
0.753391
0.632099
0.758621
0.304439
0.636381
0.211752
0.584048
30.9214
1.03341
-0.084935
0.561798
0.548351
0.593385
0.5311
0.540821
0.569566
0.672509
0.564045
1.1166
0.588746
0.587055
0.537598
0.465273
0.530846
0.250651
0.614499
0.638044
0.61236
0.550836
0.616111
0.622054
1.23618
0.818775
0.50931
0.406863
0.454343
0.42453
0.452669
197.931
1.13684
0.471673
0.495813
0.366086
0.410527
0.421106
0.499044
0.932611
0.497384
0.509512
0.406015
2533.4
0.841578
0.66354
0.517195
0.414354
0.416714
0.659368
0.460231
0.380963
-0.281467
0.361727
0.37691
0.365985
0.639311
0.192842
0.849829
0.40019
-0.379992
0.378843
0.440213
-0.0172776
0.375423
0.280856
0.294038
0.403994
0.324652
0.33076
0.462428
0.326772
0.255302
0.169529
0.455696
0.572499
0.214837
0.320841
0.204182
0.258077
0.697051
0.258936
0.0399173
0.637502
0.66171
0.141005
0.558167
0.194149
0.215167
0.298857
0.105076
0.195583
0.184007
0.147686
0.0994522
0.101955
0.0909339
0.610877
0.29298
0.132786
0.483977
0.119396
1.06188
0.0675632
0.150303
0.0862639
0.0940801
0.104467
0.102598
0.181215
0.471412
0.220163
0.118146
0.107355
0.159299
0.178286
0.0304655
0.0754472
0.072425
0.0509646
0.057542
0.12459
0.102835
0.0965078
0.27892
0.0964607
0.0283223
0.0348639
0.0627123
0.0786187
0.155733
0.0212282
0.00963074
-0.021169
0.143735
0.143139
0.15845
0.0987205
0.0934694
14.3001
0.0647883
0.0883675
0.630618
1.15911
0.561394
0.21386
0.670239
0.259965
0.461568
0.322298
0.303998
0.412603
0.292209
0.333466
0.29151
0.337501
0.281558
0.2734
1.25432
0.107512
197.106
0.223143
0.218683
0.0598866
0.114552
0.246607
0.163614
0.423508
196.984
195.677
0.143155
-0.457153
0.0120055
0.0269095
0.0426331
0.0228024
0.274389
0.570808
0.258541
0.0429949
0.0326264
0.0239748
0.0431273
0.0374345
0.0203387
0.0389358
0.0475499
0.0587014
1.11864
0.0250654
0.0888307
0.998302
0.0959473
0.0710422
1.00012
201.67
0.0147249
0.286598
0.289351
0.31069
0.0431884
0.105077
0.0920906
0.0498324
0.122866
0.0200576
0.4474
0.0572788
0.401407
0.0533714
0.0647164
0.152989
0.0381421
0.0202679
0.0343658
0.0171833
0.0506
0.0675359
-0.00926941
0.000778868
0.909292
0.642095
0.0490176
0.217815
0.63831
0.0848728
-0.00820179
1.06108
-0.050915
0.11791
0.279131
-0.0273068
-0.00780969
0.0459364
0.00535712
-0.0296602
0.381171
-0.0492166
0.255228
-0.173527
1.17497
0.084861
-0.0546589
-0.0616987
-0.0334956
-0.0720601
-0.0315905
0.448442
-0.00346779
-0.0296233
-0.127301
0.0136213
0.72868
-0.066924
-0.0249255
-0.017214
0.0557893
0.400813
-0.190941
-0.238726
-0.272241
-0.340562
-0.19438
-0.133681
-0.25552
-0.165551
-0.00857425
-0.0220146
1.05746
-0.115593
-0.38976
33.3978
0.821667
-0.26137
0.122226
14.0562
-0.0222379
0.255381
2.55144
6.29553
12.3928
16.0069
197.69
1714.44
2046.16
12.0884
2307.17
1871.76
0.222446
0.623581
204.942
-0.537297
0.0188914
0.256656
-0.35426
-0.180322
0.470438
-0.899144
0.53263
208.155
-0.0269816
0.0599421
0.0260792
0.0942577
1.35003
2906.66
2832.13
0.104637
0.00639384
201.934
0.0553067
0.00131443
-0.00144668
0.204813
0.108719
0.0730328
-0.293848
0.311726
0.128411
-0.270169
0.703237
0.702332
-1.35493
0.109539
0.111872
-0.0860283
0.0804626
14.2582
0.3011
0.087341
0.0985194
0.0587129
0.0186572
0.112746
0.078289
0.0842788
0.0533868
0.0180436
0.0247043
0.0177069
0.00273659
0.043721
0.195592
0.92261
0.0873348
0.111252
-0.0434707
-0.653089
0.101972
-0.0103331
0.161024
0.453669
0.184981
0.1904
-0.438455
0.0610777
0.124461
0.290996
0.337263
0.0699386
0.184779
0.698856
0.08579
-0.285601
0.0444158
0.604267
-0.0839793
1501.05
2036
0.160217
0.507882
0.219785
0.215927
0.44762
-0.4982
1.24881
1496.23
-0.565645
0.738667
2081.45
0.654319
1.27733
0.13238
-0.413872
475.598
81.5561
0.832034
0.743101
-1.10513
-0.518017
-0.829536
0.193396
0.187924
0.0711675
0.622245
-0.246434
0.0683681
-0.349957
1717.02
0.856042
0.543309
0.745222
0.0725877
3.01297
-0.0335499
206.788
-0.308191
-0.429744
0.922723
24.2833
12.5562
-0.254499
3.71068
1.08374
-0.000520948
0.213774
792.398
12.7322
26.545
20.4299
1458.72
0.340524
-0.343396
1549.43
1694.29
223.588
0.651414
0.0499065
866.011
-0.703379
0.141288
-0.558759
-0.92472
1.61738
-0.214983
-0.330389
-0.652501
-0.500209
-0.190112
-0.701279
1856.47
1635.82
540.25
-0.296882
-0.867668
-0.625241
1795.92
-0.339112
1855.21
1769.44
11.6654
5.26174
-0.2887
0.0607197
-0.306302
1043.04
1051.99
0.789133
0.0183298
870.114
1921.17
0.0729251
0.541586
1045.76
0.143637
843.695
0.471892
2264.32
3.30285
2075.53
0.11992
1994.26
0.0801675
0.108585
-1.89068
2.23448
-0.228302
-0.269123
-0.337152
0.517675
-0.225434
0.0466534
-0.38592
2197.61
0.205192
0.0743965
1186.04
-0.0974606
-0.822084
-0.049359
-0.544138
1917.03
-0.246434
1747.38
-0.295215
-0.215261
-0.130373
0.0122339
-0.0398916
-0.0152662
-0.0128331
0.0679898
1.25714
0.121152
0.308482
-0.0134125
0.0727091
18.4911
0.0795776
0.0483919
0.0819773
0.0418677
0.694763
0.0692662
0.0837902
1.3747
0.634963
0.0600763
0.235951
-0.0608917
-0.00255638
-0.0206355
-0.20346
-0.0411283
0.0846604
0.0222464
0.102372
0.0619161
0.268218
0.317139
0.283756
0.0711121
0.00385446
0.128207
-0.928669
-0.194469
-0.187294
3.60602
157.048
2.24493
0.119622
-0.0196252
-0.147617
-0.054066
0.115415
2781
-0.179903
-0.229074
0.439749
-0.567687
0.124715
0.484903
208.14
2855.15
0.8592
-0.0484368
-0.00930873
0.207472
-0.377621
-0.0875206
0.217256
0.0167408
0.0714806
0.492946
0.420411
1.21519
24.1707
0.491377
17.4349
0.551035
0.474354
5.34787
208.095
0.735019
2151.31
2542.84
0.684139
1890.18
0.667657
0.757549
-1.85576
-0.180214
0.387549
2669.56
2579.74
1735.65
2670.86
68.2352
2211.75
2057.77
0.918926
0.0736435
2445.67
-0.248722
-0.161951
2556.42
2508.08
1.12686
0.123111
1.97747
0.993477
0.225135
0.566059
1.39142
0.0633868
0.0377486
0.0784989
0.0822237
0.615338
0.246821
0.0824211
0.382398
0.0622477
0.0766336
0.0505913
1.02062
0.173364
0.0647796
0.249508
0.271608
0.0406939
0.134089
0.0911554
0.0655463
1.02223
0.0670566
0.135772
0.49085
-0.00100285
2850.6
0.0756728
0.0301031
0.263388
2812.18
0.0137437
0.0156996
2794.29
0.282982
0.037266
0.0511218
0.219116
0.40536
0.0147583
0.0718738
0.732765
0.0380515
0.211542
1.19732
0.0510234
0.0394895
0.0176328
0.034148
0.0588345
0.670482
0.035869
0.0635258
0.0194072
0.0488224
0.0921197
0.057467
0.0170789
0.0715946
0.0145549
0.107642
0.0726613
0.101105
0.212832
0.459472
0.0727639
0.0644512
0.0822571
0.0818414
0.0870975
0.0678773
0.333861
0.0911172
0.0807166
0.121447
0.465697
0.0578185
0.704208
0.0328132
0.0355944
0.654888
0.219482
0.0634678
0.0133321
0.0866878
0.042198
0.125532
0.201747
0.657112
-0.00900256
0.139162
0.0446902
0.077765
0.0873065
0.0923266
0.0142413
2327.53
0.0790805
1.33308
0.258054
0.231638
0.0176834
0.211186
0.218399
0.131594
0.298146
0.323779
0.308742
0.283759
0.327648
0.280782
0.272475
0.250516
0.218992
0.23918
0.301197
0.735573
0.0383876
0.0651281
0.169308
0.19921
-0.202928
0.341167
0.174786
0.122934
0.163775
0.326444
0.358233
0.339886
0.349371
0.31204
0.434536
-0.342601
-0.0096596
0.0791313
191.896
0.0959006
0.0877649
0.734394
0.717633
-0.438626
0.224396
0.185742
0.125053
0.220013
0.180052
1.60557
0.213528
0.194008
0.177845
0.226187
0.0780515
0.16045
0.139801
0.184819
0.196435
0.159658
0.154751
0.16494
0.185971
0.663352
0.0708303
0.0599322
0.175594
0.571585
0.0920903
0.169833
0.186456
0.997209
0.368131
1.1004
0.211902
0.0553616
0.128196
1.26888
0.0716144
0.0882784
0.153647
0.598262
0.289744
0.245125
0.221493
0.597908
0.142428
0.040969
0.35057
0.317877
0.347989
0.299869
0.668966
0.382273
0.390929
0.389859
0.198251
0.370529
0.373171
0.365564
0.371162
0.210747
0.363061
0.11468
10.4459
0.286851
0.428332
0.469608
0.315479
0.39706
0.27717
0.637724
0.445055
1.0095
0.545242
0.508756
0.501341
0.516902
0.513537
0.477083
7.10751
0.513185
0.500934
0.548974
0.499541
0.538261
0.407797
0.46604
208.757
0.532961
0.524442
0.356231
0.267981
0.420878
0.426929
0.439022
0.509268
0.51455
0.0545924
0.513076
0.279464
0.439517
0.317129
161.945
0.275715
0.498445
0.502706
0.424277
0.437325
0.392164
0.470889
0.474179
-0.329502
0.102968
0.438836
0.419742
0.408998
0.568179
0.569078
0.590944
0.415619
0.537078
0.522842
0.610369
0.612593
0.643372
0.596159
0.66191
0.655265
0.538917
0.550685
0.632287
0.437148
0.204804
0.515054
0.490357
207.26
0.429978
0.412567
0.54943
0.726213
0.721231
0.736224
0.779226
0.781691
0.73124
0.698809
0.443648
0.761705
0.709312
0.0344712
0.774016
0.570485
0.689659
0.699503
0.770229
0.663674
0.645207
0.594697
0.696155
0.641082
0.653695
0.649302
0.66661
0.651854
0.690977
0.628785
0.655805
0.583078
0.609263
0.106118
-0.495459
0.636626
0.634622
0.66558
0.605788
0.657459
0.647977
0.63239
0.482698
1.04788
0.673073
0.054182
0.53492
0.621444
0.682562
0.629775
0.671816
0.571326
0.593945
0.667731
0.25061
0.48044
0.624342
0.756954
0.575409
0.562533
0.576055
0.486165
0.593385
1.15031
0.602345
1.37114
0.645112
0.793977
0.645235
0.443929
0.644499
0.656178
0.6505
0.642933
0.652759
0.653362
0.490393
0.711357
0.655463
0.646833
0.626576
0.371376
0.648961
0.616575
0.638394
0.595814
0.57705
0.547138
0.497979
0.620248
0.67629
0.654092
0.662774
0.655251
0.198949
0.65616
0.667632
0.631517
0.650285
204.371
0.646447
0.602827
0.659137
0.642526
0.66043
20.0918
202.446
198.891
199.952
208.302
0.603926
0.652449
0.634893
0.408572
0.52661
0.466359
0.301089
0.615246
0.626011
-1.49651
197.038
0.627301
1.13584
12.4043
0.638581
1.18549
0.499921
208.269
207.908
0.255619
202.651
201.804
149.537
0.628578
0.984646
7.32764
4.22115
205.182
0.0740891
205.019
0.75589
0.698552
103.972
0.73501
0.723759
0.722136
0.692974
0.702553
0.556801
0.694079
0.707766
0.686109
0.734897
0.724681
0.674751
0.077727
0.7133
0.677435
0.615605
0.680044
0.723524
0.784598
0.85923
1.20641
0.769968
0.398875
0.679996
0.75906
0.0991449
0.759133
0.854762
0.741732
0.745595
0.74938
0.906868
0.892852
202.802
0.694936
0.851957
0.858307
0.861272
0.862516
0.866
0.705353
183.096
0.872106
0.967896
0.907354
0.865545
0.761595
0.939968
0.882488
0.917638
0.931077
0.958889
0.850902
0.81783
0.873594
0.858939
0.800625
0.780244
0.664627
0.474453
0.833026
0.639517
0.85291
0.902103
0.845526
0.982944
0.947389
0.910714
0.850611
0.904609
0.96825
0.143646
206.374
206.725
206.564
0.812029
0.882309
25.073
1.43071
183.916
0.876113
0.0318257
0.996325
2.01119
0.828585
206.238
0.888457
168.37
205.159
205.563
0.99804
0.610154
204.618
170.044
206.098
4.55702
0.758305
205.181
205.388
208.137
0.726449
2.39436
207.56
12.626
2.57086
0.852995
0.570465
1.30585
1.267
182.478
0.947923
0.981112
205.812
1.14331
0.950164
197.331
1.35424
1.00512
204.24
-0.303091
0.646373
204.862
205.834
1.18697
-1.57849
1.20306
205.3
1.76985
-1.96587
0.690418
0.243628
0.72011
0.873085
1.00627
1.04217
1.08108
1.04153
0.664365
0.877556
1.04917
1.07118
1.09246
1.09735
1.09409
0.0305825
1.04463
1.01604
0.899652
1.18106
1.25287
1.03045
0.307668
0.95571
1.06824
1.1374
1.2728
1.27039
1.17384
-1.97785
1.08286
1.0516
0.736761
1.1641
1.11233
1.12646
0.652791
1.11566
1.1726
0.520196
0.745172
1.08816
1.18307
1.28105
1.38931
1.36728
1.50019
1.10218
1.14591
1.06191
1.34897
0.970013
-0.350038
1.08264
0.896107
1.1022
1.30294
2.03048
2.87582
1.10117
1.11314
1.21352
1.45605
1.50214
1.42322
0.577509
0.992345
1.24307
1.60988
1.82084
1.111
1.14039
1.65309
1.50311
1.45879
1.69163
1.43505
1.22702
1.88135
1.35328
0.991662
1.7279
-1.23006
14.7929
-0.410759
2.57604
1.92611
0.949202
0.111807
2.23559
2.13157
0.135374
-1.32098
-0.00790329
0.128742
-0.0942461
1726.62
1.32977
1.19417
1.36779
0.350046
2.32552
1.40276
1.34539
-0.693936
-1.40437
0.802889
1.28817
0.0444406
0.81558
0.682145
0.647124
0.708177
1.38647
0.555928
0.305881
0.240142
0.745215
0.686337
0.9178
1.71584
0.767168
0.383643
0.357621
0.430267
0.114621
0.498396
-1.42086
0.213066
0.487675
2.61826
0.41937
0.107708
0.440779
0.499284
1.88758
0.0166569
0.572331
0.468488
0.774118
0.817725
0.662413
0.795502
0.670259
0.684952
0.779446
0.760022
0.605764
0.735861
0.559721
0.747648
0.626262
0.795211
0.583331
0.5742
0.519162
0.852993
0.772765
0.871044
1.12958
1.08933
1.07294
0.980393
0.991388
197.806
0.264711
0.936714
0.983982
0.942601
7.26001
0.0331539
0.9299
0.645046
0.0914732
0.594889
0.390057
0.215528
0.677139
0.863106
0.915677
0.817239
205.366
0.740633
0.129774
0.882683
0.232203
0.825556
0.733662
0.115416
0.752405
0.902448
0.584386
0.53676
0.855075
0.749351
101.618
0.726022
0.639628
1.51173
0.910011
1.10094
0.754107
0.353136
0.383005
0.35465
0.687285
0.444762
0.604172
0.0665792
0.356735
0.173036
0.878521
0.133511
0.802764
0.701223
0.87567
0.85576
0.195478
1.1847
-0.739399
0.69243
0.589258
0.102208
365.155
2.07667
1.01958
-0.369478
-0.7804
0.403172
0.857111
0.845991
0.569944
0.641117
1.76909
5.23566
1.19783
1.22372
0.797332
1.10279
0.119948
0.868764
0.0982597
0.296499
1.18979
205.303
0.674232
0.756777
204.561
0.692593
1.06374
1.26118
206.895
206.776
1.66217
0.659219
1.19739
204.623
176.22
0.824311
0.674145
2784.29
0.875417
204.656
205.781
196.096
11.8926
0.856494
3.49757
189.242
0.866876
178.965
0.968483
0.905776
207.368
0.904991
0.00974414
0.90557
0.744341
0.260327
0.917221
0.874622
0.819405
0.678337
0.908476
0.0108317
0.671943
0.833826
0.891876
0.752836
0.833223
0.800023
0.822761
0.633351
0.810028
0.653209
7.14793
0.657333
0.772139
0.69225
0.830652
0.772884
201.436
0.431147
0.911154
0.9352
0.870052
204.449
2447.08
-2.07209
0.679686
205.726
205.423
1.38386
13.3319
0.982941
0.572961
2.47567
4.36923
208.144
195.626
0.831381
175.894
144.523
1.11744
0.787026
1.15038
0.565536
23.0545
0.212494
208.624
0.681937
207.947
201.313
0.639638
0.62962
0.65912
-0.356875
0.250223
146.429
1.03787
0.106247
0.639188
0.669244
0.700499
0.59585
0.925027
0.631525
41.2501
0.640179
0.665858
36.4208
0.672383
0.59336
0.653587
0.667233
0.7919
0.669986
0.686916
0.671852
0.701328
0.67783
0.862535
0.831967
0.511773
0.835013
0.504756
1.56301
0.888942
0.833812
0.630789
0.193843
0.833985
0.477251
0.422339
0.524465
0.521162
0.725278
0.46435
0.26397
0.481359
0.528077
0.476384
0.495004
0.58295
0.60653
0.638208
-0.105663
0.619698
0.540518
0.443204
0.61297
0.444846
0.604673
0.481582
1.00679
0.216201
0.157273
0.194693
0.327293
0.305607
-0.0707786
0.241319
0.257188
0.201543
197.867
0.205329
0.849276
1.51111
0.227326
-0.0719125
0.879134
0.0449813
1.37243
0.340571
0.130031
1.02698
0.103744
2101.49
1.06338
2148.99
-1.50696
0.724746
0.0704069
0.558202
0.968684
0.305392
0.711277
1.03597
0.802995
1.20773
204.726
-0.327741
0.101464
-0.0347894
0.685994
-0.0405515
0.88412
-0.143604
0.810915
0.212325
0.0512482
0.0315658
1.15699
-0.0725665
0.254779
0.656426
0.834599
0.114442
-0.0644501
0.624496
-0.426862
3.05967
-0.063075
0.202871
0.0142164
0.0278815
-0.157861
-0.0081318
-0.092058
28.0999
0.63679
-0.144293
0.949191
-0.501496
0.245082
-0.834833
1521.6
2.27117
-0.408626
-0.694703
0.236181
119.08
0.108253
-0.0927859
0.484531
0.0849619
13.8471
0.0757057
-0.128616
759.888
0.0180173
-0.0402057
1.0037
0.183018
-0.0457132
976.841
-0.279526
2695.03
-0.016359
0.131621
-0.189517
0.0937139
1896.42
2135.46
0.37092
0.0830775
2.45567
-0.0348539
0.226866
0.227338
-0.0315767
2709.48
-0.463429
0.576115
0.0864336
-0.679441
0.0612661
0.0186586
0.103737
0.158005
0.0705199
2651.07
2800.9
40.4217
0.194829
-0.297716
0.0146719
0.835587
0.113855
0.565236
-1.38577
0.0534903
-0.198652
0.136368
0.33669
2021.49
0.00774677
0.0718326
0.00386881
-0.0636704
0.00999708
-0.0225133
0.0753166
-0.387409
0.0928118
0.00975751
0.0949686
0.720731
0.0169916
0.244517
0.0269976
0.0439603
0.0242424
-0.12122
1.09307
0.04363
0.0521249
2783.28
0.295926
0.276391
0.198976
0.307057
0.10677
0.432242
-0.00722185
7.16372
0.356406
0.0260004
-0.0423581
0.564089
0.229239
0.151704
0.085681
0.157562
0.129421
0.0312756
0.259312
-0.295159
0.0816242
0.641726
0.191499
-0.284828
-0.112733
0.238786
0.286318
0.0682656
0.00184484
0.0519892
0.147477
198.304
0.473364
0.75658
0.110581
0.363052
0.116962
0.18259
0.464214
0.177656
0.120403
0.309097
0.461736
0.0520193
0.378432
0.634096
0.118213
0.170345
0.181627
0.0800286
0.785461
0.445023
0.490985
0.654699
0.420315
0.471273
0.492179
0.212848
0.550867
0.14529
1.51689
0.523323
-0.067929
0.698884
0.69761
0.724578
0.0927908
0.630097
0.133637
-1.58927
0.685502
0.600615
0.951479
0.0788817
0.646954
0.637635
0.716986
0.545929
0.623591
0.768536
0.640785
0.0800952
0.590366
0.804062
1.84447
0.478053
0.573893
0.788991
0.667933
0.667421
0.273652
0.505239
0.59492
0.684049
0.751876
0.0615452
206.8
0.533812
0.133754
0.114977
0.597237
0.661339
1.00155
0.611682
0.14866
1702.1
-0.274901
0.481546
0.750356
0.407179
0.191129
0.135856
0.437568
1.43323
-0.587343
0.345
0.879901
0.0815465
0.793967
0.160634
0.119534
1.12855
0.387192
0.126321
0.646457
0.88477
1.15392
0.173465
0.540556
1.05215
2797.13
0.942978
1.16385
0.359472
2.99329
2.88869
0.0928146
-0.24165
0.0663458
204.41
1.07125
9.55301
1.1387
1.07141
0.723283
206.509
0.0796311
1.09757
205.024
1.19822
0.981956
0.703368
198.256
1.13863
0.11699
1.01962
0.938179
0.0288272
0.642379
205.173
-2.26746
1.18506
206.63
192.987
0.841957
0.915632
0.875107
0.747628
0.359571
0.694276
0.0388944
1.89174
0.825394
207.929
10.5185
43.0678
1.33721
1.1999
0.800317
5.21251
207.737
207.033
0.932271
20.5496
2.44094
-2.01079
4.51523
0.835313
0.227217
0.862475
0.971078
0.65934
358.73
0.657687
0.785072
0.793421
0.898604
9.9569
202.333
0.752989
0.339827
0.806096
0.111793
26.02
0.15923
0.76968
0.398841
0.608451
-0.490149
0.746454
0.742235
0.0183731
0.631538
0.596511
-0.200687
111.724
0.561707
0.266984
2.92277
1.48497
0.227704
0.029629
1.21594
0.00498427
0.57963
0.717493
205.357
0.836646
507.557
0.606935
1.13369
0.827271
0.720152
0.58144
0.343879
0.0491162
206.279
0.932249
0.877423
1.14104
0.805983
0.190293
0.816541
207.708
0.231407
0.69218
0.689876
0.138951
190.537
0.592278
1.53617
0.0954341
0.514983
0.81952
0.378932
1.21363
1.16277
0.769335
1.18169
0.258054
0.244566
0.427817
0.668993
0.446393
0.665709
0.296682
0.394242
0.116983
0.182601
0.14491
0.111412
1.09963
0.324039
0.331318
0.407942
0.982541
0.126239
1.98939
0.397385
2698.7
-0.0454181
1.01116
1.91167
0.33419
0.214018
0.585699
1.9645
0.115116
2337.24
0.170725
0.0616703
0.832483
0.28566
0.169192
0.271739
0.986615
0.964667
0.0420263
0.186908
0.549629
0.358722
0.204476
0.105516
0.525025
0.6324
0.929785
0.167042
0.129808
0.142615
0.0650185
0.867918
0.745147
0.276875
898.928
0.315511
0.850881
1.12446
0.441325
-0.243753
0.626473
1.1343
0.708342
0.706507
19.2249
1303.12
-0.0875188
0.672479
0.0593528
0.0906741
0.329566
0.0352256
0.800763
0.669636
0.652754
0.54991
2750.42
0.695693
0.945858
-1.81098
0.401105
0.790734
0.127071
0.116355
0.237445
0.704184
0.682004
0.64008
-0.395085
0.319188
0.992047
0.51046
-0.018198
0.680942
-0.227126
0.556863
0.0789394
0.320885
0.745958
450.071
0.5487
1.20579
0.0031723
-0.218555
-0.141348
0.627483
0.11524
2790.32
0.383338
0.56844
10.4717
0.102739
0.579808
-0.508142
0.482593
0.127818
0.473422
-0.00239262
1.24994
0.729665
0.560675
1.16154
0.000133563
0.626326
0.310775
0.369855
0.80436
0.55609
0.673782
0.686604
0.072198
0.661673
0.598336
206.132
2.35402
0.0270298
44.5437
1.01487
0.699942
-0.185728
0.0341654
0.876997
0.645273
740.125
0.524588
0.110169
1.10761
-0.282481
0.158209
-0.971657
0.836098
0.169201
0.0625805
-0.179903
0.0953309
)
;

boundaryField
{
    FrontBackPlanes
    {
        type            symmetry;
    }
    wallz
    {
        type            fixedFluxPressure;
        gradient        uniform 0;
        value           nonuniform List<scalar> 
97
(
2790.56
2740.16
2759.83
2815.27
199.934
205.398
2.5897
205.66
207.825
0.0931775
0.0387822
0.0663399
0.676182
0.693034
1.72501
204.869
205.662
205.63
0.180109
0.152877
0.121364
0.610168
0.635071
0.65457
205.602
206.036
205.278
0.284294
0.248994
0.212496
0.525083
0.558049
0.585974
204.94
206.376
0.361542
0.320667
0.41019
0.450008
0.488367
206.013
207.297
0.400158
0.292973
0.333254
0.371531
204.751
205.323
204.707
0.509547
0.184302
0.219897
0.253986
205.776
204.869
205.476
0.573093
0.541744
0.131716
0.156042
204.775
205.582
206.488
0.62144
0.599753
203.467
5.9954
0.029203
0.0520103
206.98
205.739
205.849
0.661505
0.640466
0.69345
0.863842
5.56501
198.54
200.925
203.721
209.855
210.583
0.00568283
2726.06
2764.34
2749.01
2836.15
202.171
202.439
0.00993774
0.471186
208.163
0.0949689
197.931
208.095
0.0736435
0.440779
)
;
    }
    outlet1
    {
        type            fixedValue;
        value           uniform 0;
    }
    inlet1
    {
        type            fixedFluxPressure;
        gradient        nonuniform List<scalar> 2(0.00434125 0);
        value           nonuniform List<scalar> 2(2770.99 2764.66);
    }
}


// ************************************************************************* //
