/*--------------------------------*- C++ -*----------------------------------*\
| =========                 |                                                 |
| \\      /  F ield         | OpenFOAM: The Open Source CFD Toolbox           |
|  \\    /   O peration     | Version:  v2012                                 |
|   \\  /    A nd           | Website:  www.openfoam.com                      |
|    \\/     M anipulation  |                                                 |
\*---------------------------------------------------------------------------*/
FoamFile
{
    version     2.0;
    format      ascii;
    class       volScalarField;
    location    "0.35";
    object      p_rgh;
}
// * * * * * * * * * * * * * * * * * * * * * * * * * * * * * * * * * * * * * //

dimensions      [1 -1 -2 0 0 0 0];


internalField   nonuniform List<scalar> 
6576
(
2817.16
2793.25
2800.52
2806.62
2822.1
2829.47
2804.86
2808.05
2824.71
2815
2854.75
2839.17
2827.43
2836.69
2802.44
2808.85
2775.29
2802.91
2804.81
2850.97
2785.42
2843.69
2847.14
2800.82
2831.67
2861.18
2910.63
2826.28
2789.19
2792.08
2812.45
2772.56
2810.86
2833.4
2825.84
2848.09
2823.42
2850.21
2808.28
2830.23
2795.78
2787.17
2814.23
941.647
623.588
1467.49
760.843
977.835
1513.02
1581.15
1133.29
1377.59
0.206981
-0.0287571
0.113289
0.13503
-1.47846
-2.40238
-0.285119
-2.13805
-0.203582
-0.849265
1.91738
-1.97366
-3.04871
2.29826
0.523579
0.402832
0.281501
0.317676
0.445557
0.210469
0.210015
7.70225
7.30105
8.46906
6.19751
7.66825
8.46738
6.7209
11.7945
12.1026
11.6877
10.1231
8.3683
12.3178
10.4391
-10.2486
-10.004
-5.49767
2.28281
3.02145
-3.25606
-4.17766
-14.2081
-19.2549
-19.7821
-20.1106
-19.3142
-16.2013
-16.2357
109.465
205.211
69.4829
164.222
195.549
121.879
129.759
1198.73
1237.07
1222.93
1115.58
1287.99
1623.93
0.110971
0.0376344
0.0473725
-0.023803
-0.465304
-0.0194675
-0.0466331
715.676
2172.22
2504.13
2597.23
2563.5
2678.8
2579.99
0.440635
-0.219902
-0.0324427
-0.534454
-0.405101
-0.633973
-0.659255
-15.3899
-15.8827
-15.8519
-14.6371
-14.5752
-14.6089
-15.1926
-15.0305
-14.4873
-16.0588
-12.6462
-13.2737
-14.1836
-13.5284
-11.9093
-12.6459
-11.1368
-14.7866
-14.7422
-12.9831
-13.4191
-9.06088
-7.99952
-8.2141
-8.97713
-7.39963
-6.84705
-8.57756
-7.02906
-8.91307
-5.77147
-4.61028
-4.94065
-7.49458
-6.30211
-5.26775
-6.03139
-3.81262
-3.48997
-3.72759
-4.19883
-3.74334
-4.0817
-3.44315
-3.9071
-4.42539
-1.38633
-1.30105
-1.51619
-1.46431
-1.38169
-1.55868
-1.72757
-1.64448
-1.50999
-1.02641
-1.0463
-0.895398
-1.03459
-1.22314
-0.946874
-1.09787
-1.22416
-1.16562
-1.04959
-1.33228
-1.60523
-1.25354
-1.12705
-0.994189
-0.827618
-1.09951
-0.984653
-0.97006
-0.886949
-0.93072
-0.723174
-0.979415
-1.10191
-1.0064
-0.797181
-0.995416
-1.28897
-0.483624
-0.497631
-0.567423
-0.4905
-0.491775
-0.561402
-0.619628
-0.520153
-0.501044
-0.62666
-0.574382
-0.593561
-0.750874
-0.692607
-0.971553
-1.10785
-0.950463
-0.91518
-1.0092
-1.12174
-0.985951
-1.46593
-1.51845
-1.8172
-1.31758
-1.18344
-1.50817
-1.31207
-2.95349
-3.93763
-3.11965
-2.13287
-2.21433
-2.39001
-2.64009
-3.50102
-2.9956
-8.09784
-9.97789
-9.22865
-6.95141
-6.94946
-9.77105
-9.04368
-8.04703
-8.645
-10.117
-6.44153
-5.05668
-6.79594
-8.46112
910.322
986.791
777.126
1098.79
848.492
851.725
1270.01
766.498
1208.37
1142.29
1134.94
1113.69
989.784
899.519
906.309
763.119
645.19
518.826
589.317
628.159
609.424
615.334
694.437
616.563
628.428
1033.8
1073.24
1004.72
681.958
714.917
579.933
777.132
730.764
625.417
719.131
42.6201
38.136
32.8305
77.4505
38.6752
52.5271
74.7907
284.232
115.277
49.9507
80.7457
61.4543
51.5716
51.1989
46.8157
49.0995
4.54038
4.60098
4.81065
4.49817
4.75518
4.92195
4.87932
26.1789
28.5439
26.8899
23.8205
21.1955
24.0222
43.3053
41.7508
58.5332
27.1962
150.799
109.482
48.7984
58.5341
31.1193
50.843
184.584
196.675
235.765
192.98
208.922
390.779
445.086
413.077
226.578
429.538
832.894
408.029
461.692
551.637
352.606
573.835
1204.99
1039.68
1095.89
1292.47
1022.85
536.375
1039.76
1079.44
1357.87
85.9373
27.8182
72.8628
55.8702
114.895
50.9083
104.488
17.3413
11.282
14.1134
11.3425
14.3567
11.4101
15.8428
4.80842
4.68055
4.83568
4.51013
4.58846
4.62922
4.66043
4.7722
4.76989
6.24878
5.97456
6.29257
5.96285
6.26943
5.61373
6.25448
6.00911
5.2346
5.78262
5.02642
5.15171
5.84109
5.46957
5.62148
6.13605
53.9758
96.6688
259.681
120.064
45.315
31.0053
203.866
1439.34
1450.93
1471.06
1245.03
1373.09
1339.51
1471.07
-1.61527
-1.48685
-1.2205
-1.70586
-1.2855
-1.4618
-1.27947
-0.394275
-0.344761
-0.33292
-0.23358
-0.148797
0.0254848
-0.16104
-0.0263039
-0.213583
0.552643
-0.0960971
-0.01302
0.221942
0.558326
0.0166979
0.63127
0.11327
0.0372985
0.361117
-0.334441
0.108486
-0.110929
0.036449
0.669713
0.516883
0.122478
0.460899
0.0778329
0.559894
0.30866
130.636
127.082
230.244
136.574
130.733
131.48
155.501
54.8384
33.266
124.567
229.388
164.801
97.6164
236.546
240.032
230.227
241.391
248.005
218.853
172.226
258.668
222.693
229.374
225.334
151.626
218.015
238.973
237.456
203.63
248.441
107.317
111.329
114.588
193.599
4.71135
-0.0106921
5.49073
4.84694
1.41967
-0.94131
6.12506
5.73231
-1.64904
5.21852
-1.4894
5.80627
-2.7823
4.51321
-2.18706
-0.157276
-2.4287
6.21946
2.52403
5.45059
3.17052
0.478351
2.45103
0.427054
0.267057
1.12806
0.146805
-0.335738
0.295928
0.848881
1.46082
-0.225619
0.708664
1.67135
-1.38436
1.38987
2.21308
0.0406405
1.35962
2.66525
1.00766
0.0996784
0.187975
0.279402
0.295324
0.0793256
0.157184
0.125356
0.163908
0.232222
0.203983
-0.123176
-0.290251
-0.151009
-0.149977
-0.105455
-0.211611
-0.113159
-0.343398
-0.238499
-0.196257
-0.369899
-0.325603
-0.257686
-0.292278
-0.785352
-0.712449
-0.639223
-0.661045
-0.55351
-0.555312
-0.677935
-3.0506
-3.77528
-2.74174
-2.35549
-2.61348
-2.44862
-2.86468
-2.34842
-2.04193
-1.96944
-2.30324
-2.12162
-3.0173
-3.11114
-2.98494
-2.6477
-2.71354
-2.87784
-2.77885
-2.43226
-2.52948
-2.4976
-2.26378
-2.07455
-2.25638
-2.30527
4.27126
2.33381
3.62643
2.65624
2.22402
2.70544
3.61734
3.87732
3.78979
3.99777
3.3667
2.47342
3.68176
2.7602
3.59586
3.94331
4.25416
4.28278
3.53223
4.57742
4.29265
3.64358
4.22915
660.298
669.033
302.119
181.858
250.206
680.748
662.525
713.758
645.076
727.021
721.615
634.375
731.212
708.025
194.083
191.494
729.918
784.031
759.864
541.444
657.031
783.482
790.284
770.908
799.77
782.23
799.53
745.641
706.719
823.307
759.537
765.145
859.325
793.873
797.5
761.383
787.054
754.106
797.933
522.62
510.571
531.888
792.464
509.248
800.318
796.028
598.021
737.146
646.95
674.788
675.214
615.485
708.465
712.065
765.531
693.818
608.735
693.704
559.504
754.147
646.595
713.682
602.514
708.039
555.131
613.265
674.22
618.361
696.25
639.695
654.18
610.229
633.297
287.645
161.961
266.512
350.601
223.431
368.603
281.737
612.005
623.362
614.408
569.85
589.735
692.589
722.801
710.791
85.7988
179.123
115.817
84.3363
156.333
148.542
83.3353
507.499
337.889
379.566
186.44
219.687
817.875
582.206
627.53
805.947
389.034
497.858
816.34
684.577
632.244
1305.19
68.075
118.276
40.4031
103.68
42.9463
125.082
20.7801
391.668
283.133
278.584
289.225
356.94
216.786
123.703
225.991
197.593
511.554
369.458
357.3
31.5753
22.19
-16.6321
31.6478
36.196
68.562
97.5529
18.4346
33.5466
34.6632
162.168
131.678
109.826
137.583
156.995
2.98973
147.275
146.694
116.924
71.395
-37.2555
16.9654
169.022
63.4051
55.161
91.3417
57.9153
40.0111
133.958
27.5476
38.802
71.6401
96.9702
17.4767
19.7159
12.3219
22.3446
23.7615
14.5204
17.0964
13.9441
7.54606
9.60284
8.63666
10.6865
12.8089
12.7981
5.04344
4.93655
4.965
4.99484
4.90574
4.96434
5.00878
4.67993
4.61553
4.74308
4.67395
4.58421
4.54729
4.71231
6.17895
6.28539
5.53881
5.64417
5.51481
5.17468
5.38706
5.3833
5.06466
5.61208
5.09308
5.0764
5.14191
5.2534
5.49705
5.46006
4.76121
4.97213
4.83299
5.06163
5.14042
4.99431
4.96959
4.97179
4.80829
5.45941
5.50839
5.4799
5.53831
5.81439
5.8079
5.85653
-9.37433
-10.2546
-10.4255
-10.2042
-11.515
-11.6758
-10.5058
-7.33738
-6.39749
-6.19869
-7.3036
-6.52483
-5.87615
-6.2805
-6.08624
-6.79413
-8.28803
-9.78101
-9.79233
-6.31871
-7.41778
-4.8583
-6.22798
-7.74805
-7.97042
-6.1508
-2.33523
-3.14176
-4.96719
-1.99832
-3.20416
-3.2804
-1.36597
0.392149
-0.0297205
-0.978427
-0.614683
0.71216
-0.29122
-0.576005
448.105
415.853
265.975
445.506
448.017
428.705
369.911
55.2584
23.181
108.657
142.033
272.79
70.2006
415.58
295.16
258.765
197.249
375.233
496.779
178.513
361.188
382.92
478.897
483.423
172.173
68.7441
181.707
191.431
151.903
143.791
127.229
365.389
312.363
371.791
361.116
242.41
138.908
143.483
1.5278
1.41684
1.03806
1.07858
0.362925
0.527818
1.43146
5.47465
1.5976
7.24621
7.16867
7.04093
3.98159
4.9105
3.41933
3.12604
2.60845
1.37472
2.14046
2.69443
0.810063
1.27208
2.01747
2.6278
0.208972
0.222907
0.295207
0.0549664
0.0646426
0.0667478
0.0272788
-0.146701
-0.31092
0.00248941
-0.0824015
-0.0189322
0.0195746
0.00609049
0.000783279
-0.0254432
-0.0112
-0.0124399
0.00323951
0.00322133
-0.0113646
-0.0050019
0.0011663
0.00716598
0.000645427
-0.0102962
-0.00985243
-0.012249
-0.0235591
-0.0137524
-0.0111464
-0.0275156
-0.0211389
-0.0304567
-0.058455
-0.0462811
-0.0634766
-0.0447889
-0.0312852
-0.0581094
-0.0514856
-0.0305823
-0.457956
-0.427387
-0.5185
-0.346283
-0.345984
-0.383499
-0.353134
-0.937322
-0.905206
-0.804875
-0.919677
-0.824129
-0.886852
-0.793869
-1.49674
-1.49755
-1.7051
-1.36223
-1.4402
-1.58879
-1.56531
-1.95956
-2.12679
-1.79403
-1.96974
-1.7828
-1.82457
-2.28279
-2.22044
-1.76605
-1.9879
-1.8789
-2.05225
-2.23181
-2.04077
2.91806
4.01394
2.92211
2.92866
2.95935
2.92713
5.03535
3.55915
2.89826
1.50464
2.65154
1.69744
2.08797
1.85918
4.75717
2.59993
1.405
1.50197
2.0872
3.47658
4.3103
1.43868
1.37345
3.43623
3.78799
2.066
3.94869
3.21388
2.12458
0.539691
2.3209
5.09777
3.29744
3.73158
4.75443
1.83881
1.8682
2.34908
2.10046
739.11
762.2
772.263
821.842
623.145
765.522
543.501
666.037
638.08
801.932
870.342
818.49
743.698
856.171
646.957
862.06
677.61
602.368
590.288
597.892
862.672
742.525
775.692
726.494
556.762
716.273
623.405
551.168
565.638
611.013
568.728
562.636
742.692
522.996
757.178
783.649
698.651
749.226
707.521
12.7896
14.9519
24.7907
22.6348
15.4661
15.0381
18.827
189.713
71.8313
102.701
57.9377
55.3911
48.0333
18.634
57.5432
21.4819
41.0597
122.745
-58.4973
54.5817
-15.7252
45.8917
-3.13847
10.4804
21.903
2.95573
47.033
78.4737
49.259
24.745
39.3118
29.3552
38.5101
103.988
55.8649
61.3891
95.1947
84.8175
47.1012
89.9582
19.6058
43.8662
53.548
8.08231
7.45064
12.9341
10.7405
10.2594
8.63543
7.84626
10.0472
6.50542
11.7079
9.31614
14.4216
11.8384
9.0285
5.7437
4.94556
5.67436
5.45408
8.40735
4.8809
5.96002
4.9329
4.89231
5.06216
5.11283
5.22505
4.95411
4.90041
236.229
90.4687
417.865
111.246
432.604
74.1124
73.8538
522.658
642.817
804.357
765.736
808.006
807.603
757.675
19.2679
35.2634
26.6803
82.9958
48.7356
29.2585
66.0383
12.9891
10.5682
9.56859
37.3967
10.1545
13.8273
37.4672
8.51043
8.55498
8.0478
7.60542
10.8987
11.0387
10.6206
-16.179
-15.4624
-15.3971
-16.6745
-16.6386
-16.0256
-16.2972
-12.9607
-15.3539
-13.2542
-12.0273
-12.6983
-14.4235
-13.028
-9.3441
-8.69987
-6.91108
-4.8648
-6.48578
-7.29023
-8.57282
-2.16784
-1.85569
-3.02393
-0.00221774
-1.2324
-2.36159
-1.72123
1.56947
5.57085
1.49019
6.07204
3.35134
2.38041
3.16544
1.8225
3.18628
2.76908
0.26018
0.568195
1.79415
1.92656
0.62359
1.5556
349.626
436.501
568.919
351.357
343.311
342.001
366.64
166.632
58.7162
169.743
570.439
555.264
234.051
573.22
345.051
491.557
295.541
492.716
477.171
424.673
275.923
450.705
271.595
442.389
438.522
433.506
441.236
446.034
486.362
472.253
488.35
269.302
260.709
244.985
471.964
434.207
435.874
-0.0455225
-0.217303
0.23186
-0.243073
-0.105699
0.0604722
0.212025
0.164408
-0.119334
0.607869
-0.181554
0.208299
0.605172
0.528123
1.06649
0.904934
0.852302
0.489192
0.784208
-0.328294
0.323145
-0.298413
0.0145664
-0.697299
0.326474
0.299527
0.898689
0.843439
1.02276
0.638865
1.07156
1.21363
0.951614
0.176111
0.223696
0.168239
0.129436
0.214755
0.0602645
0.0351343
0.0889206
0.0560745
0.0851287
0.022465
0.103579
-0.0300654
0.0676541
0.00367971
-0.00138666
-0.0777056
-0.000533097
-0.0770661
0.0123297
0.00384137
-0.0220332
-0.00782159
-0.0126569
-0.020513
-0.0195668
0.0122459
0.0193473
0.000779317
-0.0139384
-0.013202
-0.0192433
-0.0195536
-0.0126125
-0.0262648
-0.025752
-0.0117604
-0.00431155
-0.0133778
-0.0210129
-0.0271268
-0.0354249
-0.0270745
-0.0412361
-0.0639542
-0.036548
-0.00835381
-0.009335
-0.00493585
-0.0240837
-0.0378321
-0.0323765
-0.0397667
-0.0240504
-0.0267287
-0.0331078
-0.0137049
-0.0181744
-0.0145702
-0.0304996
-0.0329615
-0.028163
-0.0189238
-0.0548149
-0.102545
-0.041187
-0.107354
-0.0639154
-0.0319956
-0.0668589
-0.0428293
-0.0687044
-0.0636011
-0.0449534
-0.0596491
-0.0850729
-0.060894
-0.224984
-0.153509
-0.215556
-0.153919
-0.219368
-0.164619
-0.218292
0.231874
0.180471
0.270241
0.164809
0.195434
0.0626555
0.0501926
0.202026
0.305746
0.450709
0.279511
0.300901
0.264832
0.423521
0.190605
0.197921
0.245046
0.198124
0.228787
0.191805
0.180143
20.7026
21.044
20.8817
8.4078
8.05111
8.11352
20.0803
20.8316
14.5692
6.19608
9.00016
15.0606
12.0572
6.2252
6.18761
15.3106
1.43673
0.0475401
2.91896
0.921913
0.0247647
1.5432
3.01793
0.215945
0.167945
0.24565
1.03477
1.2877
0.616491
1.43303
0.231297
0.686975
-0.0196107
0.275491
0.728397
-0.278936
2.30034
-0.164007
-0.404973
0.00640718
0.521607
4.87846
0.654259
2.9627
-0.217516
3.5494
2.13745
4.26853
-0.110429
0.00578222
0.678019
0.130789
-0.721425
-0.0840471
0.597915
1.56721
12.9906
4.48922
9.38219
13.0237
6.37184
3.52475
489.159
486.345
359.658
469.481
429.723
354.28
343.719
264.706
464.708
95.4535
476.38
152.502
201.648
97.6939
20.3707
21.3071
29.338
28.6094
73.0564
23.9743
35.6348
422.087
661.211
519.471
359.792
380.42
374.494
347.005
363.015
296.668
129.684
119.445
462.556
737.403
451.624
460.893
681.844
397.257
441.175
631.277
386.253
769.752
621.969
693.149
678.735
788.187
797.704
524.727
840.596
820.717
524.379
825.12
857.253
863.764
4.84923
4.94313
5.2872
4.97708
4.18518
4.40083
5.25558
66.7398
113.678
54.7615
85.5503
70.5772
34.6623
78.204
48.7435
57.8691
27.1244
110.982
135.972
177.68
86.3541
91.4945
116.788
181.656
130.628
75.1672
99.2277
29.7356
36.7703
18.9974
19.9151
42.3556
34.1118
17.0064
19.6896
10.597
10.5831
18.3809
16.6193
13.4441
13.0522
8.06914
7.99635
7.81404
7.66956
7.82233
7.73456
7.522
157.785
82.6257
164.291
111.554
83.5858
29.4134
49.0124
55.9966
41.2489
11.0487
8.09603
4.10448
107.361
43.3157
509.06
253.363
7.25971
7.75384
7.74694
7.94538
7.77748
7.76551
7.76244
8.00629
7.83877
8.59344
9.25377
8.22063
8.31783
8.49559
7.93652
7.97145
8.06544
8.02389
8.03622
7.55471
7.62976
7.65167
7.32015
7.67198
7.52738
-6.79958
-7.00996
-4.4648
-5.70847
-6.55448
-1.5569
-3.8451
0.466952
-1.25238
0.117498
0.30159
0.314444
2.69288
2.0636
341.141
331.533
442.48
323.299
411.205
509.52
1001.58
295.848
607.431
328.924
490.082
356.837
582.176
321.751
1038.74
995.162
1011.24
1100.36
1073.11
592.429
504.183
613.722
248.314
259.937
980.537
1042.15
1081.56
244.668
676.223
610.297
90.055
224.493
40.9315
417.885
347.844
352.539
497.462
-0.558907
-0.36645
-0.510068
0.125049
0.434206
-0.920862
0.496286
-1.58888
-2.22533
-3.52864
-1.24824
-2.04764
-1.52265
-2.93698
-1.23932
-1.58884
-1.56751
-2.21003
-1.67826
-5.62974
-8.44394
-6.64056
-6.74114
-4.49246
-4.5945
-6.15781
-0.11946
-1.22749
-1.16291
-0.665325
-1.06939
-1.59081
-1.48579
-0.324492
-0.323361
-0.616514
-0.527999
-0.456595
-1.13678
-0.758619
-0.270032
-0.326585
-0.396784
-0.389273
-0.329923
-0.336661
-0.419009
-0.0354468
-0.0236928
-0.0503323
-0.0527243
-0.0386499
-0.0742162
-0.0867345
-0.0651257
-0.0986092
-0.137667
-0.0233733
-0.0153099
-0.0675727
-0.0184696
-0.0365626
-0.0145794
-0.0690463
-0.0703841
-0.0663106
-0.0643301
-0.0610355
-0.0677301
-0.0909555
-0.0449944
-0.215721
0.00543292
-0.0306709
-0.0754976
0.0582015
-0.297597
-0.0254614
-0.118914
-1.29217
-1.46014
-2.12949
-1.66842
-1.72977
-1.89682
-1.77961
891.479
2299.72
2696.6
2631.24
2707.21
2592.81
2523.01
1.93159
1.94778
-1.41408
16.521
0.90205
-2.77394
1.08223
6.64124
58.0374
12.9549
36.7417
2.6173
191.899
22.0651
-0.121498
0.791026
0.0721582
0.125761
0.24518
0.36683
0.271505
0.419649
0.774719
-0.0996523
1.34715
2.01609
0.292776
-0.466598
0.344287
0.3892
0.249934
0.707635
0.493788
0.263658
0.236173
0.161658
0.171135
0.170658
0.173954
0.188842
0.160835
0.16754
0.182531
0.187521
0.323486
0.177485
0.151768
0.252118
0.180628
0.309236
0.991462
0.183457
-0.0214262
0.0918423
0.085418
-0.0600966
0.0869832
0.0515105
-0.08178
-0.0358069
-0.252215
-0.15781
-0.107219
-0.239275
-0.464658
-0.392062
-0.16504
-0.383084
-2.30738
-1.20856
-2.27136
-1.78808
46.0722
28.4197
62.0238
33.4357
77.5853
44.3138
12.1962
140.332
139.427
153.558
414.816
137.55
201.642
519.273
273.053
73.9157
73.237
88.514
76.9427
107.062
83.1007
75.4473
74.349
132.418
705.102
661.88
711.947
151.197
691.244
296.595
613.471
640.357
470.499
261.21
595.575
104.752
86.8927
631.948
381.158
68.5501
437.846
443.717
462.405
425.263
127.933
231.22
20.4825
67.3005
275.852
111.774
754.534
60.2122
74.4393
429.214
103.028
242.456
99.0355
775.912
788.965
732.487
151.589
156.032
147.232
467.841
174.717
133.703
157.036
4.99632
5.16873
5.67215
5.62761
6.05047
5.18125
5.36734
4.87778
4.9271
4.86154
4.82679
4.85535
4.78676
4.80658
10.2481
22.7877
32.0229
16.4617
6.87504
1.33461
11.0378
7.45846
11.6016
8.90826
24.633
9.58077
14.7323
30.7488
1135.2
566.101
1233.52
661.21
735.513
727.202
958.081
71.2882
-144.434
27.3843
-7.41028
212.013
191.219
3.26937
-2.2032
1.26199
1.75019
-1.17037
8.32548
4.49328
18.1129
22.3679
27.3992
58.0489
32.2463
99.5086
47.6865
255.834
409.229
128.342
677.02
1253.29
562.921
256.533
1285.08
638.181
1158.91
1253.61
1053.88
1256.86
1257.86
980.942
1005.07
1021
1339.07
1354.88
1189.25
1351.72
973.326
1159.65
1349.86
24.5884
29.3459
23.2697
36.9114
40.5099
31.8377
59.03
3.089
0.650012
5.53781
11.7751
8.32141
3.8163
7.53143
-4.9223
-3.375
-2.9395
-1.63907
1.59635
-3.59716
-3.48029
-4.65968
-4.31314
-2.29191
-6.80708
-4.94279
-6.56952
-4.25895
-3.16771
-3.15723
-3.3482
-3.01983
-3.17266
-3.29939
-3.1248
-2.89258
-2.7722
-2.70346
-2.81369
-2.766
-2.62325
-2.63193
-2.04571
-2.27186
-1.98513
-2.26349
-2.08143
-1.35756
-1.12399
-1.81938
-1.63034
-1.58241
-1.88549
-2.19746
2315.38
1684.22
2399.11
1884.56
2095.93
465.372
2215.81
3.65926
13.6373
3.18061
3.69804
9.97073
15.1102
6.60879
1.47949
0.157603
0.693227
0.0843675
-0.206897
0.150395
0.383849
0.0404645
-0.644471
-0.163904
0.0732287
0.0176013
0.0499539
0.0109822
0.0487947
0.0264906
0.045127
0.0805203
0.00760441
0.0634344
0.0158228
0.0200354
0.00483682
0.0258266
0.014246
0.0185123
0.00832093
0.00269592
0.00890886
0.0155483
0.0153841
0.0173796
0.0176351
0.0808488
0.100489
0.0776044
0.0694738
0.0873353
0.0758718
0.059048
0.137717
0.252287
0.232648
0.574539
0.318859
0.183697
0.242633
2.33778
2.43795
1.06176
2.06145
2.31968
2.00911
1.5302
-0.597951
-0.794067
-0.902303
-0.120453
0.344488
-0.414825
-0.42576
-1.62664
-1.3242
-1.20652
-0.694331
-0.0914725
-0.52461
-0.258836
-1.13246
-1.29272
1.45898
1.37981
0.711431
1.99228
1.74654
0.610434
0.762265
224.378
212.097
573.471
457.974
701.565
89.854
697.053
144.844
580.838
151.545
652
633.362
639.7
603.576
703.722
648.375
702.501
337.231
580.806
586.785
580.146
346.488
573.614
411.016
138.201
128.739
368.076
259.156
257.476
365.887
247.376
526.145
523.418
85.4746
708.95
139.635
524.573
268.651
244.349
520.754
228.096
528.82
375.497
181.261
252.977
64.15
26.4249
59.4106
68.6209
67.8394
4.88185
4.83088
4.74576
5.14382
5.08058
5.92862
5.83912
5.90019
6.70677
6.01176
6.03626
6.71573
5.13385
5.05082
5.04835
4.92009
5.03231
4.96692
5.07603
5.10192
5.25189
5.27933
5.29502
5.24968
5.09247
5.00691
5.2705
5.45329
5.37503
5.34745
5.32205
5.50077
5.504
5.27432
5.03758
4.98003
5.15023
5.16937
11.9328
10.9001
9.62589
10.1851
9.14403
7.24722
8.514
716.56
141.755
510.599
2778.7
1301.19
2236.95
2212.69
1707.09
2665.51
2246.7
1646.99
751.831
1793.94
1414.6
1795.11
1776.6
1110.87
686.641
642.946
523.087
643
-52.696
389.61
621.642
3538.62
2378.81
803.024
910.498
894.98
1176.84
1206.17
1005.05
1108.44
974.269
552.289
1046.1
1002.27
1080.14
1089.88
1055.98
1032.56
1071.05
802.723
8.65448
8.00804
9.56696
6.23501
6.35807
7.09568
6.63536
7.48888
6.69899
5.92528
8.93926
10.6092
8.16255
7.36614
-2.93145
-2.98617
-3.0261
-2.5855
-2.36045
-2.98317
-2.2413
-2.38242
-3.07933
-2.15674
-3.04583
-3.40661
-1.48757
-2.84885
-1.2075
-1.36474
-1.49882
-2.05278
-1.23488
-1.6149
-1.4237
-1.91869
-1.71603
-1.30248
-2.06138
-1.68612
-1.70527
-2.1968
0.632565
0.634117
0.656951
0.439135
0.922148
0.947717
0.304356
0.515273
0.373541
0.435509
0.36767
0.219347
0.358398
0.335679
0.284304
0.337111
-0.0969294
-0.0168643
-0.0107088
-0.254742
-0.0773443
-0.17307
0.0183711
0.0451861
0.0649274
0.0459266
0.0702077
0.0807614
0.064017
0.0595545
0.0176587
0.0229375
0.0164638
0.0200894
0.00988443
0.024044
0.012972
0.0227859
0.0257125
0.0322462
0.0158784
0.00315387
0.0175089
0.0321119
0.0347249
0.00721173
0.044644
0.0253055
0.0264727
0.0164156
0.00594832
0.0182254
0.0366819
0.0322221
0.0364807
0.0368519
0.317855
0.312027
0.371195
0.332141
0.344958
0.501362
0.431679
0.424064
0.392534
0.26972
0.384526
0.24452
0.480885
0.366817
0.315654
0.358724
2.33536
1.21254
2.52784
2.28745
1.5243
1.75616
1.58192
704.706
588.24
564.54
677.492
713.338
645.763
540.101
559.431
462.645
686.486
682.1
681.29
675.73
649.546
626.428
442.897
391.67
722.744
692.371
720.543
628.219
214.85
470.436
696.769
616.792
671.037
-0.0723079
1.06077
-0.912664
0.362201
1.58128
-0.99026
0.615814
5.06209
4.76172
6.71893
4.60353
4.23852
5.74746
6.27373
56.564
22.3332
16.6194
33.0349
10.0686
19.5053
16.0514
6.53034
8.34657
10.2829
8.70246
8.84414
9.14932
16.581
15.3153
9.43269
20.122
7.84239
10.3881
11.5403
19.5798
4.88445
5.10367
4.95799
6.1779
5.31306
5.02561
5.6668
5.51846
5.6973
5.86008
5.51042
5.78335
5.77576
4.91769
4.78371
4.72257
4.70379
4.61614
4.91351
5.2038
5.21639
5.65609
5.37473
5.43353
5.73298
5.78632
5.15335
5.14778
5.15428
5.21223
5.38632
5.27255
5.36194
5.45301
5.28338
5.48069
5.68795
5.92283
5.61969
5.45148
1307.35
872.867
446.994
406.926
300.004
817.056
-10.4228
209.42
-1.16785
91.933
-571.799
71.1642
447.309
61.6118
198.641
-214.17
-35.8407
204.857
93.292
-223.784
102.237
-119.79
82.9903
-135.283
15.8337
35.5164
228.087
385.581
175.973
137.34
222.055
87.9988
123.221
994.855
1026.6
918.618
887.766
945.792
874.603
963.806
594.658
460.56
512.184
480.461
464.012
575.295
488.164
691.568
654.809
1068.53
795.064
734.499
818.137
174.465
208.899
264.644
841.844
638.757
534.281
254.775
119.269
78.9453
230.692
104.357
109.188
92.5323
128.722
82.1913
96.2906
1.54556
3.33626
1.42979
2.01746
1.47002
3.54179
1.4194
7.64309
6.84468
10.2985
3.71081
1.74164
21.042
12.1175
0.179612
0.20531
0.192781
0.191529
0.193678
0.175596
0.188188
0.0369237
0.0493674
0.0332845
0.169761
0.192904
0.166998
0.162797
0.192547
0.200154
0.178922
0.0458183
0.01997
0.0559041
0.0789537
0.107241
0.0501641
0.0283977
0.0605757
0.0797251
0.0354445
0.00657911
0.038066
0.00734005
0.0234075
0.0184505
0.0502799
0.0454077
0.0485469
0.0499533
0.0566522
0.0500036
0.0713925
0.0430774
0.00857129
0.0461487
0.0648042
0.0489311
0.0442451
0.0371247
0.0618125
0.0777291
0.0392001
0.0736528
0.110358
0.0922383
2.75751
1.95325
0.747296
0.693151
1.0527
2.75952
1.98385
744.364
721.857
754.619
495.6
386.317
725.431
727.998
689.019
711.646
121.143
498.656
721.067
169.299
661.247
706.123
715.829
655.373
-1.10731
-0.678047
-0.634557
-1.14067
-1.29998
-0.879276
-0.845125
0.227298
1.36927
0.620901
2.43189
2.99507
1.83394
2.42866
0.699603
0.147904
0.352065
0.771019
3.31273
3.40861
6.05327
-1.12315
-0.60787
-1.07797
-1.48662
-1.24404
-1.05655
-0.712826
-0.90383
-0.509556
-1.00782
-0.765646
-0.923195
-0.502274
-0.364674
-2.25907
-2.32686
-2.16072
-1.95263
-2.10339
-2.11666
-1.57996
-0.961774
-0.617595
-1.04984
-1.63657
-1.05583
-0.997995
-1.61768
4.72791
3.34663
3.95748
1.25539
2.50138
2.20908
2.90103
1.93543
1.37594
0.636756
0.976116
0.192273
0.184644
0.425814
2.16452
3.37105
5.55275
4.87821
5.55089
3.75232
3.82978
4.03022
4.09631
3.93113
3.68405
3.7841
3.80722
3.91742
3.97067
4.49947
3.99926
3.8896
4.51204
4.07647
4.38723
4.03457
4.27512
4.47398
4.56957
4.67758
4.69883
4.38424
4.44166
4.31336
4.42979
4.35372
4.27579
4.5752
4.46766
4.65008
5.15519
6.19497
6.36867
6.19381
5.12854
5.78948
5.1904
5.83121
6.11147
6.09169
5.97981
6.21031
6.19103
6.06265
6.18642
6.14064
5.82365
5.88527
5.09158
4.98823
5.39074
5.44784
44.0133
70.2219
121.023
164.277
122.262
486.397
81.3995
-221.78
52.1899
-56.5896
128.698
10.8758
92.0831
101.13
-9.43216
159.227
112.358
226.643
83.2233
69.7419
108.807
-147.522
31.8724
-75.1482
108.508
67.1818
30.3133
62.9114
113.126
41.4372
123.835
-12.7041
-100.947
31.6562
-8.80464
31.9659
17.3996
33.4626
-56.5779
28.7945
60.5874
5.56797
5.98554
6.56464
4.44449
5.87512
5.90622
7.79274
3.0671
3.26532
4.27628
2.629
-0.418222
2.1735
3.44718
4.79232
4.52714
3.03369
5.02325
3.57552
3.01465
0.250464
1.65544
3.4092
12.1178
10.5319
6.50964
8.61871
5.8383
5.28101
5.13599
5.57049
5.19115
-3.31489
57.8865
199.998
-18.178
-1.80761
60.8451
1.07507
30.1998
41.3677
90.5542
84.4426
250.804
116.715
329.278
877.179
948.362
1030.53
918.867
893.778
947.268
972.135
899.843
748.465
1032.83
1108.69
1055.81
1002.68
982.869
835.091
1008
828.186
1057.01
1016.01
988.797
1031.65
1024.48
1038.53
1060.44
1045.19
948.8
938.853
964.446
1068.55
1035.11
977.944
988.037
1029.31
1001.97
1025.52
1022.97
951.373
970.91
950.671
1012.92
880.447
320.318
1001.31
1030.6
1052.68
986.794
989.272
1033.57
1042.4
1006.72
991.189
1041.66
615.563
670.8
142.048
243.405
700.306
313.88
104.365
8.93922
574.353
107.298
289.336
677.978
27.4634
214.959
265.116
102.546
310.152
554.414
244.082
103.448
181.162
1512.73
1533.47
1395.88
651.022
1133.71
1422.32
612.189
632.285
760.054
817.684
687.25
305.116
551.782
233.436
258.983
456.202
820.942
533.787
592.599
729.539
134.108
36.6725
127.51
-15.4526
-5.91988
-16.8612
-7.139
129.402
1.72983
148.773
-2.94403
36.6758
-6.63794
10.4963
447.257
479.425
486.655
434.489
528.994
502.354
333.968
7.46565
7.29702
6.90114
6.57178
6.59767
6.8179
6.89072
7.3312
7.07306
7.03657
7.77918
7.02251
7.00276
7.93251
8.82735
8.40787
8.63551
8.43005
8.40535
8.25429
8.09796
8.66109
8.91365
8.46572
7.97431
8.78518
8.22986
7.30568
7.79999
7.92394
1551.15
1527.21
1370.29
213.126
1049.93
1531.94
547.986
1539.64
1433.76
899.374
870.295
1123.12
1549.12
1531.96
1182.3
1139.68
1559.52
1622.88
1098.51
1644.57
803.293
28.1106
151.902
61.3146
19.1842
28.6427
129.167
227.724
7.77295
53.7017
48.611
8.66031
3.70513
3.11187
5.04028
3.33894
3.111
3.2208
6.22468
2.92419
3.97745
2.93831
2.9382
3.83454
3.05873
-0.146252
-0.136174
-0.267809
-0.111938
-0.111683
-0.1204
-0.192244
0.100083
-0.0152277
-0.0390667
0.169902
0.0514483
0.0460349
0.0360094
0.204044
0.183742
0.164077
0.171929
0.18391
0.21038
0.15631
0.32985
0.390588
0.326646
0.343101
0.304212
0.315447
0.375113
0.349224
0.410991
0.338892
0.378735
0.318467
0.286205
0.347508
0.270548
0.290318
0.322863
0.375009
0.324999
0.0894883
0.0788078
0.106678
0.167512
0.125165
0.1201
0.167264
0.0101898
0.0455308
0.0597863
-0.181946
0.181512
0.145207
-0.0282563
-0.801883
-0.0591224
-0.283324
0.0442828
0.12387
0.130834
-0.0721663
-0.109375
-1.40213
-0.403136
0.0239941
-0.311709
-0.0482265
0.139747
0.132533
3.95864
2.95625
0.460056
1.36893
1.53083
1.14929
0.491731
0.260903
0.410481
378.804
351.713
386.765
365.354
362.074
325.662
339.286
359.068
317.157
343.28
350.062
355.489
363.559
351.933
121.33
277.871
1.47297
2.13161
1.46265
1.55523
2.70097
1.82349
1.3907
1.32695
2.78034
311.718
319.179
121.563
33.6889
147.461
92.9572
320.16
-0.189305
0.0216283
0.394798
0.377256
-0.513912
-0.501274
-0.0238499
-0.0741499
-0.319728
-0.0469058
0.0258301
-0.454273
0.166194
-0.0692824
-0.981599
-1.66139
-1.68911
-1.04468
-1.58609
-0.822434
-0.985243
-0.964231
-0.406673
-0.660698
-0.488907
-1.3334
-1.55708
-2.02231
-2.0528
-1.40546
-1.48594
-1.25598
-1.44206
-2.50924
-2.50758
-2.80152
-2.78855
-2.10895
-2.26565
-2.83324
-2.53479
-2.63166
-1.9655
-1.94887
-2.10115
-2.47806
-2.11583
2.55131
0.583877
-0.614825
-0.544196
0.765716
-0.945007
1.14066
1.98824
-0.994761
0.0313687
0.25109
2.10035
-0.89319
-2.02019
-0.22333
1.61573
-0.546669
-2.01305
-0.0230437
1.45484
0.0015079
0.572518
1.13834
0.894768
0.290185
0.122933
1.08593
1.29003
1.30948
1.59296
1.82193
1.37482
1.46275
1.10439
0.989058
6.05441
6.24129
6.46254
0.785615
2.98454
4.70002
2.50805
2.76695
2.64571
2.61588
4.00979
3.59544
2.09782
2.24605
1.63979
2.21353
1.71831
1.65954
2.0621
3.65749
3.92416
3.40506
3.34942
4.18449
4.2741
3.37961
4.17498
4.17946
4.23152
4.09391
4.12455
4.0746
4.14089
4.17455
4.22164
4.33923
4.9647
5.24692
6.16758
4.76502
4.9981
4.9303
4.80731
5.15182
4.73046
4.6173
4.80188
5.19959
5.27584
4.98239
5.03791
5.38157
5.07398
5.65707
6.20101
5.04917
6.00044
6.2051
6.04851
5.221
5.03936
5.03115
5.0531
5.01552
5.00186
5.00756
451.678
152.529
483.763
398.009
20.3797
54.4525
460.035
99.3866
-102.911
-47.7232
221.14
62.5297
144.626
-32.0179
63.1653
-58.8492
73.7179
7.59644
104.266
11.5242
65.0554
-30.357
37.1289
187.15
50.2785
9.19955
-12.2029
-16.4103
44.4521
188.329
58.3715
67.8282
104.115
890.754
944.381
816.13
865.793
887.432
985.899
867.885
878.893
917.572
929.954
989.177
958.302
939.276
913.21
795.046
943.191
903.616
984.489
894.958
947.627
988.892
881.605
1039.48
874.927
908.367
918.029
999.975
737.326
850.266
573.17
486.445
499.581
550.477
853.421
655.086
499.662
767.688
672.596
616.356
700.761
881.638
690.584
786.148
585.216
559.206
22.9206
123.226
86.8642
-3.62462
-6.04756
3.19854
1.96096
7.14209
14.502
35.7422
114.266
69.2361
240.611
30.9527
135.14
198.993
219.508
217.853
352.794
233.843
-116.878
22.9727
27.1921
156.849
-125.105
3.04489
34.6629
36.1383
-19.3574
18.4721
16.5396
37.125
18.3068
1.85993
18.2049
79.5363
10.073
-1.43207
31.2569
19.8027
22.4051
0.634147
21.4543
-5.55899
-8.24309
-5.59808
-5.00869
-8.04195
-9.4976
-6.36103
1.32971
3.21436
4.39093
4.76878
3.79409
6.30805
6.59897
6.16483
3.7247
4.26541
6.11833
6.51724
6.04594
6.08511
5.9652
6.17391
5.94483
7.82424
7.9339
7.77683
7.7227
7.7158
7.869
7.82941
7.75627
7.58754
7.64969
7.96626
7.92768
7.67597
7.76089
8.11764
8.06374
8.35691
8.16212
8.04582
8.76955
8.37384
8.38828
8.78018
9.94949
9.60234
10.4996
8.28959
8.33554
8.78632
8.8687
8.16638
9.27548
9.69926
20.6252
27.3669
17.248
17.4187
27.8828
19.7428
16.4007
876.75
988.31
832.957
1004.5
803.798
980.628
950.402
2.72285
2.25363
2.28051
2.14871
2.68374
2.1961
2.13825
0.380249
0.898954
0.4632
1.03111
0.805443
0.404048
0.553687
0.708858
0.619953
0.858934
0.477376
0.352846
0.428561
0.530723
-0.31163
-0.217113
-0.307916
-0.107925
0.00235313
-0.251717
-0.0160735
1.70856
0.579439
0.293594
0.482282
0.100351
0.636217
0.492112
-0.813807
-0.432244
-0.617075
-0.976155
-0.998783
-0.230026
-0.663074
2.37071
1.30199
1.64477
0.821021
0.512074
0.664991
2.08952
1.27652
1.94275
1.97875
1.3714
1.45477
1.96354
1.68696
0.647055
0.688878
0.637046
0.492459
0.8166
1.06844
0.848535
0.427563
0.727177
2.70676
1.65079
2.7201
2.74522
1.65761
2.7588
2.67696
-0.590155
1.63144
1.30403
196.459
110.618
88.2613
107.23
77.7139
122.053
265.959
296.04
89.022
1150.27
1537.5
1346.59
1263.79
1342.99
1339.44
1344.37
1345.42
1322.11
1189.46
1249.74
1275.47
1283.25
1322.88
1296.17
1288.77
1356.42
1118.71
1331.57
1489.38
1330.15
1008.93
331.667
374.135
351.211
103.001
87.019
332.994
365.721
145.656
361.075
65.6099
7.46482
73.6796
230.156
-1.58356
-1.24377
-1.24164
8.87348
20.6894
0.534376
-1.08913
2831.57
2800.49
2858.29
2806.11
2758.9
2867.13
2863.29
2888.25
2882.62
2875.18
2863.56
2887.87
2808.48
2834.04
-0.0622186
-0.0338375
0.122069
2748.46
2853.96
2783.69
2792.06
2799.89
2795.08
2790.07
2790.95
2800.81
2816.48
2829.53
2799.46
2784.02
2792.63
2796.07
2800.88
2789.45
2784.07
2793.57
2796.95
2777.64
2798.87
2794.72
2804.49
2789.61
2785.24
2779.42
2787.8
2793.33
2788.87
2789.92
2817.81
2806.13
2792.35
2784.07
2757.02
2786.85
2783.94
2791.4
2782.18
2787.13
2798.15
2788.5
2788.72
2739.02
2781.93
2799.06
2523.96
1875.95
2826.93
2852.99
2848.11
2694.25
2751.81
2824.09
2862.32
2897.24
2886.8
2893.01
2878.06
2867.51
2820.1
2871.39
-0.804355
-0.973329
-1.03775
-1.0223
1.13063
0.922032
-0.697317
2802.27
2823.92
2781.5
2857.3
2835.75
2856.28
2818.38
2884.19
2906.67
2843.56
-0.109919
-0.651481
-0.365244
118.095
89.7306
124.295
97.8146
107.027
92.3128
92.5364
104.354
105.226
1343.68
1566.03
1642.72
1385.29
1579.56
1509.04
1466.86
1510.88
1478.47
1491.81
1646.64
1487.31
1395.21
1605.48
1638.97
127.767
144.645
96.9702
2.76607
37.8356
81.8361
-1.29836
-1.2765
-1.10371
-0.61892
-0.360456
-1.15017
-1.23718
-1.03322
-0.670087
-0.773429
-0.646577
-0.673567
2356.95
2290.25
1984.77
2168.58
28.8515
33.6336
1715.25
1475.77
7.04181
7.32666
7.25586
8.93438
9.59046
8.26892
1.58226
1.8378
-1.22293
-1.28617
-0.801533
-0.881874
3.31993
3.53796
44.4462
28.8662
8.70733
5.89268
2.48082
2.1513
1.54645
1.33415
3.73356
3.04437
-16.957
-17.0952
-15.7025
-16.5143
4.07141
5.395
3.42226
3.52383
-4.74806
-4.20994
-7.80468
-7.97313
-7.61018
-8.9873
-4.39532
-5.22006
7.72102
7.32612
7.43985
2.03337
3.14692
5.49829
5.66382
29.3406
148.018
47.7928
252.343
3.67116
3.76686
5.99731
4.74299
-13.9254
-12.8056
-16.3192
-15.0029
-12.9169
-11.1192
-11.2462
-8.81904
4.06729
5.44563
3.61672
2.41229
11.4849
21.6637
11.7324
16.5575
2.98387
3.07085
2.15364
2.04397
-0.197987
-0.153281
-0.130811
-0.12078
5.45308
6.27615
5.07149
5.75344
5.86255
5.78642
5.89061
6.48281
0.809919
0.529691
-0.143997
0.0151266
88.5172
36.3874
160.117
52.3289
4.20406
6.84592
9.26892
15.9575
6.64341
7.16106
8.14509
9.59042
-1.83481
-1.5681
-1.33772
-0.985804
-0.609378
-0.534947
-0.305828
-2.19053
-2.06564
-2.4679
-2.1516
4.81898
4.65864
4.48188
4.46297
11.6336
14.7029
10.1268
13.8575
-0.876286
-0.633315
-0.720444
-0.572065
5.24228
5.11414
7.12283
6.44573
37.7226
21.1669
66.1284
34.7619
1038.9
921.484
643.848
340.481
1.11604
0.696526
1.78898
0.920427
0.27096
0.257965
0.209015
0.209504
0.378625
0.559046
0.639407
1.68181
106.199
153.104
4.40917
5.02865
780.249
299.709
630.57
199.678
24.8839
-3.44973
1.31467
-10.8052
0.0329042
5.39437
0.195481
2.67542
0.336226
0.65797
0.306179
689.642
707.328
4.7137
4.55738
4.53408
4.60701
5.81909
5.89523
0.0599608
0.0301715
0.027218
11.5649
9.91364
8.28995
6.43883
5.14499
5.53539
5.0102
837.641
279.423
92.8647
-1.26229
41.4313
1.80057
-17.0987
-12.064
-18.8729
10.0119
85.4093
-2.61506
-2.29443
-0.386916
-0.414226
-1.12199
-0.310785
-1.85149
-0.871969
-0.114381
-0.0451356
5.30978
2.87271
-11.3675
0.862039
-1.42806
-0.907342
111.824
-8.6137
-3.77513
3.96733
2.14928
5.5748
2.8648
212.01
1709.11
886.235
33.0205
0.354774
4.36063
14.8687
2.81283
4.93167
-0.239241
44.6809
-1.24122
5.01379
18.83
-1.98178
20.5808
16.5429
-0.125027
-0.621369
2.92858
3.63658
226.671
8.58641
2.41812
-0.655926
801.334
4.04178
921.733
5.06162
598.411
187.86
136.824
-0.799449
-190.393
594.808
215.651
89.538
188.619
30.5863
26.7504
4.93215
20.316
29.1304
18.6331
530.636
713.784
737.301
20.242
739.884
793.7
11.295
479.46
438.831
129.012
787.361
-0.711824
27.3373
91.3355
0.114113
63.6995
13.8886
107.826
13.4708
2.78246
746.718
89.2105
783.811
108.77
16.4998
3.15119
71.5836
390.164
22.1036
12.8206
-3.42889
558.587
48.498
67.0255
17.5768
6.6546
113.392
15.8908
14.5999
4.21445
23.2793
418.748
11.298
6.82443
10.149
7.3911
12.3582
5.52845
3.99074
9.04538
4.85572
4.64898
769.576
11.9111
4.34626
5.26852
8.58952
10.6069
4.37008
5.52297
6.42571
10.2529
810.032
13.3665
11.8995
13.7131
9.24123
6.6924
4.16621
3.94822
147.545
117.243
5.20017
2.53774
7.52831
320.946
24.112
7.6111
6.56494
9.23104
6.71701
322.59
9.96611
5.65611
5.5982
5.51325
4.7772
6.5515
4.21229
17.4472
56.2612
-5.4428
59.4972
0.0342743
5.16975
37.1443
4.40528
5.50811
-10.2538
-0.0101884
202.463
4.42787
5.76745
4.54241
4.79253
3.81563
24.1191
15.6029
20.5071
14.4793
4.24588
-2.32569
10.0752
6.55159
-1.95092
25.7743
1.74865
-9.86936
6.10198
8.23694
12.7292
5.03638
5.50345
51.8468
4.88833
5.93405
6.35085
6.71817
6.02361
4.94938
4.68603
6.0921
4.00173
4.39732
6.76957
1.09249
191.161
7.10718
779.234
-0.674978
5.71928
5.30534
5.80866
9.55438
480.659
5.57571
24.9235
5.22696
4.71824
5.13739
4.82186
115.135
881.268
4.901
4.8578
61.2435
5.26812
5.06457
5.15697
7.65916
6.41899
9.06706
10.5025
-5.95406
5.74618
0.619714
5.60357
-2.93239
15.3997
6.58291
5.68131
5.28891
-1.09487
0.41319
689.759
5.73825
540.17
183.711
290.582
609.089
196.908
110.913
6.81132
5.63235
296.44
0.209705
5.97701
6.10801
24.4671
30.2321
84.9648
599.859
367.136
387.745
86.2326
233.716
9.02087
81.2763
36.2012
4.36578
48.1446
7.44372
3.86619
4.64473
-12.7018
135.089
88.4054
273.354
16.7049
74.6065
12.0453
84.6594
628.568
933.981
2456.55
194.282
4.54235
9.48399
5.09005
3.264
5.09118
4.42564
3.07285
3.38565
-3.68317
4.54744
6.2054
2.98491
2.78771
43.0371
5.68767
6.01588
3.12079
6.0934
29.555
11.7229
3.06874
5.42336
203.735
3.71972
1076.57
20.2955
27.3573
141.64
3.89476
45.588
27.9394
229.728
7.99326
38.9742
188.623
7.09586
1023.66
1135.94
5.51522
-0.0559963
916.867
8.17544
-0.986609
5.62676
5.41342
3.21174
95.1949
9.94728
1023.35
6.37203
135.71
6.31214
5.29308
56.7295
-3.15627
5.68618
317.462
1265.3
11.8073
839.221
5.2261
29.6495
16.9175
3.6552
5.79268
5.401
5.10886
4.31685
1014.18
-1.19037
5.09652
0.0726556
-0.261946
0.85608
660.581
330.087
1309.72
0.176949
421.956
-1.33955
5.89659
159.878
4.40216
1250.49
5.24228
16.3298
-3.15644
989.223
8.55631
4.89384
4.73891
1086.2
5.23253
285.72
12.8292
7.22056
4.6059
10.5007
7.56182
6.16044
4.56794
113.616
5.0955
5.23931
5.34272
-2.44032
4.47564
5.01892
5.43661
5.64039
3.76407
4.73237
9.40284
5.80946
3.79816
1133.57
4.16286
4.43998
8.7804
3.42755
5.25167
11.6918
-0.277814
206.004
5.07387
-1.43087
-16.1508
5.7759
5.25132
2.96416
2.7672
2.22544
1.8064
3.4911
-1.74304
4.94468
0.145183
5.10472
5.61146
5.87073
6.6854
0.0750827
2.66748
1437.98
833.97
-0.0108712
207.334
7.91915
23.7809
5.31526
4.2665
1.0745
2.92113
0.737056
0.231907
11.5078
1.16585
-0.715835
-1.04164
13.548
14.4555
8.37386
9.47031
0.0953982
-0.518896
-4.07258
-0.259206
8.22302
5.9635
7.44499
8.40312
-1.04916
239.852
100.755
29.1228
44.2453
8.2134
3.9918
5.31031
5.86477
7.48201
451.634
66.0732
10.0147
104.804
5.59534
17.1407
759.367
1350.05
180.218
5.61416
94.9596
694.595
0.650717
4.20725
103.846
6.9587
43.0349
468.091
753.265
109.244
128.161
897.207
164.006
-0.629168
16.0907
7.77551
313.843
5.13664
3.89571
789.621
-2.26069
190.606
49.3323
7.40954
0.113598
456.231
386.587
190.572
679.232
663.49
191.313
780.221
575.699
6.73902
963.216
637.617
855.787
353.532
263.837
20.8137
869.382
4.50917
892.116
620.057
654.185
848.664
35.055
12.4071
16.1118
71.7144
13.6357
3.92567
6.65118
507.287
5.58782
12.0144
386.731
25.2704
4.75945
32.9777
23.5407
174.33
72.1602
504.133
2.16062
2418.83
4.99945
28.2148
55.8671
526.289
512.119
-22.9201
234.999
49.2739
5.55191
162.01
384.032
394.754
845.852
-0.599131
-19.1162
524.642
-3.14388
539.235
1061.14
0.213429
2.47812
50.6269
59.1817
19.1984
99.1224
3.1514
165.899
-1.32267
10.4948
-9.94297
471.402
4.51186
-0.874858
8.67503
-1.46706
1.35375
95.1037
428.535
4.05969
-22.0506
648.122
-3.53171
654.143
300.164
86.501
61.9005
0.544571
3.55387
1.08356
0.481591
0.715997
0.666703
2.50296
197.906
-0.510361
521.426
20.2667
-0.145055
7.53055
191.13
0.904686
1.5882
1.88012
0.848127
0.356621
-0.422576
776.333
3.37293
0.338925
0.484777
-0.943268
0.692246
1.52276
2.59317
1.88628
0.432989
1.06644
-0.394711
-0.0341641
0.61058
-0.288451
0.920086
0.226792
0.288732
1.07975
2.45455
-1.22967
0.15955
0.168218
0.20276
-1.37238
0.17243
-1.39559
-0.638645
-0.586272
41.2349
-0.176121
-0.0962297
9.90694
9.68226
645.877
4.48427
6.17973
5.48702
3.11735
-1.85148
-1.67641
0.956719
0.282851
-0.933865
-1.44586
19.0292
3.31119
-2.16711
8.0474
-0.628545
299.835
5.51268
-2.31078
0.64401
0.177098
-0.638312
-1.85613
178.622
373.56
135.359
-12.2101
-3.06045
0.379584
0.905844
0.519893
0.5325
-2.38873
4.77285
-2.1619
0.560357
0.476285
4.58775
0.681857
0.480139
0.290888
0.48893
0.512224
211.2
5.24348
4.33299
-0.910204
7.51096
0.879643
2.53636
5.61484
10.5085
4.68776
-10.6959
-12.5516
-0.221717
0.583782
0.51911
2.14174
0.630303
0.113154
0.296144
10.2065
1.27754
-2.63188
0.871618
2.33557
-3.01879
0.428808
0.267674
0.365914
0.281131
0.72304
2.14642
0.22816
0.235087
6.85416
983.243
0.40381
3.75946
-0.547007
-0.839166
0.1579
7.52452
0.198312
0.132008
9.14401
0.182198
0.0591826
0.482886
0.0833321
0.0451578
528.508
0.0435894
17.2588
0.126322
8.74795
-5.88297
0.0325396
0.113777
0.188104
0.162471
0.147091
383.013
0.074975
0.110823
0.126012
0.251352
2.56171
0.0947943
0.206592
0.0667331
1.86308
103.038
0.173006
0.153621
0.182369
0.155053
0.139211
0.181153
0.295613
0.234646
0.208373
0.131145
8.37186
0.183966
0.060683
5.14055
6.39269
0.125834
-1.58605
0.500215
0.161778
-1.04469
0.353575
5.60917
2.37931
1.23146
452.912
846.079
2482.76
31.7238
2331.66
2186.01
6.26672
1092.77
256.404
0.507062
1.43863
0.0405243
0.0595349
0.0826044
31.6225
0.277848
-0.0526023
-40.6836
0.0620897
1.9086
0.987576
3.03524
4.91314
2866.18
2858.89
-3.72219
10.2983
-3.98444
1.15373
1.4331
4.68925
1.28539
2.05467
3.05086
-0.0805398
0.0598093
2.17197
4.42287
14.2829
4.27279
2.46814
0.649634
0.116783
0.0757099
15.3884
2.24989
3.95475
0.206171
0.332331
0.179361
0.207063
1.05188
-0.390058
-0.412241
-0.0986836
0.13614
1.98923
0.246769
0.361355
-0.0185226
21.0001
4.72888
0.750615
21.0954
0.201778
-0.217999
-0.0179297
0.175549
11.6564
9.49804
-1.24725
2.03568
0.136486
15.2206
3.03885
8.07813
21.1145
-0.245952
10.2298
85.553
-0.00415475
0.228966
1.00529
593.847
8.96108
1608.64
2005.89
-2.22239
2.37216
-0.960811
0.180697
1.61713
0.204038
7.28616
1875.19
2.14062
4.0135
1712.08
778.943
2.46506
16.7308
2.83095
1461.51
38.1919
1.46079
117.598
2.11086
7.22439
2.75524
4.04247
9.16723
116.001
9.80813
5.03825
-2.12746
5.57853
1317.45
4.97641
148.694
5.45076
2.97253
0.707342
3.78564
183.184
2.84566
62.1342
482.95
81.281
1.2571
2.48231
39.5172
1.76773
0.240371
-9.82936
1456.01
138.381
7.11362
3.33144
978.452
0.991271
2.96586
1176.08
1618.81
59.6008
-24.1418
-0.00479294
1575.75
-1.86308
-1.02973
-3.10509
0.0313191
28.1784
-2.08295
-1.14133
-0.816294
-0.245438
-0.967712
3.29211
1732.7
1392.7
270.312
-1.02302
-0.688266
1.92627
1786.01
-3.03626
1846.08
1708.12
0.492082
4.07854
4.0587
-0.134178
-2.74704
1659.76
1083.91
32.7619
0.240582
650.55
1845.91
0.543117
-1.09598
429.057
375.297
333.109
1.89056
2225.25
-1.23262
1947.95
1.26708
2002.29
5.65088
-1.33224
2.27526
-1.10468
-2.30496
-3.71043
-2.02574
20.396
-2.81125
0.127075
-2.39254
2054.94
-1.27587
0.151255
1412.64
1.20903
-1.0868
-2.68486
-1.39513
1968.69
-2.83614
1560.44
-1.7554
-2.97344
-2.975
-2.32449
-3.39995
-3.71333
-3.11571
-1.46057
2.26783
-1.34244
-1.16906
-2.11604
-1.30499
3.09103
-1.27675
-1.95853
-0.870372
-3.58661
619.305
-1.52093
-1.47167
278.323
65.2389
-5.69632
-2.35948
-3.8497
-4.55669
-4.31307
-2.80744
-3.66772
-0.976775
-1.9319
-6.07789
-5.3022
-3.33975
-2.88214
-2.64252
-3.64568
-3.40766
-3.33893
-1.66427
-3.29861
-2.51072
9.00488
15.6376
-1.2521
0.890925
-3.87784
-3.45916
-3.90036
348.169
2816.31
-3.34753
0.111638
3.40774
0.0914332
-1.16068
-0.119707
101.623
2713.13
1.12894
-0.0977693
-0.31639
-0.42257
-2.07723
-1.51517
-0.471705
-0.619127
-0.245401
-1.81824
-1.28358
-0.815276
-2.36063
-0.966091
42.1475
742.058
1227.19
6.96114
367.581
7.47086
2113.16
2509.33
26.4137
1901.69
-19.5499
9.22229
-0.989715
-3.21188
-0.602107
2511.31
2562.43
584.1
2647.79
31.2167
2173.28
2068.85
28.0214
141.226
2412.59
-0.676922
-1.20918
2389.12
2226.69
-0.320204
-0.767109
44.4762
4.8054
8.0746
355.46
-2.14957
-2.64746
-4.81446
-0.545366
-0.52927
181.13
-1.22796
-0.458664
-0.992922
-0.233455
-0.457592
-0.202486
5.82654
-0.534334
-0.277863
-16.3461
-16.5729
-0.15508
-0.307657
-0.288342
-0.231221
5.64305
-0.31537
-0.580925
7.30766
-0.181634
2880.95
-0.308967
-0.127336
-1.10831
2843.85
-0.00565531
0.0186878
2834.18
1.7778
0.171273
0.347956
10.7586
20.4269
-0.0147607
-0.391946
630.058
-0.0906114
2.4361
14.6637
0.00815882
-0.0137186
-0.0348551
-0.105979
-0.122477
56.1975
0.114143
-0.252961
-0.0380033
-4.8462
-0.862236
-0.0952593
-0.0652514
-0.0652142
0.189473
0.658238
-0.331468
0.516812
-1.26392
85.7845
0.150937
0.463794
0.456695
-0.382493
0.651006
0.584031
175.458
1.03149
0.766602
-0.00774171
1196.3
1.35387
42.5776
-0.503653
3.82086
668.192
-9.6779
0.675516
111.623
1.18506
1.27458
0.185777
-6.75782
111.206
-1.41968
-8.36285
235.266
1.16738
-0.555557
0.398011
1.0089
2739.58
-0.111707
191.552
-16.9814
-16.6525
7.01778
-15.0314
-17.3155
-0.850962
-12.7625
-11.1847
-11.319
-12.7306
-11.9738
-9.41105
-10.8199
-10.2676
-12.3088
-13.1167
-9.63138
88.0564
-4.25905
-3.18388
-8.55139
-16.1039
0.0830407
-8.63417
-15.5267
-7.11082
-13.8156
-3.91936
-7.80765
-6.87252
-4.2581
-5.00213
-2.15769
-3.06035
-4.1183
-4.44809
283.854
-1.67285
-1.72845
2.38687
329.642
-3.16826
-10.0907
-7.76392
-3.77991
-12.0239
-10.252
6.11211
-10.3712
-7.07473
-5.39645
-17.0284
0.595484
-13.3405
-0.730917
-14.2464
-14.0368
-11.2846
-1.16376
-1.5788
-9.01358
-19.4096
0.372548
1.28544
-0.0254429
155.984
99.0876
-10.1648
-0.121817
4.69563
2.79292
5.00574
-8.82765
0.390258
0.158521
28.556
-0.375625
0.625986
0.329849
4.30608
4.60736
232.904
5.55158
197.396
-0.136838
0.74155
-7.02053
-5.27751
-6.26779
-1.99924
76.209
-5.61199
-3.95335
-3.07872
-9.85202
-6.32796
-4.83522
3.95131
18.5415
-12.5229
18.4357
0.889454
11.4797
-1.66402
1252.51
616.124
3.18561
12.2228
-1.96843
1.86407
1263.92
5.51857
226.19
857.364
660.721
434.092
155.974
827.435
5.22823
523.617
1187.23
833.877
171.762
878.417
93.7917
11.5955
-3.1572
51.865
175.052
0.487816
-2.30226
-0.651327
0.642258
1.81477
86.5602
13.4612
-0.0667674
219.043
-2.06571
590.302
-1.62062
-13.3683
-1.86144
3.19438
5.47361
-1.28733
-0.555324
-4.42079
3.52884
0.469189
0.122321
-0.590885
88.9942
-2.85242
-3.63915
12.2936
13.1542
7.6002
-2.57516
7.84356
10.9835
3.62084
2.59295
2.16613
2.10854
1.91508
1.80428
13.264
3.40619
957.751
-2.04882
-2.35452
0.244438
-0.584916
8.94654
-2.56319
-3.27665
2.25329
39.8013
11.8389
35.9565
39.5762
38.1734
13.5521
16.435
-0.897899
23.7185
4.85106
-0.0966093
14.7823
46.6449
0.832485
1.27411
9.75604
7.45566
10.4488
90.3213
40.5389
18.4094
13.17
25.6238
48.0426
159.665
16.8962
7.51143
2.93201
133.099
190.088
-3.09169
2.27079
954.109
807.171
899.853
90.4635
302.85
483.786
286.54
24.3825
7.51048
862.158
0.725452
5.8352
822.364
4.82337
2.80287
114.643
180.558
330.918
894.735
11.956
2.35472
439.529
68.5266
78.7953
693.731
531.413
8.96426
819.05
15.412
983.205
7.92672
5.65096
19.4953
988.015
222.903
1020.52
505.322
809.926
993.187
18.7774
101.338
11.2295
1.35362
701.234
6.78635
94.777
-6.9604
43.6217
145.847
3.59585
12.7236
133.469
-22.1493
-21.3836
-19.5521
-16.7391
42.1921
643.749
-7.43991
1.71656
-10.1361
-14.2506
672.068
105.756
197.235
1066.62
-23.5197
-17.8321
1124.22
-25.2929
9.84311
1625.43
865.587
1193.33
89.773
6.34824
919.996
-16.2759
45.4959
-13.6438
35.6972
-5.73624
-11.9625
728.303
-15.6006
-5.3123
-11.7716
-24.1218
-10.956
997.972
-15.3868
-23.7352
48.2799
317.57
-14.6237
-13.6428
-16.633
-19.3916
-16.8621
-16.1046
5.77796
5.58762
10.8594
-0.322239
57.9846
-7.12846
-26.023
-10.9784
453.791
622.357
221.778
631.109
522.086
2.94365
532.283
92.776
101.708
59.6055
40.7042
745.789
45.3963
362.145
254.591
18.8082
657.991
389.927
15.4409
10.2366
78.2859
25.4765
165.832
-17.9387
33.2678
161.556
123.012
-22.0328
62.273
163.851
24.0306
5.8645
7.64303
-13.0917
669.687
9.12109
7.84016
8.25191
7.28577
7.69282
506.916
-15.8895
6.31661
6.41262
6.46088
6.2354
31.0921
6.92669
6.75411
6.68109
6.50994
6.40376
6.59191
14.1638
7.12003
7.63077
6.98362
6.89989
6.8919
6.75956
8.57595
6.52433
8.68899
6.59812
8.03264
7.29749
7.22869
6.70058
7.00671
7.22212
7.335
-1.14686
7.21684
68.2371
91.2452
11.3972
7.27488
6.86241
6.20266
6.78544
7.18249
-2.06828
6.19551
5.7634
6.92406
60.4481
7.0329
6.66855
9.07723
39.6927
7.39613
22.406
59.5729
5.12916
6.63947
6.88656
11.7931
35.9691
70.873
12.3361
123.111
6.24351
36.7816
6.15338
8.00523
6.85646
1.7249
8.56814
8.52668
14.7198
7.27142
7.33341
78.9368
7.65034
7.58619
27.045
356.679
143.289
2016.68
0.0341062
4.8549
555.754
621.294
34.5723
428.811
11.5414
90.6088
18.8716
164.296
1.54585
11.2549
347.394
7.06383
7.28515
7.222
7.31943
7.40087
-3.54113
6.81591
7.50079
7.49996
7.47678
7.43596
7.75146
10.791
7.34998
7.34252
6.41669
7.6401
7.45571
7.33088
7.1416
7.18578
8.01367
7.99013
13.2282
10.531
7.45036
8.97799
15.5163
7.75494
6.7948
338.186
207.349
26.1734
979.195
8.02835
691.885
3.94037
5.4394
334.783
5.06905
107.454
903.147
5.48221
51.781
6.02635
10.0506
5.24932
777.438
418.875
-0.0542286
7.92106
7.16384
6.96232
649.199
0.155991
1334.37
11.8839
20.796
724.914
6.55087
240.95
900.197
10.017
6.14496
13.3128
1008.7
1063.51
49.2587
20.8334
1068.04
6.40803
5.45702
44.6338
31.7519
12.2499
33.7244
225.419
7.68902
253.031
-1.09141
-3.93025
-1.74088
188.647
141.936
7.50207
6.10395
48.7378
1228.77
-6.1979
2.50917
5.35382
6.1251
-3.08335
1650.24
8.04648
5.44162
48.6778
5.89081
1118.1
6.68077
6.14786
0.284113
1.39628
9.09059
8.57399
1.27847
6.69382
5.85428
6.09255
7.65873
7.03025
3.94691
-0.866724
-0.608726
6.97371
7.52088
7.44819
42.7758
7.50453
-1.79201
-1.76828
-1.21807
-8.81322
0.299766
2.12655
1.22861
0.585183
358.264
-0.373113
-0.751146
928.062
2.40572
994.061
0.0115295
3.09174
6.23155
3.84951
5.6946
1.74982
4.9267
839.232
368.85
4.63624
3.15739
60.1108
4.10953
4.85809
3.60109
4.18144
4.92842
362.547
74.496
134.117
7.28089
5.54697
7.11074
78.947
106.055
339.624
7.63081
7.74172
541.084
-12.2778
7.43793
7.52273
7.41195
85.9212
0.990617
7.31099
155.316
2.21318
2.36486
-0.623212
-13.5549
3.08568
7.71178
6.62266
7.24538
5.04989
2.53805
0.574576
7.35019
-7.77402
5.51882
5.08016
0.402736
4.75944
7.36446
75.8044
4.30937
6.56771
3.57071
1520.94
7.81178
5.38393
7.4481
7.33314
504.299
84.7585
-5.60979
-2.57327
-1.28567
3.89716
1.45671
5.79774
-2.41484
0.672887
-4.16774
6.55747
-2.56894
10.0976
1.15049
6.44212
6.86366
-2.5699
6.87037
1.99058
8.525
6.68348
6.25502
138.45
209.187
7.89833
5.42789
5.51983
0.77435
6.0653
9.08493
1.93927
761.233
1112.03
-20.1974
653.239
17.8535
29.2939
481.663
-8.37527
6.96139
-2.60788
6.90471
30.8135
229.151
1.76763
7.00779
1838.35
4.16976
7.69959
12.0754
10.7753
21.4977
53.194
7.41898
12.9548
50.8752
8.47854
7.87582
611.861
2815.93
7.01012
42.8226
8.82246
8.29081
6.05334
7.0885
10.3382
6.03524
7.17761
49.4647
7.13
7.24423
10.4682
7.15293
0.27186
9.06879
34.3658
24.6503
7.35122
7.27979
12.6772
7.61842
7.24494
0.267052
-17.6603
9.43461
7.4065
5.74356
12.153
14.4482
11.462
5.50993
18.0869
863.124
-21.2872
7.23281
45.4717
228.721
10.6073
16.2952
34.6079
-1.47964
7.20275
7.05798
7.08904
39.5477
2279.74
8.45666
-25.4154
7.52561
33.7573
6.32263
6.37641
-25.2974
61.8938
2.36076
-23.1365
2.21981
175.013
-22.2593
-13.253
34.0786
10.9493
15.9983
503.629
142.428
-20.08
203.922
11.9915
729.872
41.9844
437.107
562.252
34.5208
885.524
-3.13595
-1.83354
117.425
5.76572
409.384
1032.38
507.931
5.93474
200.913
378.05
1050.25
113.696
7.03624
423.909
250.55
28.2219
103.536
-24.9686
3.20151
22.5251
6.06922
766.377
9.40729
3.14215
55.4724
7.40539
6.25838
1.98011
10.0537
0.530981
7.39042
7.1498
6.56815
3.87068
-12.4514
9.02205
-0.913865
-1.96467
13.071
0.555057
7.63897
1211.01
-2.20871
-0.63269
747.032
5.9814
9.25602
842.284
799.355
1016.67
-2.3375
15.8542
13.8222
15.0396
766.669
2.96468
392.05
759.697
5.7501
96.9814
-3.09595
-3.96462
1.04896
-8.37281
2.07253
-2.82369
289.273
-0.306305
533.231
207.132
4.95233
4.26621
21.1422
5.83364
5.20054
0.624073
56.3233
267.805
-10.7426
9.25276
1.15557
2313.26
5.8012
1972.63
1.39058
38.0841
-0.211447
102.46
7.41354
-0.733432
97.7314
7.58969
4.79897
9.05826
1015.03
0.0680857
-1.99164
7.03496
219.139
0.164018
5.55316
2.96784
137.961
-16.9716
0.0250887
1.37436
35.3411
0.251435
-13.471
682.356
5.6293
-1.94228
0.195073
828.836
2.49665
2.11389
0.147558
-11.3955
0.00995026
0.822904
-2.62324
0.216936
0.161979
3.15442
16.3976
0.138706
6.19451
3.53479
214.438
1.88406
1187.33
5.1581
-1.55904
0.284252
-16.9069
39.6139
2.58077
0.996679
-0.7242
6.06962
969.427
-0.507831
-3.5737
282.479
2.51925
0.0502798
18.6972
-0.368715
0.252173
804.055
8.63696
2732.93
0.178802
2.08062
-0.609591
-0.107388
1700.33
1450.36
4.00657
-1.37059
1280.89
3.25616
223.845
-1.92328
0.188241
2704.47
-2.74181
0.553452
-0.343704
-1.7638
2.16682
0.297095
0.379444
1.04377
2.16746
2377.93
2838.74
219.139
8.84593
0.11072
2.14184
5.75118
0.259046
808.547
1.34719
1.17453
-2.45683
-0.771751
2.33031
1843.35
0.0930772
0.341854
0.09476
-2.50865
0.0782578
0.195175
1.36715
0.116752
1.14287
0.168756
1.95577
132.451
0.200398
-12.1896
140.282
0.475978
0.373804
-2.92975
103.932
1.24777
1.89248
2816.02
-10.2436
-1.67105
-2.75052
-1.74135
0.29135
2.10229
-2.24462
5.454
-1.87036
1.05169
-2.57597
4.32185
-3.11688
-0.0813863
2.2527
94.6969
-0.439636
-0.117317
25.4112
5.63038
0.439417
-18.3004
3.01552
-2.92261
-3.38414
-6.1715
-14.2998
1.1965
-4.28098
-5.67526
1.48441
910.839
2.19001
8.12901
-5.40421
536.174
0.685934
1.61112
486.716
1.99912
503.241
-2.30557
3.87628
-0.101583
-0.720917
852.543
0.232618
-4.98917
0.522883
-2.22403
6.98322
71.6281
432.831
21.3858
514.11
32.0676
3.88782
5.47362
477.369
-0.887903
42.4331
753.946
0.196055
650.396
23.2816
11.4434
-0.440715
369.931
0.213668
0.516982
247.244
966.145
11.4652
2.47662
375.433
855.72
9.05596
260.473
554.693
26.0201
500.598
0.310081
6.559
10.4841
11.1037
3.30872
437.219
3.9487
398.736
36.0212
4.39996
4.17596
750.846
26.8073
3.93695
1.30075
2.01291
35.9422
0.44919
-4.4225
4.77684
4.35833
5.11225
9.36763
-0.198516
2069.08
-2.9882
8.2535
3.98968
2.96893
2.64933
-1.44951
4.54212
4.41793
-1.85056
-0.703554
3.89967
0.0793729
17.2005
-0.820901
-0.589413
6.08216
4.03213
2.64798
6.10082
5.07903
5.57855
-14.9264
3.96401
5.4743
2832.31
7.07775
11.1581
0.889312
1250.57
1263.25
0.0496894
0.123052
-0.238717
1406.43
446.785
6.71376
187.289
414.986
5.2234
299.016
-0.666721
25.9667
896.408
214.022
14.9027
47.1981
757.279
596.342
-0.728216
7.31439
7.85376
0.103497
4.90345
64.3903
2.39905
6.17676
9.79272
8.99243
5.76975
4.70449
4.92463
4.3482
-8.32181
18.2193
0.134412
7.79722
4.44161
-39.9266
6.14142
9.48381
883.061
6.50653
5.17947
6.05604
49.5588
376.49
4.85549
97.7548
17.3465
14.6419
4.45535
9.36335
-3.05455
8.19171
5.67845
541.645
215.075
54.7094
15.6627
4.92367
4.94144
6.11882
51.8146
4.47148
-10.3109
4.30166
0.554671
5.14834
-0.745315
4.93391
-3.51386
945.905
0.217559
4.90419
7.49436
0.289826
784.526
662.557
-3.10713
21.3576
3.32404
-7.16883
33.1819
8.03028
-8.53542
-4.34257
1.43306
6.97887
479.211
6.95019
484.573
9.41361
265.433
712.783
594.601
4.41859
290.551
412.728
-8.24506
-0.201071
79.4019
4.10916
8.24896
14.0906
87.863
1.18869
4.21902
371.562
-1.81016
38.0518
10.8497
-3.84002
8.59695
407.613
6.13953
0.410959
5.37111
12.3725
3.13876
5.83989
634.914
4.45636
5.04903
-2.09778
28.6037
9.14934
93.9127
61.8632
212.837
4.73464
-0.739547
-0.945933
219.583
-0.0425901
0.0665454
8.04341
-2.23584
-1.40792
0.213672
4.80718
-4.47806
60.1325
-0.906224
2688.06
0.0944195
5.25527
42.4527
0.567196
-4.61485
100.101
1165.77
-0.537236
2110.55
-2.02032
-0.21228
6.37308
-4.57589
-0.896733
-1.42936
5.53915
8.00852
-0.156391
-5.78318
858.45
-3.36302
-3.39015
0.151291
645.718
6.95867
7.27152
0.53447
-0.653144
-0.673734
-1.55179
6.97529
2.27557
-14.5024
387.82
-1.43308
7.28586
17.1046
-2.16274
-2.35964
3.22563
5.75995
35.3555
3.55107
-8.23579
468.195
-3.11492
5.10995
232.941
-1.28415
2.24767
-0.118197
8.03112
51.7243
64.2677
0.0274985
2516.56
2.77512
7.55849
7.11384
-0.940714
4.66342
-0.479171
-3.07008
-6.13555
668.098
168.155
990.663
0.100027
114.157
9.40364
1.86362
-2.85928
766.876
-1.34921
36.817
-0.664438
-6.75167
29.5151
1679.37
531.989
59.3499
-3.33341
-3.3361
0.0341584
4.3723
0.425015
2824.16
-5.58453
9.02308
128.504
274.09
815.563
3.11175
1344.71
-0.393843
3.12887
0.15355
628.419
5.41653
86.3487
128.307
-2.10789
569.978
6.28492
-5.51944
9.43114
3.83915
95.7144
115.407
0.644179
703.078
935.773
580.397
144.85
0.939496
1307.82
7.63768
13.8956
0.0701598
-5.27361
5.01669
270.6
504.857
4.60185
0.473468
8.1873
-3.12023
-4.00722
-0.490814
8.18045
-0.308574
4.92312
-1.65044
-0.163137
)
;

boundaryField
{
    FrontBackPlanes
    {
        type            symmetry;
    }
    wallz
    {
        type            fixedFluxPressure;
        gradient        uniform 0;
        value           nonuniform List<scalar> 
97
(
2824.71
2775.29
2792.08
2848.09
1222.93
1073.24
714.917
408.029
1095.89
130.636
248.441
114.588
608.735
555.131
654.18
369.458
-16.6321
131.678
448.105
258.765
191.431
602.368
562.636
522.996
122.745
-3.13847
47.1012
349.626
295.541
442.389
129.684
681.844
693.149
48.7435
177.68
1011.24
613.722
705.102
631.948
462.405
1233.52
-144.434
1021
639.7
580.146
138.201
1793.94
642.946
3538.62
974.269
564.54
442.897
722.744
447.309
93.292
15.8337
691.568
818.137
754.619
727.998
69.7419
108.508
33.4626
977.944
1022.97
1512.73
1422.32
359.068
363.559
-102.911
144.626
44.4521
903.616
881.605
616.356
585.216
22.9206
217.853
27.1921
1.85993
1275.47
1489.38
351.211
2748.46
2796.95
2781.93
2884.19
1487.31
1638.97
127.767
886.235
-190.393
191.161
507.287
367.581
141.226
928.062
)
;
    }
    outlet1
    {
        type            fixedValue;
        value           uniform 0;
    }
    inlet1
    {
        type            fixedFluxPressure;
        gradient        uniform 0;
        value           nonuniform List<scalar> 2(2804.49 2798.15);
    }
}


// ************************************************************************* //
