/*--------------------------------*- C++ -*----------------------------------*\
| =========                 |                                                 |
| \\      /  F ield         | OpenFOAM: The Open Source CFD Toolbox           |
|  \\    /   O peration     | Version:  v2012                                 |
|   \\  /    A nd           | Website:  www.openfoam.com                      |
|    \\/     M anipulation  |                                                 |
\*---------------------------------------------------------------------------*/
FoamFile
{
    version     2.0;
    format      ascii;
    class       volScalarField;
    location    "0.05";
    object      p;
}
// * * * * * * * * * * * * * * * * * * * * * * * * * * * * * * * * * * * * * //

dimensions      [1 -1 -2 0 0 0 0];


internalField   nonuniform List<scalar> 
6576
(
-391.939
-410.968
-380.446
-385.115
-396.975
-376.432
-373.144
-370.269
-387.29
-382.806
-382.118
-373.232
-361.719
-373.876
-281.519
-294.091
-328.261
-332.594
-305.241
-304.723
-331.324
-368.985
-378.57
-449.548
-281.18
-241.539
-168.098
-421.37
-412.816
-414.359
-405.465
-397.463
-356.888
-262.331
-246.381
-261.988
-277.524
-279.117
-265.46
-272.449
-297.097
-358.246
-299.28
2.16279
0.965735
2.29479
0.62722
1.25287
1.64271
2.21478
1.19007
0.662006
-2.91869
-2.91951
-2.93451
-2.88432
-2.8866
-2.90029
-2.8975
-2.92166
-2.88679
-2.87712
-2.85819
-2.89171
-2.92115
-2.88559
-2.66547
-2.70262
-2.72302
-2.73921
-2.70342
-2.77771
-2.7403
-0.569518
-0.597147
-0.604337
-0.59347
-0.566752
-0.588318
-0.614745
-0.528047
-0.517066
-0.545733
-0.563357
-0.535743
-0.5389
-0.566468
-0.032957
-0.0500929
0.190048
0.113521
0.107717
0.0604214
-0.0187833
-1.75645
0.145856
-2.70497
-0.206187
0.0962381
-0.227506
-1.55089
87.23
61.2072
53.0745
60.9593
87.0647
39.684
66.0439
68.1211
55.7366
96.1286
41.3994
70.9117
69.4294
-3.04637
-3.00861
-3.176
-3.04985
-3.21601
-3.27238
-3.10075
-16.5707
-20.0702
-117.635
-86.9046
-69.2001
-13.4053
2.96873
-2.96664
-3.02767
-2.97986
-3.30066
-3.08253
-3.43984
-3.1113
-1.43983
-1.43196
-1.45854
-1.41528
-1.38992
-1.39534
-1.42258
-1.57144
-1.55066
-1.54455
-1.52236
-1.49728
-1.50431
-1.53124
-1.7202
-1.70636
-1.76077
-1.6512
-1.69224
-1.72688
-1.68771
-1.70538
-1.73786
-1.67563
-1.68329
-1.71419
-1.64265
-1.61528
-1.667
-1.63785
-1.83655
-1.89557
-1.85085
-1.7761
-1.82013
-1.85817
-1.8153
-1.83322
-1.87147
-1.80105
-1.79457
-1.82721
-1.73642
-1.76404
-1.7754
-1.74438
-2.2237
-2.29991
-2.19992
-2.19232
-2.2666
-2.15098
-2.08484
-2.12125
-2.19403
-2.51727
-2.48103
-2.56345
-2.41308
-2.36484
-2.47584
-2.43277
-2.57431
-2.57968
-2.69807
-2.54801
-2.42172
-2.50132
-2.60455
-2.91523
-2.97174
-2.9334
-2.76091
-2.76684
-2.82025
-2.80073
-3.36905
-3.73477
-3.66401
-4.2744
-3.81787
-3.59903
-3.89881
-2.75996
-2.78905
-2.77289
-2.68662
-2.70456
-2.72731
-2.70921
-2.59321
-2.65221
-2.58748
-2.61247
-2.55373
-2.51838
-2.58189
-2.40273
-2.31492
-2.35707
-2.43145
-2.39237
-2.32826
-2.36999
-2.14917
-2.1803
-2.10103
-2.20018
-2.2452
-2.15026
-2.19427
-1.99745
-1.93515
-1.97921
-2.06156
-2.01033
-2.0396
-1.99203
-1.95415
-1.99871
-1.84206
-1.79107
-1.8314
-1.81867
-1.85956
-1.78864
-1.82792
-1.61064
-1.62561
-1.59148
-1.56328
-1.59761
-1.59597
-1.56234
84.6192
57.195
50.975
70.6487
44.8854
15.0507
36.3983
26.5181
51.0169
-0.435511
-0.365371
0.966832
-1.59807
-0.818606
-0.318274
-0.317238
0.169523
0.189337
0.22792
0.28269
0.233621
0.204013
0.175139
0.235314
0.193904
0.269562
0.0736265
-1.34321
0.283133
0.837686
0.200849
0.237366
0.431389
0.215195
0.112362
-0.612439
-0.582994
-0.573924
-0.585891
-0.61484
-0.590649
-0.56161
-0.938492
-0.930815
-0.95226
-0.945678
-0.937959
-0.961263
-0.963535
-0.953789
-0.958464
-0.639333
-0.624763
-0.602531
-0.676725
-0.655659
-0.652169
-0.630184
0.146262
0.211047
0.235645
0.113101
0.15086
0.159862
0.135521
0.181637
0.148769
0.164626
0.141083
0.112975
0.162277
0.138821
0.154084
0.169194
0.337414
0.501555
0.239399
0.183004
0.0218817
0.150484
0.239802
0.0259021
0.115479
86.735
87.1319
97.7027
59.7688
61.4798
71.456
72.6108
84.6459
85.4595
98.1362
71.3933
58.7923
15.5611
39.4173
52.9268
64.5479
0.381238
-0.0837662
-0.162634
0.218259
-0.459271
0.355717
-0.196876
0.274305
0.239969
0.277237
0.161555
0.2789
0.145905
0.165733
-0.376093
-0.33812
-0.353294
-0.322588
-0.300023
-0.335998
-0.313141
-0.33978
-0.362739
-0.532237
-0.552768
-0.517721
-0.504188
-0.481968
-0.529898
-0.508077
-0.63506
-0.601126
-0.616144
-0.585889
-0.56523
-0.59858
-0.577715
-0.603137
-0.623312
-0.8469
-0.818958
-0.835306
-0.871936
-0.860091
-0.841426
-0.856574
-0.835655
-0.844352
-0.860809
-0.82999
-0.809666
-0.828359
-0.849005
-2.17192
-2.18539
-2.22463
-2.15141
-2.18562
-2.18694
-2.22336
-2.24998
-2.28647
-2.30113
-2.28548
-2.25052
-2.28524
-2.31978
-2.17464
-2.18824
-2.22451
-2.18939
-2.15596
-2.18785
-2.2232
-2.18225
-2.21976
-2.16767
-2.16647
-2.20198
-2.15029
-2.11476
-2.167
-2.13199
-2.329
-2.36469
-2.31537
-2.32727
-2.2976
-2.36403
-2.33005
-2.44235
-2.38969
-2.42579
-2.44529
-2.48133
-2.41184
-2.44608
-2.44581
-2.46432
-2.49956
-2.42817
-2.39247
-2.42874
-2.4621
-2.72897
-2.71056
-2.67458
-2.73215
-2.76832
-2.73239
-2.69644
-2.55146
-2.58633
-2.58966
-2.58671
-2.62279
-2.64468
-2.60793
-2.78972
-2.73417
-2.75334
-2.5662
-2.58457
-2.52973
-2.91712
-2.88063
-2.87929
-2.88279
-2.91618
-2.89276
-2.86108
-2.8713
-2.8789
-2.91281
-2.81732
-2.85348
-2.8436
-2.87754
-2.89656
-2.93239
-2.86171
-2.87108
-2.81755
-2.85398
-2.91443
-2.88015
-2.89751
-2.86283
-2.83593
-2.87193
-2.93419
-2.91598
-2.91464
-2.89805
-2.88082
-2.87289
-2.81902
-2.85486
-2.89122
-2.91954
-2.91957
-2.93483
-2.88657
-2.88546
-2.89926
-2.89951
-2.59899
-2.57888
-2.54366
-2.61582
-2.65232
-2.59836
-2.63335
-2.59687
-2.56203
-2.44373
-2.40666
-2.46506
-2.48439
-2.51989
-2.44632
-2.48091
-2.48002
-2.53128
-2.49021
-2.46482
-2.50206
-2.53527
-2.49414
-2.30875
-2.33157
-2.34007
-2.35034
-2.38776
-2.38319
-2.34846
-1.99591
-1.9309
-1.96701
-2.06258
-2.0196
-1.96194
-1.9112
-1.98742
-2.00093
-2.05875
-1.95279
-2.00496
-1.8067
-1.75639
-1.77615
-1.8331
-1.76612
-1.78739
-1.84471
-1.67262
-1.59652
-1.60895
-1.66881
-1.56312
-1.61152
-1.69594
-1.10497
-1.10807
-1.14177
-1.06703
-1.09998
-1.11748
-1.08132
-1.04512
-1.07951
-1.04475
-1.01007
-1.04452
-1.01915
-1.05346
-1.07101
-1.03645
-0.912356
-0.89525
-0.938363
-0.901482
-0.920991
-0.934212
-0.953823
-0.538421
-0.567494
-0.5789
-0.591353
-0.620279
-0.594581
-0.565628
-0.602644
-0.628959
-0.586379
-0.574716
-0.600699
-0.545399
-0.571712
-0.551362
-0.580559
-0.593258
-0.635882
-0.606308
-0.579415
-0.608548
-0.278378
-0.306234
-0.263963
-0.250395
-0.278009
-0.22225
-0.250017
-0.13766
-0.109716
-0.150875
-0.164453
-0.192719
-0.10894
-0.137036
-0.136521
-0.164587
-0.196554
-0.168507
-0.153792
-0.12248
-0.151163
-0.151177
-0.179385
-0.16821
-0.196312
-0.0221958
0.00900372
-0.0355946
-0.0370543
-0.0654075
-0.051016
-0.021314
-0.0665526
-0.037857
-0.0796127
-0.0363738
-0.00405052
-0.0337687
-0.0343258
-0.0627157
-0.0803015
0.106257
0.142707
0.0907573
0.0884015
0.0413704
0.0716119
0.235511
0.230083
0.227867
0.244243
0.304287
0.163074
0.168567
0.167373
0.189509
0.153282
0.21469
0.164921
0.288005
0.233252
0.211016
0.245197
0.356918
0.519888
-0.0221796
0.436925
0.18981
0.217744
0.234781
0.227764
0.278507
0.28634
0.241664
0.264434
-0.438719
0.111696
0.2004
0.205231
-0.933104
0.570974
2.23012
-0.0805531
-1.12537
-0.412471
-1.1457
53.5445
39.5201
67.0189
12.1922
39.3329
51.7984
86.1946
59.5823
59.9542
33.0534
61.6182
87.9869
53.5071
61.1301
88.1627
41.1501
10.2262
66.94
40.3059
73.6752
99.8917
72.9133
83.0233
84.1658
94.05
56.9113
56.6145
80.0519
79.8714
53.1566
53.1853
89.9905
89.4524
100.127
62.6683
63.3053
72.9764
46.4985
68.1805
54.5334
41.7461
85.8937
59.7072
51.6945
86.0801
59.5907
38.3444
65.0923
36.1466
10.6673
48.1209
60.4498
34.1958
7.04192
33.4996
0.265817
1.41191
-0.181997
1.57011
0.623444
-0.429048
-0.430004
0.311645
0.384762
-1.24781
-1.16455
-0.744553
-0.214317
-1.23947
0.190066
0.176212
0.150771
0.158596
0.157866
0.13598
0.12708
0.0464485
0.0591034
0.0206319
0.0963486
0.0721176
0.0464949
0.0725746
0.0409599
0.014217
0.050118
0.0122571
0.0390751
0.0626085
0.0359272
-0.0826199
-0.0481323
-0.0577395
-0.036363
-0.0160318
-0.0480138
-0.0249496
-0.0465642
-0.0706249
-0.177806
-0.15231
-0.142137
-0.106529
-0.130686
-0.118141
-0.142726
-0.141063
-0.166145
-0.301017
-0.27797
-0.315163
-0.325813
-0.302578
-0.350796
-0.328177
-1.51004
-1.53031
-1.48138
-1.58785
-1.55788
-1.52244
-1.55015
-1.49135
-1.44865
-1.50004
-1.52497
-1.48291
-1.51069
-1.55533
-1.68079
-1.73037
-1.67681
-1.62382
-1.66874
-1.88221
-1.89472
-1.93416
-1.86772
-1.82848
-1.86148
-1.89751
-1.94288
-1.89483
-1.90558
-1.91107
-1.87662
-1.90884
-1.94324
-1.87638
-1.84167
-1.89387
-1.87624
-1.90945
-1.94434
-1.90946
-2.02794
-1.97648
-2.01059
-2.03064
-2.06563
-1.99773
-2.03062
-2.02957
-2.04657
-2.08286
-1.97803
-2.01283
-2.01237
-2.04595
-2.21928
-2.16552
-2.16735
-2.16226
-2.12671
-2.12719
-2.1601
-2.18353
-2.11041
-2.16122
-2.1771
-2.14447
-2.11136
-2.30673
-2.357
-2.30481
-2.28888
-2.2539
-2.32329
-2.25331
-2.28732
-2.46496
-2.44748
-2.50136
-2.4285
-2.44757
-2.39299
-2.50048
-2.46439
-2.42865
-2.46247
-2.78384
-2.74859
-2.73208
-2.71248
-2.67606
-2.71271
-2.7465
-2.73216
-2.75004
-2.78613
-2.71521
-2.67902
-2.71529
-2.74951
-2.87803
-2.89241
-2.85993
-2.71599
-2.73603
-2.68027
-2.78781
-2.75231
-2.71646
-2.74991
-2.88096
-2.89714
-2.93163
-2.86355
-2.89854
-2.89561
-2.89562
-2.93206
-2.89798
-2.89618
-2.88018
-2.86513
-2.92137
-2.92055
-2.93542
-2.88846
-2.88835
-2.90041
-2.90001
-2.92212
-2.89035
-2.88812
-2.92246
-2.89131
-2.87308
-2.90391
-2.73554
-2.7043
-2.75617
-2.77415
-2.80538
-2.76719
-2.7376
-2.77431
-2.8051
-2.47599
-2.49042
-2.43258
-2.5473
-2.50179
-2.46778
-2.50863
-2.38746
-2.42933
-2.41131
-2.46765
-2.50226
-2.45138
-2.48367
-2.19886
-2.15805
-2.08723
-2.30864
-2.22713
-2.24748
-2.19072
-2.2564
-2.27537
-2.3892
-2.28301
-2.35772
-1.85243
-1.72291
-1.74836
-1.98587
-1.91441
-1.93196
-1.8708
-1.77145
-1.81521
-1.32863
-1.32339
-1.39431
-1.36484
-1.35283
-1.46512
-1.44396
-1.41381
-1.43167
-1.21857
-1.23003
-1.19264
-1.1791
-1.21546
-1.20811
-1.17315
-1.1308
-1.15482
-1.10877
-1.09123
-1.0671
-1.10084
-1.12481
-0.990923
-0.967687
-1.01324
-1.00802
-0.984384
-1.05934
-1.03506
-1.01812
-1.04224
-0.905356
-0.916375
-0.873974
-0.960105
-0.928615
-0.902572
-0.933851
-0.462605
-0.491167
-0.493903
-0.519755
-0.491147
-0.537162
-0.508094
-0.378529
-0.364101
-0.335805
-0.380311
-0.408072
-0.408529
-0.380782
-0.392285
-0.3644
-0.422223
-0.380032
-0.349149
-0.377322
-0.377596
-0.405441
-0.422514
-0.293544
-0.264948
-0.262246
-0.265035
-0.236393
-0.247993
-0.219108
-0.309919
-0.266727
-0.281182
-0.147344
-0.103872
-0.133028
-0.0319651
0.0136207
-0.0177884
0.148437
0.134034
0.160496
0.159468
0.171923
0.164024
0.147336
65.5905
50.9379
37.5327
57.2065
44.5071
30.183
33.1365
6.19953
6.29752
30.1513
95.6444
69.4456
69.4349
84.6019
84.7438
95.01
58.1104
57.6986
68.6375
66.9952
64.5566
51.4592
38.8875
84.7968
57.6081
50.6832
65.1847
38.0282
58.5644
85.6311
61.785
86.9376
48.9158
63.1955
35.9402
59.4482
-0.120418
0.077021
0.110547
-0.266591
-1.00961
0.052391
0.337816
0.0538911
-0.425924
-0.327363
-0.502259
-1.8644
-0.0865221
0.135498
0.226067
0.12023
0.264296
0.212218
0.236493
0.209401
0.235246
0.0836933
0.048742
0.0585496
0.0614942
0.0872515
0.065699
0.100421
-0.0924098
-0.120289
-0.105569
-0.143848
-0.116998
-0.144675
-0.117883
-0.28926
-0.262885
-0.301132
-0.288224
-0.313614
-0.288372
-0.262446
-0.397821
-0.371176
-0.408067
-0.419718
-0.445385
-0.422798
-0.396514
-0.52136
-0.546668
-0.512049
-0.497433
-0.523327
-0.501051
-0.475179
-0.614997
-0.587117
-0.622171
-0.632512
-0.658515
-0.638979
-0.61157
-1.45207
-1.43366
-1.45866
-1.50326
-1.4748
-1.4698
-1.49868
-1.60848
-1.61925
-1.65755
-1.59535
-1.5581
-1.58824
-1.62353
-1.63374
-1.67039
-1.624
-1.63945
-1.60708
-1.67105
-1.63689
-1.67568
-1.62923
-1.64052
-1.64398
-1.61237
-1.64258
-1.6757
-1.67843
-1.63196
-1.6446
-1.64651
-1.61578
-1.67868
-1.64655
-1.80766
-1.77291
-1.75589
-1.79003
-1.75636
-1.73742
-1.70591
-1.7227
-1.75515
-1.62399
-1.57541
-1.60794
-1.62669
-1.65984
-1.59511
-1.62692
-1.62574
-1.64188
-1.67593
-1.60992
-1.57687
-1.60993
-1.64162
-1.7569
-1.72375
-1.76017
-1.75718
-1.79034
-1.81153
-1.77725
-1.92865
-1.89399
-1.8912
-1.84028
-1.87398
-1.86132
-1.89433
-1.75507
-1.70478
-1.73828
-1.94816
-1.89595
-1.91326
-2.08555
-2.04924
-2.03247
-2.22132
-2.18473
-2.16814
-2.15095
-2.18506
-2.11551
-2.15085
-2.16683
-2.18391
-2.21999
-2.14976
-2.11391
-2.35961
-2.32609
-2.30973
-2.29096
-2.25526
-2.291
-2.32484
-2.15957
-2.10813
-2.14426
-2.17593
-2.14197
-2.10857
-2.14296
-2.36484
-2.31379
-2.33045
-2.32952
-2.29614
-2.33047
-2.3652
-2.5974
-2.61401
-2.65106
-2.58137
-2.54451
-2.79557
-2.76414
-2.74746
-2.79464
-2.76211
-2.76087
-2.72956
-2.54435
-2.57764
-2.60262
-2.61806
-2.58467
-2.57993
-2.54793
-2.7645
-2.7979
-2.75108
-2.76381
-2.79856
-2.76857
-2.73478
-2.87998
-2.86301
-2.89189
-2.88338
-2.91767
-2.88052
-2.85139
-2.88773
-2.865
-2.83176
-2.8978
-2.93458
-2.86614
-2.92847
-2.90001
-2.89289
-2.89887
-2.8736
-2.84512
-2.87464
-2.92656
-2.92936
-2.93886
-2.90164
-2.90348
-2.91204
-2.89086
-2.90245
-2.89302
-2.87697
-2.93307
-2.92932
-2.93964
-2.91084
-2.91048
-2.91963
-2.92282
-2.88087
-2.85852
-2.90133
-2.86904
-2.88642
-2.91407
-2.89627
-2.94442
-2.92826
-2.92825
-2.95059
-2.92668
-2.92901
-2.95194
-2.92379
-2.9103
-2.87335
-2.85918
-2.85485
-2.89522
-2.89615
-2.56222
-2.66681
-2.42751
-2.5515
-2.67455
-2.78887
-2.57459
-2.14409
-2.17061
-2.08495
-2.30875
-2.1881
-2.29295
-2.20001
-2.44221
-2.36533
-2.45495
-2.31887
-2.34588
-2.39902
-2.41892
-1.75905
-1.83201
-1.78766
-1.87412
-1.91997
-1.83052
-1.86775
-1.80538
-1.76961
-1.63977
-1.56661
-1.62115
-1.70908
-1.63089
-1.58936
-1.65132
-1.62423
-1.68851
-1.64379
-1.68904
-1.71528
-1.63877
-1.66339
-1.45089
-1.42618
-1.47916
-1.50775
-1.53473
-1.50117
-1.52713
-1.4578
-1.48186
-1.51188
-1.56006
-1.51505
-1.46343
-1.50383
-1.47671
-1.5172
-1.54497
-1.50257
-1.32089
-1.37066
-1.34418
-1.36557
-1.39013
-1.32726
-1.35242
-1.18283
-1.16614
-1.13767
-1.20253
-1.23152
-1.19954
-1.17159
-1.20816
-1.19436
-1.24168
-1.1476
-1.18023
-1.21087
-1.17867
-0.955726
-0.940214
-0.911077
-0.972728
-1.00216
-0.971351
-0.942764
-1.01021
-0.978442
-0.966054
-0.979927
-1.01055
-0.951031
-0.980622
-0.855436
-0.885317
-0.839671
-0.824731
-0.795628
-0.82589
-0.85468
-0.574976
-0.603082
-0.603572
-0.574765
-0.602752
-0.61789
-0.589722
-0.693192
-0.722302
-0.725234
-0.769615
-0.739977
-0.722407
-0.751577
-0.563154
-0.605596
-0.60602
-0.649097
-0.562973
-0.620004
-0.446203
-0.475024
-0.489369
-0.477843
-0.449131
-0.491926
-0.506342
-0.535402
-0.477775
-0.506206
-0.332825
-0.361418
-0.375547
0.139516
0.16039
0.167574
0.151574
0.154733
0.168989
0.176268
55.6728
43.0765
28.0796
31.4098
7.96906
4.83573
30.0316
94.4536
67.6952
66.4977
86.0732
86.929
97.7239
60.9842
60.6055
72.2007
71.769
65.1314
53.3313
39.1432
0.896306
0.323882
0.574905
0.560989
0.690748
0.872621
0.608999
1.35029
-0.101801
0.320909
0.622518
0.75804
-0.0516713
0.172865
-0.103172
-0.0637262
-0.0889321
-0.144285
-0.118869
-0.092456
-0.117652
-0.109954
-0.137148
-0.0974826
-0.0837057
-0.110842
-0.0852828
-0.0581698
-0.0839234
-0.0552034
-0.24851
-0.224073
-0.209175
-0.247628
-0.222477
-0.221285
-0.195682
-0.220098
-0.247008
-0.20875
-0.193716
-0.221127
-0.169926
-0.198723
-0.196214
-0.168071
-0.331759
-0.359737
-0.322488
-0.320066
-0.348133
-0.313698
-0.284254
-0.324988
-0.29638
-0.44806
-0.476976
-0.440572
-0.451643
-0.480204
-0.429174
-0.45843
-1.37491
-1.40996
-1.36477
-1.41107
-1.37824
-1.3814
-1.34926
-1.38293
-1.41643
-1.37101
-1.41678
-1.38494
-1.38695
-1.35538
-1.4197
-1.37167
-1.38695
-1.36816
-1.33739
-1.36806
-1.39962
-1.53097
-1.49942
-1.49573
-1.46777
-1.49961
-1.47969
-1.44745
-1.36198
-1.33118
-1.36661
-1.3609
-1.33017
-1.53775
-1.50586
-1.50129
-1.50698
-1.53853
-1.31879
-1.364
-1.3182
-1.34811
-1.37898
-1.55052
-1.50385
-1.48785
-1.51849
-1.55037
-1.62852
-1.67868
-1.64466
-1.75627
-1.80716
-1.77132
-1.70582
-1.73975
-1.56864
-1.60257
-1.61608
-1.6315
-1.59904
-1.60136
-1.56838
-1.89957
-1.86455
-1.88381
-1.83369
-1.86885
-1.83351
-1.86755
-1.8056
-1.76948
-1.75745
-1.7718
-1.80599
-1.77428
-1.74013
-2.07905
-2.0432
-2.02728
-1.97117
-2.00798
-2.00828
-2.04304
-2.32843
-2.36835
-2.31032
-2.29258
-2.32969
-2.25289
-2.29336
-2.64432
-2.68343
-2.62002
-2.68819
-2.70535
-2.65829
-2.63625
-2.90793
-2.90433
-2.89077
-2.91559
-2.94105
-2.927
-2.90347
-2.92452
-2.92494
-2.90521
-2.92116
-2.94379
-2.90926
-2.95041
-2.95604
-2.94722
-2.97205
-2.96076
-2.96719
-2.9808
-2.95561
-2.95819
-2.95567
-3.03091
-2.96984
-3.0005
-2.99632
-3.01635
-3.01265
-3.14246
-3.05414
-3.09248
-3.73567
-4.13613
-4.03603
-4.00607
-4.35795
-3.25893
-4.69981
-3.14653
-27.3293
-22.5231
-28.0898
-17.6542
-16.3386
-4.36502
-6.39427
-4.69903
-2.44025
-4.88443
-5.84708
-2.9741
-3.39948
-4.43073
-4.42559
-4.47097
-2.7553
-4.42004
-4.98395
-4.32388
-4.02865
-4.02199
-3.48941
-3.26479
-3.3499
-3.61567
-3.48745
-3.33184
-3.36939
-2.83017
-4.25002
-5.38955
-4.14184
-3.95842
-2.19255
-2.23826
-2.28055
-2.24757
-2.28743
-2.3463
-2.30441
-2.49739
-2.46069
-2.43537
-2.36633
-2.40528
-2.49276
-2.45846
-2.40863
-2.44424
-1.9941
-2.04487
-2.07006
-2.08777
-2.13706
-2.08891
-2.04155
-2.04191
-2.00469
-2.0653
-2.04803
-2.01088
-2.08945
-2.05443
-1.95552
-1.99405
-1.92898
-1.95147
-1.91684
-1.90769
-1.87262
-1.66602
-1.64015
-1.6129
-1.65797
-1.68608
-1.64698
-1.61824
-1.34694
-1.37824
-1.32827
-1.31181
-1.28101
-1.31509
-1.34528
-1.17577
-1.20682
-1.20982
-1.2069
-1.2386
-1.2582
-1.22522
-1.06812
-1.0385
-1.08449
-1.08631
-1.11594
-1.09799
-1.06899
-1.11658
-1.08732
-1.1314
-1.08596
-1.05303
-1.08317
-1.08369
-1.11342
-1.13179
-0.993283
-0.962693
-0.959972
-0.962842
-0.932827
-0.914618
-0.944679
-0.964642
-1.01094
-0.98
-0.811174
-0.840701
-0.843631
-0.870374
-0.840773
-0.888679
-0.858573
-0.854482
-0.839612
-0.884108
-0.823218
-0.794752
-0.824456
-0.852552
-0.838959
-0.794261
-0.823939
-0.720537
-0.676461
-0.705823
-0.721301
-0.707156
-0.677687
-0.735352
-0.765479
-0.735789
-0.706328
0.093184
0.0667763
0.0592094
0.0477254
0.0765964
0.0711439
0.102119
0.113513
0.143182
0.126434
0.148985
0.12512
0.108998
0.115419
0.105118
0.240461
-0.441923
0.368544
0.363067
0.493805
0.895479
1.14923
0.0183744
0.722459
0.033722
1.51452
0.488357
0.0883999
87.7671
87.6162
98.4592
61.1755
61.3971
71.0507
72.5365
68.2637
94.7475
68.4573
68.7366
55.4742
42.3366
-1.12837
-1.16173
-1.11851
-1.13151
-1.16332
-1.10414
-1.1351
-1.13673
-1.16887
-1.12526
-1.13871
-1.16972
-1.11058
-1.14086
-1.17318
-1.12918
-1.14179
-1.14367
-1.11424
-1.14307
-1.17347
-1.12493
-1.13922
-1.1704
-1.11056
-1.07984
-1.10975
-1.13961
-1.2785
-1.2472
-1.24451
-1.19847
-1.22906
-1.21709
-1.24739
-1.24905
-1.29626
-1.26445
-1.25066
-1.29525
-1.26339
-1.26581
-1.23535
-1.29546
-1.26466
-1.24683
-1.29128
-1.25854
-1.23164
-1.26248
-1.292
-1.26058
-1.2844
-1.25082
-1.24043
-1.22541
-1.25693
-1.25358
-1.28573
-1.2229
-1.20313
-1.17551
-1.26862
-1.23963
-1.23352
-1.20618
-1.54705
-1.51929
-1.52981
-1.46269
-1.45369
-1.47368
-1.4902
-1.63625
-1.69515
-1.68558
-1.62011
-1.67831
-1.70059
-1.62856
-1.83714
-1.85868
-1.97445
-1.74881
-1.84313
-1.85263
-1.71194
-1.76146
-1.52931
-1.5454
-1.61233
-1.60195
4.66027
-1.00479
-0.954497
1.46135
-2.93713
-3.67641
-3.54446
-3.02153
-3.84746
-3.10419
-2.65456
-3.19517
-3.90467
-3.10967
-2.23039
-2.23474
-2.42236
-2.62612
-2.55555
-2.45074
-2.33531
-3.32895
-3.40727
-3.13583
-2.98918
-2.96474
-2.96166
-2.96194
-2.98659
-2.95036
-2.96465
-3.01596
-2.9629
-2.98722
-2.92037
-2.91849
-2.94036
-2.90759
-2.93622
-2.93826
-2.93153
-2.93759
-2.92523
-2.90917
-2.90858
-2.89678
-2.89909
-2.73273
-2.68839
-2.74226
-2.76344
-2.72529
-2.75672
-2.79628
-2.19184
-2.2476
-2.227
-2.23061
-2.26744
-2.22955
-2.19408
-2.10453
-2.08308
-2.04813
-2.09215
-2.12465
-2.08601
-2.05172
-1.97251
-1.94817
-1.9146
-1.99202
-2.02764
-1.985
-1.95225
-1.82024
-1.78804
-1.84233
-1.86414
-1.89821
-1.84537
-1.87842
-1.80763
-1.83959
-1.91968
-1.88318
-1.87028
-1.91974
-1.88505
-1.85238
-1.88591
-1.46656
-1.44924
-1.41647
-1.51547
-1.48219
-1.48167
-1.44996
-1.38419
-1.33559
-1.35038
-1.43207
-1.46469
-1.46785
-1.4972
-1.46493
-1.51771
-1.48428
-1.28698
-1.33493
-1.31827
-1.33534
-1.28808
-1.38384
-1.18934
-1.20512
-1.1577
-1.22336
-1.25561
-1.20751
-1.19234
-1.1606
-1.19199
-1.22309
-1.06591
-1.08131
-1.03538
-1.10095
-1.13249
-1.08808
-1.07275
-1.10263
-1.10213
-1.13315
-0.815576
-0.785093
-0.829277
-0.841845
-0.873215
-0.812823
-0.843444
-0.155094
-0.142216
-0.178875
-0.128404
-0.106339
-0.00901072
-0.033156
-0.0456451
-0.0574509
-0.0822943
-0.0577156
-0.032766
-0.0800403
-0.0590137
-0.0489863
-0.0191867
-0.0351034
-0.0371013
-0.0561406
-0.0474965
-0.0335571
-0.0130648
-0.0588244
-0.0826654
0.0266913
0.0357779
0.0344774
0.0583704
0.0669787
0.0425904
0.0500052
0.0291644
0.00337282
0.0467445
0.039068
0.0583614
0.0406624
0.0549624
-0.0211367
0.250618
0.0808397
0.0943833
0.111328
-0.0190867
-0.0127375
54.2457
67.2198
40.7538
87.5001
60.9846
53.1728
39.8079
66.509
87.5995
61.0105
55.2565
68.3754
94.7821
41.9286
67.0619
68.7381
85.2533
85.3276
95.9637
58.8842
58.6943
68.9193
70.1017
70.117
97.3395
71.4252
-0.888337
-0.859705
-0.89118
-0.905553
-0.935137
-0.917459
-0.888367
-0.886619
-0.871966
-0.843221
-0.952871
-0.982944
-0.994991
-0.981762
-0.95167
-1.00897
-0.97837
-0.746638
-0.731455
-0.722463
-0.712314
-0.688619
-0.691753
-0.716227
-0.842105
-0.854543
-0.823055
-0.802788
-0.833875
-0.830507
-0.799844
-1.22278
-1.20348
-1.22539
-1.14798
-1.1557
-1.17635
-1.17515
-1.2663
-1.32696
-1.27981
-1.23876
-1.29463
-1.21449
-1.27883
-1.14782
-1.13088
-1.17432
-1.05605
-1.08531
-1.11571
-1.0934
-1.15956
-1.24828
-1.13652
-1.11017
-1.18539
-1.11658
-1.03498
-2.82585
-3.12881
-2.6407
-3.21829
-3.32488
-2.94286
-2.9712
-2.75871
-2.67454
-2.67704
-2.69506
-2.67079
-2.61432
-2.60941
-2.66613
-2.64253
-2.69754
-2.76799
-2.7186
-2.65264
-2.65499
-2.79253
-2.74117
-2.82334
-2.77281
-2.80408
-2.74856
-2.7158
-2.76426
-2.78632
-2.8883
-2.87923
-2.9127
-2.89657
-2.92334
-2.88174
-2.92345
-2.89137
-2.89515
-2.86398
-2.91087
-2.93664
-2.90536
-2.89414
-2.87854
-2.93162
-2.86118
-2.89572
-2.89542
-2.91827
-2.93447
-2.91741
-2.89894
-2.89612
-2.88436
-2.88202
-2.6264
-2.58692
-2.56978
-2.60715
-2.56825
-2.51254
-2.55076
-2.5311
-2.56933
-2.08482
-2.13697
-2.11877
-2.12052
-2.155
-2.11994
-2.0857
-1.98051
-1.94779
-2.00009
-1.95067
-1.98292
-1.98597
-2.01807
-1.8353
-1.86955
-1.87313
-1.90484
-1.86996
-1.92718
-1.89136
-1.76843
-1.73386
-1.73099
-1.70059
-1.73442
-1.71431
-1.68028
-1.78858
-1.736
-1.75354
-1.5977
-1.54824
-1.5994
-1.58111
-1.61531
-1.6494
-1.4467
-1.46281
-1.41338
-1.37354
-1.34403
-1.32584
-1.37147
-1.34213
-1.30889
-1.33704
-0.830851
-0.806211
-0.788102
-0.777938
-0.802673
-0.747705
-0.772633
-0.64498
-0.669843
-0.687188
-0.672445
-0.697464
-0.727829
-0.702291
-0.660908
-0.675477
-0.651763
-0.619549
-0.642393
-0.645835
-0.621962
-0.518807
-0.558491
-0.546609
-0.568231
-0.597363
-0.542209
-0.570731
-0.329598
-0.344398
-0.306445
-0.357689
-0.381475
-0.354889
-0.331136
-0.343227
-0.330119
-0.366515
-0.293292
-0.315425
-0.340109
-0.317197
-0.328075
-0.301578
-0.337887
-0.347334
-0.374145
-0.22249
-0.235221
-0.212604
-0.184124
-0.206144
-0.208554
-0.186097
-0.119323
-0.135177
-0.0990847
-0.123699
-0.146988
-0.100511
-0.122147
-0.125998
-0.117305
-0.0922898
-0.109165
-0.136657
-0.115133
-0.0893981
51.8471
38.4713
65.1352
86.5325
60.3601
52.3412
65.538
39.1322
86.5976
59.8474
53.6922
66.5592
93.0935
40.3594
67.2233
65.9306
84.915
84.9374
95.6653
58.8899
58.2024
69.2672
69.8099
69.5912
96.3298
70.3969
-0.584823
-0.543574
-0.556502
-0.530869
-0.503334
-0.557984
-0.530124
-0.659996
-0.631934
-0.662793
-0.688277
-0.660034
-0.705346
-0.676876
-0.775295
-0.772569
-0.803931
-0.729791
-0.758232
-0.746955
-0.775322
-0.658215
-0.644045
-0.615762
-0.820365
-0.791478
-0.777137
-0.820282
-0.790561
-0.778293
-0.764235
-0.792427
-0.791744
-0.82061
-0.752387
-0.725893
-0.768406
-0.784061
-0.811714
-0.755918
-0.783115
-0.726774
-0.753709
-1.73496
-1.62073
-1.51792
-1.41101
-1.42727
-1.51924
-1.57069
-1.67511
-1.85023
-1.72602
-1.74884
-1.86718
-1.68266
-1.77152
-2.48253
-2.43643
-2.42661
-2.40687
-2.44543
-2.48394
-2.44181
-2.87382
-2.85595
-2.88963
-2.70939
-2.65444
-2.69246
-2.72738
-2.68918
-2.65403
-2.69158
-2.88438
-2.91944
-2.87417
-2.85015
-2.81192
-2.8816
-2.91891
-2.88653
-2.85001
-2.90059
-2.93512
-2.89694
-2.9343
-2.91733
-2.9178
-2.89659
-2.89536
-2.88068
-2.88271
-2.88829
-2.87385
-2.85399
-2.89741
-2.93075
-2.87832
-2.85944
-2.89428
-2.89294
-2.92312
-2.88992
-2.87964
-2.92034
-2.88585
-2.85835
-2.88966
-2.45765
-2.49314
-2.44236
-2.4527
-2.4222
-2.45606
-2.49058
-2.15076
-2.09517
-2.15082
-2.13312
-2.16955
-2.2062
-2.012
-1.96068
-2.01343
-2.02887
-2.06359
-1.99398
-2.02995
-2.06381
-1.8498
-1.86786
-1.8157
-1.72387
-1.77497
-1.74364
-1.70564
-1.73473
-1.77157
-1.74057
-1.74583
-1.78172
-1.73348
-1.74837
-1.71622
-1.78157
-1.74721
-1.58004
-1.60933
-1.59752
-1.64709
-1.61527
-1.64555
-1.61409
-1.5904
-1.60736
-1.57399
-1.60067
-1.63708
-1.63914
-1.60411
-1.50062
-1.46855
-1.4486
-1.40049
-1.43148
-1.46612
-1.43559
-1.4773
-1.44902
-1.42799
-1.4738
-1.44542
-1.40989
-1.43599
-1.16676
-1.11938
-1.14587
-1.21172
-1.18399
-1.14981
-1.176
-1.07867
-1.10063
-1.12513
-1.14267
-1.11904
-1.08388
-1.10776
-0.984584
-1.00983
-1.03019
-1.01387
-1.03914
-1.0739
-1.04695
-1.00604
-0.972467
-1.01328
-1.01958
-1.05453
-0.904594
-0.882286
-0.861228
-0.819435
-0.840902
-0.899811
-0.877282
-0.867046
-0.845158
-0.874262
-0.843697
-0.882169
-0.888035
-0.920174
-0.901956
-0.870884
-0.893501
-0.924776
-0.748782
-0.727346
-0.734503
-0.69419
-0.714733
-0.697422
-0.719176
-0.636286
-0.622418
-0.65812
-0.585343
-0.606567
-0.63122
-0.609607
-0.521268
-0.537088
-0.499031
-0.573115
-0.550824
-0.523646
-0.546098
-0.413479
-0.428496
-0.391114
-0.441838
-0.464349
-0.415546
-0.438383
-0.407465
-0.380932
-0.41662
-0.401045
-0.427809
-0.379007
-0.405326
-0.0861261
-0.0560047
-0.0973356
-0.0571821
-0.0836616
-0.0828335
-0.109137
51.5773
38.1672
64.663
86.8241
61.2154
52.7163
39.0448
66.0196
87.0621
60.1288
53.94
66.754
93.691
40.1939
67.0081
67.8797
71.0165
96.7619
70.6788
89.546
63.1913
54.8976
40.1826
67.5323
63.0806
89.1439
38.8122
13.3295
51.9639
65.5218
91.9489
38.961
64.9799
65.9423
1.12504
-0.96154
0.493715
-1.62817
-0.580964
-0.83207
-0.29919
1.43662
-0.0622315
0.416098
0.226023
0.801665
0.771957
0.207079
0.0489174
0.129361
0.199695
0.0916528
0.129204
0.151405
0.291981
0.181636
0.101419
0.056809
0.0877811
0.0992485
0.0711812
0.0939047
0.104121
0.0966324
0.0825891
0.0918135
-0.0539436
-0.0444247
-0.0728716
-0.0489306
-0.0454163
-0.0276106
-0.0561058
-0.135731
-0.122436
-0.14573
-0.134997
-0.155197
-0.15395
-0.176617
-0.336439
-0.375543
-0.34938
-0.323618
-0.348356
-0.375238
-0.349567
-0.317143
-0.291476
-0.33102
-0.344429
-0.370921
-0.343733
-0.317662
-0.451806
-0.479426
-0.438163
-0.424738
-0.451916
-0.424692
-0.397326
-0.483079
-0.441625
-0.455475
-0.439039
-0.411183
-0.466642
-0.43896
-0.455421
-0.483088
-0.435375
-0.393268
-0.42139
-0.580074
-0.5522
-0.547403
-0.552163
-0.524428
-0.533464
-0.505467
-0.595332
-0.56725
-0.553597
-0.567455
-0.595398
-0.451957
-0.438339
-0.47956
-0.424514
-0.396832
-0.424678
-0.452029
-0.230787
-0.270458
-0.246373
-0.217214
-0.242005
-0.269642
-0.244792
-0.197845
-0.233018
-0.221433
-0.243078
-0.26924
-0.218445
-0.244087
0.0078181
0.0175223
0.0272047
0.0646025
0.0209469
-0.0150914
0.0303422
2.1152
0.611674
2.19202
0.164599
0.246848
0.253519
0.238334
0.206273
0.283233
0.301784
0.210288
0.122195
0.148039
-0.0989867
0.592026
1.36003
2.92599
1.38818
2.68231
1.91442
-0.101679
-0.0752162
-0.0819476
-0.0850797
-0.106292
-0.0834681
-0.0778241
-0.053139
-0.0684341
-0.0824169
-0.0224271
-0.0288432
-0.0430232
-0.056488
-0.127414
-0.137608
-0.109463
-0.0992798
-0.119517
-0.118682
-0.0935077
-0.68906
-0.659548
-0.652639
-0.642039
-0.612969
-0.634839
-0.663914
-0.501679
-0.530808
-0.538806
-0.527376
-0.555917
-0.577654
-0.549613
-0.766764
-0.738412
-0.732786
-0.698491
-0.728267
-0.742585
-0.713868
-0.723203
-0.694258
-0.7139
-0.72785
-0.747103
-0.697801
-0.677747
-0.701005
-0.721122
-0.909628
-0.908123
-0.924912
-0.902505
-0.883513
-0.895273
-0.914023
-0.904604
-0.915708
-0.896409
-0.891882
-0.875463
-0.908014
-0.890972
-0.94862
-0.944162
-0.951452
-0.938435
-0.926721
-0.947865
-0.937095
-0.947841
-0.950435
-0.959694
-0.951878
-0.933682
-0.965654
-0.969395
-0.989697
-0.972625
-0.968028
-0.993985
-0.994356
-1.28875
-1.34075
-1.33754
-1.25319
-1.25541
-1.30617
-1.30379
-1.38875
-1.36473
-1.44161
-1.4043
-1.34919
-1.88258
-1.9058
-1.84535
-1.9363
-1.97548
-1.93016
-1.89504
-2.11283
-2.0996
-2.07844
-2.12176
-2.15888
-2.15766
-2.12072
-2.27772
-2.31796
-2.26331
-2.2787
-2.31764
-2.27647
-2.24184
-2.4765
-2.43871
-2.42146
-2.40262
-2.43695
-2.4746
-2.43879
-2.56882
-2.51173
-2.54885
-2.58771
-2.62694
-2.7152
-2.65998
-2.69826
-2.73198
-2.69738
-2.66189
-2.69804
-2.84584
-2.88079
-2.8651
-2.80898
-2.84884
-2.84693
-2.80937
-2.9358
-2.90263
-2.89771
-2.86845
-2.81298
-2.8523
-2.91335
-2.8776
-2.8953
-2.85947
-2.83172
-2.86861
-2.91357
-2.91359
-2.9339
-2.89595
-2.87788
-2.81391
-2.85075
-2.86991
-2.8861
-2.93574
-2.89824
-2.89966
-2.66735
-2.72123
-2.70415
-2.70246
-2.73784
-2.7033
-2.66727
-2.72837
-2.76619
-2.72538
-2.72932
-2.69172
-2.70718
-2.66997
-2.7304
-2.78835
-2.7507
-2.58073
-2.52577
-2.58297
-2.56315
-2.60075
-2.63726
-2.49046
-2.45606
-2.43838
-2.38356
-2.4184
-2.49161
-2.45679
-2.41991
-2.45451
-2.42187
-2.38355
-2.43864
-2.4555
-2.49195
-2.41993
-2.45476
-1.93012
-1.96321
-1.98575
-2.03866
-2.00516
-1.96668
-1.99888
-1.98814
-2.0058
-2.02306
-2.05446
-2.01676
-2.05634
-2.01977
-1.89065
-1.85789
-1.83713
-1.81796
-1.84714
-1.85464
-1.88624
-1.79146
-1.84345
-1.82864
-1.89533
-1.85593
-1.71128
-1.69312
-1.7213
-1.7625
-1.73145
-1.72901
-1.75944
-1.69972
-1.71817
-1.68309
-1.70791
-1.74693
-1.74982
-1.7126
-1.6078
-1.57647
-1.55369
-1.50493
-1.53554
-1.54254
-1.57199
-1.51004
-1.56592
-1.53713
-1.4813
-1.45666
-1.53872
-1.52562
-1.48731
-1.55148
-1.59029
-1.5585
-1.52136
-1.40825
-1.38988
-1.41485
-1.45943
-1.4311
-1.42702
-1.4549
-1.35216
-1.40426
-1.37974
-1.33317
-1.35455
-1.3975
-1.37212
-1.23943
-1.21773
-1.19088
-1.14535
-1.16415
-1.17184
-1.19222
-1.20999
-1.23219
-1.25496
-1.21822
-1.23086
-1.26992
-1.23041
-1.24023
-1.27716
-1.04521
-1.08856
-1.07092
-1.01927
-1.00249
-1.07246
-1.08338
-1.10761
-1.08383
-1.12118
-1.12707
-1.09276
-0.954344
-0.93737
-0.917044
-0.930105
-0.911366
-0.882031
-0.901017
-0.678462
-0.698419
-0.717721
-0.731332
-0.710567
-0.702506
-0.681534
-0.681146
-0.689023
-0.701126
-0.672473
-0.65234
-0.674758
-0.653833
-0.570626
-0.591571
-0.608625
-0.621468
-0.599887
-0.594327
-0.572487
-0.627564
-0.607681
-0.594609
-0.584333
-0.605948
-0.560494
-0.582273
-0.600561
-0.592907
-0.567221
-0.609326
-0.633687
-0.544229
-0.523379
-0.509304
-0.499266
-0.52129
-0.473836
-0.496206
-0.307585
-0.344719
-0.319376
-0.268865
-0.295283
-0.32006
-0.293992
72.5857
99.5686
73.6804
86.3594
86.1246
97.0195
59.6471
59.2666
69.5742
70.7709
52.6158
66.2768
38.5508
88.3718
61.5517
54.0687
66.7915
41.1945
62.0437
87.9722
67.0694
91.8062
52.0399
65.7673
65.95
37.8194
-0.213874
-0.184544
-0.216085
-0.241367
-0.21298
-0.257479
-0.230113
-0.32763
-0.324629
-0.355209
-0.281812
-0.310852
-0.299097
-0.327537
-0.211553
-0.181181
-0.211322
-0.181015
-0.2097
-0.371091
-0.343473
-0.329289
-0.254148
-0.228768
-0.212776
-0.168681
-0.168827
-0.201383
-0.227389
0.0608499
0.0443406
0.0375659
0.0231845
-0.0127072
0.00784205
0.0397787
-0.140659
-0.0982242
-0.0987867
-0.113334
-0.0447562
-0.0825306
0.0671239
0.0423782
0.0518456
0.016315
0.0411526
-0.0535488
-0.817754
-0.272879
-0.00161984
-0.533814
0.993379
-1.49189
0.681575
30.9344
7.19512
45.2243
4.40768
31.9954
32.5272
58.3899
96.8876
70.9758
70.7772
84.0035
84.6912
97.5789
71.1964
57.7737
44.4508
57.5057
58.1125
3.6492
36.3859
49.4341
62.0533
34.9068
97.7722
71.5615
70.8857
33.1718
7.55654
46.8566
59.4625
33.0953
7.17027
33.59
0.744978
0.0681665
0.48245
0.543211
-0.415085
0.224436
0.680376
0.123766
0.0951507
0.154588
0.118345
0.135584
0.0909383
0.0569844
0.0749824
0.102179
0.078369
0.0545556
0.051382
0.0902492
0.0581267
0.00902535
0.0549812
0.020123
-0.370108
-0.341855
-0.332371
-0.291736
-0.320663
-0.31601
-0.344365
-0.217032
-0.17547
-0.204751
-0.25572
-0.227531
-0.201272
-0.229426
-0.322369
-0.339477
-0.362106
-0.305968
-0.282125
-0.387888
-0.416295
-0.425441
-0.441498
-0.413694
-0.463905
-0.436673
-0.27118
-0.299587
-0.30917
-0.297061
-0.269487
-0.293832
-0.321153
-0.43492
-0.457095
-0.418314
-0.432048
-0.45512
-0.428336
-0.404898
-0.460517
-0.485863
-0.496646
-0.508065
-0.483757
-0.484449
-0.459638
-1.11539
-1.12194
-1.15618
-1.11422
-1.07985
-1.10397
-1.14007
-1.4337
-1.40232
-1.45791
-1.37948
-1.35735
-1.39994
-1.42204
-1.29473
-1.31519
-1.26978
-1.34212
-1.36728
-1.33342
-1.31019
-1.61706
-1.5868
-1.64808
-1.56428
-1.53463
-1.60839
-1.57953
-2.00845
-1.97199
-1.94653
-1.92618
-1.89096
-1.93423
-1.96784
-1.80123
-1.8298
-1.82083
-1.8759
-1.84294
-1.87281
-1.84045
-2.18099
-2.13058
-2.14271
-2.14787
-2.11217
-2.14504
-2.18295
-2.29174
-2.27323
-2.30627
-2.34437
-2.30797
-2.30833
-2.34351
-2.44715
-2.48297
-2.4311
-2.41418
-2.37637
-2.44839
-2.4849
-2.44747
-2.4129
-2.3732
-2.40947
-2.42655
-2.37539
-2.4101
-2.44386
-2.41149
-2.87736
-2.85861
-2.89276
-2.88784
-2.92094
-2.87674
-2.87365
-2.83769
-2.88569
-2.92245
-2.90789
-2.87184
22.7124
49.5223
52.0979
85.2442
59.3378
49.0246
77.3314
86.5447
58.9967
83.7125
83.7244
96.6502
56.8635
57.1017
50.2176
64.02
37.2335
8.08234
37.2568
48.0772
34.9062
9.71843
-2.86631
-2.82851
-2.87014
-2.86257
-2.82768
-2.81435
-2.86675
-2.81396
-2.88241
-2.84961
-2.93583
-2.90175
-2.89874
-4.48363
-4.40108
-4.71674
-4.40829
0.162878
-2.13917
-4.01155
-202.093
-190.424
-152.27
-191.93
-193.54
-78.3635
-128.897
-55.4195
-44.4086
-32.7739
-27.1652
-35.104
-44.7173
-10.4536
-3.03069
-2.91864
-3.08041
-230.569
-193.209
-221.096
-525.726
-542.437
-515.117
-515.168
-490.31
-516.814
-526.273
-501.935
-506.398
-493.872
-507.789
-509.499
-500.267
-487.186
-509.067
-524.308
-506.561
-490.97
-467.819
-533.242
-548.158
-538.181
-496.91
-526.522
-522.815
-549.195
-529.264
-516.41
-513.724
-536.669
-525.551
-517.389
-520.266
-519.158
-493.421
-510.358
-511.142
-530.865
-554.525
-539.335
-539.298
-528.667
-521.89
-469.054
-79.3546
1.91499
-29.0284
-38.4905
-33.6368
-5.68571
-53.0002
-162.829
-118.688
-118.693
-135.345
-150.8
-118.194
-135.188
-185.325
-152.171
-4.80244
-4.14415
-4.21128
-4.37203
-0.565481
-2.35709
-3.78326
-235.206
-196.949
-219.312
-147.192
-188.219
-167.647
-225.621
-150.596
-152.215
-212.758
-2.76877
-2.8302
-2.59611
-2.8781
-2.84035
-2.87482
-2.92079
-2.88836
-2.92373
-2.88742
-2.8738
-2.90969
24.8701
51.8601
54.1103
88.1056
62.2014
51.4855
78.7815
89.2595
61.854
72.4454
72.6293
99.0715
13.8875
37.1773
49.628
-2.87126
-2.81692
-2.85257
-2.9359
-2.90074
-2.90008
-2.81899
-2.63155
-2.46374
-2.30655
-3.85579
-3.1648
-2.84253
-2.61016
-3.0555
-2.88772
-3.21309
-3.00798
-0.683263
-0.877902
-1.39985
-1.12323
-0.947599
-0.956075
-0.876917
-0.912047
-0.797363
-0.768743
-0.821468
-0.792001
-1.00897
-1.00055
-1.06679
-1.04328
-2.21315
-2.18932
-2.31742
-2.2903
-0.920766
-0.894358
-0.91777
-0.894992
-1.26215
-0.991905
-1.52215
-1.31491
-0.887144
-0.882138
-0.817697
-0.81213
-1.61001
-1.59902
-1.69989
-1.68782
-0.869715
-0.837284
-0.866947
-0.836966
-1.97194
-1.97459
-1.9055
-1.89077
-1.89623
-1.88234
-1.99025
-1.97452
-0.413641
-0.472028
-0.435256
-1.04869
-1.01415
-1.06905
-1.03091
-0.579452
-0.568065
-0.522512
-0.510497
-0.805196
-0.769291
-0.804353
-0.770138
-1.36283
-1.3526
-1.44486
-1.43453
-1.44235
-1.44568
-1.37646
-1.36503
-1.31124
-1.25723
-1.34368
-1.28808
-0.662411
-0.652594
-0.732713
-0.722692
-1.26024
-1.20915
-1.27836
-1.22705
-2.68442
-2.65628
-2.75706
-2.73496
-0.417877
-0.455994
-0.410563
-0.449093
-0.106552
-0.0898632
-0.0450363
-0.0264811
-1.59023
-1.52827
-1.59962
-1.53881
-0.675151
-0.718233
-0.667182
-0.710575
-0.895459
-0.914391
-0.824614
-0.84328
0.161672
0.245408
0.362522
0.422363
-1.38754
-1.3912
-1.32261
-1.34329
-1.78552
-1.8156
-1.88452
-1.48442
-1.48789
-1.53205
-1.55468
0.173299
0.132886
0.19024
0.157145
0.507916
-2.67126
-0.081266
1.32963
-1.92259
-1.90625
-2.00878
-1.99254
-0.0974588
0.129649
0.482347
0.849664
-0.028846
-0.0698075
-0.0152925
-0.0567655
-0.588704
-0.632345
-0.576198
-0.619711
-2.40045
-2.45671
-2.38555
-2.44239
-2.60436
-2.58342
-2.69838
-2.67677
-2.57078
-2.62445
-2.5541
-2.60757
-2.60019
-2.69175
-2.83537
-2.85153
-0.694144
-0.737993
-0.693205
-0.736503
0.273373
0.256414
0.857375
0.533786
-1.74986
-1.70943
-1.83899
-1.85039
-2.03599
-1.98415
-1.96396
-1.40024
-1.46599
-0.247207
-0.223144
-0.262229
-0.226088
-0.144745
-0.151207
-2.796
-2.86876
-2.87163
-1.38366
-1.39829
-1.47976
-1.46154
-0.49006
-0.433991
-0.442759
-0.330083
-0.330211
-0.29295
-2.19915
-2.75572
-4.23741
-0.0996629
-0.0558755
-0.0389564
-0.013399
-0.0106547
-2.03238
-2.05149
-2.14094
-2.12413
-2.1572
-2.20117
-2.11951
-2.18117
-2.12604
-2.15905
-0.565547
-1.17224
-1.61162
-2.41245
-2.18278
-1.68041
39.8107
-1.51701
-4.25339
-0.714299
-1.22029
0.0291275
-0.97976
-0.514241
-3.7574
-1.02015
-1.47988
-2.26277
-0.762011
-0.010489
2.35021
-1.17562
-1.9702
0.0334879
-2.22436
-0.0385957
-1.5939
-1.95131
-1.7942
-1.44245
-1.87542
-2.06019
-3.11205
-1.41522
51.536
-0.523519
-0.989111
-1.66545
-0.388777
-1.60939
0.319937
-1.21267
0.585693
0.777042
1.1624
-2.38479
92.5417
23.9308
3.15836
0.135043
-1.37391
0.523833
0.0712789
0.0271324
-0.154744
2.49194
2.0152
-0.125783
-0.166885
-0.236061
0.234406
-0.235797
-0.136187
-0.402956
-0.0271089
-0.0106796
-0.0305896
-0.165939
-2.39788
0.0956333
0.0755432
-2.64013
0.0545633
0.0540709
0.0350382
0.165111
-2.00484
-0.234332
-0.0301943
-0.290415
0.0738415
-0.0140016
-1.09625
-0.178653
-0.246733
-0.229896
-0.241735
-1.40913
-0.275979
-0.164373
-0.273445
-0.270623
0.172541
-0.05778
0.146861
-0.13636
0.118102
0.548324
-0.0706869
-0.337335
-0.135899
-0.122838
-0.267517
-0.163026
-0.0561055
0.0670792
0.101592
-0.0703308
0.132481
-0.180471
-0.338527
-0.81275
-0.0308666
-0.0693134
-0.056205
-0.0577545
-0.173806
-0.134725
-0.121229
-0.292403
-0.133001
-0.119741
-0.171552
-0.158018
-0.169476
0.0287672
0.0312983
-2.42074
-2.74887
-0.018213
-2.24991
-0.115894
1.93052
-0.176987
-1.9156
0.145156
0.494271
0.0254848
-2.31022
1.64361
0.13491
0.175904
0.13345
0.215907
-0.034759
-0.152274
25.0648
30.5829
-1.34078
22.3862
-2.11299
0.137552
0.950919
-0.0318442
0.38236
-1.84316
-2.72635
-2.30969
0.139535
-0.855114
-0.774606
0.103639
-0.807838
0.458502
0.580489
2.05364
-0.235433
-0.792226
-1.93534
-0.263967
-0.22457
-2.11749
37.5747
-2.6054
53.3716
0.244285
0.170408
-1.43774
0.159854
0.459185
0.276232
0.180947
0.238898
0.23335
-0.131819
-0.232098
-0.256133
0.135169
-0.270181
0.0425416
-0.0196714
-0.0570804
-2.53786
-2.31022
-0.0324956
-0.807484
-2.68789
-0.142641
-0.0635449
0.0742387
3.48614
-0.863908
-0.148907
-1.59794
-0.0702728
0.0536271
-0.0302168
0.0134003
26.4745
-0.9768
0.100641
0.152023
0.31039
0.0377245
0.0175546
0.022615
-1.00086
0.193959
0.159256
0.212625
-0.115518
-0.205806
-2.5547
-0.197898
-1.67172
-0.012774
-0.0238019
-0.128188
-0.0457919
-1.77338
-2.57618
-0.189925
-0.0944229
-0.0118037
0.0183851
0.0270268
-0.17845
0.104386
0.0956336
0.124043
0.05624
-0.165927
-2.60146
0.0802839
0.128937
0.169872
0.126749
0.196033
0.686044
0.625432
0.363883
0.185314
0.220454
-0.118866
0.132307
0.266484
0.117421
0.127478
1.47993
0.47073
-0.735627
-1.49068
39.831
-0.966311
0.23822
0.468932
2.89675
0.552811
1.04782
0.158822
1.77037
-2.8281
1.20633
-0.621722
-1.35233
-0.691604
-0.969797
-0.936286
-0.894138
-0.915836
-0.824476
-1.98068
-0.716686
-0.70066
-0.91579
-0.947447
-0.790379
-0.671708
-0.787334
-0.878764
-0.75389
-0.827045
-1.61208
-0.909973
-0.658782
-0.688189
-0.851824
-0.751025
23.0005
-0.66748
-0.816808
-0.822742
-0.854141
-0.750529
-0.601506
-0.381495
-0.391795
-0.758693
-0.51285
-0.523032
-0.699366
-0.395209
-1.96381
-0.415961
-0.418101
-1.7739
-0.00825331
-0.322772
-0.950042
-0.574724
-0.221569
-0.668368
-2.03098
-0.475317
-0.603906
-0.490749
-0.0179966
-2.02655
-0.236535
-0.207532
-1.09437
1.37105
-0.318017
-0.29687
-0.48743
-0.45656
-0.787651
-0.423671
-0.518889
-0.482704
-0.694792
-0.512161
-0.995349
-0.334263
-2.75365
-1.86999
-2.46252
2.09345
0.0574443
3.51449
-2.73567
-0.820398
0.423032
-0.431862
-0.902576
-0.743646
-1.01934
-0.341739
-0.854487
-2.04327
-0.58043
-0.296527
0.00998625
0.039162
-1.27643
-0.304436
-0.217119
-0.160081
-0.332807
-0.319079
-0.0804298
-0.371656
-0.540203
-0.650879
-0.969931
0.310224
-0.526519
-0.559999
-1.58433
-0.864873
-0.718084
-0.520319
-0.236656
-0.788017
-0.609406
-0.434682
-0.6131
-0.7889
-0.827124
-0.678119
-0.829275
0.503654
-0.946466
-0.7607
-0.323461
-1.98602
-0.163821
-0.958442
-2.53828
-0.251854
-1.76139
-1.00299
-0.988534
-1.0721
-1.05984
-1.11841
-0.826522
-2.1429
-0.86995
-2.59365
-0.741145
-0.888725
-0.756348
0.239331
-1.06492
-0.898728
-0.985873
-1.23096
-1.13343
-0.684739
-0.831963
-0.780238
-1.02515
-0.847078
-1.0182
-1.05767
-1.01244
-1.05931
-0.348631
-1.03278
-1.15425
-1.2024
-0.450024
-0.43403
-0.333527
-0.378184
-2.72146
-3.95382
-1.42275
-1.14856
-0.328772
-0.577365
-0.36059
-0.384209
-1.17617
-0.563336
-0.554567
-0.573386
-0.474826
-0.343853
-0.730145
-0.665746
-0.238782
-0.278486
-0.598542
-0.49113
-0.362792
-0.7195
-0.548409
-0.787599
-0.577703
-1.01995
-0.509694
-0.311863
-0.462173
-0.55666
-2.12386
-1.12828
-0.138872
0.0360585
-0.352852
-0.471454
-0.389579
-0.356544
-0.45153
-0.401866
-0.843353
-1.19644
-0.466708
-0.22747
-0.467231
-0.161882
-0.907704
-0.386727
-1.07369
-0.584456
-3.43858
-0.125378
-2.69275
-0.692775
-0.699281
-0.56848
-0.743747
-0.726753
-0.627913
-0.127867
-0.59158
0.131733
-0.517765
-0.505111
-0.704359
-1.02826
-0.732249
-1.68315
-0.404517
-0.755596
-0.391538
-0.635082
-0.363614
-0.348947
-0.281449
-0.286543
-0.835151
-1.09145
-0.962455
-1.04512
-0.971528
90.2675
-0.228595
-0.925576
-0.84542
-1.21495
-1.08316
-1.05489
-0.853236
0.0805103
-0.812236
-0.802439
-1.09211
16.4257
0.123892
0.0377317
-0.808544
-1.0664
-1.06256
-0.0143792
-0.930526
-1.16778
-1.19854
-1.2332
-1.18548
-1.22077
-0.250247
-1.56331
-0.380776
-1.10945
-1.12466
-1.19017
-1.11023
-2.52749
-1.17604
-1.49747
-1.44809
-1.10191
-1.34944
-1.3055
-0.934865
-1.29414
-1.57566
-1.41411
-0.944718
-0.808214
-1.70086
-1.34399
-1.69028
-1.55592
0.0842868
-1.58138
-2.71248
-0.0450114
-0.0534069
-2.02617
-0.682491
-1.83658
-1.75026
-1.42971
-2.29024
-1.82944
-1.88266
-2.01933
-2.27034
-2.25034
-2.32598
-0.498542
-1.41351
-2.11551
-0.856534
-2.18478
-0.0207366
-2.4726
-2.02338
-2.2594
-2.24723
-2.14651
-2.16896
-1.81577
-1.02
-1.70707
-2.12075
-2.15548
-1.81371
-1.83781
-2.70747
-2.15225
-2.12998
-2.27948
-2.22023
-1.95677
-1.98112
-2.10158
-1.46381
-2.42737
-2.27378
-2.29484
-2.28617
-2.29421
-1.79275
-2.2139
-2.23101
-2.37217
-1.67059
-1.62935
-1.62056
-1.75454
-1.72295
-3.70488
-1.94782
-1.90453
-0.689074
-0.32723
-0.74904
-1.38961
-0.676447
-1.27587
-0.959975
-1.2794
-1.32946
-1.07268
-1.28813
-1.28591
-1.31184
-1.29485
-1.23316
-1.40835
-0.333013
-1.6333
36.5335
-1.69295
-1.56738
-2.08223
-1.81484
-1.56505
-1.71276
-1.04457
11.031
11.3488
-1.68124
-1.17783
-2.85269
-2.703
-2.61125
-2.75757
-1.3859
-0.803569
-1.38974
-2.59208
-2.68743
-2.76095
-2.55384
-2.61084
-2.75681
-2.39596
-2.59543
-2.54526
-0.243788
-2.74313
-2.27932
-0.213384
-2.3095
-2.23027
-0.232934
0.535975
-2.83405
-1.51191
-1.49124
-1.50785
-2.53365
-2.25457
-2.30615
-2.53711
-2.16542
-2.547
0.0942319
-2.46396
-1.05406
-2.30122
-2.40631
-2.03085
-2.58946
-2.38943
-2.37569
-2.44719
-2.37953
-2.30763
-2.44706
-2.58352
-0.537864
-0.422562
-2.13923
-1.72831
-2.29232
-2.30289
-2.73537
-0.134443
-2.39392
-2.01231
-1.49279
-2.58672
-2.85031
-2.43722
-2.84856
-2.85546
-1.17349
-2.84177
-1.50781
-2.61149
-0.182748
-1.80854
-2.86092
-2.70771
-2.54941
-2.55509
-2.70211
-0.970068
-2.84889
-2.75929
-2.62279
-2.36858
-0.509329
-2.74696
-2.43033
-2.83318
-2.54356
-1.22898
-2.41123
-2.48066
-2.45257
-2.52554
-2.56105
-2.41466
-2.33291
-2.3356
-2.60311
-2.7365
-0.705461
-2.46527
-2.72419
0.272725
-1.00258
-2.58128
-2.13793
-3.2182
-2.68114
-1.55139
-2.70639
-4.44027
-4.62505
-3.90454
50.8775
0.951064
5.93874
-4.86945
-9.74447
0.470401
-1.71416
-0.424234
40.8642
-3.61865
-1.40872
-2.81761
-2.77391
-2.97228
-1.00949
-3.10865
-2.9323
52.7462
-2.83555
-2.24314
-2.74515
-1.11498
0.0270902
15.0599
-122.369
-1.98255
-1.48489
1.37168
-1.31164
-1.35321
-1.46749
-1.17922
-1.19072
-1.16036
-2.97867
-1.23776
-1.14316
-1.05977
-0.440657
-0.747816
-0.974809
-1.32316
-1.57384
-2.77051
-1.67045
-3.61904
-1.22663
-1.41941
-1.46287
-1.90225
-2.09725
-2.28988
-1.76169
-1.70701
-1.9236
-2.12081
-2.03585
-2.68254
-2.10895
-2.04786
-1.76201
-0.252043
-2.09723
-1.86078
-2.22896
-3.20918
-1.82736
-2.22794
-1.86175
-1.61313
-2.64844
-2.04188
-2.62399
-1.61221
-1.51239
-1.41498
-1.62273
-1.77051
-1.40957
0.0482074
-2.87795
-2.5223
-1.55179
-0.534463
-1.26848
-0.564448
-0.614437
-1.68747
-1.31458
-3.47422
-2.6642
-2.05043
-2.50212
0.20131
-0.724063
-1.11313
-0.961273
-1.69337
-0.248798
-1.00524
-1.5884
-1.16045
-0.963579
-1.64572
-1.07413
-0.314453
-1.05833
-1.17121
-1.09239
-1.0027
-1.32497
-2.56932
-0.622815
-1.26295
-2.00915
-1.15262
-0.964512
-0.990947
-0.736952
-0.636357
-0.96862
-2.34678
-1.00706
24.7957
-0.938023
-0.982375
0.103369
-0.98008
-3.44856
-1.13602
-0.779686
-1.19743
-2.54551
-1.7581
-0.791869
-0.90718
-2.49166
-0.95521
-0.951237
-1.98901
-1.21958
-0.962831
-0.933031
-0.918442
-0.0377587
-2.64295
-0.912924
-1.12357
-2.56516
-1.11431
-1.03604
-0.610185
-1.10235
-1.06994
-1.10614
-1.03839
-0.998479
-0.959477
-0.989281
-0.968683
-0.999986
-1.19564
-1.04609
-1.12907
-0.969121
-1.2769
-0.96939
-0.966864
-2.82565
-0.924373
-0.928091
-1.85678
-1.30447
-0.967742
-0.784383
-0.876841
-2.70281
-0.997545
-0.942559
-2.48868
-1.2164
-2.03018
-2.20064
-0.798469
-0.940229
-0.596574
-1.16901
-0.808791
-1.60513
-0.883101
-1.53621
-2.15689
-2.33404
-1.09849
-1.27682
-1.32898
-1.4685
-0.885305
-1.43101
-2.07553
-1.42918
-0.559549
-2.16173
-1.46545
-1.68204
-0.997555
-1.06825
-1.7285
-1.1244
-0.921941
-1.39536
-0.885547
-1.41444
-1.41676
-1.53147
-1.89437
-1.61928
-1.62053
-1.73173
-2.15916
-1.93239
-2.08707
-1.22318
-1.8786
-2.20975
-0.944936
-2.24706
-2.01595
-2.33595
-1.81893
-0.308412
-2.15147
-2.14925
-0.415731
-0.52352
-1.61116
-1.77019
-1.46734
-1.42662
-1.47151
-1.45753
-1.56647
-2.32575
-1.96871
-1.38231
-1.38353
-1.14207
-1.10312
-1.10595
-1.22117
-1.21928
-1.18439
-1.06833
-1.2435
-1.03169
0.371153
0.36739
-2.97166
-1.27244
-1.29697
-1.28704
-1.337
-2.32243
-379.765
-1.35859
-2.6464
-0.95119
-2.68408
-2.45992
-0.960352
51.6763
22.6834
-2.06377
-3.10193
-3.05422
-3.38005
-1.24633
-3.91706
-3.7473
-3.4647
-3.23251
-4.60049
-4.12404
-4.55144
-5.13585
-3.85741
-0.830676
-0.778632
-1.00518
-1.74244
90.7204
-0.819799
-0.733616
-2.01627
-0.137564
-0.955652
-0.0683101
-0.404578
-4.01272
-1.39838
-3.58664
9.86031
-1.17663
-6.65049
3.49645
-4.49121
-0.552023
-0.800023
-0.885604
-2.42039
-0.982134
-1.06583
-3.80364
-4.8248
5.18876
-3.23818
-2.64192
-0.780256
-0.270626
-1.69508
-0.616479
-1.102
-1.94214
-1.6159
-2.48397
-2.52329
-0.518465
-3.07421
-2.59143
-3.19506
-2.63001
-2.55113
-2.79717
-0.218597
-3.12691
-2.69496
-1.56427
-1.48114
-2.81556
-3.17437
-3.00897
-3.03112
-0.242559
-2.73325
-2.9013
-0.957991
-3.04102
-66.9512
-3.16063
-2.98356
-4.55308
-175.003
-2.85699
-2.84165
-294.716
-1.47315
-2.71644
-2.62955
-1.7316
-1.21083
-2.85612
-2.44318
0.103684
-2.74039
-1.51472
-0.283167
-2.61954
-2.71458
-2.85402
-2.80742
-2.57851
-0.446505
-2.72367
-2.8298
-2.86168
-1.66327
-2.27619
-2.60289
-2.83987
-2.47919
-2.73896
-2.34269
-2.45023
-2.32556
-1.6816
-0.931697
-2.47136
-2.55704
-2.43366
-2.76707
-2.48007
-2.57085
-1.3169
-2.41228
-2.46558
-2.2905
-1.03455
-2.62378
-0.400471
-2.7651
-2.74703
-0.488248
-1.74469
-2.57266
-2.8566
-2.42943
-2.71254
-2.27436
-1.29359
-0.383176
-1.00209
-1.41856
-2.69653
-2.48419
-2.33006
-2.4283
-2.85665
0.745069
-2.42368
-0.379331
-1.49232
-1.61328
-2.8398
-1.70042
-1.62532
-2.61942
-1.33627
-1.29147
-1.29986
-1.34466
-1.3172
-1.27809
-1.31513
-1.32142
-1.40301
-1.39628
-1.27161
-0.101475
-1.30015
-1.18267
-1.37465
-1.71261
-2.7227
-1.33076
-1.59888
-1.8697
-1.57126
-1.13389
-1.21255
-1.19318
-1.12901
-1.16976
-1.05931
-1.19254
-1.56862
-1.86469
0.70319
-2.14346
-2.12626
-0.599854
0.0584652
-1.20348
-1.71147
-1.86397
-2.02955
-1.7086
-1.83798
0.609594
-1.757
-1.84946
-1.91564
-1.54983
-2.46881
-1.74968
-2.72097
-1.76322
-1.74984
-1.82927
-2.05972
-2.00681
-1.842
-0.0969239
-2.55269
-1.26013
-2.04561
-0.673622
-2.32863
-1.8526
-1.9951
-0.233308
-0.921923
-0.527314
-1.77867
-2.61075
-2.19928
-0.318508
-2.5158
-2.4138
-2.13401
-0.796361
-1.59395
-1.77436
-1.71445
-0.562355
-2.18589
-2.69902
-1.3197
-1.45416
-1.34136
-1.52338
-0.166141
-1.19373
-1.21772
-1.20958
-1.37033
-1.17766
-1.25722
-1.33387
-1.33686
-1.73718
-1.35201
-2.27062
-0.999191
-1.42441
-1.15489
-1.01573
-1.51042
-1.22467
-1.4372
-0.722322
-1.09386
-0.269009
-0.782927
-0.897789
-0.914331
-0.87002
-0.873067
-0.989479
0.250536
-0.874703
-0.91783
-0.745927
-0.916402
-0.78853
-1.21439
-1.02121
17.0368
-0.843547
-0.86229
-1.34828
-1.44774
-1.12929
-1.11838
-1.08611
-0.904609
-0.896096
-2.63557
-0.892722
-1.41544
-1.10796
-1.4749
-0.997431
-1.43678
-0.944129
-0.93551
-1.10723
-1.07425
-1.18388
-0.999697
-0.985072
-2.5961
-2.63255
-1.10345
-1.0929
-1.10121
-0.773047
-0.763136
-0.748181
-1.117
-0.863196
-0.885243
-0.737267
-0.745443
-0.729475
-0.79915
-0.691332
-0.683991
-0.844491
-0.847975
-0.424203
-1.01427
-1.66803
-0.908485
-0.94143
-1.83667
-1.04114
-1.07516
-0.855575
-0.380402
-0.417691
-0.388489
-0.301067
-0.264545
-0.425828
-0.43802
-1.05084
-0.367438
-0.493036
-2.78479
-0.375022
-0.741949
-0.615232
-0.622724
-0.41223
-0.534535
-0.554289
-0.6717
-0.391709
-0.544404
-0.51547
-0.505645
-0.438686
-0.456368
-0.429211
-0.641784
-0.629252
-0.631216
-0.533172
-2.02523
-1.03032
-0.461627
-0.449623
-0.342308
-0.559833
-0.418063
-0.4456
-0.512732
-0.978136
0.0156168
-0.316038
-2.62664
-0.871796
-0.5291
-0.713826
-0.706462
-0.400864
-0.731017
-0.6609
-0.305464
-1.61149
-0.976636
-0.552005
-0.285657
-0.671322
-0.73732
-0.646776
-0.969193
-0.638066
-0.509948
-0.535055
-0.712302
-0.611809
-0.271757
-0.298747
-1.09056
-0.30031
-0.126
-0.24851
-0.315284
-0.136428
-0.143502
-0.958387
-0.584896
-0.191523
-0.0959774
-0.562836
-1.22783
-0.10358
-0.00916048
-0.0353045
-0.0125118
-0.646165
-0.159303
-0.271875
-0.0941146
-0.0947354
-0.214811
-0.245011
-0.124046
-1.33467
-0.0657227
-0.0862239
-0.278432
-0.0827457
1.67585
-0.318158
-0.120699
-0.0793206
-0.357895
-0.0926762
0.407966
38.4188
22.2064
42.8478
10.1745
-0.83947
-0.232778
-0.0248852
0.0778965
0.210186
0.0176019
-1.50275
0.0196744
-0.451383
-0.256056
-1.2426
0.0756245
-0.31435
0.969534
-0.340864
-0.295247
-0.20899
13.6749
63.7636
-1.56951
-2.78392
-0.175249
0.221821
-0.0171432
-0.257133
0.0497502
0.0193519
3.86467
-1.71301
38.9895
-0.119497
-0.162231
-1.33309
-0.23371
-0.226036
-0.191053
-0.202595
-0.210448
-0.00363887
-0.144379
-0.00658225
-0.00178959
-0.198329
-0.0383433
-0.243376
-2.40113
-0.289781
-0.135143
0.0917093
-0.219591
-0.298033
-0.086728
-0.00463999
0.212893
-0.114733
0.0267854
-0.0472335
-0.177937
-2.29328
-0.213345
-0.150514
-0.135618
-0.277994
-0.0178217
0.0651059
0.0255064
0.452407
-0.236848
-0.0825449
-0.0883235
-0.0474851
-0.0533586
-0.167508
-0.150862
0.597466
0.193088
0.110634
0.108359
0.173802
-0.0802604
0.0525878
0.0642001
0.0654699
0.112892
0.148783
0.120397
0.00886623
-0.137263
-0.234479
0.0622644
0.0635078
0.0940853
0.164774
-0.256839
0.161688
-0.0092825
0.128085
-0.154095
-0.033182
-0.028361
0.0437732
-0.00932296
-0.151272
-0.136775
-1.79925
-1.47494
21.0548
38.1435
-0.170003
-0.174196
-0.262664
0.151568
0.197922
-0.241507
-1.97852
0.435173
0.208326
0.343568
37.2755
0.0865732
0.437296
1.28026
37.7556
-0.144757
0.06819
39.2403
0.264113
-2.55242
0.193205
0.0746875
22.8195
39.1415
-2.74539
-0.129146
0.269822
38.6079
0.0574768
0.367218
0.0331574
-0.831036
0.532833
0.421078
-0.0715547
-0.0991086
-0.106377
39.6941
0.258836
0.231376
0.595459
0.203671
0.241457
23.2504
-2.8363
-0.754444
22.9288
40.9353
0.267461
0.430874
0.255983
22.8683
0.576011
0.411579
-1.11849
-1.62734
-0.0957482
-0.0696197
0.104218
0.131612
0.136931
0.100112
-0.136373
0.0357758
0.140536
0.113094
0.145047
0.107517
0.0234233
-1.53541
-0.0956211
0.0208705
0.0646949
0.209137
0.207735
-0.01498
0.235308
0.00257144
0.243636
0.257948
0.207704
0.211455
0.198851
0.411486
0.144381
-0.23175
0.0977273
0.42892
-0.00218547
-0.0112611
-0.319546
-0.223582
-0.177341
-0.866341
0.0789374
0.252512
-0.401319
0.25687
-0.428972
-0.526454
0.534135
0.0105918
0.245774
-0.349447
-0.392081
0.557979
-3.11823
-0.00562743
-0.050176
0.0952294
-0.395145
-2.701
-0.771738
-0.502175
0.026012
-0.228596
-0.628622
-0.526659
-0.491953
-0.766619
-0.512715
-0.490608
-0.585397
-0.613388
-0.00200059
0.108811
-0.57055
-0.569647
-0.705102
-0.613017
-0.517318
-0.387492
-0.698483
-0.43081
-0.622277
-0.618392
-1.04357
0.212465
-1.02654
-0.769392
-0.656571
-0.650703
-0.851112
-0.780728
-0.6905
-1.33921
-0.9833
-0.906523
-0.877879
-1.17663
-0.946154
-0.680404
-0.286164
-0.482459
-0.878375
-0.758202
-0.800092
-0.62143
-2.53605
-0.987787
-0.748748
-0.525788
-2.69617
-0.668815
-0.760339
-0.796358
-0.770238
-0.477324
-0.86389
-0.97125
-0.97121
-0.73501
-0.812288
-0.361041
-0.667551
-0.73988
-1.02959
-1.03304
-0.991405
-1.54174
-0.919952
-1.02086
-0.938846
-0.924529
-0.785837
-0.965644
-2.57507
-1.11043
-0.899552
-0.674553
-2.84195
-0.816067
-1.01154
-0.494847
-0.590155
-0.637414
-0.46489
-0.352921
-0.335761
-0.457555
-0.56954
-0.63158
-0.471751
-0.849087
-0.479437
-0.698234
-0.583606
-0.667009
-0.683915
-0.859152
-0.375625
-0.656714
-0.345812
-0.112648
0.113685
0.14381
-0.309925
-0.347437
51.0221
-1.57867
-0.331308
-0.243071
-0.264245
-0.980912
-2.74946
-0.226668
-0.603273
-0.937572
-0.792307
-0.96801
-1.44172
-0.705507
-0.271459
-0.573655
-0.397727
-0.814044
-0.517021
-2.12998
-0.278687
-1.2895
-0.553572
-0.687414
-2.1614
-0.650746
-0.427879
-0.642676
-0.870846
-0.48685
-0.606776
-0.891147
-0.774313
-0.791634
-0.772193
-0.323817
0.0240733
-0.322261
-1.15773
-1.05923
-1.00185
-0.711858
-1.06444
-0.836392
-1.07257
-0.93837
-1.22044
-0.531042
-1.10943
-0.353295
-0.577293
-0.567267
-0.449901
-1.10961
-0.641809
-0.989453
-0.815122
-0.846631
-0.851034
-0.957313
-0.705287
-0.421782
-0.90488
-0.876877
-0.937452
-0.418776
-0.190408
-0.837595
-0.27781
-0.603563
-0.4734
-0.215962
-0.32102
-0.199111
0.0326727
-1.48767
-0.0342631
-2.04218
0.175465
-0.192353
39.4361
-0.599065
0.178896
39.4762
-0.522703
0.0295796
0.50208
-2.79518
1.37007
0.458393
0.442786
0.424037
22.7108
0.0566144
-0.260055
-0.209073
-313.626
-0.029887
39.2314
2.00426
0.470493
0.192603
-0.0144243
0.422769
0.83921
-0.0643701
-0.015029
0.0833731
-0.219138
2.89937
0.00751788
-2.52407
0.0267531
0.0180762
-1.56467
-0.256583
-0.382949
-0.249883
-0.505183
-0.464725
-2.42705
-0.0399429
-0.070263
0.0161799
-0.693163
-0.183727
-0.163474
-0.0651347
-0.650834
-0.205972
-0.40726
-0.5624
-0.15453
-0.220562
-0.34507
-0.105321
-0.184915
23.4233
-0.0367427
-0.120766
0.11966
-0.0450249
22.7684
-3.20469
0.351686
-0.0973768
23.776
22.3703
0.199895
-0.117453
-0.191902
0.00960742
-1.02874
-0.198626
39.7323
-1.54704
-0.336857
0.422275
3.2668
-0.410838
-0.121236
-0.110851
-0.688618
-0.093684
0.138397
14.1109
-0.0835387
36.8747
0.21368
-0.235846
-0.0444104
-0.306622
-1.22114
-1.71973
0.464445
0.0573666
-2.2589
-0.342049
0.0138281
-0.484788
-0.575693
0.0850506
-0.411161
0.155109
-0.602831
-0.210237
0.344511
-0.448364
-0.62623
-0.0464601
-0.590839
-0.308456
-0.5435
-0.299307
-0.496217
-0.530953
-0.4105
-0.131054
-0.479737
-0.896226
-0.147751
-0.927507
-0.717198
-0.113899
-0.442696
-0.780401
-1.44901
-0.293723
-0.967523
-1.0198
-0.875534
-0.902279
-0.0283395
-1.03303
-1.07314
-0.947309
-0.850277
-0.990063
-0.948241
-0.678737
-0.520941
-0.356556
-1.67329
-0.612976
-0.834508
-1.08444
-0.569125
-1.07536
-0.620697
-0.975869
-0.196387
-1.87648
-2.0151
-1.86918
-1.45909
-1.46891
-1.32975
-1.73689
-1.72556
-1.92492
63.4072
-1.92597
0.10507
-0.774809
-1.69842
-0.981637
-0.156215
-2.61706
-0.428191
-1.3018
-1.73383
-0.559296
-2.27397
1.87129
0.105498
-1.56415
-1.6107
-0.535497
-2.97649
-0.771996
-0.20512
-3.0331
-0.326199
-0.193381
-0.546783
0.423581
23.9879
-2.75192
-2.12304
-1.41989
0.151397
-2.60909
-0.118967
-1.22341
0.0394164
-1.55968
-2.92719
-2.76462
-0.191897
-2.27761
-1.59145
-0.139319
0.0330902
-2.12418
-2.296
-0.362088
-0.963989
-2.50387
-2.61281
-1.77161
-2.85832
-2.08601
-1.57175
-2.38816
-2.53627
-3.84107
-0.664719
-2.56412
-0.504887
-1.08064
-1.63155
-1.09087
-0.984995
0.371003
-1.37694
-2.57242
-1.5762
-1.35484
-1.01814
-2.25857
-3.47096
-1.00034
-0.851454
-2.4636
-1.3695
-0.948163
-2.83844
-2.96244
0.10764
-2.01105
-2.21091
-0.910023
-1.21577
-76.9142
-2.20552
-1.99904
-1.0568
-2.32713
-0.672309
0.742573
-0.973772
-2.1128
-0.743431
-1.38771
-1.70004
-1.60726
-2.27149
-42.4983
-1.08806
-1.01391
-2.9447
-1.14221
-1.91251
-2.74128
-2.14053
-1.96669
-2.06752
-6.06974
-250.552
-0.897695
-1.57004
-2.64089
-1.18319
-0.457901
-1.41874
-0.688968
-3.73948
-2.55951
-1.54597
-2.70913
-1.14199
-0.537418
-2.83368
-2.48935
-2.83133
-1.72617
-2.85069
-2.29234
-2.41881
-2.63973
-2.32913
-2.75571
-2.26668
-0.334623
-2.75716
-1.64148
-2.74694
-2.61695
-2.7627
-1.13818
-0.00720162
-2.59923
-2.56068
-274.378
-1.48057
-1.45712
-1.6603
-1.30714
-1.93926
-1.02568
-1.86746
0.187783
-1.16805
-2.11724
-1.06965
-0.798897
-1.14438
-3.30984
-2.23714
-1.99296
-1.76212
-2.93028
-1.56385
-1.0996
-2.48131
0.0215665
-1.84973
-1.09626
-1.25153
-1.2518
-1.47049
-2.40968
-1.34042
-1.47147
-2.04324
63.3451
-0.940015
-0.368821
-1.88317
-1.23769
-2.29004
-1.84465
-0.92433
-1.9035
-2.16931
-1.26189
-0.952563
-2.65843
-1.12547
-0.278283
-2.10145
-1.25885
-1.30771
-1.03744
-0.537286
-0.976926
-0.850861
-0.647214
-1.05191
-0.916713
-0.910107
-1.76272
-0.635365
-2.65851
-0.576786
-0.748517
-2.37947
0.054357
-0.337741
-0.282104
-2.82659
-0.493794
-2.18179
-1.00181
-0.482038
-0.474773
-3.96949
-2.31555
-0.344663
-0.359625
-0.374218
-0.688012
-0.455925
-0.442675
-0.504215
-2.43483
-0.844875
-0.27444
0.145441
-0.931109
-0.675524
0.078562
-0.498216
-0.124729
-1.26926
-0.886476
-0.61889
-0.379013
0.129407
-2.60549
-1.91252
-0.798643
-2.11007
-1.96666
-0.783606
-0.767283
-0.638201
-0.707072
-1.46573
-0.799026
-1.32821
-0.906813
-0.74891
-0.984416
-0.977627
-1.48045
-0.980017
-0.757136
-1.09026
-3.26452
-0.731678
-2.41753
-0.426673
-2.7392
-2.81856
0.0134196
-0.950585
-1.04483
-0.69458
-0.218306
-0.134092
-1.73871
-0.849417
-0.2518
-402.882
-0.616197
-0.607808
-1.22146
-0.822531
-0.779592
-2.3454
-2.60909
-2.87701
40.3841
0.104426
0.0583855
0.558839
0.142726
-0.673649
25.0117
-2.35469
0.116218
-2.34765
0.255386
0.125589
-0.244307
36.5317
-0.0842611
-1.9266
-0.0872841
0.405885
-2.76904
-0.747686
23.0003
-1.00133
0.140058
-1.80768
0.53278
-0.0178838
-0.215855
0.0527102
0.0483101
-1.23782
-0.123385
-2.7049
-0.0712895
0.0450026
65.7037
-0.00368812
0.37153
-0.379317
0.0530808
-0.648347
-0.0187883
-2.67541
-2.01608
0.208044
0.602533
0.413173
0.416933
0.164872
-0.221398
-1.78691
-0.0697909
-0.162571
-0.180099
-1.00141
-0.0708202
-0.0253073
-0.07043
-0.426155
0.205404
0.231815
0.154548
-1.30714
-0.0319837
-2.26991
0.130485
-2.78988
-0.122586
-1.08194
-0.459485
-2.55408
-0.0169697
-0.175581
-2.52405
-0.347222
-0.502374
-1.17039
0.423642
-0.859965
-1.24741
0.561226
-0.686305
-1.73209
-1.66904
-1.1077
0.21596
-0.611491
-0.069108
37.8134
0.163809
-0.999472
-0.406087
-0.0727879
0.0885892
0.15775
-0.520036
-1.22078
-2.76674
1.51014
0.15559
0.248411
-0.447102
0.0402256
-1.82757
0.0682205
0.427006
-1.5164
-0.285306
-0.0555506
-2.00644
0.935706
-0.47711
0.12194
-2.34572
-0.876974
-0.0992937
-0.907826
-0.386751
-0.123724
0.0827307
-0.438284
-1.36513
-1.63022
-1.03623
-0.341459
-0.980615
-0.288172
-1.42283
-3.12798
-2.09362
-1.8881
-1.97883
-2.09087
-0.0738977
-1.25712
-1.27293
-1.07977
-0.356886
-1.26021
-0.75283
-3.39457
-42.4348
-2.76244
-0.0143857
-0.699287
-1.16548
-1.21852
-0.62995
-0.659596
-2.90807
-2.26284
-1.03913
-2.60054
-0.632741
-1.17427
-2.0447
-2.85681
-0.19776
-0.74334
-2.84385
-1.88382
-0.745203
-1.32797
-1.85162
-2.08708
-0.853369
0.116063
-0.158553
-1.89253
-2.77049
-2.80395
-2.12774
0.0120629
-0.562453
-1.50332
-0.693765
-1.00349
-0.338522
0.0227366
-1.0341
-1.38027
-0.774489
-0.190201
-0.03229
-0.674589
-0.262531
-3.15027
-1.58208
-0.755162
-2.62306
-2.20405
-1.05648
-2.96132
-0.390352
-0.394397
-0.199332
-2.83087
-32.7028
-0.667995
-0.368607
0.375942
-1.20484
-0.502121
-2.99944
-2.04696
-1.71612
-0.245272
-0.544643
-0.410471
-2.67696
-1.36422
-0.656577
-0.920089
-1.14298
-0.253957
-4.05535
-0.782848
-2.3845
-1.19962
-0.483136
-0.950697
-0.790462
-0.231099
-1.72827
-1.27739
-2.89229
-0.808545
-2.1804
-409.395
-1.16926
-0.768537
-0.884026
-2.26035
-0.572935
-1.1178
-0.976572
-2.02512
-0.883473
-2.75347
0.500349
-0.628783
-0.728405
-0.177852
-1.84171
-0.464246
-1.52808
-1.15102
-0.474154
-0.858246
-0.0180348
-0.232163
-2.55223
-0.0691013
-0.462088
-2.57432
-0.740016
-1.48821
-0.852586
-0.251519
-0.389616
-2.75562
-1.51926
-0.464832
-0.398443
-1.01573
-0.873165
-2.17524
-0.0137586
-1.29721
-1.97968
-1.05578
-0.78964
-2.06284
-0.945018
-1.37345
-1.9947
)
;

boundaryField
{
    FrontBackPlanes
    {
        type            symmetry;
    }
    wallz
    {
        type            calculated;
        value           nonuniform List<scalar> 
97
(
-388.927
-326.634
-415.235
-263.621
104.887
0.0611718
0.841233
103.834
104.705
-2.4441
-2.73154
-2.5872
-0.0346846
0.0907573
0.224948
105.147
101.316
104.632
-2.02969
-2.16583
-2.30767
-0.378343
-0.2641
-0.149971
100.9
101.14
95.6876
-1.62575
-1.75842
-1.89295
-0.723483
-0.606535
-0.491997
99.7088
103.854
-1.36953
-1.49837
-1.08427
-0.962015
-0.841879
104.59
103.506
-1.24626
-1.4661
-1.33534
-1.20774
103.541
102.095
102.595
-0.889247
-1.87138
-1.73337
-1.5977
101.852
101.796
101.585
-0.660843
-0.77451
-2.15082
-2.01107
102.45
102.017
104.149
-0.438002
-0.548863
2.10309
0.251619
-2.72778
-2.58297
104.824
103.15
100.564
-0.213668
-0.326661
-0.0987867
0.0397451
0.0136137
102.143
102.271
103.027
103.219
50.6706
-2.87306
-228.18
-510.656
-525.985
-146.597
104.327
52.2382
-2.87389
-1.00701
105.68
-2.29708
103.406
103.857
-2.43353
-1.12356
)
;
    }
    outlet1
    {
        type            calculated;
        value           nonuniform List<scalar> 
31
(
-2.943
-2.943
-2.943
-2.943
-2.943
-2.943
-2.943
-2.943
-2.943
-2.943
-2.943
-2.943
-2.94301
-2.94383
-2.95465
-2.95329
-2.94312
-2.943
-2.943
-2.943
-2.943
-2.943
-2.943
-2.943
-2.943
-2.943
-2.943
-2.943
-2.943
-2.943
-2.943
)
;
    }
    inlet1
    {
        type            calculated;
        value           nonuniform List<scalar> 2(-553.072 -559.44);
    }
}


// ************************************************************************* //
