/*--------------------------------*- C++ -*----------------------------------*\
| =========                 |                                                 |
| \\      /  F ield         | OpenFOAM: The Open Source CFD Toolbox           |
|  \\    /   O peration     | Version:  v2012                                 |
|   \\  /    A nd           | Website:  www.openfoam.com                      |
|    \\/     M anipulation  |                                                 |
\*---------------------------------------------------------------------------*/
FoamFile
{
    version     2.0;
    format      ascii;
    class       volScalarField;
    location    "0.05";
    object      p_rgh;
}
// * * * * * * * * * * * * * * * * * * * * * * * * * * * * * * * * * * * * * //

dimensions      [1 -1 -2 0 0 0 0];


internalField   nonuniform List<scalar> 
6576
(
2793.49
2773.65
2779.59
2788.32
2801.04
2808.41
2787.12
2778.17
2796.42
2791.11
2831.01
2813.21
2800.18
2814.77
2768.26
2780.13
2748.41
2777.7
2781.7
2821.93
2771.36
2819.11
2824.07
2777.63
2791.48
2832.27
2876.31
2802.45
2770.43
2768.72
2793.8
2751.86
2792.25
2811.71
2798.54
2811.83
2798.73
2832.91
2786.39
2816.25
2780.84
2769.36
2804.14
4.35345
2.44771
3.17389
1.53763
2.54527
2.36114
2.94481
2.03553
1.47747
0.00766478
0.00684938
0.00236113
0.0157632
0.0134823
0.0102969
0.0130893
0.00644968
0.0150427
0.0168245
0.0226132
0.0153751
0.0069589
0.0162422
0.0804405
0.0695663
0.0623092
0.0592599
0.0687721
0.0470397
0.0581633
0.59539
0.594037
0.599985
0.597714
0.598156
0.602866
0.602716
0.579929
0.577773
0.575382
0.584034
0.585372
0.582215
0.580923
0.526653
0.427355
0.613707
0.531552
0.602754
0.526651
0.622909
-1.29896
0.386009
-1.7952
0.536572
0.304633
2.30964
-0.178385
102.12
102.373
102.123
102.125
101.955
101.871
101.954
103.156
103.91
104.887
102.695
105.85
104.464
-0.109576
-0.0715696
-0.194508
-0.117995
-0.288509
-0.325257
-0.161604
1225.01
2132.9
1207.59
2621.4
2578.62
2692.17
2717.4
-0.0403057
-0.101332
-0.0429997
-0.397724
-0.181115
-0.52616
-0.199608
0.395121
0.389855
0.389557
0.406534
0.405618
0.4002
0.399235
0.381754
0.389397
0.382369
0.40456
0.403359
0.396331
0.39568
0.34248
0.343186
0.328186
0.358931
0.344162
0.335797
0.348694
0.357295
0.351091
0.373912
0.366247
0.361625
0.393751
0.394843
0.382541
0.385414
0.318097
0.298488
0.316933
0.33913
0.321375
0.309614
0.326207
0.333622
0.321644
0.352651
0.345999
0.339626
0.377865
0.376527
0.365168
0.369904
0.154275
0.104342
0.164919
0.172514
0.124506
0.200731
0.240582
0.217311
0.170802
-0.0341672
-0.0110923
-0.0540971
0.0437274
0.0656894
0.00725197
0.0241044
-0.103468
-0.0958674
-0.186237
-0.0816241
0.0101969
-0.0420265
-0.109561
-0.324561
-0.315838
-0.207806
-0.226069
-0.205578
-0.244597
-0.246704
-0.108485
0.0719662
0.140348
-0.773968
-0.528139
-0.543669
-0.422796
-0.0841402
-0.0999594
-0.109744
-0.0502426
-0.0419014
-0.0646509
-0.0728359
-0.00500898
-0.0377364
-0.0124186
-0.0242693
0.00819607
0.0172577
-0.0199771
0.0628433
0.111239
0.0953617
0.047254
0.0600515
0.09789
0.082437
0.202546
0.184552
0.224406
0.177811
0.159068
0.201456
0.183717
0.262299
0.285182
0.267404
0.237604
0.26256
0.246423
0.267718
0.279327
0.261041
0.308212
0.319787
0.305734
0.318464
0.303847
0.322216
0.309207
0.329428
0.327593
0.335447
0.337368
0.329316
0.330957
0.338308
105.265
104.117
104.465
104.432
104.918
103.471
103.008
105.603
104.508
0.313378
0.330747
1.87344
-0.853963
0.0495331
0.667509
0.452964
0.578475
0.572013
0.597527
0.625334
0.600363
0.586763
0.584093
0.602158
0.586801
1.35972
0.808453
-0.57838
0.722355
1.37321
0.801542
0.848321
1.22579
1.09078
0.597626
0.534954
0.538123
0.534055
0.535226
0.532553
0.530468
0.53323
0.78259
0.763991
0.781959
0.788541
0.769985
0.81237
0.783822
0.78043
0.802031
0.569369
0.570801
0.566758
0.571392
0.566182
0.569671
0.56538
0.510225
0.647831
0.733494
0.538878
0.555242
0.553929
0.522465
0.509558
0.515706
0.518992
0.521157
0.519322
0.516134
0.51891
0.508036
0.497437
0.609874
2.63287
1.20011
0.467582
1.67189
0.695438
1.04447
1.13881
0.503986
103.377
103.773
103.834
102.683
104.397
103.834
105.017
104.353
105.167
104.705
104.238
104.775
105.117
105.017
105.478
103.962
1.24969
1.48865
0.567538
2.19282
2.06295
3.25094
1.05302
1.218
1.02781
1.25528
0.966736
3.15172
0.865401
1.84792
0.55671
0.555269
0.553234
0.557663
0.553952
0.557391
0.553972
0.553609
0.556926
0.584499
0.590244
0.585877
0.586272
0.582216
0.586838
0.582383
0.613056
0.607576
0.605696
0.609675
0.604058
0.610122
0.604711
0.605565
0.611666
0.677113
0.665642
0.675569
0.691491
0.67706
0.669449
0.680577
0.688357
0.692799
0.702617
0.680885
0.674933
0.682516
0.688146
0.197325
0.196989
0.184032
0.204695
0.196765
0.195446
0.185307
0.176203
0.165992
0.164472
0.166987
0.175666
0.167226
0.158965
0.194611
0.194156
0.184157
0.193002
0.200156
0.19454
0.18547
0.195763
0.184537
0.197211
0.198413
0.189175
0.201454
0.210699
0.197876
0.206607
0.158511
0.149102
0.159001
0.160238
0.163636
0.149753
0.157459
0.131002
0.144243
0.134427
0.130691
0.120931
0.137857
0.129895
0.129294
0.123924
0.114963
0.133795
0.143216
0.133226
0.126138
0.0546082
0.059883
0.0695825
0.0540533
0.0441595
0.053817
0.0634836
0.101604
0.0930063
0.0923035
0.0926345
0.082831
0.0767061
0.0871758
0.0376595
0.0537872
0.0477599
0.0982506
0.0930213
0.108437
0.00689857
0.0171136
0.0140721
0.0149483
0.00784569
0.0137451
0.0191458
0.0176785
0.0144609
0.00682721
0.0322434
0.0223685
0.0234837
0.0158188
0.0114044
0.00185032
0.0199697
0.0184216
0.0325321
0.0223803
0.00791849
0.0159285
0.0117071
0.0201085
0.0272971
0.0175744
0.00223682
0.00731221
0.00864844
0.0120992
0.0161941
0.017552
0.0320065
0.0224413
0.0123628
0.00682178
0.00679099
0.00203634
0.0135073
0.0146137
0.0113298
0.0110802
0.08122
0.0881935
0.0971289
0.0775213
0.0673069
0.0818439
0.0731416
0.0833344
0.0918997
0.118225
0.129011
0.110026
0.103837
0.0946197
0.115633
0.107319
0.099449
0.0876006
0.102395
0.101507
0.0905365
0.0836148
0.0984611
0.152464
0.142783
0.147421
0.137144
0.12601
0.130579
0.139027
0.263837
0.289431
0.279601
0.236586
0.253289
0.284664
0.309128
0.272326
0.271954
0.240409
0.293819
0.267927
0.365458
0.389488
0.382869
0.365333
0.40603
0.384759
0.353724
0.499528
0.549352
0.550057
0.529607
0.609027
0.560623
0.502481
0.642393
0.626148
0.631865
0.627781
0.621109
0.629885
0.639762
0.584
0.589028
0.597512
0.579636
0.571461
0.583697
0.575665
0.584384
0.59267
0.594142
0.584973
0.581273
0.57874
0.585508
0.572286
0.578952
0.525764
0.522968
0.5247
0.525384
0.522735
0.522157
0.524833
0.514094
0.514055
0.517221
0.515746
0.516038
0.518786
0.51875
0.512823
0.509903
0.510342
0.507133
0.51043
0.511047
0.50819
0.523046
0.521466
0.524322
0.524752
0.523415
0.526622
0.525131
0.531445
0.533112
0.531367
0.530928
0.528937
0.533888
0.532069
0.532583
0.530794
0.529419
0.53119
0.532767
0.535175
0.532768
0.532754
0.530822
0.531487
0.529661
0.542863
0.547786
0.542602
0.542832
0.540755
0.540319
0.543745
0.53961
0.542029
0.539567
0.543392
0.546811
0.543369
0.542812
0.540698
0.538878
0.56609
0.576264
0.563729
0.561373
0.553756
0.557721
0.571667
0.591076
0.59283
0.606973
0.654229
0.492516
0.519595
0.530903
0.540697
0.507902
0.566443
0.541667
0.724668
0.604645
0.588602
0.605334
0.729645
1.31031
0.639439
0.794854
0.517364
0.505455
0.507483
0.561209
0.547999
0.6456
0.600069
0.889219
0.491979
0.553712
0.490174
0.537752
2.90351
2.92477
2.84066
0.792442
-0.361434
1.38057
-0.208314
103.469
102.583
103.806
104.901
105.507
105.084
104.587
104.25
104.58
103.988
105.142
105.251
104.767
104.376
105.427
105.223
90.4696
105
102.412
105.206
105.147
104.408
100.8
101.942
101.316
100.964
100.664
101.394
101.214
100.77
100.774
105.005
104.467
104.632
103.959
104.597
103.757
103.522
104.946
104.458
104.806
100.783
100.873
100.743
100.97
100.757
100.531
101.003
101.297
87.6782
101.516
100.802
100.405
90.092
99.3942
0.723064
1.66016
0.160504
1.79111
0.850301
-0.181161
-0.236867
1.23253
2.18514
-0.555295
-0.529327
-0.136687
3.12711
0.171768
0.918844
0.597354
0.552723
0.588537
0.567864
0.523242
0.535172
0.532557
0.532074
0.533017
0.529905
0.53195
0.532604
0.532407
0.531448
0.530981
0.527468
0.529022
0.529563
0.526821
0.526415
0.53487
0.529943
0.533474
0.528574
0.522629
0.530062
0.52685
0.531511
0.533727
0.544788
0.544008
0.541043
0.537237
0.539355
0.538762
0.540454
0.542117
0.543311
0.579234
0.576005
0.578225
0.580714
0.577672
0.582007
0.57835
0.421253
0.41413
0.423644
0.396003
0.399699
0.40886
0.407424
0.439946
0.456364
0.444391
0.432599
0.448384
0.446876
0.428514
0.381891
0.358584
0.372734
0.386309
0.367659
0.272449
0.273077
0.259915
0.273798
0.28676
0.280035
0.27028
0.255573
0.264211
0.266597
0.261107
0.26928
0.263335
0.255216
0.265145
0.273572
0.260796
0.265278
0.258351
0.249736
0.258339
0.230082
0.242123
0.234291
0.230012
0.221292
0.236643
0.23003
0.230204
0.226341
0.216327
0.242322
0.233799
0.234258
0.226957
0.184706
0.199048
0.19722
0.197925
0.2072
0.206726
0.200088
0.194182
0.210673
0.199277
0.19654
0.202893
0.20973
0.162326
0.151474
0.164241
0.167036
0.175734
0.158899
0.17633
0.16859
0.125907
0.130248
0.115786
0.133464
0.127533
0.14269
0.114038
0.123851
0.133317
0.125769
0.0409048
0.0498811
0.0532533
0.059707
0.0698503
0.0594788
0.0519709
0.0531671
0.0484252
0.0386163
0.0569797
0.0668897
0.0568982
0.0489599
0.0150403
0.0137975
0.0199999
0.0561953
0.0492936
0.0656403
0.0369323
0.0461531
0.0557246
0.0485535
0.0138649
0.0108233
0.00261066
0.0181342
0.0094224
0.0123515
0.0123437
0.00217521
0.00997674
0.0117781
0.0146407
0.016549
0.00498459
0.00580236
0.00145107
0.0116119
0.0117272
0.0101812
0.0105763
0.00189575
0.00739465
0.00523676
0.00156085
0.00643159
0.00713804
0.00259325
0.0375813
0.0425416
0.0300866
0.0252471
0.0203007
0.0322065
0.0355124
0.0250832
0.0205797
0.0859508
0.0846583
0.103081
0.0671967
0.086425
0.0941593
0.0795854
0.0737318
0.045
0.0761561
0.0198101
0.0114789
0.0360864
0.0300698
0.165975
0.193649
0.23819
0.0956098
0.150851
0.134959
0.165471
0.113466
0.116126
0.0218596
0.100427
0.0513405
0.407298
0.497413
0.498283
0.31327
0.358459
0.354047
0.388925
0.462003
0.444531
0.707761
0.68673
0.65522
0.684692
0.670422
0.623825
0.618713
0.635719
0.644138
0.511273
0.512954
0.52407
0.511334
0.501246
0.508598
0.517283
0.511463
0.51372
0.520354
0.524759
0.52261
0.515145
0.517455
0.519957
0.516917
0.510781
0.516003
0.513358
0.504096
0.502092
0.505902
0.50805
0.50042
0.502539
0.505526
0.498224
0.503437
0.503205
0.498202
0.508739
0.506453
0.506345
0.504141
0.506473
0.5025
0.505292
0.514982
0.516272
0.518292
0.51489
0.513405
0.512948
0.514419
0.514365
0.515973
0.512272
0.515048
0.517027
0.51513
0.514857
0.513287
0.51198
0.521894
0.524213
0.524288
0.524127
0.526492
0.525402
0.528012
0.520409
0.524186
0.52287
0.533209
0.537267
0.534386
0.543483
0.549655
0.544522
0.534763
0.543621
0.529783
0.523493
0.582159
0.545951
0.535864
102.377
100.862
100.551
100.976
101.429
100.228
102.568
97.819
74.7121
99.3894
100.9
100.977
100.966
101.243
101.385
101.14
101.008
100.616
100.94
99.3962
101.343
101.384
101.949
99.6866
98.7739
99.7321
101.095
100.215
99.7303
100.521
96.7184
95.6876
97.0819
98.227
97.0815
93.4334
0.221011
0.38054
0.359883
1.97526
6.42226
1.42986
1.59542
0.796039
2.29613
0.383858
0.315787
-0.690321
2.50151
2.70132
0.503303
0.422815
0.52723
0.4684
0.46503
0.500732
0.509167
0.46516
0.456833
0.426886
0.419067
0.41692
0.450618
0.456977
0.582011
0.580409
0.58199
0.583125
0.583699
0.582299
0.582814
0.586612
0.586711
0.587877
0.587647
0.588533
0.587499
0.58715
0.587534
0.587903
0.590426
0.591913
0.592522
0.588833
0.588841
0.595375
0.596344
0.591548
0.593026
0.593408
0.589409
0.589005
0.580567
0.582171
0.58653
0.589328
0.589601
0.582861
0.583993
0.391642
0.396915
0.398189
0.379871
0.382053
0.387052
0.384444
0.335961
0.338329
0.326303
0.33595
0.346923
0.34306
0.334055
0.328219
0.317851
0.324825
0.322509
0.328604
0.317183
0.325073
0.312562
0.319591
0.321438
0.317983
0.323312
0.319385
0.312541
0.309805
0.316866
0.317364
0.315455
0.319903
0.309562
0.315416
0.281307
0.289786
0.293667
0.285799
0.293193
0.298993
0.304228
0.300576
0.2944
0.3187
0.327872
0.321619
0.318636
0.311763
0.323938
0.318405
0.318708
0.315707
0.307926
0.321388
0.328163
0.32138
0.315964
0.291778
0.298653
0.291131
0.291494
0.284617
0.279194
0.287196
0.253169
0.261552
0.261711
0.273213
0.265795
0.267942
0.261211
0.291852
0.302733
0.295507
0.248549
0.261343
0.257166
0.216265
0.226301
0.229932
0.182977
0.193288
0.196742
0.200795
0.192955
0.209955
0.200894
0.198045
0.19411
0.184305
0.201978
0.211548
0.149799
0.157039
0.160263
0.165892
0.175311
0.165855
0.158291
0.200932
0.212953
0.2031
0.19771
0.205389
0.212506
0.204396
0.148943
0.160577
0.157056
0.157986
0.16509
0.157038
0.148587
0.0828096
0.0793367
0.0685626
0.0856978
0.0962824
0.0335553
0.038699
0.0422417
0.0344778
0.0407376
0.0419787
0.0470041
0.0920575
0.0850504
0.0732065
0.0709018
0.078012
0.0827523
0.0884724
0.0383426
0.0312157
0.0386219
0.0390271
0.0305619
0.0342717
0.0417832
0.0130908
0.0169153
0.0143231
0.00997951
0.00196901
0.00846426
0.0156877
0.00562559
0.0108366
0.0177963
0.0101597
-0.000335568
0.0155374
-0.00386715
-0.0016884
-0.00320406
-0.000547818
-0.00156022
0.00514381
0.00190625
0.00141779
-0.00138242
-0.00036124
5.59224e-05
-0.00178017
0.000168979
-0.00493416
0.00376113
4.58596e-05
0.00295267
-0.00671397
-0.00296733
-0.00277698
-0.0107659
-0.010407
-0.00904525
-0.0122395
-0.00795975
-0.0118922
-0.0152711
-0.022411
-0.0135034
-0.0148774
-0.0233552
-0.0203969
-0.0305129
-0.0348869
-0.0265544
-0.0289045
-0.0487285
-0.0454146
-0.12074
-0.0811076
-0.0836611
-0.0563522
-0.0782986
-0.0660729
-0.0932121
-0.0601938
0.0285862
0.0441976
-0.0495145
-0.0978792
-0.107248
-0.0733025
0.239285
0.205381
0.272297
0.120062
0.274009
0.120956
0.191274
0.0462015
0.109044
0.0590398
0.142339
0.141587
0.088659
0.0948945
0.460332
0.426793
0.458002
0.397824
0.378249
0.415142
0.404184
0.440285
0.449777
0.514865
0.548609
0.520351
0.48497
0.536881
0.552135
0.516448
0.486619
0.461754
0.493329
0.448085
0.44812
0.472078
0.47373
0.481347
0.479778
0.466218
0.450763
0.450059
0.457341
0.457655
0.474438
0.476656
0.432564
0.423792
0.442525
0.441591
0.42747
0.441455
0.427239
0.425745
0.441867
0.474651
0.464298
0.47764
0.456252
0.45796
0.46828
0.469399
0.446293
0.449843
0.452043
0.439732
0.437018
0.442728
0.444403
0.434105
0.434767
0.426861
0.44211
0.435761
0.431394
0.437319
0.46319
0.465563
0.468425
0.459326
0.456172
0.460704
0.463015
0.452501
0.457992
0.457242
0.456507
0.452158
0.459127
0.455812
0.471513
0.467909
0.47414
0.475942
0.478768
0.474783
0.472269
0.499064
0.497235
0.497683
0.499275
0.497565
0.496503
0.498394
0.488361
0.485528
0.485223
0.480257
0.483619
0.485423
0.482529
0.500094
0.497066
0.496642
0.49298
0.500275
0.495797
0.510251
0.507706
0.506499
0.507515
0.50995
0.50657
0.505292
0.502508
0.507582
0.505428
0.518524
0.516207
0.515216
0.395649
0.424671
0.399385
0.428087
0.457455
0.446254
0.443894
99.4521
100.004
97.4248
101.08
100.243
80.2033
98.9081
99.7088
99.2266
98.0255
102.715
103.571
103.854
103.901
103.489
104.474
104.176
101.918
103.256
102.202
1.13926
0.683193
1.13043
0.863061
1.1164
1.76764
1.0947
3.84765
3.32828
3.10502
1.88779
1.96181
1.83684
1.8105
0.580007
0.580039
0.58111
0.578309
0.577449
0.577586
0.578666
0.585425
0.584507
0.584759
0.585398
0.584537
0.58382
0.584657
0.58518
0.587624
0.583568
0.581728
0.583488
0.58445
0.583325
0.584517
0.583843
0.580386
0.579752
0.578596
0.580492
0.579357
0.578006
0.575485
0.577994
0.579861
0.574768
0.573066
0.570901
0.573322
0.571532
0.566553
0.569721
0.5684
0.570732
0.567951
0.565311
0.5623
0.564368
0.562083
0.56056
0.557581
0.376843
0.368068
0.373843
0.366951
0.373512
0.370352
0.376214
0.368818
0.361595
0.3676
0.36125
0.366806
0.364802
0.370088
0.355649
0.364263
0.362126
0.364857
0.369347
0.364953
0.359676
0.335864
0.341134
0.341904
0.346507
0.340943
0.344808
0.350768
0.364957
0.369475
0.364701
0.366034
0.370491
0.335163
0.340777
0.340971
0.339657
0.334384
0.371648
0.365853
0.372241
0.368607
0.364007
0.332613
0.339865
0.342732
0.338367
0.332761
0.318553
0.307812
0.315548
0.293284
0.281809
0.291374
0.304315
0.296661
0.332011
0.324358
0.323988
0.3217
0.327885
0.325565
0.332266
0.26385
0.272594
0.266466
0.277174
0.268293
0.277351
0.269589
0.287746
0.297593
0.296481
0.295271
0.287358
0.292785
0.300664
0.220131
0.229703
0.232483
0.249184
0.23865
0.238344
0.229864
0.154684
0.141042
0.159655
0.164266
0.153423
0.177675
0.163473
0.0183446
-0.00762855
0.0163617
-0.0255287
-0.0164088
0.00436902
0.000131471
-0.00172755
-0.0112662
-0.0108541
-0.0222304
-0.0214103
-0.0380227
-0.0363906
-0.031145
-0.0490721
-0.055647
-0.0132046
-0.00954656
-0.0275838
-0.0238815
-0.0295256
-0.00953347
-0.0713374
-0.0601148
-0.0546935
-0.0679477
-0.0492903
-0.0650144
-0.0753952
-0.104651
-0.0239986
-0.0998583
-0.0822865
-0.123378
-0.0688754
-0.246224
-0.142633
-0.205783
-0.502762
0.0687372
4.45807
-1.08661
-0.545187
2.43339
-1.32559
1017.02
1635.08
1913.48
2701.58
2685.12
2605.44
2586.79
9.6222
0.479714
22.4863
2.37301
7.21253
37.4373
66.8922
0.634519
0.565201
0.56948
7.5413
11.6181
3.48984
3.03334
1.39194
2.25903
0.492243
-0.0851743
0.165846
0.431525
-0.244565
3.47374
5.21537
7.97071
4.5644
9.25325
4.73021
15.4419
0.237987
0.218552
0.189394
0.209238
0.195656
0.163061
0.178673
0.118028
0.128454
0.14063
0.170264
0.157589
0.122659
0.13068
0.154242
0.144913
0.331339
0.306846
0.294787
0.290216
0.267206
0.289082
0.310161
0.305425
0.316375
0.295179
0.299309
0.310181
0.284166
0.292915
0.31738
0.30512
0.330776
0.321427
0.329783
0.338922
0.347725
0.379148
0.391878
0.392849
0.374056
0.372229
0.385054
0.387514
0.400436
0.395412
0.405968
0.409288
0.413809
0.406003
0.402096
0.426202
0.421438
0.421056
0.421352
0.415927
0.412091
0.418798
0.442886
0.446232
0.439655
0.439519
0.43617
0.439296
0.442019
0.435527
0.438508
0.433731
0.439754
0.443782
0.439917
0.439397
0.435937
0.433334
0.452786
0.4571
0.457193
0.45695
0.460689
0.463133
0.459348
0.456902
0.450021
0.454682
0.475485
0.472235
0.471932
0.468837
0.472162
0.466299
0.470128
0.472467
0.474199
0.469117
0.477455
0.479645
0.476217
0.474398
0.472224
0.477508
0.474106
0.485542
0.490203
0.487117
0.487405
0.488412
0.491604
0.486492
0.482641
0.486055
0.48924
0.522361
0.52223
0.527801
0.529455
0.53205
0.526597
0.531296
0.490162
0.496257
0.49013
0.473408
0.47606
0.433668
0.465824
2.6875
0.596937
5.3002
0.598792
0.862496
2.42278
4.91228
5.35936
1.52361
4.70217
6.94636
5.05844
2.47759
10.8357
104.409
104.258
104.59
104.093
104.314
103.458
104.936
103.145
103.506
103.49
103.771
103.647
103.637
0.413172
0.406079
0.409889
0.41003
0.404496
0.411125
0.406436
0.40481
0.39894
0.403144
0.402826
0.398097
0.404683
0.400675
0.394632
0.399223
0.399746
0.397865
0.401017
0.398469
0.394345
0.39909
0.397935
0.393039
0.400319
0.404769
0.401137
0.397553
0.377784
0.382806
0.38287
0.389488
0.385177
0.386636
0.382617
0.382703
0.374906
0.380444
0.382845
0.377669
0.383253
0.380836
0.385021
0.377461
0.381987
0.386674
0.381644
0.3881
0.388732
0.384167
0.380918
0.386059
0.38852
0.395826
0.393076
0.394953
0.389713
0.393058
0.387193
0.406227
0.41286
0.414201
0.399923
0.402636
0.408747
0.409808
0.511238
0.525864
0.502203
0.569317
0.55205
0.532059
0.541812
0.474593
0.441968
0.46467
0.490734
0.45881
0.462798
0.508549
0.435774
0.401051
0.324694
0.471506
0.40346
0.450629
0.548073
0.512428
0.721416
0.675763
0.682054
0.648876
113.347
70.2842
43.3337
209.77
78.0511
80.3145
91.1238
2.4449
4.86732
14.2496
0.803926
0.599071
3.05556
6.03204
0.562426
0.474992
0.397019
0.225568
0.179329
0.364386
1.07425
-0.244703
-0.411816
-0.224723
-0.0829052
-0.035433
-0.0665463
-0.0307061
-0.0733065
-0.0420629
-0.079322
-0.0892046
-0.0148879
-0.0341795
-0.0123928
-0.0236593
-0.00601322
-0.0258724
-0.0278425
-0.0300081
-0.00517338
-0.000721403
0.00112538
0.00141469
0.00200622
0.00329167
0.000983338
0.0394263
0.0574909
0.0430436
0.0350008
0.046875
0.0417233
0.0284492
0.234338
0.217997
0.225454
0.221849
0.211297
0.222911
0.232104
0.255963
0.264276
0.272944
0.255208
0.248982
0.261343
0.269355
0.287256
0.298459
0.305748
0.280883
0.271541
0.287904
0.29438
0.32128
0.327204
0.312329
0.303656
0.295863
0.309291
0.302517
0.320751
0.315072
0.278777
0.289003
0.288761
0.278717
0.287136
0.293528
0.286272
0.372784
0.376965
0.383457
0.363284
0.370289
0.370811
0.376245
0.389457
0.398649
0.396989
0.380118
0.373775
0.373242
0.367544
0.373533
0.362794
0.369953
0.40784
0.399309
0.402822
0.398896
0.406739
0.389805
0.42402
0.421384
0.429381
0.41891
0.41293
0.421614
0.423655
0.42911
0.423995
0.419179
0.442344
0.440085
0.446603
0.440585
0.435323
0.440318
0.442515
0.438912
0.439412
0.43467
0.485096
0.489303
0.484533
0.485103
0.48001
0.487849
0.483505
0.541224
0.540964
0.543719
0.541638
0.537427
0.52965
0.531781
0.53243
0.533763
0.535195
0.533498
0.532171
0.537449
0.5322
0.529089
0.519474
0.529834
0.527836
0.535073
0.530579
0.53138
0.525596
0.532389
0.534824
0.508513
0.491722
0.503448
0.496316
0.525207
0.474534
0.506018
0.384947
0.433302
0.437852
0.450901
0.446212
0.429193
0.415422
1.02892
0.965181
0.683041
1.88663
1.27549
0.716424
0.83284
104.17
104.006
103.816
102.39
102.151
102.222
101.995
102.42
102.489
102.175
103.429
103.41
103.541
103.239
102.097
103.765
101.895
101.969
102.095
101.802
101.611
101.326
102.504
101.648
102.595
102.95
0.424597
0.426953
0.424382
0.423147
0.419839
0.421752
0.424567
0.424563
0.426078
0.428547
0.42225
0.418454
0.419545
0.419635
0.42345
0.418701
0.423028
0.470824
0.472869
0.468723
0.478871
0.476291
0.473157
0.474959
0.467324
0.468024
0.473235
0.467227
0.462416
0.465784
0.470171
0.730399
0.736565
0.701518
0.778929
0.744932
0.724283
0.751761
0.739434
0.70505
0.765337
0.766971
0.737383
0.817517
0.779455
0.910462
0.914258
0.857686
0.975959
0.920426
0.890022
0.938605
0.951294
0.888867
1.01384
1.00078
0.952092
1.04904
1.10284
-0.146011
-0.440525
0.322412
-0.385309
-0.251518
0.130125
-0.25966
-0.132554
-0.0424159
-0.100031
-0.0776253
-0.0428768
-0.0503923
-0.070237
-0.0832633
-0.0473862
-0.0117219
-0.042754
-0.0202135
0.0547978
0.0222842
-0.0647904
-0.0415065
0.00138167
0.0124854
-0.00564663
0.0235935
0.0300687
0.00788868
0.0121129
0.00475599
0.00069225
-0.00649588
0.00525589
0.00476307
0.0121954
0.00465261
0.0104518
0.0119318
0.0168166
0.000590565
0.00110577
0.00609949
0.013819
0.0162775
0.00262231
0.0204939
0.0122417
0.0125362
0.00808687
0.00239862
0.00894536
0.0116465
0.0144682
0.0157118
0.0180518
0.0932297
0.106432
0.11043
0.0993417
0.111961
0.128253
0.116315
0.122833
0.110879
0.236269
0.223533
0.228595
0.226841
0.218639
0.227419
0.235385
0.261745
0.268184
0.255304
0.265305
0.259334
0.256288
0.250461
0.292214
0.284234
0.283288
0.275228
0.28383
0.268655
0.278194
0.308275
0.316572
0.316814
0.323566
0.316008
0.320359
0.328112
0.303021
0.316186
0.31178
0.346749
0.356792
0.345047
0.350197
0.342274
0.33446
0.37688
0.3739
0.383914
0.404484
0.407722
0.412776
0.406553
0.409624
0.416584
0.414714
0.522373
0.520736
0.525706
0.522732
0.524273
0.526689
0.528037
0.52431
0.525723
0.521516
0.523121
0.524378
0.52029
0.519552
0.543415
0.541985
0.539423
0.545361
0.548793
0.545351
0.542947
0.545378
0.545107
0.543852
0.548505
0.54565
0.548252
0.546006
0.550654
0.548992
0.54753
0.548838
0.551328
0.551639
0.549116
0.563301
0.56327
0.566288
0.560683
0.564826
0.566418
0.563054
0.552176
0.552397
0.555502
0.559193
0.558658
0.561415
0.561822
0.558163
0.560367
0.564623
0.562213
0.558394
0.54634
0.543623
0.540302
0.541964
0.54495
0.538875
0.543516
0.552803
0.548358
0.547097
0.556497
0.555282
0.550529
0.549988
101.772
101.534
101.922
101.422
101.526
101.39
101.449
101.319
101.487
101.011
101.865
101.594
101.852
101.67
102.252
100.965
101.557
101.579
101.796
101.808
101.119
101.674
102.202
101.122
101.585
101.912
0.453086
0.454921
0.455131
0.454487
0.455746
0.453649
0.455233
0.442728
0.444513
0.442559
0.440723
0.442689
0.43942
0.441613
0.434286
0.434385
0.431926
0.437748
0.435583
0.43635
0.434259
0.442757
0.443789
0.445796
0.430382
0.432992
0.434195
0.432217
0.435661
0.434791
0.435711
0.433795
0.434478
0.431888
0.442241
0.442459
0.43936
0.436843
0.435467
0.438711
0.437789
0.441578
0.440919
0.567263
0.652886
0.74213
0.810198
0.822777
0.731043
0.719691
0.602293
0.453336
0.5381
0.528446
0.436347
0.568313
0.505722
0.136345
0.156167
0.152849
0.159441
0.147165
0.134928
0.150784
0.0192455
0.0239753
0.0165734
0.0715474
0.0870858
0.0753374
0.0667005
0.0786253
0.0874972
0.0762196
0.0150736
0.00629147
0.0173936
0.0282748
0.0402291
0.0178478
0.00681749
0.0181811
0.0284205
0.0108691
0.00262343
0.0145206
0.00256603
0.00902484
0.00855537
0.0139989
0.0152245
0.0194001
0.0173635
0.0179222
0.0192184
0.025939
0.0105511
0.00349356
0.0165017
0.0222461
0.0136826
0.0150169
0.00498699
0.0119102
0.014302
0.00777126
0.0159756
0.0224569
0.0174239
0.134976
0.125758
0.137126
0.139917
0.144144
0.136566
0.128317
0.214127
0.2303
0.214061
0.21862
0.208469
0.198103
0.248709
0.260617
0.247284
0.244978
0.23654
0.25359
0.243903
0.236316
0.289097
0.284177
0.296923
0.330059
0.318378
0.323431
0.33515
0.332343
0.321775
0.3265
0.321247
0.311629
0.320454
0.318702
0.324571
0.311784
0.319864
0.355648
0.352633
0.351308
0.341153
0.346698
0.342688
0.347874
0.358423
0.354602
0.361702
0.361292
0.351158
0.349103
0.357857
0.378132
0.38393
0.390736
0.399438
0.394724
0.386355
0.390616
0.405834
0.407838
0.415729
0.409329
0.411434
0.420683
0.420866
0.462362
0.47033
0.470114
0.456817
0.45827
0.466176
0.466265
0.506663
0.510974
0.49961
0.495209
0.49257
0.501451
0.50385
0.500021
0.501049
0.49383
0.497006
0.49802
0.489532
0.490212
0.504836
0.512137
0.510742
0.517574
0.508901
0.554671
0.550703
0.558623
0.561001
0.56581
0.559453
0.555707
0.565942
0.561554
0.532451
0.536741
0.537682
0.544955
0.539092
0.531034
0.535829
0.539489
0.534489
0.573784
0.568944
0.574925
0.575824
0.581557
0.572591
0.577114
0.585554
0.586284
0.589997
0.583946
0.588997
0.59062
0.585958
0.569192
0.56651
0.565153
0.569897
0.565912
0.566815
0.570638
0.571876
0.569997
0.567965
0.569794
0.573559
0.569809
0.573249
0.573511
0.573768
0.577493
0.579931
0.579443
0.575693
0.57565
0.579536
0.583385
0.581465
0.582204
0.582001
0.582829
0.582801
101.502
101.23
101.45
101.714
102.381
101.765
101.231
101.93
101.952
101.291
102.113
101.789
102.45
101.504
102.042
102.902
102.547
102.017
102.174
104.436
104.357
103.947
102.369
103.443
104.24
104.034
103.48
102.784
103.576
103.998
104.149
103.542
103.444
104.408
2.26076
0.564846
2.86493
-0.846066
-0.00871808
-0.365671
2.50157
3.34271
1.10629
1.24124
1.7368
2.86068
4.42065
0.653428
0.371004
0.433225
0.731387
0.377396
0.41979
1.23154
1.09136
0.72124
0.567951
0.464133
0.468993
0.467651
0.465346
0.461854
0.433772
0.456383
0.456069
0.43471
0.418152
0.440808
0.438638
0.378495
0.408285
0.426091
0.423872
0.429206
0.416226
0.432346
0.429941
0.436016
0.437264
0.440873
0.456226
0.456536
0.456423
0.455908
0.457447
0.456841
0.456236
0.458004
0.457395
0.457265
0.456994
0.456779
0.45769
0.457485
0.454722
0.453379
0.455228
0.455514
0.454612
0.45556
0.45665
0.453103
0.455143
0.454431
0.455102
0.456682
0.453775
0.455181
0.454485
0.453094
0.455388
0.45808
0.456234
0.447616
0.449215
0.449632
0.449251
0.450711
0.450433
0.452154
0.446957
0.448762
0.449278
0.448557
0.446891
0.454571
0.455051
0.453244
0.455738
0.457144
0.455574
0.454499
0.456773
0.456517
0.454325
0.457208
0.458693
0.457332
0.455906
0.445921
0.450163
0.448609
0.453241
0.453355
0.451598
0.452232
0.361836
0.396157
0.410901
0.502768
0.479765
0.431674
0.456246
2.82966
1.26559
2.95809
0.46208
0.521304
0.536656
0.554611
0.496569
0.719696
0.72227
0.486082
0.435045
0.436722
2.31962
3.08768
3.29072
5.74721
6.9071
8.29963
5.97416
0.415086
0.415272
0.395403
0.405409
0.410472
0.407032
0.386392
0.418956
0.416799
0.429092
0.404999
0.424859
0.410678
0.42349
0.446282
0.449226
0.451095
0.435002
0.441041
0.441876
0.440774
0.559057
0.562292
0.556063
0.553525
0.556319
0.560724
0.557926
0.562504
0.559652
0.564792
0.563083
0.560819
0.565357
0.567123
0.585517
0.587593
0.580082
0.574963
0.571463
0.583421
0.585862
0.576527
0.579196
0.599906
0.599094
0.606117
0.602867
0.596644
0.599663
0.605822
0.732626
0.720993
0.743618
0.713474
0.706189
0.720706
0.728231
0.73765
0.752822
0.732707
0.724097
0.714239
0.73424
0.725006
0.798736
0.790056
0.822181
0.782646
0.768085
0.799492
0.783986
0.786378
0.796921
0.813938
0.769204
0.761124
0.829875
0.852409
0.845244
0.849179
0.827501
0.854095
0.827449
0.760772
0.748187
0.725126
0.75692
0.780979
0.756496
0.732603
0.660777
0.697933
0.647331
0.632095
0.660927
0.364035
0.353951
0.374983
0.336591
0.323684
0.342729
0.351578
0.269546
0.269644
0.27766
0.260627
0.249777
0.250998
0.26166
0.209772
0.195805
0.211041
0.208793
0.19613
0.21102
0.21937
0.142387
0.153902
0.158015
0.163712
0.155662
0.144295
0.153825
0.111395
0.129065
0.118223
0.105636
0.0926939
0.06575
0.0815458
0.0695474
0.0621052
0.0704286
0.0796434
0.0697686
0.027082
0.0184132
0.020966
0.0376679
0.0240872
0.0259914
0.0372747
0.00194313
0.00883588
0.0137554
0.0210536
0.0371075
0.0240699
0.0090063
0.018472
0.0139167
0.0234663
0.0315062
0.0208944
0.00971785
0.00970083
0.00252605
0.0142009
0.0191314
0.0371154
0.0265511
0.020532
0.017486
0.00200006
0.0132213
0.0118056
0.0741797
0.0597226
0.0636643
0.065351
0.0562505
0.0645117
0.0742615
0.0578357
0.0462903
0.0582027
0.0568854
0.0682075
0.0632568
0.0741888
0.0575542
0.0390289
0.0503959
0.099489
0.115029
0.0972448
0.103925
0.0926095
0.0823781
0.124999
0.133119
0.137664
0.153063
0.1445
0.123852
0.132388
0.142998
0.134669
0.140098
0.152135
0.136462
0.132747
0.122571
0.142031
0.133487
0.290234
0.283415
0.274014
0.260519
0.26775
0.27995
0.274023
0.262871
0.258352
0.254232
0.249108
0.260528
0.247224
0.257519
0.307802
0.31429
0.321907
0.327934
0.325037
0.317537
0.312216
0.323788
0.31121
0.312882
0.298744
0.311864
0.342656
0.347671
0.345773
0.330848
0.335616
0.338057
0.333911
0.354211
0.348896
0.3577
0.359157
0.346416
0.34353
0.354467
0.376055
0.381111
0.390756
0.400098
0.395765
0.388764
0.385592
0.434399
0.417932
0.420452
0.449998
0.448369
0.405721
0.405682
0.417717
0.406099
0.393565
0.39908
0.409944
0.435464
0.440698
0.441999
0.423703
0.425758
0.429837
0.428231
0.491555
0.478869
0.477113
0.497407
0.502297
0.485624
0.484725
0.535152
0.530577
0.544288
0.550399
0.557874
0.550188
0.556083
0.538314
0.542386
0.496781
0.507254
0.507749
0.508102
0.521335
0.511518
0.500859
0.583911
0.579976
0.571336
0.596714
0.587218
0.547902
0.550116
0.539029
0.562806
0.551735
0.545848
0.553874
0.609085
0.599784
0.606971
0.607048
0.599511
0.60257
0.60986
0.591552
0.59787
0.591707
0.591234
0.585723
0.593783
0.588479
0.615143
0.620403
0.621439
0.623815
0.617673
0.621531
0.61618
0.594283
0.599614
0.595698
0.595993
0.591298
0.596858
0.592422
0.620552
0.614158
0.614092
0.611231
0.615892
0.608793
0.61329
0.608141
0.602656
0.602067
0.612514
0.614429
0.598782
0.593356
0.594293
0.591193
0.595446
0.590347
0.594253
0.585803
0.588084
0.587151
0.58511
0.584968
0.586466
0.586258
104.116
104.824
105.173
103.001
102.766
103.15
102.564
102.155
101.973
103.02
102.541
103.063
101.608
103.262
102.718
103.118
102.702
103.381
103.21
102.862
102.098
100.564
100.213
100.553
100.985
99.115
0.468759
0.471814
0.468894
0.467542
0.469653
0.466914
0.468005
0.461531
0.461905
0.460228
0.465307
0.462543
0.463788
0.461624
0.468343
0.472439
0.469512
0.472612
0.470198
0.459236
0.460578
0.461624
0.467509
0.466613
0.469466
0.474147
0.474026
0.467723
0.467991
0.509891
0.517057
0.512666
0.511368
0.501548
0.506723
0.514423
0.476832
0.479853
0.47929
0.47788
0.493926
0.482413
0.507143
0.513706
0.517999
0.391806
0.384633
0.431475
0.525159
0.97011
1.00285
0.991038
2.66405
1.71635
2.57675
100.995
103.164
102.154
98.8215
102.065
102.594
102.184
102.143
102.507
102.309
101.833
102.517
102.271
102.165
101.88
101.657
101.608
102.172
81.0374
100.231
101.866
101.463
100.245
103.027
103.093
102.417
102.709
103.82
103.787
103.24
102.626
103.325
103.645
2.18573
0.425339
2.53081
2.16201
3.80764
4.40744
2.92506
0.477046
0.400065
0.431676
0.377395
0.37473
0.460198
0.464352
0.464547
0.490334
0.412633
0.501273
0.530838
0.642612
0.619379
0.604851
0.502265
0.417813
0.562695
0.564672
0.561018
0.562238
0.559588
0.564241
0.562161
0.571252
0.5734
0.570396
0.571978
0.573891
0.573874
0.571996
0.571019
0.56705
0.570697
0.574283
0.57185
0.571191
0.569059
0.573052
0.570133
0.571661
0.574002
0.574958
0.578415
0.576284
0.579839
0.57881
0.580108
0.58204
0.580994
0.581091
0.585192
0.584559
0.583963
0.587166
0.587674
0.584836
0.599287
0.600217
0.602572
0.604291
0.602323
0.601631
0.600165
0.618835
0.625425
0.617456
0.606864
0.614959
0.61711
0.607291
0.523869
0.542111
0.525938
0.551817
0.547668
0.531353
0.535532
0.531458
0.524137
0.530139
0.510349
0.51146
0.519046
0.516005
0.445616
0.462744
0.440871
0.472118
0.4755
0.454291
0.456868
0.290724
0.300913
0.313233
0.320441
0.329383
0.312389
0.305056
0.344662
0.342372
0.338209
0.322548
0.329235
0.325643
0.331722
0.227682
0.238674
0.239681
0.234524
0.243947
0.237355
0.225724
0.182626
0.188001
0.181242
0.169421
0.179536
0.179176
0.17028
0.142029
0.132483
0.144941
0.148717
0.160254
0.14079
0.130555
0.141707
0.150003
0.158112
0.148112
0.144174
0.155921
0.147489
0.140008
0.146097
0.015709
0.0213219
0.0134507
0.0130745
0.00625281
0.0162893
0.0164645
0.0261377
0.0152238
0.00473823
0.00850236
0.0182669
100.645
102.142
102.207
102.511
102.881
101.674
103.729
103.809
102.538
103.419
103.431
103.219
102.817
103.075
102.746
103.432
102.333
91.0167
102.513
102.54
98.2294
80.3202
0.0168372
0.0283602
0.0173796
0.0205702
0.0291839
0.0322925
0.0193147
0.032684
0.0167952
0.0233191
0.00190962
0.00972061
0.0127282
-1.55309
-1.47853
-1.81747
-1.00079
3.80781
0.788961
-1.10884
2794.13
2744.8
2780.35
2790.04
2717.77
2850.73
2842.88
2868.01
2850.09
2781.85
2828
2851.69
2750.81
2767.24
-0.0810034
0.0190983
-0.15409
2706.3
2829.22
2779.48
2770.12
2777.98
2773.26
2769.21
2769.41
2779.03
2794.15
2807.02
2777.98
2760.88
2771.63
2773.9
2779.16
2767.67
2762.17
2771.5
2775.45
2754.26
2777.45
2772.67
2782.33
2767.73
2762.81
2757.86
2765.56
2771.23
2766.58
2767.97
2795.23
2783.75
2770.3
2762.03
2734.51
2764.25
2761.43
2769.07
2760.09
2764.94
2775.96
2766.58
2766.61
2716.56
2760.1
2776.22
2270.77
1863.52
2329.61
2840.41
2802.15
2799.61
2728.73
2785.52
2801.87
2838.22
2843.28
2864.31
2810.52
2828.02
2742.86
2827.38
-1.87432
-1.24079
-1.31676
-1.49052
2.34269
0.57137
-0.881121
2774.14
2759.2
2732.63
2814.28
2800.72
2817.19
2796.02
2803.03
2873.56
2818.93
0.168969
0.0843529
0.315787
0.0149726
0.0238193
0.0156232
0.00643911
0.0125902
0.00350377
0.013531
0.0166451
0.00703386
102.812
104.352
104.023
103.871
104.241
103.599
105.032
105.024
103.875
103.908
104.158
104.327
90.5591
102.303
104.443
0.0165515
0.0314822
0.022101
0.00184866
0.0107234
0.01139
0.145354
-0.0458278
0.19981
0.108612
6.57207
1.80037
5.13841
0.84317
-0.325493
-0.275122
-0.213443
-0.269122
15.0552
7.16802
34.8501
11.8744
1.11522
1.06719
1.19947
1.12436
0.634684
0.623891
0.623717
0.613771
0.96173
0.930736
0.890773
0.874866
0.177979
0.188677
0.139402
0.153387
0.721489
0.708483
0.737622
0.720986
1.36148
1.29828
0.805176
0.929608
0.518629
0.510497
0.522386
0.514815
0.36071
0.358553
0.336517
0.33545
0.667437
0.660454
0.683343
0.673909
0.256123
0.253476
0.275434
0.277028
0.2847
0.285449
0.256366
0.258961
0.558576
0.552741
0.550099
0.711808
0.706936
0.678308
0.67704
0.616111
0.614361
0.607362
0.606238
0.626852
0.623343
0.640833
0.635634
0.397677
0.394765
0.381337
0.378528
0.370705
0.367383
0.384049
0.382343
0.659466
0.674057
0.61389
0.63007
0.467464
0.464144
0.462853
0.459736
0.605364
0.617035
0.574102
0.586004
0.0220458
0.0370538
0.0151143
0.0240695
0.567479
0.568776
0.561654
0.562539
0.56349
0.567042
0.559319
0.564752
0.485583
0.508132
0.463055
0.484449
0.520416
0.516747
0.515246
0.511268
0.497179
0.491386
0.502334
0.496806
0.678808
0.76474
1.0938
0.929295
0.412386
0.408723
0.424758
0.417221
0.382266
0.365327
0.348962
0.394332
0.390867
0.386121
0.376629
0.529145
0.527028
0.588006
0.538192
0.94866
-2.12128
0.784808
2.31134
0.258345
0.261546
0.237852
0.240954
1.16129
0.374574
2.67931
1.31726
0.536093
0.534545
0.536508
0.534449
0.501759
0.497532
0.501126
0.497028
0.161507
0.144667
0.163268
0.145845
0.102123
0.109924
0.0738087
0.0822755
0.0962964
0.0820463
0.0998346
0.085782
0.0931626
0.0672989
0.0287909
0.0257751
0.488286
0.483851
0.489225
0.485341
1.14171
1.01131
3.34292
2.1474
0.431059
0.45835
0.394484
0.396217
0.250063
0.262485
0.269533
0.360273
0.347071
0.554215
0.552002
0.552332
0.549059
0.564711
0.558249
0.0155816
-0.00461126
0.0056588
0.363709
0.362214
0.346444
0.351524
0.587262
0.57764
0.58201
0.589582
0.589453
0.5873
29.033
6.23861
0.349739
0.248563
0.352133
0.336841
0.376598
0.430785
0.235102
0.229132
0.205374
0.20905
0.202256
0.189977
0.213666
0.196842
0.207134
0.200401
0.564328
0.759048
0.332828
0.136372
0.195225
0.395411
102.156
0.3486
-2.71721
0.612645
0.921199
0.419027
0.767597
0.510531
58.3482
0.411906
0.372603
0.180964
0.564934
1.09558
7.18469
0.637426
0.276431
0.585287
0.16676
0.526341
0.35055
0.321561
0.478666
0.38375
0.266101
0.225856
0.783106
0.45039
103.112
0.56694
0.718834
0.410368
1.0837
0.321914
1.89778
0.705484
0.905926
3.36857
2.09912
0.0983034
105.68
100.102
7.35888
0.516405
0.190064
1.17119
5.35004
0.513241
4.75943
9.10377
4.73243
0.531121
0.529434
0.525948
1.0699
0.526212
0.533856
0.582399
0.537829
0.54112
0.534348
0.53038
0.0983581
0.542653
0.536725
0.0531847
0.540687
0.540585
0.534286
0.593407
0.333732
0.527677
0.534745
0.524147
0.533675
0.537806
0.414629
0.530804
0.528414
0.532114
0.533412
0.548432
0.525444
0.531946
0.527979
0.530801
0.565848
0.533434
0.606994
0.533682
0.512337
2.46223
0.533665
0.58233
0.534144
0.534066
0.533906
0.533293
0.535108
0.526914
0.56318
0.534021
0.512751
0.528986
0.541724
0.514197
0.534071
0.535038
0.535009
0.533459
0.535651
0.535317
0.535675
0.522159
0.537041
0.537163
0.537905
0.538301
0.539981
0.528014
0.530546
0.141228
0.0495939
0.533586
0.206932
0.580423
5.38796
0.53247
11.1891
0.822192
1.99581
0.737498
0.172915
7.29909
0.416734
0.690815
0.550784
0.965971
0.439901
0.43894
98.5648
87.8691
0.485415
89.8191
0.238749
0.427662
5.44946
0.533093
0.823269
0.298357
0.0458306
0.173443
0.497224
0.655761
0.55234
0.465873
0.597935
8.65375
2.59258
11.4083
0.539714
0.560996
0.311266
0.537456
0.537439
0.215687
102.138
0.0879492
105.92
0.550733
3.09406
2.37541
0.524391
1.76837
0.647095
0.464422
0.671625
0.476548
0.538223
0.543049
0.545289
0.517688
0.54438
0.528651
0.532128
0.534133
0.116075
0.172913
0.532442
0.48005
-0.0996025
0.553677
0.540807
0.534072
12.2269
0.476179
0.547411
0.346512
0.534079
0.500326
0.534721
0.499509
104.122
0.415839
0.4817
0.533028
0.864933
0.523952
0.516819
0.521862
0.431189
0.633015
0.72634
0.91306
0.449512
0.569341
0.112373
0.577248
0.364694
0.57844
0.580826
0.568129
0.545422
0.368135
0.0908892
0.585221
0.575628
0.592549
0.583455
0.57883
0.583558
0.590539
0.596119
0.528978
0.556888
0.530392
0.0678447
0.568577
0.592363
0.564841
0.592731
0.580096
1.3124
2.36893
1.18104
0.612132
1.48022
0.577452
0.58006
1.43761
0.511708
1.27361
3.73863
1.29169
0.565042
0.361794
103.659
0.426328
0.636185
0.815544
4.0733
0.918621
2.57654
1.48747
3.41124
89.6246
1.93851
0.600118
2.8383
0.635339
0.685597
0.679693
0.643014
0.634455
0.620711
0.247391
0.623396
0.626283
0.687051
0.694807
0.497155
0.628959
0.644714
0.632112
0.638744
0.68383
0.345509
0.706006
0.628748
0.638755
0.685327
0.654746
99.9499
0.633187
0.680929
0.674996
0.696148
0.655242
0.620334
0.590722
0.59356
0.436874
0.603885
0.606842
0.640715
0.590146
0.30909
0.59567
0.59353
0.354481
0.556746
0.583754
0.692212
0.450047
0.579854
0.632299
0.320727
0.602004
0.617933
0.59971
0.586371
0.240936
0.578026
0.462512
0.403376
2.36691
0.58851
0.570243
0.603029
0.528797
0.618121
0.58796
0.597846
0.594617
0.605876
0.604575
0.515529
0.572264
0.0185063
0.297813
0.125723
4.76628
0.579441
5.03279
0.0627977
0.480275
1.36167
0.592907
0.424372
0.648988
0.412714
0.577926
0.446184
0.237344
0.615134
0.583724
0.509235
0.485876
0.378975
0.575815
0.584303
0.536237
0.547444
0.561172
0.576474
0.54801
0.576533
0.584099
0.777425
0.688948
0.563941
0.556737
0.373249
0.540902
0.556309
0.557003
0.564766
0.604617
0.57302
0.550674
0.582464
0.656286
0.683751
0.609412
0.576498
0.864877
0.551275
0.53997
0.543653
0.889465
0.440531
0.539299
-0.0644119
0.0263186
0.31444
0.53416
0.561758
0.530743
0.556145
0.523847
0.605526
0.208832
0.575238
0.0996848
0.546387
0.661565
0.531184
0.62313
0.48538
0.507048
0.840309
0.385027
0.482555
0.510828
0.508123
0.507295
0.525143
0.598109
0.492685
0.807927
0.485304
0.477849
0.531621
0.478106
0.461733
0.452999
0.535332
0.538188
0.533586
0.541481
0.0507017
-0.0957489
0.508545
0.454293
0.538342
0.55251
0.519661
0.535457
0.479226
0.527125
0.535893
0.543351
0.536807
0.536399
0.5968
0.556095
0.536365
0.536075
0.518196
0.53364
0.543736
0.502343
0.581465
0.513072
0.512759
0.412106
0.515078
0.568387
0.523184
0.520663
0.254143
0.789871
0.531171
0.535328
0.5274
0.513903
0.51695
0.523708
0.520689
0.517801
0.693797
0.445821
0.544925
0.534539
0.518125
0.534437
0.603172
0.519802
0.542287
0.506006
18.5174
0.570939
0.0662803
0.502792
0.496286
0.508844
0.491234
0.49509
0.501964
0.476648
0.498883
0.66083
0.507006
0.506523
0.491208
0.416934
0.489594
0.550314
0.51515
0.558211
0.51499
0.494795
0.516638
0.518167
0.585664
0.51488
0.491798
0.445712
0.469599
0.46576
0.473664
103.406
0.572827
0.480201
0.481528
0.427317
0.454002
0.455994
0.48685
0.540344
0.475298
0.485095
0.458185
2474.35
0.518653
0.537032
0.492128
0.444479
0.448325
0.375622
0.462114
0.435069
0.667064
0.422205
0.430507
0.421495
0.5249
0.407408
0.0114271
0.440853
0.622694
0.425824
0.400657
0.126428
0.439952
0.368145
0.378109
0.448392
0.39793
0.415597
0.470913
0.426957
0.355653
0.438356
0.46106
0.479318
0.335557
0.403387
0.34613
0.362246
0.53102
0.349927
0.0597092
0.295019
0.537807
0.241315
0.499938
0.291803
0.31243
0.383357
0.166603
0.298946
0.285137
0.253579
0.186511
0.193371
0.170288
0.513092
0.399557
0.223096
0.470416
0.206379
0.583615
0.128782
0.249529
0.197451
0.196478
0.23151
0.2222
0.312618
0.412051
0.329345
0.23099
0.222538
0.327806
0.303714
0.0647231
0.238904
0.24803
0.203641
0.223476
0.289855
0.29178
0.250157
0.38867
0.134595
0.209338
0.201413
0.196953
0.188916
0.335625
0.229799
0.225823
0.176637
0.392092
0.407057
0.402708
0.386966
0.405418
3.98894
0.325071
0.32895
0.532767
0.579297
0.446526
0.462865
0.545394
0.484635
0.485216
0.441694
0.431045
0.464474
0.459235
0.422042
0.448664
0.413106
0.487932
0.417846
0.586652
0.429377
102.083
0.330332
0.390201
0.269501
0.352948
0.366254
0.363064
0.45318
102.454
93.1483
0.355163
0.648356
0.0246125
0.0691897
0.0952419
0.0540415
0.427159
0.536516
0.436459
0.101276
0.0716229
0.0506541
0.113236
0.0956503
0.0547982
0.165994
0.0979218
0.10868
0.570772
0.055339
0.164379
0.561762
0.173631
0.213432
0.55535
0.99016
0.0301106
0.353705
0.361234
0.34463
0.120282
0.189143
0.176976
0.116821
0.212602
0.120065
0.501699
0.137421
0.483094
0.195038
0.155649
0.236637
0.103888
0.17252
0.173125
0.154174
0.169285
0.188635
0.154304
0.109824
0.552595
0.45769
0.251918
0.321246
1.83283
0.153947
0.0630873
0.575012
0.168015
0.273732
0.372828
0.106618
0.0269914
0.151012
0.0287426
0.021835
0.429364
0.0223809
0.673091
0.0818269
0.57926
0.332968
0.0163746
0.0644675
0.117644
0.111959
0.0700664
0.461986
0.0284102
0.0523042
0.0836762
0.180225
0.502303
0.0514962
0.157894
0.0309821
0.110381
0.387013
0.137549
0.107531
0.109345
0.0758067
0.0928451
0.147268
0.124417
0.160617
0.103369
0.0619582
0.595207
-0.00322662
-0.0175657
1.9886
1.18526
0.0726143
0.208383
-0.271853
0.077897
0.36678
-0.097688
2.7391
3.32894
0.733076
103.427
542.776
1789.67
19.2522
2058.01
2075.77
0.322262
0.456018
100.193
-0.0975653
0.548845
-0.0451402
-0.0148751
-0.00477487
0.422564
0.730146
-0.124215
105.281
0.0286077
0.213701
0.0533197
0.592963
0.48701
2599.89
2838.74
0.264062
0.577775
2.3784
0.553969
0.564949
0.568907
0.541868
0.569778
0.587003
-0.108509
0.470196
0.577924
0.661316
0.531562
0.579129
0.746272
0.529309
0.449421
0.0410751
0.497325
0.653063
0.481325
0.511883
0.494698
0.370635
0.280746
0.166974
0.406092
0.421355
0.349287
0.270326
0.315865
0.0765016
0.282179
0.290729
0.484587
0.54938
0.280749
0.412096
0.227857
-0.239473
0.353569
0.228889
0.424264
0.633796
-0.132886
0.309856
0.0299827
0.516155
0.6291
0.752795
0.610764
0.410407
0.73192
0.534317
-0.0655242
-0.0221077
0.510879
0.450894
0.794179
2.03357
3.89644
0.375214
0.866442
1.57866
0.00332313
0.306746
0.0598001
0.582652
1.52084
0.857569
1.18069
8.2357
0.526349
0.807803
0.579373
0.692008
0.967704
11.6522
0.949122
0.48697
0.754722
0.786354
0.760073
0.613281
0.803385
0.0977526
0.467646
0.694613
0.26374
0.673567
0.86167
1.04544
0.498029
0.559207
0.64736
0.298606
0.648333
103.248
0.717369
0.975185
0.550065
0.872378
0.835919
0.900369
1.66473
0.97117
0.121553
0.304589
1.35499
0.735073
4.27369
0.752734
0.769844
0.350221
0.751125
0.797664
0.774912
0.723811
0.325274
0.0635281
0.742468
0.689474
-0.0688411
0.646182
0.685041
0.611655
0.815802
0.861342
0.720047
0.787793
0.6175
0.656502
0.942003
1.00202
0.957574
0.761924
0.661855
0.736527
0.883337
0.654389
0.948757
0.846181
0.208612
0.691605
0.674749
0.376696
0.66623
0.897854
1.88963
1.31281
0.0693768
1.02572
1.09387
0.112693
1.09938
19.9051
0.190523
1.41426
0.491824
2.99489
0.906792
1.34285
0.431275
1.18002
0.592143
0.195793
0.799751
0.964182
0.798982
0.733679
0.69927
0.441642
0.644791
0.276192
0.699174
2.32652
0.256901
0.505257
8.71101
0.710389
0.902449
0.439273
0.741194
1.10135
0.641027
1.19131
0.766571
0.60649
0.531194
0.339095
0.456526
0.442147
0.409773
0.192544
0.768467
0.743549
0.94561
0.368001
0.168238
0.710456
0.144054
0.270063
0.120872
0.348854
0.466735
0.200244
0.202471
0.5959
0.461837
0.412102
0.292497
0.503367
0.49153
0.486059
0.605135
0.46993
0.117929
0.317301
0.470161
0.482077
0.50019
0.499725
0.510031
0.526195
0.541218
0.523559
0.679027
0.582686
0.610566
1.05113
1.129
0.457103
0.540611
0.52922
0.565419
0.528601
0.160705
2795.77
0.572697
0.0600548
0.559689
0.00923837
-0.00287537
0.471699
103.774
2818.47
0.340742
-0.163017
-0.115532
-0.284551
0.724373
-0.976169
-0.519407
-0.51908
-0.33226
4.41116
6.10126
4.59458
0.440425
2.58698
2.39712
0.443211
0.413737
1.76731
103.857
0.612249
1.47815
288.74
0.532478
1.00191
0.39153
0.50195
-1.09622
0.572318
0.477759
2479.58
543.867
669.486
2278.61
17.4681
2.03541
1.3352
1.24554
0.14158
41.4607
0.786624
8.2174
723.942
2387.54
7.67331
-0.0800032
0.66493
0.557073
0.328199
0.50026
0.855561
0.291334
0.420499
0.0648212
0.0386354
0.453754
0.312379
0.00991553
3.95272
0.0370414
0.0370772
-0.0250059
0.556549
-0.341413
-0.00163244
0.353897
0.371331
-0.0171164
-0.350517
-0.225575
-0.21357
0.558864
-0.0267827
-0.222492
0.447785
-0.158542
2830.19
-0.340068
-0.10277
1.18438
2822.89
0.0203125
0.0225161
2807.09
0.379332
0.0557491
0.0769435
0.317952
0.392022
0.021179
0.105629
0.563517
0.0317846
0.41658
0.583945
0.0738084
0.0444592
0.0101379
0.00416874
0.0754113
0.525714
0.04851
-0.0707518
0.00247169
0.399406
0.167508
0.0641679
0.0242886
0.109039
0.0595072
0.15358
0.111719
0.157568
0.341679
0.460944
0.116869
0.09689
0.128302
-0.0737284
0.121308
0.0962272
0.404195
0.136542
0.122657
0.166354
0.410643
0.0827111
0.47978
0.0465082
0.0514334
0.523385
0.304857
0.0944092
0.0207032
0.132527
0.0596474
0.169357
0.466912
0.523353
0.600748
0.447041
0.0625243
0.117187
0.153055
0.133661
0.0206573
2509
0.125128
0.592886
0.37329
0.344296
0.0243685
0.322849
0.345399
-0.0837891
0.411102
0.416479
0.421228
0.415849
0.403889
0.442997
0.432236
0.439081
0.423186
0.416779
0.436337
0.463463
0.512904
0.538416
0.451544
0.323802
0.0363135
0.390329
0.37183
0.298089
0.386316
0.482095
0.429709
0.449083
0.473831
0.472502
0.451573
0.620511
0.454637
0.316227
1.21739
0.208262
0.212319
0.516882
0.544575
0.662116
0.311799
0.277548
0.243352
0.314677
0.290394
1.62179
0.305691
0.278919
0.265299
0.368335
0.119426
0.326144
-0.145201
0.312606
0.312844
0.299109
0.226328
0.239821
0.286378
0.363873
0.101248
0.566064
0.227303
0.443116
0.167642
0.288915
0.238392
0.554977
0.61523
0.589422
0.29716
0.0826026
0.191875
0.588019
0.072413
0.135016
0.204592
0.556861
0.324219
0.288335
0.321963
0.449278
0.192133
0.0600314
0.38825
0.358902
0.379728
0.342237
0.438211
0.422253
0.398269
0.406404
0.442721
0.43832
0.39818
0.374081
0.371098
0.31237
0.369085
0.173089
0.866406
0.401793
0.395409
0.416321
0.342059
0.391321
0.40214
0.499519
0.40388
0.55869
0.438916
0.429159
0.425755
0.430652
0.427605
0.416298
2.89602
0.42597
0.422257
0.436501
0.423684
0.433313
0.388465
0.423978
107.712
0.443986
0.438381
0.372816
0.40474
0.421003
0.418773
0.424769
0.435476
0.443989
0.0577686
0.434226
0.410764
0.402921
0.3513
-0.1765
0.402557
0.461646
0.457127
0.429929
0.436633
0.418964
0.445492
0.460118
0.0577935
-0.044346
0.407436
0.444252
0.449085
0.461933
0.458706
0.47366
0.433299
0.463751
0.454842
0.484574
0.489536
0.505504
0.501519
0.504232
0.498435
0.456179
0.478971
0.456049
0.483468
0.35524
0.497289
0.490621
0.494786
0.469744
0.461994
0.484509
0.486711
0.488837
0.491762
0.500356
0.497464
0.493837
0.481645
0.446907
0.499675
0.49232
0.0136602
0.505229
0.453617
0.501505
0.50715
0.507435
0.477098
0.470481
0.458175
0.475404
0.467229
0.469886
0.466573
0.467842
0.463298
0.477316
0.474953
0.487485
0.446107
0.452185
0.24766
0.795867
0.458039
0.456905
0.459116
0.4518
0.462189
0.460928
0.459487
0.427641
0.580559
0.459109
0.0798548
0.468289
0.456257
0.560567
0.489103
0.46625
0.451411
0.455838
0.456545
0.346097
0.455416
0.459628
0.48949
0.445416
0.445108
0.443686
0.436584
0.452396
0.580511
0.450302
0.614642
0.478652
0.503389
0.463262
0.407187
0.461699
0.465325
0.460947
0.459863
0.454793
0.460891
0.434251
0.505565
0.46539
0.45603
0.461934
0.414435
0.461706
0.486146
0.452978
0.461239
0.444297
0.261233
0.244856
0.360135
0.404577
0.455231
0.451308
0.427765
0.491529
0.436415
0.400178
0.522992
0.470727
4.10481
0.456989
0.286911
0.367493
0.456666
0.290424
3.16366
101.676
96.9666
106.733
74.1123
0.566302
0.463541
0.463268
0.777157
1.1792
0.556311
0.349721
0.492995
0.455145
0.349869
1.36927
0.575558
0.0060397
1.72262
0.460559
0.715427
0.198457
94.3391
103.146
0.348652
-0.0822442
3.33041
0.430963
0.827869
0.0787729
0.720858
0.305003
6.83107
0.4285
102.657
0.381695
0.193524
-0.0391763
0.475747
0.470283
0.465851
0.454309
0.459595
0.458195
0.446834
0.453251
0.444905
0.471714
0.460904
0.452942
0.147695
0.472228
0.429794
0.475842
0.450451
0.477114
0.478209
0.481469
0.5942
0.476481
0.592324
0.524817
0.478967
0.176716
0.482973
0.129217
0.468733
0.484015
0.468287
0.435962
0.485574
6.08438
0.459471
0.508669
0.516028
0.504314
0.511579
0.52881
0.453489
0.772856
0.585485
0.514062
0.506645
0.832833
0.471539
0.500668
0.524764
0.512333
0.495043
0.500799
0.521446
0.468703
0.532779
0.527529
0.561801
0.549714
0.555573
0.568177
0.518307
0.586328
0.489966
0.519209
0.515947
0.571171
0.562852
0.503623
0.542485
0.545046
0.559543
0.342267
-1.25224
90.7521
103.495
0.500039
0.53526
0.28236
0.500919
0.44972
0.533639
0.294363
0.903831
0.813194
0.773793
98.8348
0.572701
1.80087
3.94778
101.998
0.564699
0.468234
104.562
0.829763
0.640988
1.03518
0.535465
99.8739
104.469
-2.27765
0.462068
0.957324
103.675
0.38642
1.0662
0.532475
0.49591
0.941848
0.776638
0.939925
0.557795
0.563665
105.305
0.621397
0.607139
1.06872
0.601053
0.732398
100.26
-0.0378349
0.559364
100.048
106.512
0.683153
1.20013
0.6188
100.207
1.39019
1.0327
1.00995
0.34338
0.456051
0.534732
0.590331
0.578369
0.597094
0.599418
0.428565
0.521892
0.587271
0.599205
0.6051
0.606801
0.588364
0.540401
0.57442
0.57267
0.486169
0.590286
0.603221
0.576233
0.604074
0.567524
0.598762
0.618496
0.603668
0.59264
0.594928
0.924014
0.591132
0.569672
0.546017
0.788474
0.589028
0.593091
0.455602
0.57784
0.584667
0.526297
0.539755
0.620305
0.584036
1.20952
0.595797
0.603419
0.9476
0.562757
0.604788
0.570218
0.593274
1.00594
-0.172881
0.585586
0.554177
0.615241
0.59021
-0.0305208
0.660309
0.575146
0.590954
0.585965
0.606356
0.603215
0.598506
0.46836
0.577745
0.586713
0.610166
0.62159
0.589213
0.60811
0.611875
0.612778
0.63498
0.62196
0.599418
0.584725
0.62846
0.593959
0.573287
0.616585
0.822022
1.40237
0.628857
0.662655
0.630958
0.571137
0.659763
0.65132
0.636443
0.473838
0.672092
0.630628
0.632996
0.570728
0.801202
0.607126
0.580949
0.594862
0.619362
0.647569
0.645094
0.600409
0.0128892
0.733293
0.578196
0.590947
0.0628782
0.553025
0.54033
0.543724
0.556707
0.599998
0.541883
0.565903
0.57908
0.55252
0.580346
0.545486
0.619979
0.560789
0.50756
0.517248
0.506335
0.415829
0.512097
0.726502
0.598306
0.520658
0.659348
0.532096
-0.0262904
0.400457
0.545634
0.626114
0.022212
0.484603
0.433653
0.516785
0.539719
0.492461
0.520466
0.461641
0.465662
0.514662
0.52092
0.458881
0.500466
0.582962
0.505919
0.484193
0.53313
0.449729
0.445961
0.428382
0.530902
0.53885
0.534439
0.58367
0.599797
0.590607
0.557187
0.55909
103.565
0.339499
0.548942
0.558351
0.550315
0.937235
0.0490057
0.548478
0.526603
0.612717
0.495224
0.542867
0.410755
0.516334
0.529963
0.556218
0.521938
2.99729
0.507749
0.221764
0.535873
0.457868
0.536888
0.534427
0.216618
0.53168
0.544338
0.447786
0.561202
0.53792
0.523098
0.724831
0.565769
0.535311
0.633578
0.543296
0.58902
0.4923
0.458255
0.491063
0.535308
0.523121
0.433297
0.556242
0.569684
0.572506
0.500643
0.54628
0.545968
0.513818
0.500029
0.549469
0.535454
0.532652
0.593168
0.652801
0.59065
0.598555
0.646703
0.75063
0.634795
0.563573
0.645409
0.660274
0.560286
0.553442
0.519048
0.502488
0.523614
0.618276
0.265326
0.58546
0.585506
0.497207
0.584472
0.430487
0.530677
0.243854
0.558361
0.582793
105.043
0.491396
0.576865
105.071
0.488929
0.581379
0.881153
-2.09977
2.56225
0.895524
0.819475
0.761527
99.5182
0.933409
0.541368
0.447831
2799.67
0.521913
104.763
2.69173
1.09813
0.641913
0.550535
1.13584
1.27311
0.526843
0.928282
0.582786
0.54287
6.46158
0.559319
0.129854
0.473498
0.464771
0.353498
0.544839
0.536716
0.512125
0.480173
0.546907
0.161175
0.401516
0.494674
0.502292
0.541815
0.512591
0.493429
0.486665
0.479041
0.503484
0.459854
-0.26294
0.449825
0.488895
0.469491
0.499031
0.485127
96.1553
0.805411
0.549276
0.580312
0.546189
98.5128
82.8248
0.934485
0.261081
93.869
99.0725
0.624506
1.15759
0.110356
0.511143
0.823723
0.0567381
105.286
3.81854
0.081057
0.755354
7.29849
0.574517
0.483116
0.585466
0.441258
0.147439
0.808371
106.039
0.482868
102.426
6.15864
0.526164
0.458734
0.455387
0.63132
0.303545
4.31623
0.485267
0.18482
0.459374
0.528035
0.48743
0.449078
0.70483
0.455952
1.62923
0.474492
0.446667
1.27484
0.471302
0.451093
0.348119
0.486484
0.506105
0.48127
0.462702
0.476001
0.493817
0.469752
0.52585
0.531895
0.535823
0.509153
0.478268
0.622884
0.543005
0.529521
0.520268
0.416594
0.520837
0.477665
0.491079
0.451413
0.490357
0.536598
0.412159
0.529699
0.497879
0.437256
0.441989
0.444397
0.451139
0.451277
0.458006
0.573594
0.464347
0.453024
0.4133
0.455646
0.422384
0.456626
0.41677
0.552483
0.265042
0.239247
0.272344
0.35397
0.357291
0.601545
0.299522
0.297713
0.256022
102.821
0.254971
0.499242
0.657238
0.324863
0.660619
0.540103
0.0894381
0.596578
0.406154
0.341989
0.570578
0.182884
1987.73
0.574638
28.7366
3.22368
0.541826
-0.177166
0.449847
0.556888
-0.0470483
0.475224
0.568627
0.530538
0.755017
101.142
0.00709401
0.215548
0.603367
0.532485
0.0973904
0.537937
0.629057
0.538664
0.37162
-0.0490047
0.0469853
0.583249
0.205479
0.339855
0.530724
0.532337
0.214411
0.200237
0.518165
0.638852
0.860381
0.0936603
0.304218
0.0189816
0.291968
0.556608
0.173784
0.117638
6.30601
0.530846
0.102924
0.572435
0.85065
0.33918
0.735312
0.880601
0.881756
1.43891
0.0165486
0.355098
5.28234
0.62412
0.198243
4.34507
1.0755
0.685696
0.0851999
0.548649
1.11479
0.0257255
-0.0869714
0.594451
0.235587
0.232764
1.22408
0.807479
2666.5
0.238164
0.339521
0.756246
0.155989
1.6321
1918.58
0.57652
0.225859
0.649203
0.583
0.323234
0.363463
0.211612
2663.74
0.633019
0.73345
-0.183437
0.710255
0.373514
0.0571907
0.250693
0.266804
0.271066
2493.97
2814.25
0.705146
0.610863
0.0524201
0.892611
0.553731
0.499418
0.440908
25.8667
0.107568
0.595525
-0.134005
0.500274
5.28798
0.030484
0.112022
0.0328364
0.454732
0.0266143
0.203899
0.143159
0.0404505
0.167137
0.0558907
0.190173
0.479938
0.0544491
0.329235
0.0515255
0.0895451
0.048904
0.582902
0.584012
0.0941294
0.1064
2801.13
0.358765
0.395359
0.362975
0.440233
0.307369
0.472066
0.366003
0.533778
0.474216
0.273877
0.585739
0.52805
0.511011
-0.323182
0.206566
0.25367
0.366253
-0.0660103
0.354326
0.660898
0.120064
0.405633
0.2918
0.611689
0.561516
0.46929
0.368849
0.152287
0.51205
0.459821
0.24281
102.758
0.505175
0.537707
0.297755
0.417716
0.166812
0.296879
0.468309
0.277442
0.208709
0.459198
0.47949
0.0480514
0.477378
0.523141
0.237154
0.48851
0.505348
0.578543
0.553174
0.455129
0.476088
0.535214
0.445834
0.475926
0.521944
0.313117
0.494512
-0.122829
0.60564
0.486465
0.169323
0.553605
0.529373
0.532458
-0.119751
0.517839
0.196228
0.758688
0.529595
0.510584
0.742956
0.180719
0.522452
0.520627
0.53231
0.494417
0.516295
0.542681
0.520556
0.127121
0.587173
0.540121
0.557431
0.514081
0.506905
0.525257
0.526555
0.532176
0.47811
0.5193
0.510986
0.527515
0.510413
0.0878684
1.59312
0.502028
0.228537
0.266823
0.54334
0.572801
0.596778
0.527908
0.465567
376.767
0.629356
0.485826
0.591173
0.552738
0.625215
0.863788
0.530862
0.648635
1.10115
-0.216408
0.608405
0.131284
0.545545
-0.176345
-0.162454
0.580906
0.586568
0.610564
0.5404
0.543703
0.575364
0.323978
0.556357
0.562761
2809.62
0.566229
0.587756
0.433948
0.675206
0.665593
0.150857
0.0710824
-0.104605
105.978
0.603772
1.24436
1.28818
0.60312
0.56133
102.335
0.128421
0.602329
-0.887792
0.625691
0.584975
0.53084
101.671
0.585781
0.306885
0.569619
0.747903
0.0425658
0.552984
97.118
0.75917
0.593486
9.01518
5.44073
0.533916
0.546154
0.512543
0.53442
0.417581
0.533519
0.0541465
1.07157
0.531112
105.118
0.451598
2.29005
0.5929
0.498515
0.573494
0.421641
-2.063
1.48246
0.550076
1.22395
1.12597
0.958151
0.444536
0.540611
0.288918
0.534561
0.546885
0.529358
0.851048
0.533532
0.47394
0.533922
0.559201
0.50882
5.3122
0.512774
0.400811
0.532954
0.173794
0.990226
-0.19427
0.534319
0.468351
0.512734
0.0473443
0.53483
0.533876
0.129875
0.519892
0.50926
0.590111
0.621096
0.53267
0.460544
1.80215
0.614362
0.304323
0.406771
0.954962
0.586622
0.505247
0.535244
103.101
0.658435
0.813573
0.513579
0.584116
0.535284
0.551896
0.504736
0.43462
-0.00771408
2.62048
0.497436
1.16741
0.577667
0.539546
0.300815
0.528053
8.45408
0.401765
0.529256
0.535663
0.247905
6.17098
0.508248
0.4535
0.150544
0.673315
0.49192
0.589912
0.585466
0.585731
0.529505
0.586485
0.447925
0.340508
0.461516
0.525655
0.464577
0.52639
0.390237
0.573172
0.257643
0.279707
0.267799
0.247729
0.583006
0.450836
0.435021
0.470523
0.562779
0.500285
0.639804
1.20172
2569.91
0.0491521
0.537421
0.640795
0.489922
0.489425
0.447374
0.627934
-0.212228
228.971
0.563711
0.0533789
0.549685
0.481125
0.228204
-0.18264
0.55111
0.596742
-0.0322678
0.270841
0.437226
0.379982
0.276764
0.25152
0.434165
0.562968
0.550903
0.288405
-0.155579
-0.187451
0.210832
0.511312
0.514869
0.362292
3.34974
0.546805
0.528591
0.574575
0.463645
0.761223
0.513042
0.571807
0.453819
0.520976
0.882511
122.854
0.493727
0.532369
0.083432
0.187086
0.546364
-0.0963852
0.516175
0.525269
0.457572
-0.0636191
2714.62
0.514432
0.551057
0.937397
0.398013
0.522648
-0.271879
0.239077
0.30715
0.464185
0.53268
0.456643
0.0294842
0.396291
0.578401
0.472547
0.564967
0.4555
6.70686
0.452132
0.11174
0.455779
0.541635
1.02
0.444518
0.583461
0.400094
0.588215
-0.0280508
0.584091
0.210758
2803.11
0.433589
0.518996
0.718815
0.183364
0.504389
0.695246
0.416067
0.260926
0.614266
0.0581288
0.873183
0.553644
0.506576
0.584156
0.44447
0.45542
0.337535
0.451821
0.550616
0.639492
0.533765
0.529846
0.101706
0.535251
0.510131
-1.75747
0.652618
0.535044
0.697703
0.563041
0.53005
0.0296789
0.451445
0.559938
0.521224
0.902417
0.572021
0.215918
0.590593
0.620944
0.24839
0.704717
0.602994
0.223203
0.657824
0.874621
0.291336
)
;

boundaryField
{
    FrontBackPlanes
    {
        type            symmetry;
    }
    wallz
    {
        type            fixedFluxPressure;
        gradient        uniform 0;
        value           nonuniform List<scalar> 
97
(
2796.42
2748.41
2768.72
2811.83
104.887
0.808453
1.37321
103.834
104.705
0.131002
0.0537872
0.0930213
0.543392
0.563729
0.59283
105.147
101.316
104.632
0.230082
0.199048
0.162326
0.515048
0.524186
0.533209
100.9
101.14
95.6876
0.3187
0.291131
0.261711
0.485223
0.497066
0.506499
99.7088
103.854
0.364701
0.340971
0.439754
0.456902
0.471932
104.59
103.506
0.38287
0.373242
0.398896
0.421384
103.541
102.095
102.595
0.424563
0.283288
0.316186
0.346749
101.852
101.796
101.585
0.442757
0.434195
0.214061
0.248709
102.45
102.017
104.149
0.455388
0.449632
2.82966
0.536656
0.0575542
0.0972448
104.824
103.15
100.564
0.469512
0.461624
0.47929
0.513706
0.391806
102.143
102.271
103.027
103.219
102.54
0.0173796
2706.3
2775.45
2760.1
2803.03
104.327
104.443
0.0165515
0.411906
105.68
0.172913
103.406
103.857
0.14158
0.400457
)
;
    }
    outlet1
    {
        type            fixedValue;
        value           uniform 0;
    }
    inlet1
    {
        type            fixedFluxPressure;
        gradient        nonuniform List<scalar> 2(0.00285052 0.00206646);
        value           nonuniform List<scalar> 2(2782.33 2775.96);
    }
}


// ************************************************************************* //
