/*--------------------------------*- C++ -*----------------------------------*\
| =========                 |                                                 |
| \\      /  F ield         | OpenFOAM: The Open Source CFD Toolbox           |
|  \\    /   O peration     | Version:  v2012                                 |
|   \\  /    A nd           | Website:  www.openfoam.com                      |
|    \\/     M anipulation  |                                                 |
\*---------------------------------------------------------------------------*/
FoamFile
{
    version     2.0;
    format      ascii;
    class       volScalarField;
    location    "0.1";
    object      p;
}
// * * * * * * * * * * * * * * * * * * * * * * * * * * * * * * * * * * * * * //

dimensions      [1 -1 -2 0 0 0 0];


internalField   nonuniform List<scalar> 
6576
(
-391.509
-412.182
-382.316
-388.033
-398.538
-377.569
-377.368
-366.884
-384.744
-381.973
-383.964
-373.894
-361.257
-375.808
-288.032
-303.732
-339.799
-335.019
-310.531
-305.065
-339.207
-371.655
-381.339
-450.372
-281.764
-243.374
-168.447
-422.039
-416.768
-416.668
-407.552
-399.375
-360.691
-264.933
-246.045
-262.673
-287.655
-287.543
-276.063
-281.467
-314.11
-363.366
-310.844
5.62864
2.81477
5.48228
3.23847
6.02938
3.3786
6.37596
2.82393
3.89301
-2.92245
-2.92336
-2.93562
-2.89229
-2.89503
-2.90816
-2.90477
-2.92365
-2.89394
-2.88461
-2.86807
-2.89959
-2.92475
-2.89256
-2.70627
-2.7393
-2.75618
-2.7708
-2.74
-2.80319
-2.77071
0.410976
0.306044
0.458893
0.40605
0.480549
0.553401
0.503166
0.16456
0.153466
0.0706196
0.162964
0.253469
0.181132
0.0993092
0.197493
0.141621
0.273234
0.334162
0.473724
0.270025
0.336097
-2.07751
0.0673163
-2.3147
0.992342
0.40085
0.0190008
-0.187195
88.8864
62.4959
54.6663
62.6662
88.9222
41.5033
68.2323
69.244
55.7284
94.3701
41.3901
67.3099
68.69
-3.05496
-2.98332
-3.20584
-3.17454
-3.24888
-3.29431
-3.23284
-29.7156
-66.0587
-171.943
-107.707
-85.6664
-31.5506
11.3969
-3.06729
-3.11333
-2.9181
-2.20287
-3.11205
-2.45267
-3.17909
-1.74282
-1.70553
-1.75327
-1.74535
-1.69042
-1.67988
-1.73117
-1.95517
-1.95017
-1.9044
-1.96822
-1.90676
-1.88652
-1.93933
-2.09539
-2.07245
-2.11599
-2.01976
-2.04305
-2.07451
-2.05449
-2.13554
-2.17734
-2.15091
-2.12874
-2.17322
-2.16843
-2.11475
-2.16623
-2.11807
-2.24449
-2.27748
-2.26561
-2.20191
-2.21428
-2.24201
-2.22881
-2.30584
-2.33928
-2.32471
-2.27912
-2.31612
-2.29397
-2.3352
-2.31133
-2.2744
-2.50883
-2.52035
-2.5135
-2.50493
-2.51925
-2.52181
-2.5069
-2.50645
-2.52117
-2.55253
-2.53956
-2.56304
-2.54183
-2.53143
-2.55642
-2.54186
-2.53692
-2.54545
-2.55183
-2.53592
-2.53874
-2.54284
-2.54861
-2.57032
-2.57057
-2.53425
-2.56265
-2.57608
-2.56539
-2.54395
-3.15652
-3.31941
-2.90586
-2.81296
-2.84008
-3.12136
-3.04768
-2.68596
-2.6981
-2.67498
-2.65846
-2.67994
-2.67863
-2.65541
-2.62021
-2.64094
-2.61097
-2.62095
-2.6012
-2.58364
-2.60178
-2.5415
-2.51443
-2.52542
-2.55047
-2.53627
-2.5147
-2.52789
-2.43778
-2.45553
-2.425
-2.46827
-2.48136
-2.44449
-2.45725
-2.3439
-2.30169
-2.31653
-2.37815
-2.36929
-2.36389
-2.35282
-2.31963
-2.33219
-2.19258
-2.14103
-2.1596
-2.19579
-2.21133
-2.15425
-2.17147
-1.79483
-1.81262
-1.78259
-1.73779
-1.76966
-1.77534
-1.74465
83.0562
55.3407
49.103
69.3837
42.1886
8.25536
36.2231
21.9735
49.6461
-3.44484
-1.72891
-3.45568
-4.30504
-3.68304
-1.39513
-0.306377
0.417877
0.401881
0.636093
0.713386
0.727245
0.418723
0.431012
0.538707
0.594497
2.92389
-2.68351
-3.61181
1.94251
2.69403
1.19705
1.59912
2.55281
1.59541
1.79435
-0.460692
-0.404908
-0.410309
-0.42009
-0.4687
-0.435532
-0.391245
-5.04421
-2.89887
-4.49207
-3.22987
-3.09932
-3.68351
-4.44087
-4.12478
-3.76022
-0.418959
-0.383735
-0.353583
-0.512051
-0.469303
-0.451101
-0.417271
0.376074
0.439677
0.465898
0.341735
0.38893
0.42765
0.385814
0.412724
0.362876
0.388106
0.348297
0.328174
0.361824
0.356987
0.373144
0.368763
0.613751
0.568716
0.270546
0.343293
-0.0606388
0.477031
0.387445
0.300231
0.28768
85.4319
86.125
96.8393
57.6155
60.5195
70.5787
72.0516
84.0381
84.0016
97.131
70.0279
56.542
11.9149
36.4404
50.6202
64.4482
1.76393
1.31526
1.47251
1.63539
0.604227
1.57423
0.895936
0.637863
0.431006
0.932994
0.862579
1.01562
0.625539
0.769388
0.0197099
0.0763606
0.0343105
0.123505
0.13332
0.0976326
0.109902
0.059944
0.0463611
-0.0564347
-0.0624264
0.00038681
0.041337
0.0513686
-0.0241043
-0.0141837
-0.0262123
0.0535507
-0.0397739
0.183022
0.156255
0.123394
0.10828
0.0108813
0.022035
1.34365
-0.0316712
0.794448
0.729651
-1.67238
-3.16987
-1.37685
-3.33264
-1.53731
-1.4512
0.000497174
1.2859
0.522115
0.879056
-2.38012
-2.40325
-2.42357
-2.36516
-2.38602
-2.39728
-2.41883
-2.42171
-2.4553
-2.46178
-2.44901
-2.41709
-2.43983
-2.47221
-2.33867
-2.36054
-2.38451
-2.34773
-2.32319
-2.35571
-2.38085
-2.32631
-2.35432
-2.30858
-2.31029
-2.33781
-2.28997
-2.26123
-2.30544
-2.2783
-2.44293
-2.47238
-2.42832
-2.44065
-2.41252
-2.47051
-2.44141
-2.53612
-2.48847
-2.52192
-2.53811
-2.568
-2.5089
-2.53854
-2.53885
-2.55276
-2.58183
-2.52321
-2.49325
-2.5234
-2.55137
-2.76856
-2.7545
-2.7242
-2.77231
-2.80131
-2.77139
-2.73945
-2.6257
-2.65413
-2.65918
-2.65553
-2.68446
-2.70044
-2.67179
-2.81881
-2.77355
-2.78837
-2.63888
-2.65237
-2.60386
-2.92233
-2.89383
-2.89059
-2.89393
-2.92254
-2.90341
-2.87595
-2.88622
-2.89038
-2.91957
-2.8417
-2.87086
-2.86172
-2.88956
-2.90602
-2.93407
-2.87801
-2.88572
-2.84375
-2.87145
-2.92061
-2.8933
-2.9067
-2.87887
-2.8577
-2.88581
-2.93584
-2.92149
-2.92061
-2.90872
-2.8943
-2.88497
-2.84427
-2.8733
-2.90116
-2.92409
-2.92492
-2.93617
-2.89722
-2.89655
-2.90843
-2.90815
-2.67958
-2.66214
-2.63713
-2.69426
-2.71789
-2.67979
-2.70461
-2.67608
-2.65125
-2.56951
-2.5453
-2.58413
-2.59905
-2.62359
-2.57462
-2.59759
-2.60158
-2.63408
-2.60604
-2.58795
-2.61516
-2.63566
-2.60905
-2.48776
-2.50097
-2.50862
-2.52105
-2.54116
-2.53777
-2.51683
-2.34438
-2.31435
-2.34871
-2.3699
-2.33968
-2.37562
-2.36723
-2.39335
-2.4129
-2.41687
-2.39684
-2.4026
-2.36781
-2.36787
-2.38281
-2.41409
-2.42558
-2.39893
-2.39601
-2.51559
-2.54162
-2.55921
-2.56554
-2.60809
-2.56747
-2.54032
-2.18617
-2.03848
-2.16197
-1.93844
-1.96364
-2.09285
-2.1153
-1.51885
-1.6504
-1.6009
-1.39127
-1.43958
-1.43691
-1.48644
-1.59196
-1.54622
-1.16576
-1.09162
-1.18369
-1.09366
-1.16249
-1.14359
-1.2198
-0.374428
-0.418399
-0.432804
-0.44602
-0.49223
-0.4555
-0.412663
-0.479837
-0.514921
-0.452573
-0.44258
-0.474148
-0.399235
-0.432468
-0.418512
-0.458352
-0.475212
-0.531739
-0.489787
-0.45549
-0.494566
-0.0992812
-0.13168
-0.0797412
-0.0661587
-0.0971014
-0.0314277
-0.0627567
0.0643466
0.0949933
0.0484552
0.0317747
-0.00042687
0.0958004
0.0643967
0.0644985
0.0326231
-0.00513996
0.0280347
0.0452241
0.0819575
0.047793
0.0481008
0.0148977
0.0286078
-0.00486936
0.198527
0.239028
0.184231
0.183291
0.150896
0.16493
0.198856
0.147095
0.180924
0.134886
0.186406
0.22677
0.18425
0.185256
0.15037
0.131915
0.336171
0.388422
0.294371
0.331729
0.274846
0.310361
0.912143
0.685244
0.784401
0.537217
0.766127
0.353635
0.334214
0.350942
0.390632
0.350046
0.336148
0.33457
1.01056
0.587002
0.415305
0.413528
0.854496
1.96143
0.982505
1.52347
0.353887
0.307627
0.362465
0.432525
0.452518
0.241828
0.240129
1.42897
-1.2759
1.29552
0.232986
0.36654
-9.17294
1.47893
7.124
-5.74588
-5.24463
-3.88876
-5.93946
52.464
38.6722
66.0634
4.99157
35.3712
48.6609
83.6421
56.9439
57.3324
29.3361
60.9622
86.7216
53.5315
60.0245
85.6542
38.8162
14
64.7298
39.4994
73.633
98.5297
71.8285
83.8752
83.9592
94.6241
57.781
57.7294
80.3793
80.4013
54.3034
54.0002
87.3594
86.9747
97.8179
60.3645
60.382
70.8767
44.8773
65.3979
51.7782
38.6177
86.2028
60.2096
52.0844
86.1912
59.9763
38.6408
64.9647
35.8024
13.9339
49.3101
60.9467
34.9129
7.12919
34.5437
0.922542
0.745073
0.898714
-1.83113
-0.680872
1.10618
-0.290602
0.331113
0.343006
-0.48816
-0.335686
-0.488994
0.428137
-0.22373
0.632128
0.595768
0.594956
0.602393
0.56943
0.58017
0.547717
0.439922
0.450054
0.40392
0.493423
0.453704
0.424106
0.461579
0.454414
0.43486
0.477996
0.441202
0.462638
0.496546
0.480916
0.368828
0.41269
0.385061
0.443791
0.457461
0.424385
0.439902
0.403879
0.387739
0.27189
0.313818
0.3068
0.342019
0.302935
0.333827
0.294687
0.319414
0.279591
0.369186
0.364995
0.3352
0.356299
0.351732
0.330711
0.318607
-2.01664
-2.02283
-1.96651
-2.06151
-2.01214
-1.98701
-2.03267
-2.0729
-2.06265
-2.11726
-2.10539
-2.09789
-2.14965
-2.15458
-2.18923
-2.19387
-2.14115
-2.0904
-2.10378
-2.09267
-2.1153
-2.1417
-2.07332
-2.04257
-2.08108
-2.10689
-2.12494
-2.07526
-2.09666
-2.08565
-2.05919
-2.09416
-2.12136
-2.02701
-1.99413
-2.04536
-2.02841
-2.05889
-2.09365
-2.06179
-2.16811
-2.11631
-2.15196
-2.17066
-2.20401
-2.13921
-2.17106
-2.16884
-2.1862
-2.2189
-2.12046
-2.15373
-2.15532
-2.18546
-2.34235
-2.29242
-2.29369
-2.29127
-2.25288
-2.25809
-2.28934
-2.30998
-2.24145
-2.29069
-2.30505
-2.27585
-2.24495
-2.41807
-2.46401
-2.41823
-2.40362
-2.37221
-2.43454
-2.37098
-2.4028
-2.5534
-2.54026
-2.58093
-2.52895
-2.54484
-2.49908
-2.58827
-2.56032
-2.5296
-2.5576
-2.81675
-2.78901
-2.77498
-2.75956
-2.73115
-2.76035
-2.78754
-2.77705
-2.78994
-2.81849
-2.76353
-2.73432
-2.76222
-2.79035
-2.88984
-2.90367
-2.87557
-2.76532
-2.77997
-2.73795
-2.82034
-2.7938
-2.766
-2.79239
-2.89236
-2.90626
-2.93421
-2.87922
-2.90575
-2.90649
-2.90713
-2.93406
-2.90639
-2.9097
-2.89634
-2.88229
-2.92631
-2.92732
-2.93726
-2.90005
-2.90018
-2.91121
-2.91023
-2.92475
-2.89885
-2.89512
-2.92448
-2.89865
-2.88214
-2.90743
-2.77784
-2.75326
-2.79114
-2.80411
-2.82938
-2.80333
-2.77917
-2.8038
-2.82898
-2.59417
-2.60474
-2.56919
-2.63708
-2.61271
-2.589
-2.61413
-2.53316
-2.54229
-2.55141
-2.56039
-2.57111
-2.55506
-2.56851
-2.51357
-2.49484
-2.49729
-2.52424
-2.52591
-2.52985
-2.52048
-2.52279
-2.54829
-2.53337
-2.5336
-2.53283
-2.54921
-2.5601
-2.61322
-2.52416
-2.53007
-2.5433
-2.53603
-2.5562
-2.58541
-2.35945
-2.35787
-2.29277
-2.31915
-2.3288
-2.1984
-2.23054
-2.25633
-2.23821
-1.53763
-1.5721
-1.54359
-1.46858
-1.50157
-1.52152
-1.48542
-1.36505
-1.42957
-1.35451
-1.3352
-1.2753
-1.32223
-1.37577
-1.10633
-1.05553
-1.12651
-1.13085
-1.07766
-1.2032
-1.14131
-1.12307
-1.17964
-0.916304
-0.943186
-0.872764
-1.00676
-0.961385
-0.916758
-0.958186
-0.328937
-0.363509
-0.366772
-0.399494
-0.36382
-0.421903
-0.383959
-0.226511
-0.207641
-0.174378
-0.228459
-0.260901
-0.262773
-0.230415
-0.241687
-0.209201
-0.278192
-0.227921
-0.190763
-0.225173
-0.225957
-0.25894
-0.279281
-0.12205
-0.086942
-0.0841297
-0.0872645
-0.0515066
-0.066838
-0.031124
-0.142584
-0.0882432
-0.106789
0.0525417
0.105609
0.0696329
0.184687
0.245673
0.20296
0.407346
0.358829
0.437037
0.433903
0.492457
0.457165
0.389874
64.5708
51.6678
38.103
57.5784
45.1956
30.5165
30.9936
4.81527
8.66279
30.4029
95.9219
70.0458
69.804
84.4518
85.043
95.5451
58.3835
57.8402
68.9354
67.3877
64.1049
51.3927
37.9477
86.183
59.7969
52.0534
66.1138
38.882
59.959
86.7774
65.4422
90.8009
51.9267
64.8301
37.816
65.0383
0.708736
1.37252
1.96314
1.46746
0.0988914
1.49576
1.33094
1.0621
0.728731
0.534954
-0.0716557
-1.04948
0.219708
0.519446
0.650865
0.444097
0.720385
0.738637
0.640384
0.601759
0.642471
0.632516
0.610133
0.661338
0.683096
0.716018
0.643896
0.673202
0.548693
0.522249
0.544321
0.52696
0.543053
0.520139
0.538011
0.496307
0.508115
0.496918
0.501993
0.499005
0.505716
0.513355
0.4513
0.474757
0.49452
0.50721
0.509016
0.45468
0.47485
0.483027
0.475922
0.426419
0.464685
0.44374
0.395945
0.424753
-0.0247214
0.0729168
0.0343042
0.0631245
-0.0518994
-0.0632358
0.0416938
-1.76025
-1.74506
-1.79206
-1.80191
-1.75548
-1.76575
-1.81262
-1.82353
-1.84975
-1.87905
-1.80266
-1.76671
-1.81105
-1.83921
-1.82787
-1.85978
-1.80639
-1.81462
-1.7872
-1.85565
-1.82441
-1.84051
-1.78952
-1.80874
-1.80062
-1.77146
-1.80555
-1.83762
-1.82922
-1.77813
-1.79578
-1.78971
-1.7601
-1.82722
-1.79511
-1.96075
-1.92285
-1.91277
-1.94434
-1.90726
-1.89662
-1.85959
-1.87536
-1.91188
-1.76582
-1.70766
-1.74686
-1.76777
-1.80381
-1.73191
-1.76693
-1.76489
-1.78341
-1.81838
-1.74845
-1.71272
-1.75047
-1.7828
-1.90259
-1.8637
-1.90355
-1.90158
-1.93762
-1.95897
-1.92292
-2.07473
-2.03989
-2.03856
-1.98614
-2.02233
-2.00685
-2.0412
-1.90167
-1.84683
-1.88278
-2.09029
-2.0412
-2.05848
-2.21994
-2.18792
-2.17309
-2.34836
-2.3183
-2.30232
-2.28796
-2.31683
-2.25467
-2.28573
-2.30956
-2.31929
-2.3513
-2.29813
-2.26415
-2.47086
-2.44323
-2.42831
-2.41102
-2.38099
-2.41231
-2.44008
-2.3161
-2.26758
-2.29582
-2.33135
-2.30551
-2.27156
-2.29844
-2.48458
-2.4446
-2.45243
-2.46177
-2.43075
-2.45549
-2.48706
-2.67893
-2.68853
-2.7167
-2.66701
-2.63842
-2.82839
-2.80141
-2.78693
-2.82805
-2.8011
-2.8001
-2.77359
-2.64208
-2.66545
-2.68225
-2.69519
-2.67179
-2.66858
-2.64484
-2.80348
-2.83104
-2.79274
-2.80557
-2.83194
-2.80615
-2.77944
-2.89368
-2.88025
-2.90752
-2.89414
-2.92102
-2.89098
-2.86938
-2.89426
-2.87816
-2.85247
-2.90831
-2.93468
-2.88334
-2.9254
-2.89938
-2.8909
-2.89935
-2.8731
-2.8532
-2.87841
-2.92894
-2.9281
-2.9389
-2.90269
-2.90257
-2.9139
-2.88678
-2.90683
-2.89401
-2.88115
-2.92629
-2.92741
-2.93715
-2.90019
-2.90085
-2.91119
-2.91119
-2.87477
-2.851
-2.88699
-2.84899
-2.87487
-2.89987
-2.87246
-2.92407
-2.89782
-2.89316
-2.92499
-2.89837
-2.88036
-2.90823
-2.80067
-2.82904
-2.79107
-2.80553
-2.77984
-2.83111
-2.80351
-2.39287
-2.39126
-2.27176
-2.39884
-2.46663
-2.48667
-2.37089
-2.19199
-2.14022
-2.12901
-2.21784
-2.11827
-2.22545
-2.14625
-2.38494
-2.36794
-2.4032
-2.3549
-2.38516
-2.38109
-2.40551
-2.17619
-2.20544
-2.17367
-2.21209
-2.22998
-2.19287
-2.20767
-2.189
-2.18439
-2.17395
-2.17695
-2.16942
-2.16886
-2.16858
-2.17366
-2.17395
-2.13031
-2.15442
-2.15759
-2.12588
-2.15481
-2.11966
-2.14555
-1.8715
-1.82169
-1.86849
-1.85937
-1.90584
-1.87403
-1.91833
-1.85888
-1.90406
-1.80738
-1.86152
-1.84332
-1.74557
-1.76969
-1.77077
-1.79399
-1.8399
-1.81862
-1.60262
-1.65277
-1.65678
-1.61444
-1.66435
-1.59391
-1.64191
-1.26594
-1.24783
-1.20607
-1.28505
-1.32706
-1.28583
-1.24647
-1.28115
-1.26338
-1.31923
-1.20118
-1.23909
-1.27649
-1.24106
-0.952136
-0.93342
-0.894748
-0.972566
-1.01156
-0.971724
-0.935152
-1.01617
-0.977276
-0.961175
-0.978756
-1.01561
-0.942601
-0.976837
-0.820335
-0.859469
-0.801128
-0.78231
-0.744948
-0.782706
-0.818718
-0.469789
-0.503039
-0.502705
-0.468263
-0.501067
-0.51945
-0.486081
-0.614233
-0.650835
-0.655043
-0.712509
-0.674574
-0.651918
-0.688084
-0.454851
-0.50538
-0.507112
-0.559262
-0.453878
-0.522822
-0.308173
-0.344566
-0.362012
-0.347957
-0.311117
-0.36453
-0.382836
-0.419679
-0.346963
-0.381779
-0.170345
-0.205511
-0.223085
0.653372
0.653324
0.765903
0.615581
0.59142
0.645449
0.703774
57.2925
44.4867
30.4731
32.3431
6.00202
6.93728
30.5183
95.9611
69.552
69.3398
86.6524
86.8401
97.1741
61.1638
60.419
70.158
71.448
66.3874
54.0005
40.0363
1.12352
0.952805
1.20741
0.985636
1.20449
1.57824
1.1086
1.92152
0.349217
0.919332
1.18807
1.65916
0.40967
1.00448
0.499547
0.523074
0.514493
0.474283
0.472746
0.490093
0.484906
0.545464
0.52933
0.545678
0.560579
0.540446
0.540388
0.567854
0.550244
0.574531
0.476606
0.466307
0.495487
0.487018
0.486341
0.497809
0.505475
0.457216
0.439308
0.44686
0.472141
0.446307
0.460665
0.422884
0.443511
0.47407
0.330714
0.289045
0.297404
0.324012
0.281625
0.262505
0.312829
0.26917
0.314355
0.13549
0.0654408
0.0862214
0.089239
0.0276412
0.0841346
0.0218886
-1.53491
-1.56876
-1.51288
-1.5642
-1.53226
-1.52246
-1.49205
-1.51819
-1.5525
-1.4985
-1.54975
-1.51751
-1.51072
-1.47903
-1.53489
-1.47689
-1.496
-1.47402
-1.43748
-1.47494
-1.51213
-1.66101
-1.62551
-1.62209
-1.58697
-1.62451
-1.60281
-1.56567
-1.4706
-1.42961
-1.47409
-1.46656
-1.42927
-1.66614
-1.62946
-1.62582
-1.6324
-1.6696
-1.41613
-1.47187
-1.41609
-1.45248
-1.48729
-1.67917
-1.62903
-1.61285
-1.64972
-1.68352
-1.76841
-1.82117
-1.78549
-1.90872
-1.96265
-1.92938
-1.85633
-1.88877
-1.72192
-1.75628
-1.7773
-1.79413
-1.76552
-1.75981
-1.72792
-2.06751
-2.0383
-2.05087
-1.999
-2.02992
-2.00307
-2.0331
-1.99641
-1.96871
-1.94577
-1.96377
-1.99162
-1.95427
-1.92816
-2.24257
-2.2141
-2.19668
-2.14709
-2.17678
-2.18024
-2.20796
-2.48727
-2.51751
-2.48123
-2.4622
-2.49126
-2.43999
-2.46953
-2.68155
-2.693
-2.66169
-2.67995
-2.7058
-2.68264
-2.6596
-2.90822
-2.89327
-2.88162
-2.89355
-2.91869
-2.8883
-2.86858
-2.89332
-2.87562
-2.8517
-2.90881
-2.93422
-2.88229
-2.93577
-2.93667
-2.94834
-2.91238
-2.90652
-2.92475
-2.92019
-2.90862
-2.90117
-2.88252
-3.05188
-2.99461
-2.91194
-2.92258
-2.88675
-2.98162
-2.31187
-3.1401
-3.07695
-3.17674
-5.44666
-2.41163
-3.05457
-3.1496
-4.54628
-4.38941
-4.07835
-146.171
-26.8513
-39.6841
-38.9997
-49.8431
17.1285
-3.63784
-3.01701
-2.42097
-3.13796
-3.99199
-2.48073
2.98431
-6.21653
-5.07248
-6.08319
-2.26903
-4.17743
-5.85191
-5.80818
-3.94865
-3.74549
-3.48884
-3.23802
-3.16015
-2.99484
-3.35101
-2.72783
-3.69669
-3.1984
-4.12942
-4.24405
-4.00591
-4.80249
-2.33831
-2.3717
-2.37854
-2.36693
-2.39677
-2.42059
-2.39019
-2.54421
-2.51128
-2.50341
-2.46421
-2.49441
-2.54879
-2.51646
-2.49252
-2.52281
-2.26398
-2.286
-2.29521
-2.30673
-2.33232
-2.3097
-2.28702
-2.28122
-2.25772
-2.29591
-2.28143
-2.25681
-2.30721
-2.27894
-2.19564
-2.22638
-2.19148
-2.1983
-2.16746
-2.17829
-2.14504
-1.89803
-1.89291
-1.84924
-1.8709
-1.90985
-1.88457
-1.8452
-1.42668
-1.46478
-1.40755
-1.38961
-1.35065
-1.38971
-1.42637
-1.21518
-1.25166
-1.2554
-1.25148
-1.28963
-1.31233
-1.27242
-1.08427
-1.04858
-1.10424
-1.10589
-1.14025
-1.11964
-1.08518
-1.14405
-1.10938
-1.15871
-1.10594
-1.06511
-1.10338
-1.10419
-1.14027
-1.16222
-0.992544
-0.953984
-0.951053
-0.954181
-0.916117
-0.893832
-0.931341
-0.955932
-1.01526
-0.976331
-0.76335
-0.801373
-0.804662
-0.838791
-0.801325
-0.862881
-0.824699
-0.818665
-0.800842
-0.857777
-0.779814
-0.743246
-0.781734
-0.816129
-0.79958
-0.742519
-0.779475
-0.648609
-0.593583
-0.631056
-0.651148
-0.633028
-0.595311
-0.668921
-0.70721
-0.668878
-0.632259
0.533521
0.518188
0.487874
0.471989
0.491901
0.505686
0.526427
0.606209
0.62435
0.629984
0.68495
0.679264
0.533545
0.618209
1.07593
0.570412
0.110408
0.639852
0.714526
0.901641
0.978195
1.23991
0.482702
2.38817
1.43722
1.84865
1.5226
2.69886
90.4298
89.669
101.142
63.4215
63.7022
73.0932
74.8405
68.1392
95.1121
69.8137
69.9159
55.6776
42.6917
-1.22006
-1.26019
-1.20366
-1.22055
-1.25795
-1.18258
-1.2169
-1.21463
-1.25189
-1.19774
-1.21472
-1.25049
-1.17778
-1.21187
-1.24665
-1.19293
-1.20963
-1.20726
-1.17379
-1.21015
-1.24589
-1.18296
-1.20059
-1.23817
-1.16581
-1.12607
-1.16469
-1.19971
-1.36954
-1.32931
-1.32749
-1.26966
-1.30904
-1.29296
-1.33082
-1.33088
-1.39032
-1.3508
-1.34197
-1.39474
-1.35931
-1.35612
-1.32302
-1.39357
-1.35947
-1.34976
-1.4034
-1.36794
-1.32968
-1.36216
-1.40167
-1.36786
-1.41666
-1.38246
-1.36152
-1.34009
-1.37152
-1.37978
-1.41301
-1.36514
-1.34732
-1.30209
-1.42641
-1.38267
-1.38713
-1.34454
-2.43778
-2.46212
-2.3948
-2.50265
-2.45342
-2.41682
-2.45695
-2.43364
-2.42342
-2.45261
-2.45426
-2.44326
-2.47104
-2.48384
-2.59061
-2.55784
-2.54421
-2.54177
-2.53666
-2.59999
-2.65742
-2.63307
-2.68213
-2.71599
-2.64939
-2.68021
57.0137
-19.194
13.447
0.517359
-5.78795
-8.31105
-4.66825
-5.60411
-5.95184
-5.18956
-4.14503
-4.51808
-6.04405
-5.68123
-2.39874
-2.38597
-2.2345
-2.14801
-2.15207
-2.13473
-2.01363
-3.37242
-3.35923
-3.34242
-3.01554
-3.0023
-2.99309
-2.99248
-2.9996
-2.98528
-2.98609
-3.02663
-3.00356
-3.02227
-2.91668
-2.92462
-2.93585
-2.9017
-2.93671
-2.97293
-2.92894
-2.93609
-2.92499
-2.90756
-2.90649
-2.89679
-2.89605
-2.73059
-2.69882
-2.75107
-2.76388
-2.73292
-2.76668
-2.7989
-2.35107
-2.39237
-2.38217
-2.37591
-2.40705
-2.38009
-2.3491
-2.26969
-2.25937
-2.22426
-2.24891
-2.28225
-2.25518
-2.2231
-2.1419
-2.12769
-2.09146
-2.15405
-2.18684
-2.15808
-2.12458
-1.9808
-1.94519
-1.99565
-2.00587
-2.04448
-1.99132
-2.02839
-1.96097
-1.99665
-2.03286
-2.00083
-1.98434
-2.03123
-1.99964
-1.96668
-1.99535
-1.55093
-1.53205
-1.49343
-1.6041
-1.56581
-1.56749
-1.53114
-1.45774
-1.40259
-1.42052
-1.50873
-1.54653
-1.54942
-1.58295
-1.54627
-1.60671
-1.56805
-1.34521
-1.39924
-1.38332
-1.39939
-1.34607
-1.4584
-1.23173
-1.25032
-1.19159
-1.27164
-1.30954
-1.25173
-1.2348
-1.19619
-1.23413
-1.27039
-1.08141
-1.10102
-1.04379
-1.13043
-1.16571
-1.11307
-1.09376
-1.12678
-1.1298
-1.16489
-0.77571
-0.734501
-0.79542
-0.812322
-0.854279
-0.773434
-0.813017
0.274541
0.30625
0.259075
0.339504
0.352377
0.418764
0.403397
0.374322
0.357392
0.33729
0.375263
0.393531
0.424785
0.441256
0.457922
0.491191
0.483024
0.471676
0.458521
0.414426
0.412473
0.448059
0.418318
0.379193
0.555236
0.569789
0.552952
0.57762
0.568067
0.559265
0.552943
0.704902
0.663249
0.651401
0.609638
0.643917
0.636781
0.680203
0.977103
0.868982
0.794103
0.838281
0.746759
0.756715
0.77348
56.6948
68.9201
42.7924
91.6834
64.7608
57.2484
43.4176
70.3587
91.5382
65.0749
58.5793
71.158
98.2825
44.9106
70.6628
71.9635
88.9888
88.9828
99.8847
62.1064
62.2289
72.1381
73.8151
73.7901
101.7
75.5152
-0.884731
-0.849352
-0.888308
-0.906671
-0.945242
-0.922346
-0.885117
-0.883273
-0.86418
-0.827778
-0.974256
-1.0123
-1.03006
-1.01139
-0.972999
-1.04722
-1.00733
-0.698891
-0.674215
-0.665316
-0.642718
-0.611465
-0.619304
-0.653097
-0.853673
-0.870145
-0.819952
-0.790322
-0.836163
-0.831649
-0.785837
-2.89906
-2.89027
-2.80151
-2.98201
-3.02937
-2.82651
-2.83458
-2.6843
-2.58269
-2.48622
-2.8438
-2.62597
-2.77152
-2.43478
-2.81515
-3.66466
-3.00525
-4.8259
-4.43511
-4.02006
-3.34867
-3.15506
-3.75614
-1.84403
-3.42143
-3.73814
-2.42303
-5.29364
-2.47969
-2.53821
-2.26368
-2.62119
-2.59094
-2.57325
-2.61018
-2.47655
-2.39179
-2.43366
-2.43238
-2.41665
-2.44503
-2.43207
-2.46286
-2.46189
-2.37354
-2.56176
-2.51623
-2.20231
-2.30719
-2.50215
-2.49159
-2.80367
-2.74612
-2.76728
-2.73021
-2.68784
-2.72326
-2.76213
-2.89015
-2.8741
-2.90902
-2.89504
-2.92414
-2.88567
-2.92475
-2.8935
-2.90073
-2.86954
-2.90688
-2.93671
-2.90539
-2.90077
-2.88678
-2.93231
-2.87084
-2.90246
-2.90098
-2.92244
-2.9356
-2.92204
-2.90418
-2.90384
-2.89218
-2.89161
-2.68015
-2.64896
-2.63384
-2.66399
-2.63338
-2.58537
-2.61627
-2.6017
-2.63157
-2.18901
-2.23655
-2.22405
-2.21643
-2.25241
-2.222
-2.18733
-2.08607
-2.05107
-2.10124
-2.05206
-2.08509
-2.08356
-2.11706
-1.93403
-1.97069
-1.97443
-2.00561
-1.96973
-2.02825
-1.99205
-1.86938
-1.8337
-1.83017
-1.79672
-1.83373
-1.81333
-1.77725
-1.89079
-1.83552
-1.85433
-1.69332
-1.63828
-1.69478
-1.67594
-1.71147
-1.74691
-1.5271
-1.5449
-1.49086
-1.47401
-1.43476
-1.42233
-1.47693
-1.43774
-1.40585
-1.44395
-0.818935
-0.772642
-0.743806
-0.728983
-0.769212
-0.67955
-0.72084
-0.523489
-0.558255
-0.590396
-0.56593
-0.600475
-0.651588
-0.612972
-0.520043
-0.548165
-0.511993
-0.452418
-0.476244
-0.494941
-0.462714
-0.285788
-0.35626
-0.337015
-0.355502
-0.416436
-0.312512
-0.366682
0.0525482
0.0124628
0.0672299
-0.00993042
-0.0305451
0.0191767
0.0364774
0.137431
0.159587
0.122902
0.20597
0.202275
0.173708
0.182054
0.066962
0.1175
0.079002
0.0938147
0.0404706
0.32683
0.310789
0.316032
0.371477
0.367852
0.350969
0.358118
0.394389
0.3586
0.404208
0.356049
0.342691
0.394031
0.380338
0.416751
0.407288
0.440362
0.44559
0.411642
0.420331
0.451468
55.3999
41.6627
68.8091
88.7342
62.4206
54.4492
67.9463
40.8421
88.8357
61.8109
56.1581
69.3178
95.9017
42.4936
69.7635
68.6323
86.576
86.7908
97.5162
60.326
59.7354
70.8144
71.5236
71.8594
98.8691
72.9669
-0.489047
-0.435424
-0.44959
-0.420422
-0.382573
-0.454088
-0.417092
-0.596779
-0.562759
-0.601028
-0.632556
-0.597783
-0.654619
-0.618649
-0.74247
-0.739245
-0.778554
-0.684862
-0.72109
-0.707038
-0.742478
-0.594584
-0.577726
-0.541126
-0.800014
-0.763044
-0.744606
-0.800154
-0.760724
-0.748343
-0.730352
-0.763395
-0.763665
-0.799795
-0.710011
-0.677397
-0.731477
-0.753929
-0.789511
-0.718063
-0.751939
-0.678859
-0.712465
-1.80749
-1.86775
-1.82251
-1.84982
-1.82663
-1.89616
-1.82564
-1.93236
-2.0253
-2.01271
-1.9998
-2.06795
-2.0282
-2.0729
-2.56192
-2.53279
-2.51812
-2.50273
-2.52908
-2.55971
-2.53214
-2.88453
-2.86876
-2.89845
-2.75209
-2.70617
-2.7361
-2.76655
-2.73488
-2.70656
-2.7365
-2.89119
-2.92246
-2.88329
-2.86635
-2.83605
-2.89063
-2.92187
-2.89549
-2.86595
-2.90525
-2.93683
-2.90515
-2.93549
-2.92135
-2.92217
-2.90456
-2.90445
-2.89152
-2.89251
-2.89719
-2.88469
-2.86849
-2.90188
-2.93294
-2.88615
-2.87145
-2.90207
-2.90122
-2.92459
-2.89507
-2.88648
-2.92472
-2.89335
-2.8701
-2.89948
-2.52034
-2.55218
-2.50892
-2.52127
-2.49159
-2.52024
-2.55173
-2.23935
-2.18617
-2.23556
-2.22124
-2.25545
-2.29233
-2.10501
-2.05763
-2.10761
-2.12336
-2.15671
-2.08995
-2.1249
-2.15803
-1.94964
-1.96832
-1.91608
-1.85799
-1.90385
-1.86676
-1.8416
-1.87639
-1.90513
-1.8686
-1.86433
-1.89672
-1.84725
-1.85897
-1.8294
-1.89468
-1.86159
-1.68998
-1.72437
-1.70632
-1.7561
-1.71923
-1.75735
-1.72131
-1.71328
-1.72628
-1.6953
-1.73541
-1.76762
-1.76464
-1.73278
-1.61763
-1.57814
-1.56315
-1.50504
-1.54546
-1.5795
-1.54179
-1.65027
-1.60839
-1.60221
-1.65498
-1.61387
-1.58448
-1.62418
-1.27764
-1.21252
-1.25802
-1.34144
-1.29571
-1.25561
-1.29876
-1.25127
-1.30966
-1.31143
-1.32917
-1.28094
-1.24481
-1.29629
-1.04974
-1.09553
-1.11678
-1.09514
-1.13742
-1.18532
-1.1369
-1.09748
-1.05356
-1.1279
-1.15827
-1.20955
-1.01269
-0.956412
-0.926875
-0.839234
-0.892755
-1.02183
-0.967557
-0.950666
-0.899597
-0.909747
-0.862706
-0.943752
-0.955544
-1.01235
-0.955966
-0.910258
-0.963919
-1.01247
-0.662893
-0.624247
-0.621254
-0.534958
-0.556175
-0.55771
-0.590726
-0.339728
-0.299887
-0.375038
-0.211381
-0.219649
-0.27699
-0.260418
-0.156175
-0.219314
-0.144181
-0.271279
-0.245648
-0.181373
-0.197134
0.0893851
0.0341304
0.0941979
0.00867333
-0.00116373
0.0653566
0.0588004
0.117167
0.172147
0.154442
0.209067
0.155085
0.195885
0.146073
0.54057
0.568077
0.544813
0.574559
0.552973
0.562908
0.541847
53.2154
39.6322
66.7262
88.4032
62.5748
54.376
40.5693
68.2684
88.9207
61.521
55.0779
68.1193
95.1968
40.7308
69.0872
69.105
72.4781
98.4039
71.9554
86.9628
61.5904
53.0168
36.9062
65.6309
60.0431
87.3703
37.3894
14.9774
53.3341
64.8475
94.0392
38.7096
65.433
67.1157
3.19376
-0.171109
0.704965
-1.41933
-0.376661
-0.475836
-0.262203
0.309897
0.174332
0.796013
0.641913
1.27254
0.440614
0.631754
0.578804
0.534259
0.765147
0.574533
0.566557
0.72714
0.675464
0.600965
0.619862
0.391848
0.411229
0.446857
0.412602
0.43897
0.504377
0.478877
0.455827
0.492536
0.239569
0.24225
0.204761
0.263163
0.254654
0.266964
0.23546
0.108532
0.143258
0.103164
0.114751
0.0790417
0.0913455
0.0541614
-0.172348
-0.222525
-0.195847
-0.154032
-0.177778
-0.217543
-0.19084
-0.178316
-0.145377
-0.189587
-0.202604
-0.23712
-0.207586
-0.174735
-0.336655
-0.37341
-0.324036
-0.304995
-0.339128
-0.309531
-0.275756
-0.382733
-0.336008
-0.348567
-0.333122
-0.301412
-0.364379
-0.332351
-0.350189
-0.382882
-0.328562
-0.27975
-0.312219
-0.499097
-0.465369
-0.458834
-0.465383
-0.432815
-0.442542
-0.408352
-0.517165
-0.481436
-0.467254
-0.483021
-0.517095
-0.34019
-0.3266
-0.375084
-0.312061
-0.278556
-0.31039
-0.343462
-0.0770095
-0.116686
-0.0802555
-0.0658053
-0.0964934
-0.120764
-0.0879427
-0.00566948
-0.0468697
-0.0280593
-0.0699121
-0.0952028
-0.0404249
-0.0638554
0.085052
0.1579
0.134056
0.156488
0.172002
0.168677
0.0974934
7.77574
3.77652
4.8922
1.17878
3.3101
4.207
2.309
0.685167
2.70509
2.97971
1.89512
0.269598
1.30357
1.47977
2.66478
3.32244
6.16246
4.86796
4.04232
4.18653
0.175001
0.215494
0.218624
0.206983
0.170168
0.196137
0.226776
0.235437
0.228445
0.198167
0.271935
0.260231
0.256357
0.235808
0.138989
0.126662
0.16309
0.17355
0.144024
0.147487
0.179933
-0.469937
-0.345384
-0.391445
-0.364889
-0.275644
-0.294703
-0.390662
0.00146129
-0.0713649
-0.039398
-0.032702
-0.107283
-0.124076
-0.0376229
-0.70684
-0.482414
-0.550017
-0.438036
-0.548973
-0.538802
-0.349183
-0.515447
-0.373778
-0.232729
-0.302923
-0.380585
0.0441236
-0.0321796
-0.0690949
-0.0245394
-0.727917
-6.10531
-2.31647
-7.2209
-0.964005
-4.86214
-4.16215
-0.928947
0.938219
0.0274298
-2.28065
-1.4641
-2.56897
-3.8191
-3.98152
-11.1694
-11.132
-1.56111
-2.58138
-1.64305
-4.08401
-2.37618
-2.73017
-2.68899
-4.46544
-2.65655
-3.41743
-2.10398
-4.58103
-3.58948
-4.31668
-4.46988
-4.90605
-2.38868
-2.19745
-2.31546
-2.46074
-2.47289
-2.3125
-2.37821
-2.30329
-2.30658
-2.21828
-2.27177
-2.32419
-2.1955
-2.20599
-2.1673
-2.21056
-2.23858
-2.21329
-2.18637
-2.31454
-2.29971
-2.28679
-2.30951
-2.33863
-2.34067
-2.3117
-2.42054
-2.44884
-2.40793
-2.42107
-2.4491
-2.42035
-2.39355
-2.56283
-2.52949
-2.51819
-2.50376
-2.53336
-2.56298
-2.53179
-2.63308
-2.58648
-2.6188
-2.64613
-2.67982
-2.7511
-2.70384
-2.73641
-2.76555
-2.73382
-2.70404
-2.73593
-2.85928
-2.89028
-2.87635
-2.8297
-2.86072
-2.86069
-2.82981
-2.93661
-2.90603
-2.90461
-2.8796
-2.83328
-2.86425
-2.91824
-2.88766
-2.90281
-2.87165
-2.8483
-2.87966
-2.91893
-2.91856
-2.93506
-2.90443
-2.88831
-2.83251
-2.8645
-2.88037
-2.89632
-2.93652
-2.90481
-2.90614
-2.70262
-2.75234
-2.73362
-2.73279
-2.76495
-2.73362
-2.70294
-2.75587
-2.78882
-2.75173
-2.75534
-2.72038
-2.73654
-2.70343
-2.7579
-2.80893
-2.77471
-2.62562
-2.57566
-2.6263
-2.60908
-2.64227
-2.67659
-2.54795
-2.51503
-2.50141
-2.45223
-2.48537
-2.55004
-2.51757
-2.4854
-2.51608
-2.48701
-2.45177
-2.50148
-2.51478
-2.54725
-2.48485
-2.51626
-2.07752
-2.11591
-2.12933
-2.17689
-2.14345
-2.11342
-2.14761
-2.10722
-2.12409
-2.1375
-2.17294
-2.14266
-2.17189
-2.14052
-2.06135
-2.02299
-2.01892
-2.004
-2.03983
-2.02751
-2.06441
-1.94267
-1.99625
-1.97261
-2.04532
-2.01489
-1.86649
-1.85174
-1.88759
-1.91358
-1.87556
-1.87971
-1.91684
-1.8805
-1.89143
-1.86254
-1.90612
-1.93463
-1.92992
-1.90109
-1.78864
-1.74895
-1.73667
-1.68003
-1.72162
-1.71386
-1.75233
-1.8072
-1.85062
-1.8062
-1.80974
-1.75763
-1.76501
-1.73391
-1.70343
-1.78479
-1.81558
-1.77018
-1.74147
-1.62575
-1.61166
-1.65686
-1.67332
-1.62907
-1.63869
-1.68175
-1.73981
-1.77675
-1.71764
-1.72488
-1.77812
-1.79039
-1.73556
-1.70222
-1.63732
-1.65135
-1.57442
-1.66722
-1.64135
-1.71575
-1.66191
-1.73005
-1.55983
-1.53773
-1.56824
-1.64043
-1.61952
-1.58951
-1.61607
-1.51467
-1.61006
-1.50461
-1.52146
-1.41213
-1.39952
-1.43974
-1.42587
-1.48441
-1.52082
-1.50757
-1.47002
-1.39475
-1.26622
-1.23288
-1.28156
-1.18342
-1.09813
-1.19331
-0.427253
-0.440398
-0.527158
-0.575247
-0.538431
-0.488427
-0.459476
-0.203943
-0.13836
-0.201728
0.0349242
-0.00875662
-0.0637984
-0.0733229
-0.0591741
-0.0445689
-0.152403
-0.190312
-0.184852
-0.101108
-0.0963173
0.261657
0.210385
0.290994
0.238995
0.278718
0.310409
0.344179
0.0777765
0.00503839
0.0980859
0.147067
0.0308719
0.121648
0.103123
0.163992
0.137338
0.149286
0.194369
0.20307
0.477827
0.49066
0.488035
0.485969
0.473449
0.479502
0.488471
70.4927
97.6679
70.0691
83.6447
82.9318
94.3247
57.6463
55.757
68.4891
67.2937
50.0498
64.1341
36.1967
86.1244
59.4334
52.004
66.219
38.8052
59.8143
86.6742
64.9979
90.6936
50.7739
64.395
65.2487
36.7282
-0.0926367
-0.061261
-0.0954996
-0.119272
-0.0903396
-0.13127
-0.105833
-0.208162
-0.204097
-0.237377
-0.157029
-0.190007
-0.176282
-0.207547
-0.0903464
-0.0648563
-0.0896581
-0.057502
-0.0874411
-0.255173
-0.224619
-0.2095
-0.127442
-0.101648
-0.0896803
-0.0585725
-0.0451369
-0.0776158
-0.102611
0.180269
0.145048
0.157151
0.109984
0.0920811
0.102186
0.115132
-0.0377787
-0.00710342
-0.0100978
-0.0192774
0.0588072
0.0121499
0.174988
0.13752
0.124482
0.145034
0.2062
0.358468
0.432423
0.389666
1.42361
1.35175
1.74008
0.514577
1.94445
33.8883
7.19269
47.3252
6.62307
33.5986
33.7199
60.0746
98.5437
72.082
72.4199
85.7744
86.2548
99.4238
71.8143
59.6337
46.3576
59.4351
59.9657
9.53848
39.2483
52.2731
63.9752
37.3535
95.7497
69.2877
68.7734
32.4872
6.18348
44.9396
56.8011
30.7003
2.78838
31.0708
0.872789
0.559242
-0.267359
0.793559
0.224515
0.132826
0.762649
0.575902
0.564161
0.589526
0.586772
0.649071
0.452698
0.394612
0.441944
0.45893
0.512395
0.455057
0.410358
0.488506
0.506842
0.571627
0.451346
0.496519
0.170752
0.219462
0.196403
0.242955
0.195374
0.239535
0.192657
0.372365
0.409824
0.372509
0.353545
0.390308
0.406955
0.370845
0.294428
0.243253
0.258302
0.343222
0.333811
0.240543
0.187326
0.226694
0.169083
0.221839
0.184915
0.234587
0.412876
0.37158
0.405368
0.401351
0.431775
0.439501
0.413009
0.321013
0.370434
0.391339
0.372231
0.409446
0.433602
0.408635
0.588962
0.595118
0.594194
0.613057
0.575136
0.611176
0.591673
-1.99689
-2.06117
-2.06407
-1.88063
-1.8573
-1.93973
-1.94498
-2.01701
-2.05005
-2.0548
-2.05274
-1.99297
-1.99212
-2.04033
-1.80248
-1.80494
-1.741
-1.79216
-1.84916
-1.819
-1.76186
-2.02415
-2.0327
-2.05945
-2.02789
-1.98931
-2.03562
-1.99968
-2.21119
-2.17744
-2.16983
-2.15698
-2.12292
-2.14797
-2.18062
-2.02233
-2.05862
-2.03602
-2.07796
-2.04108
-2.08315
-2.04654
-2.31462
-2.2661
-2.28553
-2.279
-2.24993
-2.28352
-2.31344
-2.38036
-2.36604
-2.39812
-2.42906
-2.39257
-2.3952
-2.42892
-2.51734
-2.5495
-2.5056
-2.48876
-2.45809
-2.51856
-2.5505
-2.51745
-2.48853
-2.44701
-2.48262
-2.4949
-2.44762
-2.48066
-2.50973
-2.4791
-2.88593
-2.86923
-2.90001
-2.89588
-2.92243
-2.88607
-2.88202
-2.85074
-2.89313
-2.92779
-2.9157
-2.88105
25.3406
49.2278
53.5146
86.2581
60.4128
49.4263
79.4531
89.1815
59.879
85.5192
84.839
98.6145
57.799
57.9477
52.6913
64.6161
39.5257
14.2644
38.1823
49.762
36.9326
15.8212
-2.8746
-2.83899
-2.87975
-2.87246
-2.84183
-2.8299
-2.8752
-2.82992
-2.89029
-2.85967
-2.9363
-2.90851
-2.90507
-4.85544
-3.93977
-4.10768
-4.15265
-0.27075
-2.18899
-3.49691
-207.832
-208.9
-152.908
-205.983
-216.788
-91.1692
-135.306
-61.9094
-43.036
-30.3871
-27.9432
-38.0506
-51.1795
-12.5018
-2.572
-2.89392
-2.7518
-258.124
-198.842
-238.409
-526.341
-543.047
-515.768
-515.774
-491.202
-517.429
-526.821
-502.463
-507.021
-494.105
-508.458
-510.097
-500.926
-488.001
-509.617
-524.94
-507.105
-490.929
-468.943
-533.854
-548.739
-538.75
-497.372
-526.936
-523.256
-549.65
-529.762
-516.773
-514.161
-537.145
-525.985
-517.803
-520.426
-519.48
-493.958
-510.663
-511.605
-531.346
-555.009
-539.871
-539.771
-528.576
-522.286
-469.602
-111.8
2.60043
-16.3747
-45.0861
-32.7933
17.4075
-56.6089
-171.82
-126.504
-121.774
-134.838
-155.091
-110.581
-138.06
-180.302
-153.124
-4.77728
-4.27842
-4.21991
-4.19787
2.03566
-1.15275
-3.90862
-245.04
-202.52
-235.045
-151.831
-193.969
-170.253
-229.755
-146.743
-153.305
-216.198
-2.97212
-2.18062
-3.24169
-2.88984
-2.85923
-2.88701
-2.92338
-2.89917
-2.93025
-2.89753
-2.88794
-2.91964
24.3772
51.7547
54.8915
89.8124
62.857
51.9127
81.3882
92.3921
63.3668
75.5421
72.9043
101.934
11.2032
38.1754
50.9279
-2.88679
-2.84052
-2.87266
-2.93669
-2.91053
-2.90888
-2.46044
-2.51107
-2.57932
-2.5285
-1.78331
-2.5126
-3.05597
-2.5496
-2.57655
-2.58201
-2.62688
-2.61594
18.6648
-0.973844
1.68307
-7.1659
-2.86228
-2.33238
-2.95187
-5.99177
-1.3876
-0.405478
-1.49072
-0.905413
-3.32432
-3.74184
-3.48795
-4.00644
-2.45687
-2.43647
-2.51018
-2.4907
-3.16971
-2.24944
-2.84136
-2.417
-1.82982
-1.81245
-1.76506
-1.78927
-1.02167
-0.988823
-0.853805
-0.834298
-1.94311
-1.90616
-2.01864
-1.98561
-1.42225
-1.01313
-1.49913
-0.943489
-2.20321
-2.19734
-2.15595
-2.13019
-2.19224
-2.16366
-2.25927
-2.23341
0.0891172
-0.0364512
-0.00106934
-3.29174
-3.31785
-2.5847
-2.53775
0.577881
0.648074
0.516311
0.563327
-0.803419
-0.607883
-0.771076
-0.522311
-1.59878
-1.56582
-1.69281
-1.66023
-1.64236
-1.63576
-1.56811
-1.53923
-2.36376
-2.46234
-2.2436
-2.28107
-0.577767
-0.56566
-0.679684
-0.665685
-2.14342
-2.15375
-1.991
-1.96837
-2.71987
-2.7061
-2.78096
-2.76808
0.0380678
-0.0274506
7.95201e-05
-0.0660806
0.467448
0.493567
0.507214
0.532741
-2.09507
-2.07449
-2.04883
-2.02849
-0.573077
-0.637132
-0.564525
-0.628472
-0.898264
-0.920237
-0.793209
-0.818633
0.616794
0.681577
0.768824
0.894433
-1.52252
-1.51791
-1.44565
-1.45983
-2.10452
-2.10395
-2.16855
-1.63334
-1.6297
-1.69062
-1.7024
0.583924
0.536982
0.565771
0.526297
1.71058
-1.52361
1.14532
2.75602
-2.09005
-2.07119
-2.16966
-2.14922
0.673496
0.600525
0.849158
0.857806
0.204503
0.15925
0.209129
0.164912
-0.48018
-0.53648
-0.466601
-0.521919
-2.49264
-2.53784
-2.47444
-2.52104
-2.66484
-2.65059
-2.74134
-2.72552
-2.64587
-2.69021
-2.63531
-2.67786
-2.64072
-2.72314
-2.84912
-2.86312
-0.616966
-0.671598
-0.615814
-0.669872
1.50611
0.68786
0.846705
0.433919
-2.16
-2.16286
-2.19229
-2.20218
-2.14489
-2.09705
-2.08326
-1.51221
-1.58955
0.225742
0.250946
0.185716
0.220608
0.434557
0.403522
-2.78047
-2.85847
-2.86886
-1.49864
-1.5189
-1.60992
-1.59168
0.0923692
0.115775
0.153307
0.505226
0.497842
0.490356
-4.36642
-1.22783
-4.23684
0.293095
0.312294
0.290655
0.308776
0.282602
-2.22624
-2.23646
-2.31697
-2.29621
-2.34496
-2.37785
-2.32211
-2.37095
-2.29963
-2.33398
-0.281891
-2.99903
-1.81389
-2.51339
-2.41107
-1.97553
41.2277
-1.69689
-4.41688
-0.40303
-1.95766
0.611955
-5.2486
-0.380439
6.88268
-1.04947
-1.57098
-2.33573
-0.707664
-0.488986
1.83368
-2.26435
-2.11054
0.626648
-2.48115
0.461378
-1.69618
-2.49045
-2.13944
-1.53652
-2.03067
-2.21793
-2.70061
-1.68467
52.7319
0.0147441
-3.73996
-1.99592
-0.765078
-1.757
0.90712
-2.65257
1.92192
0.31978
1.6346
-2.5446
93.862
23.8145
3.74359
0.356209
0.320724
0.566253
-2.32636
0.510953
1.7349
3.03907
1.91225
0.0820634
0.0346791
-0.0454123
0.600008
-0.0508341
0.0663777
0.37484
0.188482
0.207162
0.185427
0.0313833
-2.54811
0.314738
0.300032
-2.61952
0.272749
0.287038
0.254991
0.446433
-2.2589
-0.0311689
0.190652
-0.104288
0.291751
0.224577
-1.17483
0.0404922
-0.0359088
0.0157884
0.0194025
-2.4097
-0.082156
0.064162
-0.0630651
-0.0372925
0.513548
0.156374
0.727089
0.114421
0.472109
0.739392
0.140543
0.421995
0.147518
0.141711
-0.00496652
0.0912151
0.211998
0.39372
0.325529
0.219229
0.506736
0.0173118
-0.0333512
-0.779016
0.346
0.295803
0.326722
0.24907
0.132141
0.184504
0.21517
-0.117271
0.225072
0.256425
0.173035
0.205159
0.217002
0.377895
0.339559
-2.48541
-2.78489
0.337095
-2.37045
0.498245
1.73804
0.0641635
-0.271921
0.58639
0.858723
0.605951
-2.38562
1.64014
0.556148
0.537003
0.428885
0.653762
1.38804
0.050175
23.8516
39.2289
-1.99507
22.9984
-2.23556
0.572871
2.70473
0.270185
0.867096
-2.14181
-2.77572
-2.3834
0.547559
-1.18738
-0.726767
0.563939
-0.825738
0.581882
1.35082
3.62402
0.099754
-0.77577
-2.41887
0.0339259
0.0888793
-2.32764
37.0872
-2.67337
54.6904
0.680812
2.22287
-0.108527
0.603117
0.932669
0.663113
0.756937
0.742623
0.792419
0.267319
0.146957
0.129101
0.465236
0.0938876
0.371605
0.300359
0.286621
-2.59412
-2.38597
0.383867
-0.761153
-2.6132
0.39527
0.463246
0.470802
3.38332
-0.835178
0.353021
-1.69545
0.422148
0.55551
0.49768
0.527748
23.2334
-0.996669
0.607015
0.561499
0.673155
0.564631
0.552435
0.484233
-1.05572
0.62621
0.655508
0.724847
0.0407598
0.395646
-2.61299
0.453559
-1.86474
0.570343
0.547785
0.462701
0.489817
-2.04387
-2.65806
0.520266
0.512058
0.608401
0.61184
0.631596
0.515295
0.681972
0.658499
0.844274
0.573998
0.0457675
-2.22254
0.598925
0.626
0.704667
0.698153
0.776078
2.42702
2.26773
1.12711
0.733737
1.3179
0.508104
0.733491
0.874417
0.501805
1.69882
1.70033
1.61998
-0.643279
-1.69323
40.2064
-0.994413
0.849729
0.939218
4.72801
0.962103
2.30023
1.99053
3.72702
1.36451
3.71101
-0.153933
0.197315
0.248958
-2.58044
-2.19503
-1.36708
-1.40989
-0.904236
-2.17904
-0.288985
-0.130508
-2.19062
-2.75843
-0.74272
0.202941
-0.591023
-1.21153
-0.339558
-0.512485
-1.71244
-2.58013
0.371405
0.793278
-1.16776
1.23095
20.4789
0.637854
-0.144984
-0.657153
-1.06968
0.430984
0.669762
0.432627
0.487898
-0.722675
0.393444
0.637539
1.07812
0.38828
-2.18479
0.551296
0.413915
-2.00214
0.538567
0.405016
-4.37022
-0.484308
0.455649
1.01129
-2.25878
0.552472
0.365947
0.356404
0.584857
-2.2451
0.427025
-0.072648
-1.1456
2.36121
0.504082
0.285552
0.517375
-0.258619
-0.724276
0.279823
0.204566
0.249946
-0.375178
0.635582
-1.30107
0.240821
-2.72653
-2.00305
-2.55622
4.40386
0.0798181
6.8297
-2.7722
-0.778563
1.11047
0.360208
-0.904789
0.105923
-1.05381
0.292896
-0.852682
-2.26833
0.75078
0.431325
0.528162
0.570875
-1.36577
0.329739
0.500614
0.163163
0.0199636
0.161438
0.532741
-0.0379767
-0.147105
-0.387037
-4.07893
0.723975
-0.207768
-0.303622
-1.74199
-0.909201
-0.618002
-0.230717
0.329362
-0.749069
-0.33784
-0.121956
-0.294869
-0.458181
-0.0226744
-0.267552
-0.880655
1.21887
-1.09403
-0.700185
0.00402134
-5.64993
0.0820273
-1.09011
-2.52852
0.164654
-1.86722
-1.17104
-1.24264
-1.31871
-1.40577
-1.38918
-0.899154
-2.36757
-0.987835
-2.64599
-0.662377
-1.52366
-0.695764
0.56468
-1.15564
-0.916231
-7.96724
-1.31142
-1.27352
-0.593069
-0.807251
-0.728596
-1.19002
-0.957575
-1.094
-4.27968
-1.06646
-1.12967
-0.115554
-1.08579
-1.25318
-1.31328
-0.223453
-0.188365
-0.0847769
-0.092812
-2.73406
-2.65355
-2.27198
-1.23038
-0.0448131
-0.35399
-0.0538016
-0.137081
-1.34307
-0.405118
-0.370416
-0.380419
-0.25129
-0.0785577
-0.562907
-0.510354
0.0572949
0.000929541
-0.468751
-0.286577
-0.0546331
-0.644746
-0.127367
-0.740458
-0.450612
-1.04931
-0.364834
0.240171
-0.286455
-0.410659
-2.29291
-3.40473
0.0731537
0.292703
-0.1454
-0.324897
-0.230172
-0.168699
-0.282553
-0.239642
-0.725195
-1.28914
-0.204178
0.0494353
-0.308129
0.12513
-1.8072
-0.216561
-1.71768
-0.469083
-0.99259
0.423496
-2.72168
-0.608568
-0.618987
-0.446348
-0.678921
-0.655857
-0.526233
-0.0267509
-0.486991
0.658659
-0.391659
-0.378665
-0.628119
-1.07355
-0.66361
-2.10685
-0.25138
-0.696532
-0.238887
-0.542876
-0.206422
-0.186196
0.471879
0.0249778
-0.804978
-1.12527
-0.969275
-1.08599
-0.987375
91.2538
0.393537
-0.92673
-0.814597
-1.27574
-1.12449
-1.08519
-0.827933
0.298102
-0.766052
-0.757911
-1.14568
25.1707
0.572619
0.265549
-0.767677
-1.08799
-1.08694
0.306254
-0.916119
-1.22005
-2.47605
-1.29249
-1.23671
-1.27348
-0.0675869
-1.80693
0.360663
-1.14476
-2.64401
-1.23237
-1.16526
-2.60593
-1.24304
-1.58728
-1.53428
-1.14343
-1.42347
-1.39546
-0.932528
-1.40386
-1.68081
-1.89443
-0.935335
-0.799051
-1.82845
-1.42964
-1.84119
-1.66562
0.30446
-1.67516
-2.76181
0.315156
0.160308
-2.24589
-0.595943
-1.93714
-1.85066
-1.51675
-2.43751
-1.93594
-1.98677
-2.12645
-2.35495
-2.33877
-2.40297
-0.35682
-1.52866
-2.20612
-0.821459
-2.27151
0.520617
-2.53181
-2.12378
-2.36355
-2.34479
-2.26815
-2.28351
-1.95213
-1.0497
-1.82173
-2.23193
-2.26702
-1.99043
-1.9669
-2.73905
-2.30138
-2.28965
-2.40826
-2.36363
-2.12158
-2.16754
-2.24672
-1.58219
-2.52513
-2.41434
-2.42653
-2.404
-2.39572
-1.98311
-2.37457
-2.39019
-2.48635
-1.94543
-1.92579
-1.89424
-2.06843
-2.06896
-1.58894
-2.20265
-2.14694
-0.580672
0.390545
-0.704086
-1.68727
-0.547769
-1.55075
-0.983278
-1.41497
-1.47272
-1.12731
-1.48544
-1.38079
-1.49503
-1.37268
-1.48465
-1.57079
0.436395
-1.99994
37.3968
-1.80451
-1.75715
-2.27153
-2.06606
-1.69318
-1.92905
-1.06728
11.5207
13.9764
-2.07112
-2.80149
-2.86465
-2.74006
-2.65928
-2.78547
-1.55995
-0.780367
-1.59607
-2.64398
-2.72262
-2.78605
-2.61458
-2.66113
-2.78666
-2.49722
-2.64253
-2.59327
0.362877
-2.77048
-2.47023
0.302538
-2.3854
-2.35765
0.261139
1.65381
-2.84824
-1.70369
-1.69105
-1.65366
-2.59949
-2.3368
-2.38814
-2.59702
-2.25511
-2.62066
0.407393
-2.53562
-1.30305
-2.42121
-2.48853
-2.2246
-2.64585
-2.50051
-2.48389
-2.54439
-2.47889
-2.41527
-2.54519
-2.65051
-0.146404
-0.276415
-2.31405
-1.83565
-2.18965
-2.48995
-2.7717
0.44166
-2.49999
-2.16604
-1.59076
-2.65205
-2.86492
-2.52413
-2.865
-2.86503
-1.21741
-2.8487
-2.07706
-2.63572
0.478669
-2.24582
-2.86448
-2.73952
-2.62175
-2.61712
-2.74088
-0.972202
-2.86558
-2.78745
-2.65599
-2.4859
-0.308104
-2.76957
-2.52972
-2.84966
-2.59551
-1.3173
-2.46296
-2.50328
-2.47011
-2.50925
-2.58679
-2.48781
-2.34867
-2.39987
-2.66594
-2.77126
-0.191265
-2.32516
-2.57767
0.965101
-1.93415
-2.57783
-2.33312
-2.58184
-2.72527
-1.66992
-2.4744
-2.57408
-2.826
-2.66226
51.4094
20.9267
0.712106
-4.61893
-4.73452
-4.16717
-1.81774
-0.314751
39.3757
-2.25493
-2.07113
-2.72674
-2.68753
-3.03137
-1.05544
-2.05892
-2.91175
53.538
-2.84978
-2.37612
-2.77005
-1.7732
0.564286
19.2395
-130.328
-2.29628
-2.19408
3.36248
-1.94142
-2.06657
-2.18081
-1.60651
-1.78656
-1.83359
-2.73262
-1.42698
-1.72821
-2.28381
-0.227386
-0.661673
-4.85928
-1.84637
-1.96701
-2.78309
-2.17505
-2.52465
-1.44503
-1.93536
-1.93886
-2.21981
-2.30926
-2.42277
-2.12127
-2.08597
-2.21637
-2.32377
-2.28722
-2.72654
-2.31602
-2.26911
-2.14032
0.177914
-2.24625
-2.1978
-2.3823
-3.27686
-2.0913
-2.38968
-2.17571
-1.97557
-2.54455
-2.20231
-2.54897
-2.16356
-2.13745
-2.03886
-2.0399
-2.14605
-2.08938
0.266488
-2.86255
-2.39543
-2.11476
-0.439724
-2.29599
-4.28189
-5.48232
-1.92318
-1.91576
-2.31607
-2.53501
-2.08015
-2.45036
0.677581
-4.20673
-3.25362
-2.02084
-4.64181
-0.0533349
-4.93062
-2.14772
-2.71887
-5.59345
-1.48763
-2.68444
-0.0709348
-3.9224
-2.99539
-3.64096
-1.58383
-2.07953
-2.63906
-0.521143
-2.52231
-2.38601
-2.55601
-0.687624
-2.55454
-0.669581
-0.446946
-1.78174
-2.05256
-1.94232
25.6581
-3.42218
-3.7547
0.32538
-5.06848
-2.44665
-2.5846
-1.46031
-1.92919
-2.62001
-1.97381
-5.42664
-2.52542
-1.70185
-4.6681
-2.64481
-2.11262
-2.66218
-3.08381
14.922
-1.82096
0.323782
-2.71224
2.6491
-3.18965
-2.55866
-2.87488
-3.47323
0.755369
-3.31842
-2.98656
-3.26925
-2.91917
-2.48606
-3.90715
12.662
2.775
1.14324
-2.92701
-3.33017
-3.12884
-1.91839
-2.68964
5.28163
5.01339
-2.35753
-4.78908
-4.36958
-2.18656
-2.65062
-8.86546
3.58559
-2.2696
-2.74251
1.046
-17.8843
-2.59102
-2.2581
-4.70544
-2.32634
2.76184
-0.961384
-3.3428
-2.17065
-14.3544
-1.96196
-1.51504
-2.16948
-2.53355
-2.63007
-2.50485
-2.37505
-2.41708
-2.68801
-0.894178
-2.52702
-2.27562
-2.76693
-7.91621
-2.55965
-1.98698
4.85441
-3.69528
-3.49486
-2.45101
-3.34382
-4.84356
-2.55355
-1.98943
-2.80149
-2.53809
-2.46077
-2.43554
-2.36725
-2.32442
-2.38459
-2.47751
-1.7559
-2.64578
-3.25853
-2.49921
-2.48662
-4.40764
-2.50244
-2.43398
-2.51858
-2.33174
-0.0954826
-2.45454
-2.42072
0.512913
-0.393976
-2.18507
-1.93678
-2.31532
-2.19974
-2.25211
-2.53349
-2.33691
-2.51382
-2.50762
-2.0005
-2.06945
-1.60934
-1.50397
-1.57389
-1.98651
-2.09484
-1.88023
-3.34164
-2.41159
-2.40483
0.946993
0.923512
-2.66941
-1.80508
-2.16503
-2.35921
-2.23701
-2.43653
-383.638
-2.4532
-2.64325
-1.13356
-2.58619
-2.54187
-1.06718
53.3209
23.2368
-1.85459
-2.98027
-2.81748
-2.68602
-2.80278
-3.69489
-2.68438
-3.05861
-2.69126
-3.12891
-2.68953
-2.02625
-3.39794
-2.54196
-2.31253
-0.743404
-1.03344
-1.62121
91.6312
-1.24179
-0.660834
2.59776
0.0891089
-2.4506
0.243131
-0.161465
-4.14156
-2.47374
-2.49752
31.6
-15.592
-4.65048
3.34072
-2.76726
-0.705603
-3.09088
-1.47708
-2.48653
-1.22457
-3.75848
-2.86904
-9.08424
4.47035
-1.86024
-2.59627
0.0600879
0.213688
-1.80189
-0.514691
-3.31162
-2.35548
-2.2304
-2.5889
-2.60044
-0.409272
-2.51366
-2.63154
-2.56114
-2.68303
-2.62151
-2.77956
0.295896
-2.666
-2.70902
-1.80722
-1.72081
-2.80482
-2.72607
-2.75899
-2.801
0.270397
-2.7209
-2.66413
-1.01435
-2.85572
-68.9173
-2.75502
-2.8773
-2.80067
-183.175
-2.87723
-2.86482
-296.312
-1.57457
-2.76724
-2.69974
-1.83379
-1.30141
-2.8745
-2.57407
0.345047
-2.77867
-1.74947
0.468753
-2.69834
-2.76143
-2.86626
-2.81679
-2.66505
-0.258486
-2.76924
-2.76393
-2.86584
-2.23353
-2.46006
-2.67966
-2.8608
-2.59384
-2.77314
-2.45899
-2.5818
-2.46203
-1.81832
-0.916191
-2.58764
-2.64154
-2.5487
-2.70465
-2.5678
-2.64363
-1.38753
-2.52262
-2.56667
-2.40791
-1.06992
-2.68702
-0.198649
-2.79982
-2.78673
-0.316797
-1.95264
-2.65174
-2.87424
-2.54021
-2.75738
-2.39154
-1.78214
-0.197862
-2.15972
-1.95084
-2.74273
-2.58242
-2.49542
-2.53141
-2.87448
4.53216
-2.55416
0.506475
-1.75342
-1.86584
-2.85854
-1.94793
-1.89755
-2.57779
-1.6035
-1.53224
-1.56884
-1.63884
-1.53186
-1.62128
-1.65134
-1.69804
-1.79462
-1.75122
-1.57623
0.180549
-2.07232
-1.98649
-1.87728
-1.97788
-2.71315
-1.50472
-1.97081
-2.20322
-1.97767
-1.4858
-1.42737
-1.46627
-1.43381
-1.52316
-1.20363
-2.62137
-2.28513
-2.2869
2.27375
-2.39271
-2.39895
-0.415285
0.281543
-2.82695
-1.92382
-2.07556
-2.27928
-1.93123
-2.07865
0.692268
-1.97479
-2.05174
-2.11906
-1.84742
-2.57383
-2.07102
-2.59938
-2.031
-2.00199
-2.11329
-2.23153
-2.18644
-2.06792
0.190771
-2.6302
-1.90783
-2.18864
-0.61211
-2.40234
-2.10539
-2.14144
0.258146
-1.31026
0.0153973
-1.98492
-2.6837
-2.35229
0.47863
-2.61593
-2.53036
-2.2696
-0.783968
-1.73555
-1.91923
-1.81834
-0.47467
-2.31661
-2.75039
-1.47769
-1.61201
-1.48967
-1.67924
0.0517276
-1.36268
-1.33633
-1.34165
-1.82163
-1.38972
-1.39949
-1.45107
-1.44212
-1.96931
-1.46451
-2.41178
-4.14436
-1.54973
-1.21787
-1.05499
-1.64583
-1.324
-1.57468
-0.652872
-1.1466
0.229487
-0.751009
-0.901211
-0.9227
-0.863966
-0.868507
-1.01771
1.06988
-0.867494
-0.922293
-0.706292
-0.924533
-0.758863
-1.2963
-1.07525
18.2095
-0.834596
-0.856898
-1.47546
-1.5996
-1.24157
-1.2187
-1.17911
-0.916006
-0.912963
-2.70078
-0.897118
-1.5616
-1.16628
-1.62253
1.10715
-1.57632
-1.01351
-0.991195
-1.2295
-1.18919
-1.33383
-1.08136
-1.08704
-2.5694
-2.61966
-1.17018
-1.24557
-1.27736
-0.741496
-0.725053
-0.702812
-1.25706
-0.88018
-0.907595
-0.681818
-0.695362
-0.662736
-0.796645
-0.594
-0.586232
-0.846972
-0.87118
-0.294525
-1.21304
-1.82944
-1.01978
-1.076
-0.780553
-1.22407
-1.269
-0.890607
-0.159083
-0.206456
-0.16078
-0.0278032
0.0140145
-0.207941
-0.246995
-1.17428
-0.115872
-0.30417
-2.80495
-0.113418
-0.693946
-0.470866
-0.473457
-0.158538
-0.387336
-0.423318
-0.595658
-0.193919
-0.414252
-0.370903
-0.362305
-0.271141
-0.303465
-0.242267
-0.542457
-0.511102
-0.558117
-0.431527
-2.31185
-4.58523
-0.32439
-0.314477
-0.160739
-0.461499
-0.254647
-0.294842
-0.383833
-1.01472
0.542007
-0.121854
-2.69406
-0.899322
-0.411992
-0.606203
-0.630094
-0.222487
-0.67886
-0.582577
-0.115488
-1.71075
-1.06161
-0.435093
-0.0281374
-0.606152
-0.689628
-0.580884
-1.01451
-0.555967
0.205782
-0.444324
0.346695
-0.494565
0.0164225
-0.175573
-1.14984
-0.172661
-0.00789517
-0.110937
-0.183638
0.0127515
-0.0119027
-0.994374
-0.414937
-0.066866
0.0397361
-0.445872
-1.39914
0.00824498
0.0516021
0.0972802
0.0882765
-0.579185
0.220266
0.240451
0.162634
0.163136
-0.0543712
-0.0566205
0.0823155
-1.69312
0.0914046
0.144004
-0.103635
0.00596789
3.79793
-0.17094
0.299581
0.241221
-0.214831
0.323061
0.88796
44.2154
21.5123
40.7839
13.8729
-1.00591
-0.100976
0.122501
0.392041
0.256854
0.312813
-1.66932
0.117993
-0.330179
0.440503
0.196801
0.196303
0.450983
0.505016
-0.22122
0.264371
0.309185
13.5026
64.8781
-1.79564
-3.5006
1.27091
0.778224
0.155858
0.254706
0.713911
0.599262
4.48022
-2.1118
36.5149
0.782359
0.357997
0.57246
0.0190635
0.0222712
0.0645521
0.0358952
0.0311925
0.212695
0.114258
0.288192
0.287812
0.0615723
0.254366
-0.0338879
-2.46888
-0.06099
0.122643
0.397978
0.00425005
-0.0647331
0.214203
0.323778
0.790961
0.176158
0.306448
0.214946
0.0976402
-2.36939
0.0564209
0.280556
0.140576
-0.0270585
0.292585
0.49277
0.361972
0.293354
-0.00708894
0.251017
0.255749
0.284905
0.2867
0.20003
0.10984
0.433493
0.470841
0.453941
0.425863
0.507856
0.215837
0.390789
0.407437
0.388334
0.387005
0.403913
0.403616
0.328391
0.242152
0.123763
0.466134
0.444848
0.481001
0.537687
0.0706028
0.498277
0.320737
0.377687
0.1837
0.452203
0.435746
0.379281
0.385863
0.269305
0.346697
-2.00929
0.837175
19.6055
41.2069
0.136438
0.212483
0.437802
0.375869
1.8901
0.13694
-2.44472
0.568595
0.515934
0.790906
36.9317
0.531841
1.28978
2.78684
38.5901
0.365654
0.364445
39.6183
1.82559
-1.25382
0.539007
0.307997
24.2149
39.6648
-1.61765
0.143169
0.542925
36.4187
0.552312
0.856692
0.389418
-0.856362
0.960644
1.08797
1.23791
0.369925
0.387912
40.4503
0.744304
0.727756
1.92561
0.756996
0.844815
26.7041
-2.771
-0.688256
25.9948
43.2202
0.750023
1.36702
0.870291
25.066
0.820462
1.33613
-1.99427
-1.73143
0.18218
0.310872
0.598883
0.621596
0.640143
0.610919
0.0874027
0.377198
0.684854
0.660846
0.695849
0.663118
0.59403
-2.16188
0.462938
0.527953
0.435952
0.733576
0.735402
0.504349
0.730473
0.47595
0.766108
0.84297
0.750049
0.762294
0.691507
1.15264
0.722514
0.348392
0.460035
1.23941
0.614138
0.601152
-0.154184
0.42902
0.519964
-0.886756
0.342589
0.882123
0.266433
1.08079
0.556731
0.317614
1.29876
0.561074
0.83364
0.193885
0.537992
1.2672
-3.35048
0.562375
0.379563
0.611809
0.499036
-2.43676
1.91982
0.146792
0.624626
0.514025
0.558164
0.639801
0.57263
-0.731898
-0.069337
0.35624
0.735563
0.829577
0.600486
0.688285
0.745126
0.406864
0.045995
0.565108
0.578458
0.421094
1.07227
0.5286
-0.146456
0.853714
-4.42282
0.835496
-2.8162
0.487535
0.794243
-0.245038
-4.09941
-0.30923
1.05841
-1.92391
-4.05727
-2.68255
-2.52477
-2.23699
15.045
0.304349
0.405595
0.520832
-2.0475
0.703236
-1.33507
0.391305
-2.43143
-3.24903
-0.634114
0.389994
-2.74435
-0.435299
-0.711767
-0.812516
-0.725381
0.422434
-1.02042
-1.58268
-1.73238
-0.617321
-0.910859
0.0583919
0.935774
-0.60923
-1.3547
-1.41746
-1.24739
-2.05395
-1.08768
-3.74985
-1.86808
-1.12831
1.1155
-1.30083
-2.59054
-1.16455
-1.1545
1.03214
-2.86528
-0.817035
-1.07713
-0.249373
-0.320459
-0.517929
-0.193063
-0.167894
-0.135635
-0.200761
-0.352924
-0.540527
-0.257304
-0.943382
-0.256019
-0.618985
-0.336086
-0.59543
-0.620826
-0.8486
-0.0321319
-0.457502
0.0206618
0.533836
0.702885
0.734343
0.187057
0.161463
51.877
-1.77845
0.112674
0.256861
0.188282
-2.82933
-2.79107
0.215267
-0.458826
-2.19643
-0.779706
-1.3765
-1.81797
-0.608446
0.0899062
-0.184333
-0.0955528
-1.08119
-0.306808
-2.22196
0.104197
-1.72272
-0.265386
-0.540917
-2.26069
-0.468281
-0.0316427
-0.568478
-1.12262
-0.15377
-0.410827
-9.27591
-0.730347
-0.797609
-0.0260579
0.089545
0.63209
-0.0715963
-1.42856
-1.35016
-1.43735
-0.613086
-1.16343
-0.962734
-1.98523
-1.50899
-1.81023
-0.176956
-1.86033
-0.0619005
-0.413147
-0.225796
-0.110738
-1.74656
0.110701
-3.5538
-0.977675
-1.26109
-2.995
-2.16973
1.11808
0.120865
-3.32265
-4.08999
-1.39075
-0.0769362
0.149599
-0.876722
-0.0954651
0.829776
0.474055
0.513517
0.468023
0.095842
0.641593
-2.01722
0.336662
-2.33678
0.628452
0.498759
41.2991
-0.460212
0.652388
42.0124
-0.352726
0.58749
1.31251
-1.74438
2.97809
0.947022
0.944379
1.27823
24.0556
1.1999
0.0797468
0.0085143
-319.592
0.324669
40.1212
5.03794
1.57557
0.432223
0.403351
0.976603
1.41928
0.299103
1.64412
0.546101
0.19676
3.82113
0.460206
-2.60401
0.365074
0.333137
-1.66092
0.168272
-0.0158231
0.0633908
-0.341564
-0.0652865
-2.53034
0.262313
0.249661
0.351251
-0.533254
0.142693
0.13501
0.250166
-0.551549
0.0982327
-0.24656
0.53144
0.0136453
0.0554157
-0.141381
0.212697
0.0964471
24.961
0.593314
0.312242
0.571959
0.362777
24.6644
-7.1641
1.03488
0.355391
22.3261
24.0138
0.41313
0.631174
0.396484
0.0928009
-4.58201
0.506296
40.5927
-0.372668
0.412916
0.468385
2.42849
0.260327
0.174853
0.55226
-0.633055
0.289698
0.31568
15.8304
0.0191115
40.4133
0.761289
-0.0522704
0.061514
-0.129541
-2.67436
-1.88412
2.01031
0.56365
-2.33622
-0.216298
0.0797756
-0.301008
-0.489372
0.678724
-0.284868
1.68677
-0.48611
-0.00773915
2.39318
-0.2782
-0.543007
0.323764
-0.454258
-0.0246415
-0.39391
-0.0899198
-0.33526
-0.356074
-0.229322
0.230551
-0.171484
-1.10294
0.178166
-1.01729
0.622381
0.29581
-0.127066
-0.764033
-1.86261
0.0332045
-1.09643
-1.25457
-0.89031
-0.991049
0.231916
-1.07224
-1.61565
-1.10976
-0.838321
-1.05807
-0.993728
-0.60959
-0.42486
-0.22774
-2.67173
-0.510035
-0.829027
-1.154
-0.463294
-1.15656
-0.528275
-0.998614
0.305068
-2.02423
-2.20586
-2.05982
-1.59684
-1.64038
-2.19192
-1.90682
-1.87005
-2.07848
64.1448
-2.07168
0.590556
-0.19022
-1.79919
-2.01809
0.249676
-2.65927
0.485355
-1.3665
-2.12062
-0.0190992
-2.35194
-1.57663
0.611189
-10.8463
-2.00994
-0.325954
-2.79081
-0.735964
0.279592
-2.48808
-0.106182
0.366344
-0.281557
1.13706
26.8851
-2.69946
-2.37041
-2.22639
0.343781
-2.66712
0.299031
-2.23807
0.258655
-1.88114
-2.93101
-2.80317
0.498032
-2.40266
-1.80508
0.0643113
0.432496
-2.34493
-2.4228
-0.198527
-3.15507
-1.90857
-2.66443
-2.00193
-2.87855
-2.28212
-2.51938
-2.50106
-2.59837
-2.15405
-0.543424
-2.6083
-0.102236
-3.80868
-1.72871
-3.37313
-1.10146
0.725901
-2.99268
-2.46966
-1.83883
-1.17761
-1.72322
-2.35806
-2.73972
-2.28653
1.46175
-2.58458
-2.37013
3.46194
-2.85958
-2.98185
0.649196
-2.15747
-2.36251
-2.71231
-2.57582
-95.6248
-2.37445
-2.21467
-3.61846
-2.4805
-1.06223
12.6747
-1.2708
-2.51904
1.29315
-2.16721
-1.79936
-1.75366
-2.41624
-58.8049
-2.79472
-3.4318
-2.75189
-3.18202
-2.22825
-2.77255
-2.2335
-2.07658
-2.2517
-11.0298
-252.805
-5.3477
-2.11247
-2.61876
-2.29248
-0.142177
-1.88751
-0.633788
-2.95374
-2.61046
-2.55361
-2.60678
-1.34781
-3.44511
-2.85011
-2.59617
-2.84964
-2.48251
-2.86433
-2.43014
-2.48435
-2.59009
-2.40187
-2.78819
-2.35809
-0.109824
-2.78728
-1.85279
-2.77054
-2.66006
-2.78588
-2.27469
0.602827
-2.64601
-2.61202
-284.112
-1.66772
-1.58689
-1.83803
-1.4595
-2.14022
-1.06632
-2.47138
0.688537
-1.30911
-2.28308
-2.1678
-0.767077
-1.68618
-2.72754
-2.34967
-2.09041
-2.01656
-2.86264
-1.66268
-2.37371
-2.57596
0.344801
-1.95287
-2.52222
-2.28966
-1.69695
-1.68635
-2.48699
-2.14893
-2.13152
-2.13989
62.8965
-0.981672
-0.103388
-2.23479
-1.28928
-2.4151
-1.962
-0.914865
-2.00553
-2.25747
-1.43829
-0.966023
-2.71628
-1.24355
-0.101442
-2.21806
-1.82761
-1.70717
-1.97084
-0.281991
-0.972315
-0.816449
-0.512467
-1.06733
-0.910875
-0.95911
-1.86642
-0.542143
-2.57234
0.652861
-0.684648
-2.48294
0.294587
-0.117467
-0.0348374
-2.71119
-0.339296
-2.33284
-3.89779
-0.287904
-0.33696
-3.05141
-2.40987
-0.163067
-0.186069
-0.142082
-0.606169
-0.301325
-0.17867
-0.344237
-2.55695
-1.14579
0.0445116
0.383959
-0.982879
-0.583324
0.425254
-0.319214
0.0938504
-1.51709
-0.912828
-0.504157
-0.173336
0.503039
-2.67242
-1.12487
-0.754533
-2.20504
-2.26774
-0.741672
-0.714828
-0.244432
-0.612497
-1.84045
5.91633
-2.59907
-0.904374
-0.63739
-1.19098
-1.59401
-2.58828
-1.10987
-0.150608
-2.53008
-2.46655
-0.514635
-2.54753
-0.139178
-2.58451
-2.65992
0.577426
-1.24809
-1.70069
-0.584288
0.182571
0.484825
-2.03944
-0.908174
0.289467
-404.486
-0.203894
0.122489
-1.30049
1.56138
1.05465
-2.48864
-2.61026
-2.7743
42.6095
0.688507
0.731027
1.22635
0.72635
-0.517537
26.8195
-2.52572
0.69409
-0.710212
0.849716
0.692014
-0.0116527
37.5616
0.56763
-2.11839
0.443923
0.881566
-2.80784
-0.671277
23.5626
-4.7347
0.624309
-0.640019
1.23098
0.375728
0.212248
0.528912
0.32681
-1.43063
0.112719
-2.75514
0.770956
0.407308
65.8358
0.633035
0.894809
0.526614
0.785625
-0.430624
0.672003
-1.19958
0.224493
0.59835
1.09218
1.03268
1.30643
0.636961
0.133414
-1.9585
0.336271
0.32188
0.0249883
-6.08104
0.145179
0.289699
0.256521
-0.0504316
0.575185
0.310638
0.542451
-1.50019
0.307352
-2.41771
0.802873
-2.60072
0.176914
-1.30672
-0.315221
-2.49855
0.261473
0.0954673
-2.60403
-0.177289
-0.369974
-2.39197
0.601476
-0.982033
-1.6399
0.896824
0.61949
-1.92762
-2.27444
-2.3624
0.675111
-0.502695
0.184007
40.094
0.441272
1.84826
-0.258496
0.571805
0.454482
0.335249
-0.398277
-1.46357
-2.76917
3.52201
0.555195
0.558332
0.255096
0.252274
-1.9413
0.426414
1.24008
-1.70701
-0.0645872
0.181486
-2.23959
0.877922
-0.344725
0.768523
-2.48097
-4.14407
0.211881
-1.55908
0.32008
0.547138
0.382498
0.221068
-1.58733
-1.72958
-1.0661
-0.143394
-0.989935
-0.0876666
-1.52146
-2.45312
-2.54086
-1.98745
-2.10293
-2.22308
0.534963
-1.40389
-1.38832
-1.1495
0.10929
-1.906
0.501285
-2.58965
-23.6067
-2.78716
0.521835
0.536175
-1.35736
-1.73447
-0.553866
1.01162
-2.69063
-0.203039
-1.80867
-2.67095
-0.362158
-1.57964
-2.19899
-2.50344
0.28923
-0.437894
-2.81501
-2.08319
-0.705442
-1.46302
-2.03474
-2.22742
-0.841434
0.553295
0.286374
-2.01705
-2.62942
-2.62516
-2.45994
0.34941
-0.357768
-1.72174
-3.46254
-1.52922
0.005734
0.601434
-1.19
-2.5638
-0.749427
0.425828
0.254947
-0.541307
0.0639105
-4.65238
-2.42315
-0.701719
-2.68464
-2.43241
-1.34738
-2.86186
-0.104455
-0.200997
-0.0494827
-2.71927
-39.0855
-0.538584
0.0833396
0.903826
-1.31049
-0.241239
-2.69696
-2.30433
-1.90232
-0.0121125
-0.365825
-0.267633
-2.62479
-1.44305
-0.197514
-0.99135
-2.11743
-0.0394652
-3.22591
-0.752085
-2.54206
-1.51046
-0.245171
-9.2136
-0.760191
0.481446
-2.35218
-2.46964
-2.87723
-0.825148
-2.27445
-411.521
-1.35562
-0.713021
-2.19841
-2.33955
-0.458307
-2.81912
-0.996998
-2.1571
-1.15325
-2.78744
0.786623
-0.444256
-0.655406
0.512705
-2.61132
-0.341192
-1.66279
-1.38743
-0.187998
-1.12607
0.199987
-0.0112771
-2.62818
0.141741
-0.324579
-0.621895
0.775795
-2.1113
-1.16088
0.283141
-0.172694
-2.74763
-2.18561
-0.116013
-0.223083
-1.04198
-1.19059
-2.27828
0.572539
-2.59874
-2.18465
-3.33813
-0.815203
-2.20803
-1.81723
-2.74583
-2.18486
)
;

boundaryField
{
    FrontBackPlanes
    {
        type            symmetry;
    }
    wallz
    {
        type            calculated;
        value           nonuniform List<scalar> 
97
(
-386.383
-338.163
-417.545
-264.314
103.11
-2.69072
2.7002
102.967
103.7
-2.53788
-2.77092
-2.655
0.188095
0.294371
0.778731
103.783
101.89
102.322
-2.16987
-2.29273
-2.41901
-0.226232
-0.0856156
0.0499141
101.177
101.664
99.523
-1.76757
-1.9018
-2.04031
-0.653291
-0.506319
-0.364639
101.216
103.295
-1.47701
-1.6229
-1.10425
-0.953304
-0.80291
107.272
103.87
-1.32924
-1.54767
-1.39939
-1.25295
107.041
106.015
106.954
-0.8859
-1.97268
-1.83289
-1.69332
104.66
103.645
104.123
-0.597212
-0.741979
-2.23556
-2.10407
103.954
103.658
106.232
-0.33119
-0.460293
7.71044
4.14975
-2.75527
-2.6263
102.91
100.424
99.45
-0.0920062
-0.206872
-0.0100978
0.134728
0.137381
103.799
104.114
101.005
105.182
52.2912
-2.88267
-255.688
-511.2
-526.382
-142.686
107.185
53.4574
-2.88941
-1.03633
106.999
-2.37284
104.39
104.758
-2.49967
-1.17769
)
;
    }
    outlet1
    {
        type            calculated;
        value           nonuniform List<scalar> 
31
(
-2.943
-2.943
-2.943
-2.943
-2.943
-2.943
-2.943
-2.943
-2.943
-2.943
-2.943
-2.94301
-2.94316
-2.94943
-2.96719
-2.99172
-2.94423
-2.94302
-2.943
-2.943
-2.943
-2.943
-2.943
-2.943
-2.943
-2.943
-2.943
-2.943
-2.943
-2.943
-2.943
)
;
    }
    inlet1
    {
        type            calculated;
        value           nonuniform List<scalar> 2(-553.653 -559.923);
    }
}


// ************************************************************************* //
