/*--------------------------------*- C++ -*----------------------------------*\
| =========                 |                                                 |
| \\      /  F ield         | OpenFOAM: The Open Source CFD Toolbox           |
|  \\    /   O peration     | Version:  v2012                                 |
|   \\  /    A nd           | Website:  www.openfoam.com                      |
|    \\/     M anipulation  |                                                 |
\*---------------------------------------------------------------------------*/
FoamFile
{
    version     2.0;
    format      ascii;
    class       volScalarField;
    location    "0.1";
    object      p_rgh;
}
// * * * * * * * * * * * * * * * * * * * * * * * * * * * * * * * * * * * * * //

dimensions      [1 -1 -2 0 0 0 0];


internalField   nonuniform List<scalar> 
6576
(
2794.25
2772.7
2777.99
2785.44
2799.51
2807.31
2782.94
2782.58
2801.58
2792.06
2829.39
2814.89
2802.95
2812.97
2776.3
2785.15
2751.55
2778.42
2778.35
2823.11
2764.41
2818.76
2821.36
2776.9
2805.47
2831.57
2881.94
2801.9
2770.31
2770.41
2791.81
2750.84
2789.52
2810.8
2805.12
2825.35
2802.82
2827.51
2789.84
2809
2778
2765.61
2793.55
12.0066
10.1646
11.387
9.17892
10.3385
7.23047
12.1412
7.4088
7.82188
0.0039074
0.00299888
0.00124819
0.00778843
0.00505227
0.00242576
0.00582464
0.00445932
0.00789459
0.0093324
0.0127334
0.00749174
0.00335528
0.00927387
0.0396369
0.032886
0.029145
0.0276703
0.0321848
0.021554
0.027757
1.5759
1.49728
1.66329
1.59757
1.64552
1.74481
1.7219
1.27254
1.2483
1.19173
1.31036
1.37458
1.30225
1.2467
1.29732
1.32658
0.85486
0.756355
1.4142
1.30957
2.0366
-0.276802
0.625981
3.62726
2.27539
1.18296
5.62966
2.10599
103.776
103.662
103.715
103.832
103.812
103.69
104.14
104.27
103.897
103.11
102.059
100.768
103.708
-0.135011
-0.0464633
-0.293514
-0.248206
-0.322542
-0.393042
-0.330934
1221.5
2256.48
1630.79
2630.25
2622.7
2719.2
2747.62
-0.140958
-0.186994
0.0187619
0.697566
-0.211791
0.458711
-0.26836
0.0921337
0.116288
0.0948268
0.0764688
0.105117
0.115656
0.0906414
-0.00196991
-0.010117
0.0225174
-0.0413009
-0.0061203
0.0141222
-0.0124076
-0.0327079
-0.022911
-0.0270348
-0.00963685
-0.00664798
-0.011832
-0.0180816
-0.0728572
-0.0883889
-0.101371
-0.079198
-0.0974015
-0.13203
-0.104625
-0.116694
-0.0948074
-0.0898403
-0.0834214
-0.0978308
-0.0866829
-0.0727705
-0.0742266
-0.0873052
-0.139
-0.146167
-0.171005
-0.138557
-0.149283
-0.179683
-0.194639
-0.170766
-0.160108
-0.130811
-0.115633
-0.147749
-0.139983
-0.127852
-0.168611
-0.18014
-0.167522
-0.155216
-0.0691583
-0.0694058
-0.0533722
-0.0849167
-0.100558
-0.0732871
-0.0847231
-0.0550555
-0.0605538
-0.0297199
-0.0582851
-0.0914118
-0.0831422
-0.0567295
0.0133181
0.0274252
0.0491948
0.00367143
-0.0105424
0.0226874
0.0485667
-0.330543
-0.51984
-0.119387
-0.0652001
-0.0613597
-0.32014
-0.274405
-0.0101546
-0.00912226
-0.0122063
-0.0220795
-0.0172752
-0.0159598
-0.0190246
-0.0320054
-0.0264644
-0.0359083
-0.032744
-0.039273
-0.0479945
-0.0398548
-0.0759236
-0.088267
-0.0729884
-0.0717462
-0.0838214
-0.0885364
-0.0754508
-0.0860675
-0.090681
-0.099561
-0.0902803
-0.0770981
-0.0927785
-0.0792631
-0.0841511
-0.0813549
-0.0699181
-0.0789894
-0.0964007
-0.0778629
-0.0930673
-0.0861602
-0.0724371
-0.0423072
-0.030173
-0.0224643
-0.0586644
-0.0479191
-0.0433979
-0.0343396
0.145232
0.140583
0.14434
0.162855
0.157267
0.151591
0.155999
103.701
102.247
102.583
103.166
101.916
94.5777
102.654
98.9023
102.985
-3.01824
-1.31619
-3.03962
-3.89649
-3.05433
-0.944718
0.870522
0.941571
0.88877
1.18916
1.70565
1.43782
1.04011
1.02826
1.26958
1.39008
3.41482
-2.25853
-3.22082
4.16641
3.62542
2.4845
2.53009
3.37892
2.50397
4.77935
0.686701
0.716209
0.697669
0.701027
0.678693
0.685584
0.703595
52.3279
31.8936
13.3743
83.4021
42.2856
14.0114
37.9878
35.0027
22.7311
0.789744
0.81183
0.815706
0.736066
0.752538
0.770739
0.778294
0.864306
1.42432
1.69488
0.960407
1.13032
1.03544
0.895519
0.740487
0.729959
0.742365
0.730592
0.735029
0.733961
0.742673
0.728323
0.702371
1.03572
2.19704
1.14069
0.747131
1.88409
1.3796
1.88875
3.31446
1.19318
102.072
102.763
102.967
100.494
103.426
102.779
104.413
103.745
103.69
103.7
102.872
102.509
87.6918
101.581
102.724
103.858
4.36402
4.94374
3.87243
5.3134
3.01533
7.23642
3.23941
1.87481
1.75714
3.59994
2.23707
4.11195
2.26682
3.03602
0.952513
0.96975
0.940838
1.00376
0.987296
0.991022
0.977015
0.953333
0.966026
1.0603
1.08059
1.10398
1.1318
1.11555
1.09263
1.07628
1.2219
1.26225
1.18207
1.37859
1.32554
1.3321
1.29071
1.21958
1.25701
28.9461
28.3869
25.4594
69.487
27.0132
23.6504
41.8507
12.6283
31.9277
52.3663
16.7807
15.6003
13.9606
31.4379
-0.0108755
-0.0208671
-0.0149116
-0.00905417
-0.00363705
-0.0148942
-0.0101675
0.00447984
-0.00283376
0.00382594
0.00345154
0.00909104
0.0126368
0.00653209
0.0305803
0.0218492
0.0241606
0.0346625
0.0329231
0.0266849
0.0278194
0.0517032
0.0499766
0.0562947
0.0545838
0.0533472
0.0617691
0.0642351
0.0594369
0.0602997
0.0445782
0.0414085
0.04605
0.0468637
0.0487097
0.043277
0.0460995
0.0372279
0.0454679
0.0382914
0.0378717
0.0342532
0.0408036
0.0374347
0.0362496
0.0354841
0.0326869
0.038753
0.0424404
0.0385606
0.0368743
0.0150189
0.0159432
0.0199559
0.013898
0.0111706
0.0148169
0.0204721
0.0273581
0.0252144
0.0227906
0.0238131
0.0211539
0.0209504
0.0233182
0.00856493
0.0144054
0.0127243
0.0255672
0.0252192
0.0343146
0.00169323
0.00390889
0.00277563
0.00381615
0.00148284
0.00309247
0.00427149
0.00276734
0.0029858
7.23523e-05
0.00786309
0.00498055
0.00536614
0.00380497
0.00193894
0.000167372
0.00367037
0.00378431
0.00633593
0.00491097
0.00174751
0.00277187
0.00251318
0.00406726
0.00552244
0.00368954
0.000586009
0.00179963
0.00268499
0.00143588
0.00271614
0.00547634
0.0067548
0.004
0.00242352
0.00226849
0.00143693
0.000695867
0.00285636
0.00352456
0.00216313
0.00243608
0.000626277
0.00492948
0.00366168
-0.000915699
0.00173731
0.000415705
0.00188067
0.0041256
0.00267792
-0.00755607
-0.00962768
-0.00904206
-0.0108279
-0.00907975
-0.0126715
-0.00935832
-0.0221117
-0.0152001
-0.0134304
-0.0216217
-0.0225568
-0.0167792
-0.0164415
-0.0265469
-0.0266202
-0.02113
-0.0335653
-0.0273951
-0.0240021
-0.0293446
-0.0846262
-0.0940139
-0.102099
-0.0707375
-0.0667886
-0.129017
-0.146897
-0.133606
-0.140019
-0.117708
-0.150233
-0.129717
-0.195645
-0.221983
-0.223786
-0.215623
-0.253365
-0.226719
-0.19755
-0.331331
-0.369504
-0.387071
-0.341351
-0.387402
-0.280293
-0.293317
-0.426034
-0.302597
-0.383738
-0.242057
-0.241907
-0.34381
-0.388642
0.110279
0.0181573
0.0414558
0.198436
0.176408
0.165938
0.142677
0.0634438
0.0829143
0.340737
0.388598
0.335946
0.386561
0.344008
0.362905
0.312974
0.689758
0.672062
0.670795
0.670717
0.650784
0.661238
0.677799
0.636901
0.628093
0.651027
0.647882
0.64259
0.664951
0.657994
0.645674
0.63211
0.628388
0.611275
0.626951
0.634972
0.622172
0.702143
0.69602
0.708544
0.708989
0.704322
0.717444
0.712391
0.733451
0.737821
0.730698
0.727155
0.72123
0.738629
0.733501
0.733603
0.728004
0.720834
0.727732
0.731783
0.739613
0.731725
0.732032
0.725105
0.728305
0.721104
0.763705
0.778686
0.762491
0.763182
0.757069
0.75628
0.764008
0.753263
0.760838
0.754068
0.766202
0.778139
0.761447
0.762505
0.753815
0.751098
0.834627
0.905241
0.775268
0.826901
0.794083
0.809657
1.98887
1.56863
1.49308
1.45108
2.39015
0.923126
0.744391
0.743998
1.01422
0.732825
0.766462
0.736762
2.60128
1.55984
1.1725
1.07096
3.33442
2.78162
3.2733
4.35885
0.814866
0.658698
0.687201
1.71829
1.10348
0.664769
1.55481
4.29456
1.28134
4.21186
0.657316
1.4059
-7.01177
2.87322
8.36653
-4.33957
-3.03173
-0.490449
-4.44998
102.388
101.729
102.85
90.2626
99.5517
101.695
102
101.528
101.508
100.031
104.104
103.873
103.438
103.257
102.9
101.997
91.4602
102.047
99.8042
105.148
103.783
103.319
101.652
101.736
101.89
101.832
101.777
101.677
101.739
101.842
101.586
102.361
101.989
102.322
101.655
101.667
101.651
101.897
101.985
101.702
101.619
101.093
101.376
101.133
101.081
101.142
100.828
100.875
101.422
102.816
102.486
101.288
101.135
89.2678
100.991
2.31347
1.9701
1.70367
20.2068
0.977698
4.13929
2.64774
1.2969
1.45163
0.40231
1.05835
1.06795
2.86003
0.982575
1.03953
1.00896
1.02993
0.978766
0.965619
0.972283
0.956919
0.926031
0.923025
0.916305
0.92698
0.913537
0.910215
0.921412
0.944902
0.951624
0.955346
0.957967
0.953127
0.960758
0.971407
0.986317
0.990766
0.976274
1.00873
0.996123
1.00246
0.991701
0.981954
0.99209
0.994485
1.01014
0.98998
0.985785
0.972977
0.990731
0.977867
1.00259
0.989047
1.24944
1.21897
1.22859
1.26283
1.23198
1.26351
1.22513
-0.0853438
-0.0783972
-0.0614915
-0.0776643
-0.0545646
-0.0557139
-0.0750988
-0.141605
-0.157634
-0.172829
-0.147819
-0.166591
-0.192079
-0.170732
-0.126552
-0.104914
-0.0916133
-0.0802792
-0.0673792
0.0619872
0.0524966
0.0523731
0.0682023
0.0726672
0.0604356
0.0609072
0.0735094
0.0837779
0.0755179
0.0865268
0.0867072
0.0780189
0.0770923
0.114514
0.121111
0.109299
0.113114
0.108908
0.100425
0.106008
0.089905
0.102295
0.0929162
0.089985
0.0829142
0.0951589
0.0895866
0.0909336
0.0867098
0.0802882
0.0998997
0.0928996
0.091307
0.0874524
0.0616306
0.0721474
0.0708752
0.0689217
0.0810301
0.0758221
0.0708534
0.0677312
0.0796384
0.0698158
0.0685912
0.0715083
0.0761337
0.0509868
0.0444586
0.0508225
0.0522947
0.057423
0.0476511
0.0586575
0.0531114
0.0374699
0.0374708
0.0362212
0.0330155
0.0302616
0.0366031
0.0262491
0.0279164
0.0323655
0.0306445
0.00799537
0.00945514
0.0103481
0.0126288
0.0147574
0.011837
0.0109292
0.00827957
0.0085261
0.00625967
0.0086548
0.0115903
0.00997189
0.00811784
0.00323425
0.00254067
0.00436006
0.00686553
0.0053566
0.00795409
0.00440245
0.00466772
0.00618671
0.00608069
0.00246421
0.00170492
2.84129e-05
0.00246172
0.00220736
0.00147562
0.000828227
0.000184797
0.00156941
-0.00173655
-0.00151774
-0.00061301
4.17837e-05
-0.000959996
-0.000396961
2.9485e-05
-0.000107409
-0.000620221
0.000360073
-0.000730725
-0.00110775
-0.00175686
-0.000464157
-0.00090657
-0.0019225
-0.000936056
-0.00472286
-0.0064206
-0.00488359
-0.00471121
-0.00370619
-0.00393269
-0.00605579
-0.00440146
-0.00330614
-0.0322284
-0.0296644
-0.0335286
-0.0225868
-0.0244949
-0.0270582
-0.0259146
-0.071953
-0.0679482
-0.0639312
-0.0729139
-0.0573554
-0.0675742
-0.0547507
-0.148609
-0.143016
-0.171575
-0.119482
-0.147006
-0.144652
-0.156669
-0.14864
-0.148717
-0.109224
-0.137132
-0.114885
-0.26055
-0.313319
-0.338313
-0.198287
-0.241659
-0.230614
-0.237287
-0.255893
-0.294478
-0.26485
-0.293501
-0.218486
-0.229538
-0.280987
-0.0934211
-0.164349
-0.198167
-0.148605
0.192219
0.170886
0.17312
0.221849
0.215138
0.195186
0.205013
0.277207
0.238962
0.274612
0.280782
0.314412
0.293753
0.266492
0.40455
0.429075
0.397505
0.393171
0.420083
0.360232
0.395851
0.400953
0.370654
0.489472
0.475728
0.506736
0.451566
0.470667
0.489018
0.473867
0.642407
0.634111
0.633475
0.624402
0.6338
0.617759
0.629427
0.667
0.672733
0.679719
0.666742
0.660576
0.658703
0.664786
0.664963
0.671172
0.656303
0.667159
0.675413
0.667279
0.666495
0.659789
0.655214
0.693388
0.702219
0.702404
0.701897
0.711378
0.706558
0.715995
0.687744
0.70267
0.697262
0.733095
0.746748
0.737048
0.760263
0.783656
0.765576
0.876414
0.841867
0.830091
0.815363
0.886102
0.905902
0.957862
101.356
101.592
101.149
101.248
101.809
100.5
99.8243
93.1477
85.3239
99.2003
101.177
101.577
101.329
101.078
101.678
101.664
101.097
100.73
100.817
99.698
100.888
101.316
100.994
101.073
100.962
101.102
102.024
101.069
101.125
101.667
100.064
99.523
100.024
99.8341
99.073
98.1905
2.60149
3.15118
3.78625
6.11933
6.41938
6.53414
4.51296
3.54997
3.64296
2.52901
1.75734
0.490828
2.74881
2.97575
0.942943
0.76478
0.999117
1.04601
0.935196
1.04672
1.21677
1.01386
1.01829
1.02954
1.04004
1.04507
1.02617
1.0285
1.22311
1.22295
1.23188
1.25393
1.24375
1.24711
1.23871
1.37218
1.35771
1.38593
1.37786
1.40115
1.38159
1.36295
1.43666
1.43384
1.49301
1.51884
1.54692
1.46631
1.4602
1.59977
1.61894
1.53002
1.55515
1.56048
1.4864
1.48894
1.17084
1.2422
1.24301
1.28501
1.19627
1.15861
1.23726
0.0834605
0.0855146
0.0647948
0.0812179
0.101368
0.0910977
0.0705077
0.120916
0.107827
0.10481
0.128646
0.138314
0.120256
0.11837
0.13409
0.12846
0.142436
0.147345
0.148485
0.132593
0.137552
0.147728
0.159302
0.153218
0.161344
0.164225
0.156408
0.150623
0.159019
0.170699
0.166181
0.172249
0.17559
0.161018
0.166853
0.128216
0.139845
0.136781
0.131491
0.142289
0.139794
0.150547
0.147913
0.137672
0.176876
0.19562
0.182699
0.177549
0.167787
0.187131
0.178389
0.179559
0.174177
0.165484
0.182857
0.192314
0.180837
0.174788
0.146087
0.158704
0.147758
0.1471
0.137331
0.131752
0.141525
0.107082
0.115645
0.114354
0.127356
0.117445
0.122406
0.114336
0.145257
0.160681
0.151009
0.106412
0.116088
0.111947
0.0818738
0.0876183
0.0893112
0.0559399
0.0597179
0.0625612
0.0637822
0.0611918
0.0707891
0.0660107
0.0553172
0.0587249
0.0529963
0.0536115
0.0613076
0.0385513
0.0399002
0.0416823
0.045827
0.049585
0.0445391
0.0430524
0.044395
0.0535009
0.0515386
0.0422854
0.0418487
0.0495233
0.0489185
0.0292026
0.0297671
0.0350727
0.0257308
0.0304741
0.0320171
0.0267234
0.00127463
0.00481979
0.00292304
5.29676e-05
0.00237166
0.00073273
0.00143254
0.00277456
0.00106912
0.00174032
0.00274374
0.00297409
-0.00567836
-0.0027673
-0.00642249
-0.00623054
-0.0091109
-0.00589266
-0.00843424
-0.000642308
-0.00192222
-0.00303438
-0.0027312
-0.00281914
-0.00330827
-0.00288333
-0.000608191
-0.00032337
-0.00130755
-0.000777278
-0.00137958
-0.0019997
-0.00230391
-0.000898264
-0.0023221
-0.00290897
-0.000347235
-0.000444333
-0.00166091
-0.000796727
-0.00106102
-0.00121021
-0.00102589
-0.00106064
-0.00293363
-0.00186292
-0.000961632
-0.000117937
-0.000401139
-0.000985567
-0.000869323
-0.00168499
-0.000848252
-0.000624016
-0.000947147
-0.00122477
6.70924e-05
-0.00104572
-0.000276327
-0.00010711
-0.000771414
-0.000578186
-0.000593822
-0.00185706
-0.00436973
-0.000933405
-0.00232877
-0.001935
-0.000647909
0.000502696
0.000297626
0.000270688
0.000534777
-0.000564673
9.41634e-05
0.000966405
-0.00107342
0.00398696
0.000851152
-0.00116068
-0.00250145
-0.00315095
-0.00121957
0.000276488
0.437926
1.13369
0.60661
0.349664
0.441634
0.809049
0.433398
0.215567
0.306158
0.251954
0.311105
0.673622
0.222902
0.29289
0.128547
0.108676
0.123953
0.108516
0.103626
0.115653
0.117042
0.0436955
0.0535812
0.0728396
0.059959
0.0685013
0.0530408
0.0647029
0.0572899
0.0353112
-0.0190395
-0.0611265
-0.0276549
0.0256944
3.63656e-05
-0.0316195
-0.00606776
-0.0194463
-0.00414987
-0.0204571
0.0112484
0.00859063
-0.00880475
-0.00842319
0.0607412
0.0842746
0.0768849
0.0991425
0.0789522
0.0844831
0.0664571
0.0733596
0.0544567
0.13706
0.122333
0.114258
0.159453
0.161617
0.14739
0.150455
0.130812
0.12582
0.192921
0.182186
0.165032
0.207374
0.183738
0.201628
0.17991
0.363188
0.368156
0.383642
0.357216
0.341482
0.356435
0.369514
0.361117
0.365746
0.349314
0.388536
0.376902
0.365771
0.374925
0.466781
0.472358
0.484754
0.459488
0.446775
0.46033
0.470626
0.446542
0.459158
0.462121
0.457678
0.447102
0.467556
0.459597
0.506615
0.493757
0.512683
0.518362
0.529449
0.517967
0.508231
0.604251
0.597277
0.598549
0.605777
0.599249
0.594943
0.602035
0.567321
0.556995
0.555415
0.537363
0.549022
0.555913
0.546022
0.608397
0.597282
0.59555
0.582815
0.60937
0.592979
0.648281
0.638164
0.633857
0.637401
0.647965
0.633966
0.628798
0.618231
0.638395
0.629855
0.681004
0.672114
0.667679
0.913524
0.921156
0.994508
0.900726
0.90225
0.93149
0.966945
100.999
101.222
99.1228
101.099
96.6347
82.3853
98.9777
101.216
101.079
100.865
103.267
103.477
103.295
104.061
102.931
101.918
103.851
103.166
103.923
102.969
1.7161
2.22701
2.57732
1.53619
2.43294
4.74343
2.08894
4.78784
3.38789
2.76006
4.24892
3.97173
3.16592
1.94603
1.18273
1.16684
1.18455
1.19688
1.16906
1.16014
1.18122
1.24084
1.25099
1.22792
1.22969
1.23583
1.20949
1.21069
1.21936
1.21743
1.30868
1.27211
1.28815
1.3191
1.29214
1.30361
1.285
1.2577
1.26607
1.23421
1.24635
1.24679
1.2086
1.19709
1.21772
1.222
1.23724
1.22185
1.19079
1.2174
1.20129
1.14276
1.1668
1.16256
1.18147
1.1515
1.10773
1.08909
1.10525
1.06993
1.07387
1.0379
0.216843
0.209261
0.225728
0.213826
0.219491
0.229287
0.233423
0.233563
0.225523
0.240116
0.228273
0.234239
0.241027
0.246447
0.240465
0.25905
0.253073
0.259
0.26926
0.258081
0.247158
0.205817
0.215043
0.215545
0.227313
0.216045
0.221691
0.232551
0.256335
0.271052
0.257225
0.260377
0.271383
0.206778
0.217181
0.216437
0.214234
0.203316
0.274312
0.257981
0.274353
0.264231
0.255703
0.203962
0.21469
0.217732
0.207135
0.199611
0.178667
0.165316
0.174717
0.140831
0.126321
0.13331
0.153809
0.147641
0.178726
0.170646
0.162768
0.159073
0.161409
0.167117
0.172732
0.0959071
0.0988415
0.0994111
0.111863
0.107227
0.107796
0.104039
0.0969387
0.0983548
0.10816
0.103295
0.101723
0.112796
0.112633
0.0566091
0.0588082
0.0630857
0.073258
0.069851
0.0663932
0.0649481
-0.00415446
-0.00811355
-0.011251
-0.00536238
-0.00814032
-0.0094301
-0.0126916
-0.0188817
-0.0171988
-0.0253022
-0.0172864
-0.0168624
-0.0199717
-0.0232191
-0.00200454
-0.000201054
-0.00168114
-6.74032e-05
0.00115314
0.000794865
-0.00125448
0.000528618
0.000950075
-0.00176927
-0.000786888
0.0001787
-0.000469836
-0.0073612
-0.00881516
-0.00506229
-0.00761915
-0.000125091
0.00127707
0.00404139
-0.00105041
-0.00674962
0.00134337
-0.133355
-0.0362624
-0.00660867
0.0102637
0.0446598
-0.0137683
0.581319
-0.233432
-0.196936
-0.404936
-2.70106
0.388892
-0.284111
-0.394431
-1.75834
-1.58749
963.299
2002.32
2663.67
2707.48
2697.03
2613.81
2676.06
0.861192
0.669276
2.96447
3.5588
3.14671
21.1952
43.0337
2.79867
30.935
1.75758
25.6398
11.3229
96.0016
8.06014
-1.07497
-0.895112
-0.599031
-0.336907
-0.275214
-0.141415
-0.477778
3.4504
0.0343255
7.36079
-0.432828
0.438773
4.26103
11.679
0.0922811
0.0851442
0.0914378
0.0899811
0.0863419
0.0888324
0.0930422
0.0712098
0.0778663
0.0725995
0.0723776
0.0684651
0.0666374
0.0726805
0.0703435
0.0663411
0.0614525
0.06571
0.0696449
0.0712574
0.0719512
0.0682935
0.0646919
0.0661184
0.0633431
0.0645632
0.0659033
0.0642477
0.0664073
0.0683966
0.0772511
0.0727882
0.0682758
0.074597
0.0791565
0.0683214
0.0753016
0.147139
0.139124
0.156514
0.161128
0.148459
0.147455
0.160549
0.320695
0.308866
0.326687
0.331486
0.344173
0.331388
0.321
0.386797
0.376588
0.375477
0.37677
0.364899
0.35796
0.371595
0.42673
0.436148
0.4199
0.419941
0.411857
0.417637
0.42582
0.408063
0.416455
0.406412
0.419772
0.431698
0.419708
0.418894
0.409088
0.402911
0.453525
0.465809
0.466112
0.465611
0.4774
0.483919
0.472686
0.465613
0.445701
0.458351
0.523309
0.511562
0.510901
0.50042
0.51161
0.492097
0.504003
0.508284
0.512969
0.495448
0.520859
0.531151
0.518939
0.51082
0.511604
0.52925
0.518571
0.557469
0.573081
0.561884
0.557558
0.562539
0.57398
0.552923
0.54091
0.552966
0.563309
0.962702
0.973648
0.956465
0.953719
0.947354
0.96114
0.955605
0.982887
0.975609
0.993916
1.00968
1.02979
0.858094
0.968626
5.41279
2.46817
7.59563
0.873565
1.15759
3.91526
5.64211
6.03095
5.04456
10.1145
17.4723
9.01348
3.96582
20.6403
107.071
106.309
107.272
106.337
106.595
105.495
107.19
102.69
103.87
104.811
104.951
103.849
103.973
0.321475
0.307629
0.324737
0.320984
0.309866
0.332682
0.324638
0.326908
0.315928
0.330664
0.326818
0.317321
0.337484
0.329669
0.321161
0.335475
0.33191
0.334281
0.341474
0.331388
0.32193
0.341066
0.336569
0.325264
0.345073
0.358536
0.346196
0.337446
0.286737
0.300688
0.299885
0.318301
0.305197
0.310763
0.299181
0.30087
0.280852
0.29409
0.29154
0.27818
0.287329
0.290521
0.297352
0.279348
0.287172
0.283743
0.269522
0.278707
0.290692
0.284483
0.271251
0.278781
0.25626
0.264183
0.271984
0.280274
0.275122
0.266864
0.259914
0.263981
0.268664
0.287622
0.242126
0.25959
0.255132
0.271446
-0.376623
-0.413829
-0.361332
-0.461504
-0.440338
-0.40861
-0.419741
-0.321084
-0.285683
-0.301725
-0.339735
-0.303881
-0.305262
-0.34259
-0.242393
-0.204671
-0.169844
-0.229649
-0.234339
-0.16984
-0.234521
-0.275724
-0.30234
-0.363422
-0.243034
-0.332668
2384.25
1299.34
2405.68
1995.75
546.695
142.142
2210.51
0.345717
5.73723
10.5056
0.472363
0.710887
0.176688
4.63776
0.52233
0.487572
0.736203
0.916267
0.735571
0.766038
1.33305
-0.492311
-0.453034
-0.449182
-0.105266
-0.0702236
-0.0953073
-0.0603964
-0.0807722
-0.0753258
-0.08843
-0.0396292
-0.0171841
0.011808
-0.00830214
-0.0295056
-0.00038817
-0.0191331
-0.0235509
-0.0633277
-0.00253773
0.000800395
0.00139466
0.00303399
0.0041152
0.00330357
0.00405209
0.0415697
0.0470636
0.034231
0.0345594
0.0392447
0.031771
0.0258292
0.0751112
0.0732307
0.0702906
0.0765507
0.0716835
0.0723726
0.0770798
0.090803
0.0879773
0.0968132
0.0984437
0.0913828
0.092173
0.0979801
0.117866
0.118934
0.12889
0.118857
0.112344
0.114826
0.122044
0.160721
0.170051
0.159007
0.161927
0.149591
0.16334
0.152547
0.167412
0.158006
0.165598
0.171352
0.174707
0.167226
0.172538
0.179228
0.176835
0.288416
0.294154
0.306494
0.274659
0.286674
0.284985
0.295061
0.315908
0.331645
0.32685
0.303459
0.291934
0.291675
0.281791
0.292193
0.273797
0.286177
0.349609
0.334999
0.337775
0.334846
0.348748
0.315247
0.381632
0.376182
0.3955
0.370627
0.359002
0.377402
0.381185
0.393523
0.381861
0.371876
0.426844
0.420376
0.438192
0.411114
0.402107
0.415334
0.421504
0.414759
0.411736
0.402929
0.524962
0.539895
0.518391
0.514626
0.498945
0.527238
0.513931
0.970859
0.98943
0.981669
1.00955
0.996143
0.957426
0.968334
0.952397
0.948605
0.954779
0.966477
0.958468
1.04231
1.03249
1.03612
1.03011
1.04884
1.03669
1.0499
0.992501
0.97741
0.98672
1.00953
0.996683
1.0621
1.05466
1.06654
1.10602
1.193
1.04198
1.07581
1.04014
1.04379
1.02847
1.02286
1.02776
1.03508
1.03795
1.64999
1.50928
1.34531
1.83356
1.71075
1.82035
1.07702
106.619
105.707
105.85
106.573
105.926
106.297
105.602
106.269
106.428
106.226
106.752
106.193
107.041
106.21
105.694
106.95
105.63
105.624
106.015
105.024
105.137
104.542
106.189
105.318
106.954
107.006
0.428203
0.437306
0.427254
0.422029
0.409734
0.416864
0.427817
0.42791
0.433864
0.44399
0.400865
0.3891
0.384474
0.390011
0.402122
0.380456
0.394068
0.518571
0.530109
0.52587
0.548468
0.553445
0.545605
0.538089
0.455756
0.452422
0.476338
0.479692
0.460128
0.464642
0.484177
-0.0452645
1.36571
0.0514358
1.24516
0.81793
-0.260069
0.254481
-0.199614
-0.364397
-0.108121
-0.563933
-0.334994
0.057439
1.48001
0.577573
-0.677905
-0.0468873
-0.899074
-1.35557
-0.992505
0.579642
0.115852
-0.570867
1.3887
0.393786
-0.725803
2.64641
0.234641
0.655314
0.613916
1.28187
1.2537
3.07934
1.38612
0.279286
0.245328
0.309622
0.243319
0.22118
0.246708
0.156182
0.174496
0.148625
0.144599
0.566827
0.487478
0.430507
0.874085
1.05164
0.559336
0.64696
0.0213498
0.0392282
0.0321057
0.0420438
0.0581625
0.0505492
0.0366531
0.00293079
0.00587325
-0.00273026
0.00677758
0.00396549
0.00826554
0.00335862
0.008317
0.00634587
0.011255
0.00458348
0.00103565
0.00607398
0.0071924
0.00803807
0.00192996
0.0108411
0.00549803
0.00697958
0.00391142
0.00126353
0.00432
0.00640617
0.00674844
0.00789203
0.00846298
0.0394821
0.0443898
0.0463697
0.042495
0.0468343
0.0554251
0.0508044
0.0522283
0.0486402
0.132074
0.123947
0.123316
0.130931
0.121235
0.125359
0.133752
0.15618
0.164911
0.154154
0.163915
0.15716
0.158691
0.151477
0.193478
0.1831
0.181982
0.174458
0.184056
0.167586
0.177503
0.207333
0.216734
0.217639
0.227432
0.216698
0.221338
0.231139
0.200805
0.216663
0.210988
0.251133
0.266751
0.249671
0.255374
0.246115
0.236956
0.296478
0.291817
0.306436
0.304013
0.316995
0.316284
0.301095
0.314014
0.319619
0.307797
0.534288
0.554305
0.570003
0.571688
0.557735
0.594845
0.579831
0.645801
0.637311
0.618308
0.629636
0.621367
0.596531
0.608871
0.684281
0.669297
0.679193
0.712492
0.714942
0.696245
0.702196
0.778396
0.747339
0.753446
0.761235
0.726577
0.777949
0.750055
0.932799
0.905852
0.921205
0.896597
0.902258
0.925704
0.916729
1.04396
1.05298
1.0557
1.05995
1.08253
1.08024
1.0623
0.947213
0.971475
0.972391
1.00034
0.973274
1.11073
1.10783
1.0868
1.11597
1.13862
1.12174
1.10261
1.06005
1.0374
1.04359
1.02171
1.03463
1.03342
1.046
1.09556
1.07295
1.07975
1.1113
1.10358
1.08599
1.09087
105.324
104.724
105.595
103.623
103.586
103.498
103.857
103.026
103.724
102.95
104.331
104.352
104.66
103.802
104.77
103.664
103.216
103.43
103.645
103.242
102.612
103.199
103.737
103.38
104.123
104.403
0.548862
0.56307
0.562043
0.564935
0.576507
0.557545
0.568264
0.505945
0.513688
0.504323
0.496444
0.504941
0.490147
0.499841
0.467111
0.467708
0.457303
0.482676
0.472725
0.476267
0.467103
0.506388
0.510108
0.520431
0.450733
0.461426
0.466726
0.452345
0.465498
0.464741
0.469594
0.462827
0.462558
0.452703
0.484617
0.490954
0.47629
0.466976
0.45767
0.476565
0.468965
0.489493
0.482163
0.652504
0.539378
0.570858
0.502013
0.553039
0.607517
0.693102
0.470512
0.36534
0.347399
0.56606
0.347283
0.291115
0.309159
0.0569571
0.059811
0.0613324
0.0635847
0.0635072
0.0591629
0.0604573
0.00853615
0.011164
0.00775391
0.028855
0.0353559
0.031701
0.0275342
0.0329199
0.034962
0.0312992
0.0082627
0.00326948
0.00827959
0.012081
0.0161009
0.00882109
0.0038634
0.00921503
0.0124814
0.00621524
0.000909993
0.00630893
0.00138235
0.00500407
0.00418737
0.00603394
0.0061422
0.0085555
0.00756622
0.00901662
0.00838315
0.0114352
0.00607741
0.00130404
0.00867139
0.010236
0.00589048
0.00674057
0.0035225
0.00676259
0.00746864
0.00338647
0.00847842
0.0107097
0.00760856
0.0722829
0.066721
0.070561
0.0713561
0.0747588
0.0723818
0.0671671
0.125532
0.139298
0.129322
0.130507
0.122575
0.111968
0.155703
0.163662
0.153103
0.150486
0.143414
0.15762
0.14895
0.142098
0.189255
0.183712
0.196542
0.195944
0.189501
0.200313
0.199191
0.190677
0.188222
0.198473
0.202743
0.196629
0.20668
0.208099
0.211392
0.198673
0.205485
0.245708
0.237592
0.242507
0.232138
0.242731
0.230896
0.240658
0.235544
0.235684
0.240387
0.226557
0.22062
0.223599
0.229188
0.261123
0.274339
0.276194
0.294888
0.280739
0.272982
0.284407
0.232866
0.248461
0.241502
0.228146
0.242987
0.246098
0.232677
0.351482
0.377191
0.357964
0.327097
0.346552
0.360378
0.343508
0.334059
0.301945
0.31331
0.308709
0.330662
0.340523
0.315316
0.434865
0.415352
0.407238
0.415742
0.39974
0.378115
0.400255
0.413402
0.431042
0.396118
0.378883
0.353878
0.446578
0.476577
0.492976
0.541202
0.513957
0.43743
0.465432
0.482322
0.507115
0.496967
0.517731
0.476099
0.477445
0.446918
0.477024
0.496455
0.46907
0.446793
0.659673
0.672043
0.688174
0.735056
0.740115
0.712304
0.705564
0.882112
0.908816
0.873078
0.957908
0.975915
0.94485
0.935146
0.934285
0.884284
0.920003
0.871734
0.871088
0.909087
0.919602
1.07474
1.03262
1.05328
1.0203
1.03674
1.05071
1.07043
1.09814
1.12685
1.14856
1.19004
1.16234
1.15059
1.12705
1.20628
1.2077
1.22362
1.21395
1.21864
1.22858
1.23379
103.14
102.691
103.512
103.292
103.736
103.424
102.749
104.178
103.809
102.632
103.25
103.153
103.954
102.039
104.108
104.056
103.996
103.658
103.29
101.843
102.711
102.06
99.0236
101.535
100.912
102.234
101.514
104.927
104.934
103.296
106.232
103.11
103.846
105.373
6.06662
1.81597
3.51016
1.15254
2.04578
0.604708
5.6259
3.62832
2.49054
3.54283
2.92671
4.85794
4.32385
2.23595
1.36864
0.843794
2.43046
1.18121
0.869789
2.54079
2.44143
1.31329
1.78238
0.799525
0.793142
0.81723
0.808755
0.808317
0.83723
0.847045
0.842409
0.84128
0.711664
0.727483
0.716271
0.690589
0.708355
0.720667
0.715438
0.673802
0.681979
0.681267
0.679691
0.670278
0.68256
0.671653
0.620317
0.609554
0.609956
0.625494
0.628024
0.614536
0.614963
0.596839
0.603496
0.598699
0.598819
0.590579
0.593838
0.600412
0.569873
0.559394
0.569354
0.575257
0.5674
0.570721
0.578221
0.55345
0.56076
0.561339
0.561019
0.566453
0.556038
0.56179
0.559718
0.553301
0.562201
0.571598
0.565405
0.528594
0.536045
0.538202
0.536031
0.542323
0.541355
0.549269
0.525124
0.534576
0.535621
0.532992
0.525194
0.566338
0.56679
0.55772
0.568192
0.575424
0.569862
0.563066
0.610558
0.610291
0.620445
0.60872
0.604311
0.606228
0.612781
0.638101
0.636311
0.641984
0.626407
0.627392
0.629646
0.632469
1.16846
0.63481
0.614381
0.821724
0.966887
1.28481
1.03441
11.628
7.43454
10.9574
10.6533
5.59078
12.737
8.5907
5.22961
9.94697
9.62121
3.65047
5.43136
4.26813
4.88219
6.99497
6.05354
10.8043
10.2196
8.15925
10.418
0.691765
0.705983
0.695974
0.697497
0.686979
0.689934
0.692425
0.707532
0.713678
0.709676
0.699361
0.713934
0.710059
0.715786
0.712685
0.713496
0.723648
0.707832
0.704582
0.708045
0.714215
0.77818
0.876457
0.817257
0.830675
0.893644
0.900861
0.831178
1.06564
1.01909
1.0642
1.05776
1.00945
1.01894
1.07911
0.645505
0.843842
0.762874
0.835421
0.75076
0.787253
0.950745
0.784292
0.899705
1.08182
1.02729
0.984032
1.35078
1.24397
1.23876
1.33266
196.401
173.953
919.505
154.676
197.683
129.796
397.267
216.746
191.177
52.0762
30.1153
73.6764
78.5869
167.689
245.346
292.054
1348.96
1019.84
447.103
952.864
103.917
22.6059
111.513
22.823
17.4503
39.6146
15.3319
47.6024
6.87291
6.55201
5.24006
8.9666
4.04961
-0.291699
-0.0526136
-0.225931
-0.305459
-0.322367
-0.177817
-0.267569
-0.245061
-0.2276
-0.111939
-0.22672
-0.299503
0.0511079
0.0537574
0.053035
0.0623275
0.0605891
0.0596002
0.0602396
0.067837
0.0695278
0.0693163
0.0728699
0.0700331
0.0679862
0.0706818
0.0669507
0.0649282
0.0664175
0.066417
0.0646662
0.0671428
0.0676599
0.0560583
0.0631264
0.0612857
0.0625712
0.0592496
0.055912
0.0608193
0.047134
0.0543162
0.0482718
0.0472203
0.0398089
0.0298476
0.0376865
0.0313935
0.0285386
0.033991
0.0374898
0.0318742
0.0136479
0.00892435
0.00971634
0.0169428
0.0121998
0.0122301
0.0168389
0.00113689
0.00543637
0.00685732
0.0099042
0.0168099
0.0121124
0.00411563
0.00841625
0.00640227
0.0112898
0.0149297
0.009845
0.00435821
0.00473291
0.00137016
0.00571725
0.00870576
0.018513
0.0128002
0.0100706
0.00725914
0.00122399
0.00665167
0.0053255
0.0389081
0.0286151
0.0341939
0.0350192
0.0291364
0.0341951
0.0385945
0.0303386
0.0236626
0.0318522
0.0308627
0.0395492
0.0339008
0.0407273
0.0300609
0.0184419
0.0263917
0.0545947
0.0651403
0.0539203
0.0580034
0.0510855
0.0430407
0.0675092
0.0741483
0.0746312
0.0843956
0.0775337
0.0654205
0.0716164
0.0775044
0.0731017
0.0749565
0.0839213
0.0736269
0.0734593
0.06727
0.0771132
0.0719811
0.142835
0.130718
0.130438
0.12229
0.129457
0.133214
0.125295
0.143789
0.140062
0.139786
0.130621
0.134629
0.131673
0.136771
0.137107
0.149185
0.140112
0.141899
0.132348
0.144669
0.134047
0.172573
0.158409
0.168916
0.148755
0.152911
0.187445
0.189053
0.179475
0.179763
0.191507
0.187364
0.176504
0.173434
0.175641
0.178251
0.160947
0.158717
0.163423
0.165982
0.195219
0.208631
0.207777
0.225
0.209686
0.21745
0.205254
0.137241
0.133233
0.151379
0.121563
0.147394
0.179434
0.19739
0.201593
0.172794
0.168276
0.187399
0.18983
0.217968
0.218917
0.199994
0.209814
0.227782
0.218167
0.201375
0.103898
0.106376
0.139215
0.105692
0.0787321
0.0927321
0.121289
0.072356
0.110986
0.0838119
0.121325
0.0548061
0.0806777
0.0325552
0.0863954
0.0445321
0.191912
0.187741
0.170369
0.137595
0.132219
0.16223
0.161947
0.114451
0.0584715
0.137644
0.0945393
0.177573
0.220838
0.193756
0.220767
0.162228
0.152092
0.165344
0.176616
0.16869
0.270933
0.291131
0.255634
0.327471
0.386473
0.317579
0.84276
0.855891
0.782269
0.747318
0.757859
0.807863
0.810538
1.09235
1.17107
1.12085
1.33125
1.26126
1.23253
1.1967
1.10573
1.14662
1.05192
1.02715
1.00633
1.09008
1.06859
1.5098
1.43223
1.4997
1.43456
1.50058
1.4797
1.53975
1.28648
1.2006
1.26737
1.36891
1.27899
1.26466
1.21986
1.26759
1.2278
1.26602
1.25855
1.29353
1.37122
1.42346
1.39456
1.33994
1.3537
1.38603
1.36872
101.974
102.91
101.089
100.251
99.5543
100.424
100.489
98.2875
100.584
98.6538
99.9672
100.915
99.2232
101.014
100.599
101.052
102.129
100.948
100.979
101.564
99.9859
99.45
98.9418
98.7004
100.23
97.9946
0.593114
0.613178
0.591874
0.590247
0.603003
0.593967
0.594992
0.581008
0.582456
0.578067
0.590312
0.583425
0.58666
0.581627
0.594571
0.591843
0.591762
0.641881
0.609831
0.575155
0.579434
0.581417
0.596623
0.602502
0.593085
0.587302
0.682062
0.622574
0.597006
0.674236
0.641191
0.656056
0.635515
0.641427
0.628552
0.660164
0.584682
0.574934
0.571765
0.591191
0.612086
0.59647
0.719349
0.637227
0.715281
1.20876
2.84395
1.95909
1.31854
1.2111
2.08351
4.84725
4.14737
3.21177
3.58503
103.907
102.398
104.221
101.175
103.668
103.73
103.868
103.799
103.612
103.951
103.59
104
104.114
102.782
103.733
103.588
103.46
103.971
92.9927
102.342
104.093
103.29
102.914
101.005
100.807
100.304
101.769
98.6902
101.697
100.463
99.1158
88.4464
100.466
1.22553
0.941383
0.173714
2.39989
2.30376
1.02205
1.68093
1.50765
0.906826
0.972662
1.08624
1.27984
0.841827
0.804509
0.848995
0.871624
0.855617
0.911154
0.857513
1.05823
1.01622
1.07789
0.87525
0.904825
1.10355
1.12599
1.08979
1.09693
1.07562
1.11979
1.09918
1.16065
1.15869
1.14766
1.18124
1.19173
1.1821
1.17227
1.18782
1.14978
1.19111
1.22347
1.18779
1.19962
1.17268
1.22519
1.18071
1.20719
1.22282
1.24622
1.26247
1.24745
1.29438
1.27722
1.28137
1.31537
1.31516
1.33702
1.41272
1.39421
1.38824
1.45173
1.44961
1.39837
1.64877
1.6812
1.69341
1.72542
1.66122
1.69726
1.65148
-0.26261
-0.313206
-0.290259
-0.159502
-0.162325
-0.218443
-0.19757
-0.0594325
-0.105616
-0.0709477
-0.12143
-0.0879413
-0.0608161
-0.0827404
0.0237156
0.0343941
0.0589205
0.0603052
0.0295843
0.0334705
0.0643355
0.0385297
0.0168426
0.029507
0.0085119
0.0208127
0.0270551
0.0367193
0.0879801
0.0954639
0.0899253
0.0896365
0.0974197
0.0986499
0.0922802
0.123561
0.113549
0.123016
0.120487
0.13109
0.115296
0.125636
0.0940476
0.103156
0.0968658
0.103398
0.106189
0.0988683
0.0952345
0.09401
0.0951867
0.0893883
0.0847275
0.0949447
0.0923066
0.0848654
0.071842
0.0659616
0.070443
0.0741472
0.0785338
0.0706232
0.0649569
0.0717258
0.0743726
0.0842987
0.0749629
0.0758269
0.0836846
0.0769224
0.0741335
0.0784858
0.00714143
0.0107052
0.00619786
0.00503689
0.00476005
0.00695565
0.00808982
0.0130888
0.00778339
-0.000594387
0.000684309
0.00906162
104.297
101.568
103.609
103.51
103.921
102.096
105.426
106.354
103.358
105.184
104.54
105.182
103.65
103.685
104.701
103.995
103.291
96.175
103.164
102.876
99.18
84.2147
0.00853988
0.0178778
0.00777049
0.01068
0.0150344
0.0167482
0.0108671
0.0167221
0.00891583
0.0132552
0.00143976
0.00295145
0.00639847
-1.91764
-0.972204
-1.18919
-0.725165
3.26565
0.745576
-0.486958
2809.07
2783.62
2836.95
2786.53
2751.35
2862.07
2842.31
2867.13
2859.64
2858.77
2848.6
2864.74
2792.85
2836.11
0.33986
0.0438181
0.248553
2736.06
2831.92
2767.97
2769.51
2777.37
2772.71
2768.61
2768.6
2778.42
2793.6
2806.49
2777.36
2760.75
2770.97
2773.42
2778.5
2766.85
2761.62
2770.87
2775.05
2754.37
2776.35
2772.06
2781.75
2767.16
2762.43
2757.45
2765.22
2770.77
2766.09
2767.61
2794.79
2783.28
2769.86
2761.62
2734.43
2764.04
2760.89
2768.76
2759.63
2764.46
2775.48
2766.04
2766.14
2716.72
2759.87
2775.69
2370.04
1841.73
2829.16
2846.57
2833.22
2851.2
2759.7
2805.7
2826.65
2868.31
2859.52
2863.64
2842.84
2839.73
2789.65
2841.2
-1.84883
-1.37416
-1.32327
-1.31167
4.94773
1.77718
-1.0024
2777.84
2795.99
2759.19
2830.12
2812.35
2828.23
2793.1
2849.11
2879.13
2816.2
-0.0343781
0.732738
-0.327459
0.00323288
0.00493745
0.00343384
0.00384875
0.001787
-0.00301917
0.00342101
0.00250094
-0.00291821
103.017
103.838
104.795
105.566
104.883
104.12
107.174
108.091
105.296
106.604
104.366
107.185
73.7395
99.6673
104.048
0.00102865
0.00787521
0.00201573
0.00105772
0.000932328
0.00258379
1.33283
0.275334
0.401293
-0.00709218
1.2538
0.833938
0.308506
1.07057
0.0615397
0.0529046
0.296811
0.0771428
2359.31
2282.66
2158.01
2227.46
10.7691
10.1864
1226
828.061
1.42264
1.57576
0.403358
0.613578
0.974514
0.938839
1.87145
1.25061
-0.0657404
-0.0584767
-0.0533481
-0.0470092
6.50485
3.20521
20.2557
6.12887
4.33828
2.61906
1.46073
0.935178
0.384105
0.403813
0.486278
0.492647
0.0276054
0.0514223
0.0177671
0.0376573
0.245491
0.529093
0.571814
0.700441
0.0248602
0.0307214
0.0249812
0.0376033
-0.0113146
0.00412896
-0.0126501
6.79882e-05
1.06133
0.988318
0.984286
-1.04508
-1.30248
-0.719741
-0.744859
1.77348
1.83067
1.64619
1.68007
0.628868
0.784796
0.675968
0.883695
0.16173
0.181546
0.133389
0.152827
0.170697
0.177296
0.192399
0.208138
-0.373975
-0.51393
-0.283054
-0.359087
0.552108
0.551077
0.515882
0.516743
-0.276986
-0.327152
-0.138445
-0.155257
-0.0134027
-0.0127633
-0.00878402
-0.00904694
1.02342
0.997319
0.972297
0.945551
1.1376
1.15093
1.11518
1.12987
-0.0192538
-0.038092
0.0138472
-0.00522468
0.622489
0.597848
0.617903
0.593371
0.494374
0.485539
0.533739
0.521453
1.65166
1.66291
1.57056
1.60363
0.277401
0.282011
0.301724
0.300683
0.0632657
0.0769802
0.0649293
0.245413
0.249049
0.227547
0.228911
0.967986
0.931325
1.0291
0.928085
2.48902
-0.137163
2.43342
4.41313
0.0908825
0.096611
0.0769712
0.0842717
1.24572
0.947537
2.15112
1.50783
0.769598
0.763624
0.761886
0.756177
0.610282
0.593396
0.610724
0.594819
0.0693189
0.0635329
0.0743813
0.0672026
0.0416455
0.0427578
0.0308457
0.0335226
0.0212024
0.0162854
0.0186211
0.0154925
0.0526407
0.0359086
0.0150434
0.0141807
0.565464
0.550246
0.566616
0.551971
5.74502
3.89106
2.14672
2.48882
0.0209183
0.00492088
0.0411776
0.0444304
0.14116
0.149587
0.150229
0.248304
0.223516
1.02716
1.02609
1.00028
0.995754
1.14402
1.11298
0.0311782
0.00577749
0.00844818
0.248729
0.241604
0.21628
0.221377
1.16969
1.12741
1.17808
1.42489
1.41751
1.37061
19.0991
8.23747
-1.16098
0.839575
1.20742
0.684783
0.83158
0.724043
0.0412424
0.0441636
0.0293417
0.0369653
0.0144904
0.0133012
0.0110638
0.00705815
0.0335452
0.0254748
0.847984
-0.774098
0.130555
0.0354388
-0.0330721
0.100287
98.7039
0.168722
1.70768
0.923919
0.771043
1.04287
9.5373
0.644333
2084.79
0.382584
0.281499
0.11059
0.619282
1.90395
6.81762
-0.447472
0.136085
1.1789
-0.0900265
1.02632
0.24827
-0.217078
0.153935
0.28968
0.110853
0.0681128
4.97423
0.180945
102.598
1.1052
-0.793098
0.0798956
0.201608
0.17431
2.6872
-0.645477
4.63846
3.8391
5.03075
-0.0615008
106.999
96.2043
9.30627
0.739332
3.26682
2.39585
0.34167
0.997144
4.9455
9.22022
4.44333
0.738968
0.730998
0.716597
1.4374
0.711175
0.73642
1.36019
0.753421
0.758983
0.750366
0.727702
-0.0518753
0.788816
0.801649
0.0738951
0.764161
0.826043
0.754247
1.09564
0.0798601
0.73084
0.755746
0.710273
0.751594
0.781066
0.336054
0.749949
0.739238
0.777798
0.79455
-0.450547
0.719268
0.760481
0.738358
0.764131
0.967461
0.747589
1.22444
0.784463
0.870868
3.21884
0.744895
1.34166
0.817561
0.798616
0.796457
0.787534
0.803212
0.854536
1.07131
0.823581
1.14523
0.726769
0.8469
0.547931
0.910938
0.900155
0.917936
0.840284
0.841598
0.854546
0.872074
0.697291
0.895114
0.913329
0.882491
0.901477
0.926459
0.877142
0.838814
0.0765519
0.013576
0.888895
0.0863987
1.19456
5.38435
0.77362
9.74689
1.16405
2.75464
1.43449
0.0975172
5.03178
0.914578
1.66908
1.15592
1.25409
3.01143
0.641668
90.0205
95.1402
-0.16887
89.651
0.116181
0.893192
11.4826
0.835122
1.70589
-0.000296379
-0.00354137
0.0997296
0.931105
0.331189
0.600179
1.39274
0.580035
8.97196
3.29602
15.4292
0.874901
0.577452
-0.172253
0.835349
0.850888
0.00553518
99.8253
0.0199835
107.22
1.53721
9.73015
4.80263
0.96586
2.49998
2.56463
1.07951
1.21161
1.07344
0.937361
0.922104
0.930523
0.886262
0.908449
0.857714
0.852159
0.877835
0.0598194
0.0971586
0.948804
0.526381
-0.0249328
1.09159
1.06792
0.930635
14.3631
0.504909
1.04934
0.248996
1.0265
1.00258
1.06475
1.01454
96.109
0.395971
0.988101
0.944165
3.42905
1.10287
1.06935
0.983495
0.376333
1.35479
1.44165
1.90077
0.61587
1.17079
0.0540817
1.22871
0.171668
1.16173
1.16373
1.15903
1.08177
0.0976474
0.00901131
1.29541
1.18303
1.21323
1.18081
1.18371
1.2773
1.16992
1.18758
1.37571
1.20958
0.742086
1.11425
1.17761
1.29932
1.28987
1.27256
1.23858
4.09889
6.19356
3.36022
1.40979
4.29247
1.20442
1.20397
2.38757
0.920262
5.96003
4.70157
3.12656
0.657391
0.159241
102.042
0.398225
1.55637
1.54546
9.32057
1.59942
5.40116
4.9435
7.96992
2446.02
5.66721
1.06791
5.15011
1.58115
-0.625431
-0.482603
0.176484
0.141731
0.540993
0.0490322
1.05114
1.19664
-0.155756
-0.19208
0.544814
1.50375
0.84885
0.29956
1.05492
2.17714
0.245148
0.187585
1.65989
2.19138
1.71767
3.51269
91.4872
1.94157
5.59275
1.36933
3.90249
1.94127
1.89293
1.40484
1.47325
0.472892
1.51018
1.76745
2.63302
1.37363
0.0881105
1.56293
1.42555
0.12624
1.12946
1.31154
3.32197
0.540463
1.25707
2.33992
0.0932225
1.62979
1.58787
1.44686
1.18991
0.0223783
1.24159
0.600559
0.352147
4.43258
1.41061
1.15267
1.60783
0.726738
0.6815
1.29145
1.3213
1.32727
0.92549
1.75234
0.209806
1.14735
0.0458149
0.164746
0.0320209
10.857
1.45009
10.7794
0.0262657
0.52211
4.46715
1.38498
0.422159
1.53584
0.378242
1.21256
0.447989
0.0122935
1.9467
1.31158
1.0324
1.0194
0.289631
1.20999
1.30204
0.859481
0.900215
1.04169
1.18967
0.881689
0.969631
0.847942
548.899
1.19005
0.882692
0.813115
0.215591
0.496574
0.656391
0.846605
1.13078
0.643567
0.844586
0.8634
0.900695
1.0297
13.0233
1.01998
0.525119
1.86458
0.403712
0.600485
0.871135
-2.78059
0.686379
0.407633
-0.0448789
0.538639
0.208609
0.366119
0.30765
0.28414
0.210209
0.253076
0.532899
-0.0158372
0.457353
0.0473415
0.625155
0.0639066
0.591768
1.17715
0.394657
0.489545
1711.83
0.30457
0.342466
0.602498
0.532834
0.558937
0.360272
0.487613
0.416881
1.85716
0.431281
0.407492
0.764697
0.425087
0.36281
0.342122
0.761903
0.783854
0.782337
0.826854
0.0381012
0.211717
-0.340164
0.372471
0.8223
0.775885
0.826449
0.782585
0.312332
0.685343
0.720045
0.736318
0.760343
0.801694
0.764038
0.711487
0.832442
0.815491
0.647986
0.738194
0.851894
0.577097
1.00251
0.560213
0.639849
0.382744
0.659938
1.12042
0.698901
0.666664
0.0850954
-0.595133
0.743197
0.797143
0.734852
0.66046
0.676357
0.711553
0.689665
0.680025
8.35006
0.353121
0.807454
0.811444
0.677228
0.821449
-0.2397
0.689967
-0.101451
0.621379
61.6281
1.11981
0.0373486
0.586999
0.57658
0.630976
0.556061
0.565986
0.603644
0.731718
0.603471
1.3479
0.633113
0.632968
0.567448
0.371644
0.558233
0.136404
0.668287
0.617276
0.667642
0.587001
0.673831
0.680919
1.33899
0.826401
0.52197
0.411892
0.462779
0.42489
0.457817
104.39
1.19496
0.479047
0.512351
0.366526
0.412666
0.42569
0.512154
0.758127
0.521483
0.529624
0.404619
2629.56
0.967511
0.769349
0.532995
0.422897
0.423946
0.740747
0.476522
0.382805
-0.581994
0.362913
0.37928
0.368781
0.707561
0.16379
0.804886
0.405536
-0.818508
0.383621
0.345619
0.0479913
0.37295
0.278341
0.291918
0.406868
0.323906
0.325636
0.47325
0.317236
0.250499
-0.0419627
0.470443
0.48848
0.207961
0.317736
0.195226
0.25255
0.761052
0.256153
0.0103764
0.766583
0.751523
0.0215946
0.586486
0.191243
0.212036
0.296311
0.0193366
0.192442
0.181032
0.146464
0.101903
0.104948
0.0933003
0.654813
0.284398
0.132481
0.50549
0.119651
1.12515
0.0695738
0.149128
0.0932995
0.0989261
0.109867
0.107648
0.176253
0.382351
0.214687
0.119815
0.111
0.151094
0.174622
0.0331438
0.0897725
0.088362
0.0748559
0.080069
0.125045
0.105361
0.105016
0.270283
0.0368339
0.0687773
0.0697238
0.0791279
0.087406
0.145266
0.0691277
0.0666427
0.0624577
0.117259
0.110612
0.129028
0.073077
0.0594147
27.9091
0.0702407
0.0865409
0.64117
1.29707
0.49148
0.165205
0.674072
0.209753
0.461913
0.306122
0.287789
0.40985
0.261928
0.327171
0.265478
0.335274
0.236437
0.255408
1.35606
0.0627447
102.505
0.218772
0.200435
0.0801986
0.101731
0.238128
0.146776
0.430466
102.673
96.62
-0.0347158
-0.606157
0.0126575
0.0321327
0.0472139
0.0261391
0.253107
0.559717
0.230129
0.0493701
0.0364319
0.0255555
0.0524934
0.0453654
0.024945
0.0647333
0.0508285
0.0606683
1.17744
0.0279841
-0.0265316
1.07768
0.0977365
0.0860547
1.04942
2.41644
0.0159219
0.161926
0.161428
0.198813
0.0544486
0.106919
0.0949868
0.0569151
0.122911
0.0464133
2.64225
0.0657597
0.234107
0.0750527
0.073428
0.0428865
0.0474991
0.0614397
0.0649224
0.0569745
0.0699247
0.0809891
0.0561727
0.0428315
0.944056
0.603837
0.0770979
0.213907
1.09717
-0.0331146
0.0267565
1.15112
0.0619504
0.120005
0.274855
0.0412843
0.012377
0.0641072
0.0123047
0.0122622
0.385441
0.0154507
0.143682
0.0576037
1.24068
-0.104309
0.0128117
0.0326532
0.0453073
0.0499326
0.0312985
0.459852
0.0117203
0.0241422
0.0504782
0.0629075
0.703528
0.0288825
0.0585055
0.0144987
0.0584271
0.298692
0.0858749
0.0849423
0.0921501
0.0923659
0.067113
0.0741151
0.118912
0.096729
0.0405408
0.0271967
1.11016
0.244442
0.20371
3.30935
2.54146
0.0761199
0.0131961
0.996737
0.0337666
0.248254
0.237894
10.0011
5.27721
3.50413
103.741
1480.28
2228.44
49.0315
1689.32
2222.89
0.218673
0.565504
98.3554
1.12697
-0.113496
0.128219
0.0880752
-0.00321405
0.376618
1.4743
-0.0330465
105.927
0.0143806
0.0807204
0.0284191
-0.0652414
1.03127
2753.55
2836.5
-0.0496671
-0.130166
5.61685
-0.0757998
-0.148345
-0.144151
0.11458
-0.026056
-0.0862267
0.33189
0.280972
-0.00712283
-0.547214
0.744832
0.665272
0.1643
0.00610205
0.0562601
0.0284943
-0.00722731
5.28941
0.262921
-0.00406583
0.0187123
0.0530753
0.0687339
0.0340768
0.0465134
0.0423962
0.0565161
0.0673697
0.0644966
0.0325059
0.0751117
0.0694701
0.109453
0.979337
0.13383
0.0754361
0.0745224
-0.398642
0.0896253
0.0671445
0.114498
0.568363
0.0265232
0.167483
0.114407
-0.0350505
0.0172669
0.367951
0.250623
0.0348664
0.101392
0.752728
-0.0127813
0.24788
-0.0520623
0.545633
0.106438
1319.83
1460.65
0.139504
0.499248
0.614254
0.175678
0.33263
0.114203
1.10559
1903.86
0.451515
1.55243
1071.57
0.721813
3.74511
0.0253068
-0.743316
1562.71
26.0073
0.330803
0.730488
-0.72931
-0.229667
-0.217021
0.032229
0.22129
0.028014
0.569318
-0.480038
-0.113121
-0.710959
1758.27
1.0158
0.565401
0.748619
-0.161829
1.61055
-0.270036
98.9187
1.25327
8.04322
0.775332
7.96217
4.2197
0.492561
14.7945
0.663213
0.0470535
0.0888813
1454.28
14.6008
8.83271
7.9847
1597.94
0.267461
-0.399425
1630.74
1326.59
304.923
0.710147
-0.00576274
372.679
-0.241721
-0.0611046
-0.806055
1.25528
1.9882
-0.310704
0.820699
0.878564
1.89864
-0.584922
0.621671
1800.22
1665.89
416.29
0.2105
-0.384313
-0.792268
1783.44
-0.525826
1852.74
1752.33
2.07871
14.4092
6.70334
0.0469142
-0.530837
1681.4
1514.97
13.0775
0.0296779
1414.23
1870.17
0.0103515
1.52607
462.615
0.0648203
386.402
0.470669
2217.13
2.08331
1979.37
0.0744407
1982.44
-0.0309451
-0.154231
1.19269
1.42367
1.89446
0.163426
-0.200143
0.43277
-0.365576
0.0761
-0.0732597
2100.99
0.231054
-0.016274
1776.38
2.90635
-0.118911
-0.281696
-0.504472
1941.1
-0.405088
1734.86
-0.144501
-0.476826
-0.392153
-0.202026
-0.291277
-0.261728
-0.242991
-0.125771
2.32693
0.914999
-0.585569
-0.249744
-0.108637
6.256
-0.111305
-0.147951
-0.0617586
-0.163964
0.679664
-0.102825
-0.0690041
1.52454
0.591381
-0.161807
0.12591
-0.344247
-0.281494
-0.294496
-0.437962
-0.30028
-0.0701398
-0.219576
-0.148032
-0.20383
0.0329192
0.0988738
0.0420967
-0.239067
-0.333618
-0.172175
-0.777103
-0.560754
-0.686617
1.96164
2.73935
0.148233
0.0079729
-0.33803
-0.503593
-0.370744
0.0466048
2792.03
-0.506
0.0632298
0.377322
0.118505
-0.0829864
0.364876
104.52
2865.11
0.878334
-0.116101
0.153496
0.20789
-0.0780152
-0.894502
0.093018
-0.25509
0.346044
-0.420424
0.411152
3.30953
-0.667865
0.184622
15.5731
0.478439
0.38547
5.19114
104.758
0.27919
2093.2
2511.94
0.759152
1883.39
0.70393
0.745063
-1.25874
-0.490734
0.477776
2595.46
2545.52
1634.56
2628.33
37.5802
2154.15
2036.37
13.1022
0.075436
2404.12
-0.380667
0.0961352
2460.19
2427.7
0.897146
-0.034202
2.01301
1.04139
0.221384
0.602048
-0.352718
-0.122015
-0.194002
-0.0401079
-0.0385143
0.562947
0.650054
-0.0301958
0.183017
-0.0159736
-0.0332974
-0.00738231
1.07104
0.0897347
-0.0156939
0.110943
0.131662
-0.00636967
0.173535
0.0413764
0.045284
1.07182
-0.0144437
0.0111872
0.391425
0.0923484
2847.14
0.151029
0.0295928
-0.035949
2820.55
7.31588e-05
-0.000661482
2805.65
0.277913
0.00494688
0.00675283
0.215763
0.301439
0.00280385
-0.0252684
0.82418
-0.00649759
0.18183
1.33587
-0.00499055
-0.00239349
-0.00209734
-0.00519821
-0.0111242
0.713733
0.00294766
-0.00479269
-0.00168636
-0.170856
-0.0163657
-0.0126013
0.00336474
-0.00560706
0.0253301
0.0372767
-0.0198539
0.0210971
0.204955
0.47645
0.000597684
0.0123968
0.0132626
-0.0112798
0.0335793
0.0234496
0.333564
0.0262064
0.0215644
0.048944
0.375268
0.0194779
0.681602
0.0117849
0.0117397
0.694836
0.0969083
0.0153303
0.00305951
0.0217509
0.014815
0.0521751
-0.0216391
0.708667
-0.474561
-0.0852346
0.0163171
0.0189607
-0.0123013
0.0305571
0.00282371
2620.59
-0.00535005
1.47869
0.112195
0.0917404
0.00562448
0.0753397
0.0731704
-0.0417365
0.143871
0.175708
0.152254
0.121662
0.189234
0.0998076
0.0960268
0.0624598
0.0315703
0.061831
0.131724
0.745486
-0.259134
-0.264705
-0.0510878
0.0585308
0.0458864
0.216372
-9.18115e-05
-0.0354342
-0.0200974
0.130187
0.214893
0.175988
0.169033
0.119103
0.307248
-0.69726
-0.26183
-0.105976
3.44623
-0.0409898
-0.0603678
0.701451
0.767912
-0.71055
0.0994489
0.0659609
-0.00637974
0.0920427
0.0497244
1.54847
0.0879005
0.0766446
0.0618773
0.0707464
0.0144097
0.00479692
-0.0235049
0.0448258
0.0606985
0.0150893
0.0545136
0.0601912
0.0604584
0.711957
0.0237354
-0.0816381
0.084269
0.504628
0.0939304
0.0361217
0.0920557
1.04643
0.22705
1.13213
0.0909108
0.00965317
0.0388619
1.38516
-0.0277117
0.0184607
0.0690067
0.569254
0.182619
0.143465
0.218076
0.536964
0.0614079
0.00865474
0.230259
0.201053
0.231422
0.186371
0.656167
0.25331
0.279657
0.274332
-0.00857125
0.226261
0.25591
0.256882
0.265833
0.0802345
0.256584
0.0319255
9.81078
0.276475
0.332424
0.377063
0.206652
0.291987
0.264655
0.568969
0.351141
1.05719
0.470834
0.425737
0.417386
0.436706
0.432165
0.388065
3.94858
0.433178
0.417793
0.476137
0.415553
0.46298
0.306547
0.369938
106.181
0.452937
0.443774
0.245634
0.252878
0.30873
0.318454
0.331772
0.42408
0.427122
-0.00743934
0.42983
0.2646
0.344604
0.203668
2.02113
0.263015
0.392262
0.401442
0.307654
0.321687
0.269019
0.363834
0.358154
0.0846878
-0.0314422
0.340707
0.291588
0.272932
0.493484
0.496789
0.51903
0.293239
0.446766
0.43249
0.540024
0.539617
0.572243
0.504025
0.601565
0.596195
0.453699
0.455766
0.585727
0.284699
0.193835
0.385993
0.356046
0.782562
0.286813
0.268161
0.449477
0.70803
0.700072
0.719471
0.77362
0.776023
0.711724
0.67267
0.323466
0.751241
0.681186
-0.00649251
0.766832
0.50162
0.645871
0.656417
0.761127
0.624297
0.601452
0.534217
0.673194
0.597381
0.614453
0.609913
0.635387
0.616201
0.66426
0.57428
0.605634
0.519207
0.55383
-0.0389551
0.630101
0.595276
0.592051
0.640684
0.550134
0.625605
0.611686
0.588386
0.391054
1.10796
0.653293
0.0124356
0.440762
0.573365
0.66819
0.565471
0.644626
0.503568
0.534161
0.646521
0.246832
0.370443
0.576539
0.747009
0.510586
0.4928
0.509578
0.391268
0.534494
1.29624
0.541033
1.75586
0.595896
0.791569
0.586876
0.347906
0.589676
0.651536
0.599123
0.591558
0.608283
0.618931
0.398263
0.675523
0.607602
0.60894
0.578898
0.243127
0.625672
0.844891
0.640757
0.848079
0.511276
1.20947
1.12884
0.773372
0.674751
0.615757
0.639698
0.638436
0.133076
0.651821
0.658077
0.697789
0.743093
8.42947
0.604207
0.945778
0.698376
0.599731
0.768666
2.08905
106.246
97.4633
95.9893
84.7303
0.399911
0.597511
0.96942
2.10938
2.53972
1.36867
0.183152
0.855955
0.57635
0.751288
5.25351
1.44521
0.745279
0.95261
0.580237
0.766454
0.839767
92.6854
103.947
0.122521
-2.2774
5.84236
1.80013
1.71873
0.7328
1.13657
1.00347
6.95477
0.029705
97.2412
1.55699
0.748462
1.45195
0.72852
0.71859
0.721456
0.692799
0.701235
1.51935
0.705472
0.74804
0.734511
0.731614
0.753613
0.662431
0.0799515
0.701019
0.687581
0.964635
0.674292
0.710414
0.77914
0.809894
1.28177
0.767372
1.8283
1.9326
0.754544
0.1006
0.752739
0.610962
0.744927
0.73495
0.778695
0.870652
0.82256
1.92454
0.68923
0.842232
0.860109
0.836725
0.851709
0.896348
0.714192
0.672477
0.84826
0.850002
0.832775
0.90551
0.767636
0.838741
0.887462
0.844375
0.790858
0.793326
0.861703
0.788411
0.912202
0.885771
0.971532
0.936026
0.960535
1.01259
0.845749
1.0334
0.82003
0.851512
0.853742
1.05674
1.02706
0.842152
0.938844
0.965624
1.04302
0.132229
2.77815
92.0763
106.077
0.80648
0.92194
1.4327
0.792981
2.94925
0.912086
-0.171781
1.08898
1.2575
1.70879
95.4538
1.02154
3.56707
6.6796
100.627
1.07511
0.774357
104.04
3.25302
1.5772
2.13901
0.795918
101.405
104.775
-0.177885
0.734383
1.13353
99.684
1.13606
1.78133
0.893296
0.470583
1.49626
1.8224
2.91589
1.02684
1.05797
105.948
1.30539
1.23703
2.84796
1.30797
1.82022
104.06
0.0322172
0.625551
103.325
108.588
1.66414
3.21482
1.50655
102.689
2.07516
2.89554
0.557603
0.239297
0.73398
0.915328
1.08745
1.08295
1.12386
1.11637
0.653266
0.864856
1.14748
1.14958
1.18047
1.16946
1.1601
-0.085818
1.133
1.08033
0.868817
1.16394
1.20726
1.09562
1.22662
1.04189
1.30629
1.37005
1.26466
1.20772
1.16933
2.23982
1.18772
1.14981
0.930856
2.40391
1.20536
1.20579
0.620963
1.23044
1.28197
0.505881
0.86404
1.59194
1.25179
3.00908
1.5815
1.44749
2.20874
1.15278
1.41983
1.11355
1.52335
2.26049
-0.374918
1.15363
0.984109
1.20861
1.48439
0.614744
6.3526
1.22411
1.19114
1.32858
1.7986
1.76977
1.66309
0.503082
1.02112
1.43356
1.93205
2.06913
1.19173
1.19793
1.92795
1.5893
1.38752
1.80057
1.69526
1.39331
2.93021
1.55337
1.04911
2.10037
-0.071519
3.85161
-0.834623
3.28987
2.09567
0.976802
6.81037
8.76715
2.53004
-0.110854
0.61475
-0.688707
-0.0814828
-0.486017
1694.25
1.6081
1.27271
1.59816
-0.238704
3.93942
4.59682
1.61429
0.12458
5.0789
0.692834
1.50673
0.0146958
0.786541
0.588901
0.527567
0.601564
1.49976
0.385357
-0.0450644
-0.17773
0.670209
0.482396
0.964919
2.33712
0.691439
0.182456
0.132837
0.250352
-0.0963757
0.344367
-0.536815
-0.30899
0.316876
10.2442
0.196915
-0.0417458
0.346332
0.290691
2.401
-0.00112327
0.483634
0.368058
0.762259
0.809414
0.611945
0.792293
0.646667
0.665788
0.771457
0.737536
0.549935
0.714913
0.488668
0.729336
0.563442
0.78065
0.521308
0.50905
0.438933
0.874395
0.738062
0.900913
1.23015
1.19196
1.2093
1.05417
1.06799
104.32
0.139719
0.992924
1.05828
1.00284
8.53603
0.00739446
0.990413
0.671049
-0.519399
0.507826
0.134393
0.0344997
0.613395
0.891329
0.945541
0.824112
1.75695
0.717961
0.129783
0.918757
0.0246489
0.825073
0.680924
0.11733
0.714145
0.940574
0.521984
0.309451
0.870999
0.719047
116.148
0.609735
0.529336
2.62312
0.956658
1.19972
0.742964
0.187422
0.200135
0.0998125
0.621892
0.334315
0.429906
-0.340346
0.00329407
-0.0891329
0.900366
-0.204485
0.805212
0.664175
0.890939
0.874618
-0.10426
1.34588
-0.985133
0.431874
0.204123
2.50667
641.489
2.95445
1.10622
0.172147
2.77011
0.107205
0.895282
0.859055
0.463361
0.705959
2.05455
0.793205
1.31494
1.37455
0.79216
1.19372
-0.0990663
0.902305
-0.0507521
1.06316
1.2739
106.778
0.630248
1.11519
107.448
0.658907
1.13982
2.02645
0.0657479
5.13418
2.18388
1.65637
2.30226
100.58
2.80506
0.88117
0.665418
2794.63
0.876768
105.397
6.94712
2.69289
1.13837
0.969343
2.21278
2.27259
0.890341
4.19721
1.05116
0.958768
13.3143
1.01284
0.0499169
0.812237
0.779897
0.25725
0.969694
0.903842
0.825399
0.643792
0.946345
0.0578866
0.703753
0.814602
0.837498
0.701725
0.839011
0.791914
0.801966
0.578326
0.807689
0.620553
0.784176
0.619617
0.764872
0.67318
0.817049
0.766489
99.6916
2.86194
0.982302
1.05267
0.954123
99.9366
2351.93
1.67298
0.71731
90.6541
100.538
0.922138
1.62002
0.690794
0.986212
8.35135
0.76048
105.726
4.248
0.772293
0.88212
5.04576
1.24568
0.779204
1.24858
0.496821
0.561798
2.61263
107.406
0.898105
105.108
6.18547
0.709739
0.719447
0.632468
-0.757196
0.139154
8.92895
1.17167
0.107496
0.585147
1.03845
0.67121
0.535399
3.86161
0.582246
4.59856
0.591213
0.649165
8.04429
0.641466
0.534317
0.732095
0.623064
0.789919
0.63086
0.672089
0.636957
0.668696
0.65093
0.887458
0.840147
0.329114
0.83507
0.388483
2.27333
0.952731
0.845151
0.536636
0.00300078
0.847765
0.348755
0.256307
0.436637
0.401587
0.796984
0.372953
-0.0127704
0.335432
0.449212
0.373978
0.39891
0.520286
0.547359
0.586828
-0.202804
0.567288
0.458505
0.343745
0.561477
0.341185
0.549049
0.394024
1.05394
0.117297
0.0484862
0.0817001
0.216222
0.18582
-0.260168
0.129598
0.153224
0.102459
103.544
0.109258
0.98474
1.37479
0.224091
-0.304995
0.945994
0.0472274
1.51012
0.341462
-0.0447987
1.11077
0.104914
2375.11
1.41316
2013.8
4.15006
0.751369
0.0134461
0.485878
1.0416
0.181462
0.695241
1.12835
0.795765
1.88095
103.073
0.0636118
-0.0318264
-0.201166
0.729984
0.0393553
0.955935
-0.38071
0.757923
0.050164
-0.0419479
0.00843519
1.27318
0.0804429
0.126221
0.734354
0.931743
-0.00633962
0.0734333
0.681725
-0.460372
3.43675
0.042045
0.0738976
-0.00124721
0.0959384
-0.357433
0.0608826
0.0555395
7.89837
0.652142
0.0587394
0.975086
0.209137
0.242015
-1.21131
1636.67
1.69177
1.26932
0.122504
0.0924739
20.7321
-0.0786399
0.0990969
-0.0481508
1.95214
59.9449
-0.035783
-0.448537
351.475
0.00458732
-0.0772961
1.14968
0.0891646
0.0811804
1417.25
-0.221508
2705.35
0.0692322
0.127545
0.389147
0.00262311
1844.53
2014.87
0.279495
-0.16741
3.58782
-0.195969
0.223914
0.217063
0.0668638
2703.38
-0.668567
1.13691
0.0143211
-0.740083
0.0577747
0.0259153
0.168954
0.15691
0.0868926
2514.99
2812.29
147.727
0.0767726
0.0747336
0.464191
0.869455
0.030652
0.496088
20.1285
0.0566196
-0.214632
-0.0314986
0.294451
1990.62
0.0140568
0.00520597
0.0145256
-0.298739
0.0129723
0.0661026
0.0776138
0.0914871
0.0943988
0.0234158
0.0987571
0.704736
0.024328
0.117925
0.0279326
0.0464331
0.0257335
-0.527979
1.19407
0.0473457
0.0550535
2793.25
0.171612
0.265592
0.185248
0.287872
0.106399
0.431425
-0.236928
0.981984
0.333151
0.10829
-0.493363
0.559869
-0.0307837
0.267143
0.0940385
0.156227
0.111811
0.00345278
0.255486
-0.582545
0.0254146
0.895407
0.188655
-0.687154
-0.47098
0.0241382
0.152988
0.0749741
-0.296383
-0.200213
0.146158
102.308
0.463518
0.80314
-0.053864
0.366127
0.0417555
0.179529
0.477775
0.17541
0.120555
0.282805
0.466031
-0.00980593
0.359296
0.699982
0.120537
-0.080251
0.105886
-0.341758
0.80847
0.45974
0.5105
0.669961
0.430417
0.481764
0.472942
0.209417
0.587734
-0.0357061
1.83659
0.550334
0.0658555
0.79773
0.749646
0.779724
-0.00452531
0.672337
0.0451768
1.66302
0.723729
0.648397
9.0608
0.086397
0.704047
0.694183
0.764446
0.57626
0.670894
0.806686
0.680534
0.00500563
0.288595
0.859073
1.07381
0.462311
0.599105
0.871966
0.705557
0.750759
0.230279
0.492947
0.625719
0.733192
0.886741
0.0209352
3.95837
0.546138
0.133567
-0.03426
0.585274
0.625255
0.990546
0.622483
0.0908498
2260.89
-0.601325
0.488265
0.702693
0.346173
0.00959116
0.454983
0.401008
1.26208
2.31413
0.270561
0.825448
0.00128606
0.83304
-0.021372
-0.00439548
1.18665
0.289067
-0.0448942
0.650691
0.94458
1.1943
0.0232483
0.4976
1.10403
2808.04
0.978532
1.31806
0.354914
24.6355
6.50711
0.00762284
0.0699554
-0.00116341
108.022
1.20485
1.05048
2.73963
1.24002
0.717442
103.502
-0.0426138
1.18263
3.324
1.55311
1.22102
0.763495
102.218
1.2377
0.115096
1.10083
1.60633
0.00375982
0.629392
98.4034
1.96046
1.6122
8.26829
5.34237
0.927527
0.974257
0.988784
0.81311
0.224772
0.769636
0.00390554
1.08518
0.893417
105.236
1.24271
2.15934
1.49883
1.07216
0.791217
1.05031
1.44179
6.25564
1.02396
2.90133
2.93449
2.58747
0.937198
0.895423
0.117325
0.940622
1.03134
0.734445
666.725
0.74955
0.788948
0.860873
0.934924
1.12746
8.31845
0.986567
0.207761
0.87229
0.0259979
2.25845
-0.0100335
0.833818
0.243575
0.656998
0.104881
0.813278
0.804924
0.0498934
0.689825
0.641659
-0.609247
0.853514
0.410602
0.0680473
4.19229
1.95812
0.108794
-0.198628
0.680312
1.22857
0.614044
0.788361
104.555
1.6781
1240.93
0.661171
1.22871
0.901177
0.76366
0.626495
0.191829
-0.0101454
6.97552
0.914498
2.61226
1.27987
0.75348
0.187084
0.886247
4.59389
0.21116
0.749974
0.772906
0.0147479
5.18734
0.640633
1.06162
0.0152926
12.6817
0.803094
-0.0484285
1.2923
1.2566
0.843203
1.24584
0.225724
0.241142
0.431644
0.72372
0.455257
0.726895
0.291603
0.555248
-0.145456
0.180349
0.1437
0.115523
1.1919
0.304065
0.319633
0.400792
1.02896
-0.14549
4.48624
0.123238
2653.25
0.0244297
1.08316
1.90214
0.298039
-0.0265197
0.523457
2.32889
0.00541319
2306.58
-0.203258
-0.0170311
0.820268
0.0757588
0.0739137
0.204077
1.0381
0.902907
-0.00339734
0.0714649
0.476987
0.244936
0.0936436
0.111174
0.446099
1.0187
0.995832
0.163891
-0.0144182
-0.0100884
-0.121359
0.849323
0.719554
0.143875
415.6
0.0211342
0.872847
1.15494
0.307745
1.84083
0.538104
1.18784
0.741056
0.654258
1.06278
884.627
-0.344824
0.585811
0.0218555
-0.0412704
0.255463
0.0106257
0.802073
0.71867
0.608068
0.235782
2748.12
0.643843
1.003
1.96675
0.292357
0.78353
0.0210412
-0.0182944
0.120951
0.697344
0.711498
0.599481
0.0847294
0.317458
1.03747
0.401286
-0.403842
0.669991
-0.3521
0.482895
-0.0458154
0.144937
0.7796
1300.03
0.47479
1.29601
-0.223805
-0.585524
-0.0112169
0.567487
0.116711
2801.01
0.247232
0.574512
10.5648
0.104166
0.619017
-0.910602
0.395641
0.128945
0.344523
0.024159
3.95386
0.738171
0.579575
1.27471
-0.258707
0.578474
0.202829
0.215418
0.836772
0.373465
0.7518
0.750732
0.0257566
0.746093
0.64764
3.1511
2.59787
-0.0879961
38.9301
1.0977
0.746972
0.0376783
-0.214893
0.908757
0.696583
1429.7
0.254945
0.112876
1.17709
-0.613958
0.0434147
0.6378
0.60866
0.078021
-0.18846
0.143976
0.101174
)
;

boundaryField
{
    FrontBackPlanes
    {
        type            symmetry;
    }
    wallz
    {
        type            fixedFluxPressure;
        gradient        uniform 0;
        value           nonuniform List<scalar> 
97
(
2801.58
2751.55
2770.41
2825.35
103.11
-2.25853
3.62542
102.967
103.7
0.0372279
0.0144054
0.0252192
0.766202
0.775268
1.49308
103.783
101.89
102.322
0.089905
0.0721474
0.0509868
0.667159
0.70267
0.733095
101.177
101.664
99.523
0.176876
0.147758
0.114354
0.555415
0.597282
0.633857
101.216
103.295
0.257225
0.216437
0.419772
0.465613
0.510901
107.272
103.87
0.299885
0.291675
0.334846
0.376182
107.041
106.015
106.954
0.42791
0.181982
0.216663
0.251133
104.66
103.645
104.123
0.506388
0.466726
0.129322
0.155703
103.954
103.658
106.232
0.562201
0.538202
11.628
12.737
0.0300609
0.0539203
102.91
100.424
99.45
0.591762
0.581417
0.571765
0.637227
1.20876
103.799
104.114
101.005
105.182
102.876
0.00777049
2736.06
2775.05
2759.87
2849.11
107.185
104.048
0.00102865
0.382584
106.999
0.0971586
104.39
104.758
0.075436
0.346332
)
;
    }
    outlet1
    {
        type            fixedValue;
        value           uniform 0;
    }
    inlet1
    {
        type            fixedFluxPressure;
        gradient        nonuniform List<scalar> 2(-0.000805419 -0.000625887);
        value           nonuniform List<scalar> 2(2781.75 2775.48);
    }
}


// ************************************************************************* //
