/*--------------------------------*- C++ -*----------------------------------*\
| =========                 |                                                 |
| \\      /  F ield         | OpenFOAM: The Open Source CFD Toolbox           |
|  \\    /   O peration     | Version:  v2012                                 |
|   \\  /    A nd           | Website:  www.openfoam.com                      |
|    \\/     M anipulation  |                                                 |
\*---------------------------------------------------------------------------*/
FoamFile
{
    version     2.0;
    format      ascii;
    class       volScalarField;
    location    "0.4";
    object      p_rgh;
}
// * * * * * * * * * * * * * * * * * * * * * * * * * * * * * * * * * * * * * //

dimensions      [1 -1 -2 0 0 0 0];


internalField   nonuniform List<scalar> 
6576
(
2807.56
2782.4
2791.12
2796.52
2812.7
2819.9
2795.51
2800.62
2815.83
2805.81
2847.12
2830.46
2819.25
2827.82
2795.11
2800
2766.06
2794.89
2797.47
2845.18
2775.24
2835.53
2839.36
2792.72
2824.62
2855.97
2905.96
2818.23
2777.96
2782.26
2801.92
2763.05
2801.32
2823.88
2815.38
2838.76
2813.85
2841.75
2797.85
2820.72
2785.66
2777.94
2804.92
713.465
394.237
1353.22
500.481
728.808
1404.55
1178.03
599.467
1103.05
0.127822
-0.111302
-0.0473536
0.14467
-0.165639
-0.163104
0.0888545
0.05439
-0.0252647
0.0742723
0.0861813
-0.0278756
-0.0933064
0.015432
1.34732
0.85842
1.05949
0.721119
1.16001
0.87099
0.954546
18.6238
17.8358
18.2407
18.3181
18.6658
18.2876
18.2508
18.6711
18.9431
18.3493
18.4019
18.2081
18.6433
19.2593
-122.672
-126.193
-116.973
-118.056
-113.756
-124.234
-116.969
-74.5783
-107.057
-111.024
-104.162
-122.871
-100.007
-86.8769
77.637
177.859
51.5188
115.758
198.206
66.3038
111.772
1293.26
1341.39
1383.57
1170
1477.52
1996.61
-0.135919
-0.010588
-0.311071
-0.26612
-0.440999
-0.432694
-0.386921
1680.68
2448.69
2485.34
2564.42
2415.21
2703.54
2549.04
0.621984
0.0707921
0.13527
-0.0234134
0.0774724
-0.138171
-0.185798
7.70513
7.84766
7.96785
6.78403
7.67396
8.24176
7.45234
6.77587
6.69298
6.4831
6.06928
6.53113
6.9877
6.61154
6.89836
6.9544
6.958
6.79894
6.5911
6.97723
6.89536
6.70588
6.51088
6.47641
6.624
6.49832
6.3352
6.39684
6.39701
6.4719
6.55089
6.43577
6.42771
6.51471
6.72448
6.63519
6.55915
6.08382
5.89728
5.9866
6.11177
5.95388
5.83286
5.722
5.86916
5.98345
4.23597
4.11169
4.24845
4.33463
4.12686
4.29056
4.58448
4.51568
4.28126
3.48767
3.58872
3.33495
3.65757
3.93241
3.53818
3.69033
3.71719
3.45479
3.28565
3.6614
3.929
3.58051
3.36322
2.64773
2.76003
2.67349
3.08825
2.74851
2.90469
3.28415
0.24857
0.160055
0.227555
0.658758
0.580922
0.166595
-0.0081373
2.04672
1.95301
2.09289
2.37074
2.12406
2.10842
2.31861
2.784
2.56948
2.89912
2.75674
3.00557
3.2374
2.94844
3.88273
4.17922
4.02005
3.70116
3.71271
4.03086
3.92218
5.20891
4.94794
5.30782
4.81373
4.69423
5.11635
5.01335
6.05037
6.31526
6.33452
5.78944
5.77355
5.9216
5.91918
6.18123
6.18653
7.03792
6.9674
7.3712
6.83716
6.91579
6.90295
7.08043
19.1122
21.7974
13.8442
57.244
35.6575
20.9501
30.232
721.938
750.156
639.901
798.095
667.85
562.74
832.947
570.398
857.952
982.091
967.048
927.343
799.319
581.083
689.425
368.565
154.277
139.685
232.171
265.801
303.307
195.533
176.952
295.899
292.486
923.573
949.812
913.907
250.066
427.409
176.857
471.293
469.064
279.766
374.453
434.893
301.548
302.015
177.23
433.418
349.384
346.353
208.875
85.4536
32.2978
69.0233
47.654
33.5683
33.5848
32.1398
34.1868
300.717
87.2995
79.7745
482.776
576.031
104.538
163.475
1.23307
0.12393
1.64285
-0.268325
-0.0606521
1.1564
1.85688
7.10846
6.45282
3.42163
10.5195
3.61277
4.89562
3.5958
5.46959
9.16359
52.5674
54.4062
64.2751
53.3693
62.9942
68.7405
132.617
174.724
69.0828
235.286
560.832
214.702
268.729
328.174
181.895
365.312
828.131
792.571
803.334
948.247
746.455
347.353
718.219
822.179
981.428
34.0271
9.37683
31.7225
31.9687
63.7785
24.0733
51.3013
1.06156
-0.190272
1.5353
0.145882
1.64032
-0.336481
1.29328
2.59774
1.5376
2.3243
1.44994
1.29328
1.60364
1.91273
2.45422
2.0781
3.92897
3.20358
3.12208
2.78731
2.80279
2.94193
3.83453
3.42257
3.31084
3.12702
3.33746
3.11639
3.3325
2.63865
2.74641
3.10795
65.3792
94.2177
226.139
151.975
56.261
38.0293
225.197
1436.41
1447.68
1470.28
1264.95
1377.9
1337.41
1473.19
6.3772
6.04094
6.0751
6.5553
6.45864
6.2203
6.00592
6.3459
5.17408
5.43653
5.72664
6.35137
5.67802
5.17015
7.5841
7.08834
6.73786
7.68143
7.57324
7.08784
6.76975
8.42375
8.14298
9.33909
8.49735
8.65566
10.7596
9.48517
10.0082
9.26698
9.32168
9.14273
13.5133
10.8277
10.5443
8.9925
9.06156
211.797
410.305
413.318
210.661
209.067
204.218
412.533
157.58
122.791
327.503
415.177
404.122
365.743
418.777
312.06
317.686
198.765
317.625
306.077
308.595
271.678
288.064
288.704
293.974
192.154
287.937
194.107
190.733
188.014
319.661
107.15
191.924
194.269
312.93
-2.09649
-6.17846
-4.12983
-2.11528
-0.0732129
-0.699678
-2.24303
-1.36525
-2.51549
1.04566
-2.99119
-1.25141
-6.37878
-0.577802
-2.00783
0.576917
-6.98683
-0.327641
-0.441064
-0.791493
-0.0361287
-0.657386
-0.390187
-0.438588
-0.51507
-0.406567
-0.0944072
0.166802
-0.663884
-0.880642
-0.609559
-0.550348
-0.598501
-0.685525
-0.335166
-0.430856
0.186793
0.108979
-1.77382
-1.15772
-1.2153
-1.68906
0.0495461
0.293087
1.22013
-0.646879
-1.43516
-0.0204918
-1.15565
-0.17558
0.879734
3.47409
4.03052
3.1968
2.73832
2.13223
3.38412
2.76698
2.93937
2.60825
2.72401
3.24503
2.67777
2.70651
2.97248
5.06704
4.80892
4.6871
4.52612
4.36817
4.37624
4.64099
6.03554
6.17819
5.88424
5.91662
6.1844
5.69428
5.69991
5.57797
5.33983
5.31477
5.47882
5.4606
5.57846
5.55228
5.47954
5.32019
5.30572
5.39154
5.3878
4.93866
5.0021
4.99826
4.96137
5.02098
4.95841
4.94941
5.12559
2.79535
4.96361
2.33545
2.45976
5.04203
4.23639
2.34092
1.88042
1.80541
2.15433
1.92824
1.72163
1.78586
1.73676
1.73468
4.71452
6.99851
2.92564
10.7553
5.19497
4.72123
4.10341
44.4125
43.36
50.3799
48.4382
100.067
291.842
120.656
1027.67
911.426
910.614
912.063
868.619
194.135
152.839
984.762
994.87
1009.38
1045.78
1028.29
971.71
959.546
327.687
524.051
446.381
260.709
255.833
159.879
178.345
261.371
130.964
404.978
357.389
298.72
142.503
105.965
63.534
75.3258
595.581
432.822
514.553
473.902
370.829
454.723
487.898
342.4
446.955
346.592
413.748
375.164
396.208
422.207
371.839
389.163
396.563
417.945
478.29
490.051
491.951
457.317
428.932
432.942
434.5
290.935
343.208
289.165
240.952
293.524
276.893
374.686
310.297
370.818
291.327
179.57
58.33
14.4593
95.4511
55.5121
40.0037
83.5647
61.1747
244.142
261.355
293.887
137.888
128.934
402.798
296.438
348.129
12.5376
39.3965
27.7791
21.8863
42.2071
42.3554
23.3229
244.269
121.074
194.205
48.1501
77.8452
484.595
258.8
276.68
467.117
105.054
220.884
500.913
457.931
385.131
936.137
68.8789
91.0783
70.0268
100.241
52.8997
117.168
45.3174
242.083
160.37
153.632
186.104
239.745
138.044
75.1828
135.482
117.801
327.197
243.557
236.16
21.1996
-2.36897
-4.53487
76.7682
56.2584
65.4484
79.7619
71.7305
61.8367
-7.34143
127.951
106.505
105.38
109.272
133.485
43.4513
98.123
110.418
82.2557
105.456
-20.0036
37.0516
215.64
86.295
76.2392
113.117
91.1785
66.8706
130.715
34.586
104.767
77.2486
90.4122
9.92713
7.13578
3.44175
19.0294
17.3531
4.67407
8.66756
9.56518
4.00211
4.31409
3.80856
12.7212
14.0789
10.9665
1.10706
0.877975
1.5927
1.05953
1.16049
1.4492
2.31324
4.91429
4.06799
4.76116
4.57653
3.7119
3.70216
4.19797
3.06371
1.20117
5.0323
0.339561
4.19318
5.46786
4.4423
0.866722
0.521843
0.295626
0.677355
0.784229
0.582135
0.888432
0.424655
0.49189
0.784379
0.705413
0.829978
1.06916
1.08108
0.646214
1.12593
0.684316
0.783955
1.57847
1.39028
1.49077
1.53455
1.45365
1.80363
1.55812
6.15793
6.18923
6.14303
6.39526
6.34081
6.23685
6.32909
5.93595
5.68875
5.85789
6.01726
5.83971
5.8707
6.01317
6.35527
6.43206
6.58235
6.4852
6.7007
8.01871
7.84965
8.14607
8.08428
7.99065
8.04883
8.10573
8.36798
8.96691
8.33127
9.08818
8.95888
8.5629
8.29188
103.285
94.3847
46.1789
44.9532
72.3653
37.582
23.0642
1010.07
975.636
896.8
562.248
947.179
545.859
681.177
90.6005
42.6965
240.657
283.594
582.001
129.731
589.091
174.013
364.562
142.811
439.98
916.145
214.13
206.714
149.652
965.04
583.741
314.663
116.702
405.589
96.6191
175.065
48.4929
46.938
127.135
331.107
81.535
60.2738
417.724
207.18
421.18
6.20766
6.2725
6.21322
4.42855
5.62484
6.28577
5.94672
-0.15654
0.411358
0.962122
1.60324
1.27238
1.27139
0.893133
-0.162277
-0.180204
-0.927527
-0.329683
0.144882
0.0185695
-0.801914
-1.58717
-0.968089
-1.32007
-1.52724
-1.94874
-1.34718
-2.22072
-2.30589
-1.58635
-1.65188
-1.91543
-1.5303
-0.391102
-1.92308
-2.04159
-1.82537
-1.18677
-0.296044
-1.71507
-0.490128
-0.816733
-1.0513
-0.362011
0.133719
-0.0750366
-0.297326
-0.315057
-0.281527
-0.25574
-0.0478138
-0.0109685
-0.102257
-0.04084
-0.105797
-0.0497584
0.128011
-0.280616
0.174647
0.334401
0.601214
0.0430324
-0.284769
-0.0998398
0.401291
0.105228
3.5708
3.61375
4.02153
3.19045
2.90772
3.43038
3.2279
3.84375
3.71235
3.73831
3.57036
3.42521
3.62298
3.42544
4.34035
4.44459
4.621
4.06527
4.17743
3.99733
4.24544
4.0513
3.83539
4.18882
4.00017
4.02396
4.71724
4.88058
4.46582
4.62109
4.60662
4.6209
4.74144
4.83329
4.67467
4.43884
4.17837
3.66298
3.20224
3.23873
5.47381
3.49476
3.21136
3.21963
1.18709
1.15111
1.21066
1.77325
1.36574
1.21559
1.4943
1.54954
1.85479
1.43292
1.67118
1.49756
1.64963
2.19514
2.55029
3.72495
2.83343
2.51207
5.12444
2.5055
2.21324
2.61499
3.02256
71.7389
38.4973
109.343
30.4798
26.0518
56.4619
38.0725
1145.65
1052.81
1133.77
1104.87
1182.7
1271.01
1229.25
980.729
1042.79
1121.75
914.637
1036.41
1164.26
1043.87
1079.34
1067.69
1093.36
964.633
968.144
965.131
1020.89
1141.12
1152.77
943.808
824.648
831.791
682.776
908.464
385.066
861.724
1023.75
918.23
806.879
349.692
520.399
405.424
428.039
373.462
388.403
-0.507074
-0.27967
1.42738
0.888122
-0.591984
-1.08566
-0.318917
154.643
66.7845
94.7257
71.4147
35.6179
106.081
73.5263
52.93
38.8837
75.4277
173.342
-42.1104
74.6694
-21.5886
19.1584
0.436042
8.45652
-20.4652
20.8788
93.2516
116.708
-1.43774
71.7508
62.3621
40.2898
60.9075
87.4828
49.992
60.1664
98.384
73.3829
27.5295
67.9003
35.3532
27.0767
25.9224
3.72475
7.19045
6.06958
5.05295
9.7998
5.26036
1.83756
6.31539
1.45938
7.3263
3.4417
8.95414
3.50857
7.2451
1.66718
1.29439
1.69872
1.7816
3.45709
1.3241
1.83446
1.0228
1.02189
1.10274
1.09629
1.16236
1.02025
0.999416
93.3934
91.5905
310.162
102.256
464.155
134.071
106.074
503.483
684.206
815.214
791.389
816.203
802.851
766.974
22.4511
28.7276
26.994
41.6869
33.7823
26.2255
40.7275
18.803
18.7399
18.8805
18.9475
18.7599
18.9618
19.2845
17.6633
19.1001
18.3559
17.7777
17.6783
16.5112
16.9857
6.84489
7.25576
6.64779
7.16005
7.03454
7.84924
7.48876
8.12026
8.0148
7.84576
7.73802
8.2645
8.52375
7.9543
9.81464
8.89599
7.78928
12.1927
13.2219
11.4541
16.3915
35.8302
36.1757
39.1462
81.3883
62.5889
108.677
55.6553
443.31
449.775
269.245
1171.93
1457.14
416.815
991.614
222.882
546.874
123.829
129.575
402.817
129.266
227.373
76.0211
74.4196
1143.49
1191.77
1356.28
1148.57
1182.93
1175.76
1369.83
1145.38
1377.37
1422.94
1279.23
1127.69
1249.35
1394.4
1029.48
1210.29
1068.26
1457.93
1098.3
1408.39
1476.61
574.457
588.569
1450.73
1490.97
1487.59
1452.09
1304.98
1446.25
1477.27
1440.63
601.758
600.549
590.451
953.824
562.356
552.881
10.2205
10.767
11.4123
11.3032
12.2738
11.6124
13.373
8.91891
10.2033
8.55854
8.28096
8.64677
6.95204
7.61985
8.01262
8.29794
7.95273
8.29182
8.49952
8.01478
8.24924
8.20233
7.87872
7.81006
8.00139
8.03087
5.94969
6.69853
7.3258
6.10179
6.53954
6.47148
5.62411
-0.221377
-0.728345
-1.50259
0.439274
1.34282
-1.62551
-1.96513
-2.12658
-1.69239
-1.87096
-2.26672
-2.0571
1.62065
0.459269
0.968944
0.574505
1.29202
0.673413
1.6016
-1.97161
-1.11226
-1.19369
-1.25083
-0.663505
-0.751125
-0.907083
-0.287657
-0.508219
-0.0314535
-0.128835
-0.0210844
0.0142548
-0.0107481
-0.0470579
0.0176649
0.0147708
-0.191478
0.0777742
-0.0747723
0.0517337
0.198739
0.252487
0.19155
0.363144
0.545632
0.339343
0.064456
0.0902267
0.0344066
0.195339
0.274549
0.159877
0.329001
0.121584
0.216506
0.225005
0.164745
0.122032
0.0509704
0.327455
0.3221
0.299584
0.302279
0.424628
0.728013
0.467275
0.684052
0.471101
0.361714
0.474014
0.211468
0.386407
0.374371
0.202801
0.368531
0.458293
0.336152
1.02198
0.85476
1.11814
1.01344
1.21581
0.872889
1.03821
0.171849
0.369078
0.251261
0.0615537
-0.0533
0.037554
0.13433
0.225224
0.262792
0.427985
0.230446
0.253354
0.175063
0.198019
0.0935561
0.0592569
0.0898409
0.0540085
0.0397746
0.0752295
0.0541415
3.84838
2.67728
10.5972
0.249521
0.280273
0.531531
1.18504
1.80349
1.51003
6.25511
12.788
11.051
6.47925
13.9068
13.8677
8.01454
2.40665
1.66523
4.53374
0.591952
0.311191
1.17486
1.43217
1.29507
1.01134
0.722462
0.608866
0.662509
0.4597
0.696306
0.792965
1.13918
0.482801
0.430955
0.539221
0.59212
0.38693
0.489107
0.357746
0.351336
0.443233
1.12514
0.999914
0.998989
0.996116
0.963083
1.12082
0.857214
19.9537
11.0437
22.1002
13.8468
7.96726
4.47096
8.71609
9.7284
35.989
17.7584
41.4424
23.2947
18.2383
22.8307
1093.8
636.743
1073.33
1096.78
946.31
543.668
1010.39
774.084
988.795
159.302
1071.63
710.552
732.656
124.48
824.381
727.131
695.163
1024.96
695.36
1052.07
1073.16
1205.94
997.33
953.056
1260.73
1177.15
1183.68
1206.14
943.179
926.455
943.608
1085.76
1052.43
1093.99
959.975
1305.39
1041.31
1019.11
1160.71
1285.04
1187.8
1160.51
1146.5
1047.75
1089.14
1134.64
1176.86
1227.62
1288.33
1083.62
1214.85
1004.9
1029.82
1093.86
-1.65067
-0.721103
-1.63193
-0.553816
-2.10598
-2.21996
-1.53969
68.6488
112.954
50.5062
74.3348
70.1612
25.9438
66.6996
64.9319
57.1305
27.5492
82.4061
88.9413
113.845
31.1407
45.0652
72.8316
94.5399
105.634
41.2326
55.9254
20.4424
35.3372
2.50641
18.2317
36.272
34.6194
5.76207
13.3964
5.70295
3.50443
2.91958
7.60897
4.71578
1.65726
23.4154
23.4878
23.0033
22.3946
22.9336
23.7268
22.629
104.297
61.9717
101.001
72.3767
71.7502
37.1827
38.3551
76.5069
39.5148
23.7909
22.6957
18.2045
63.5765
33.9311
230.542
110.436
21.6482
21.2156
21.884
21.9036
21.5459
22.1053
22.0328
21.9511
22.1806
20.7721
20.5773
20.997
20.9075
21.2344
21.7065
21.4293
22.3933
21.9527
19.5682
19.7633
20.772
20.1917
20.6605
21.1011
21.1961
76.7406
112.776
122.241
262.493
191.527
796.431
244.175
1286.42
1312.86
1073.3
1296.01
1275.8
1081.89
1288.37
1362.76
1037.75
1334.65
926.626
1325.46
1327.34
1110.82
1377.35
1120.72
1124.77
1375.03
1421.13
1397.19
1388.27
585.356
801.479
641.794
1319.64
1318.59
1145.6
1391.64
1131.42
1434.45
1465.63
1432.88
309.177
1513.3
298.777
791.842
1180.75
1146.98
1420.35
1394.58
1297.36
1176.32
1323.3
1400.74
77.088
64.3074
31.9918
119.408
918.97
311.097
259.437
86.0699
134.624
73.7329
129.514
241.029
11.2456
11.6
15.1021
16.1281
15.574
13.1432
12.2528
7.69206
7.64229
8.07886
8.1633
8.18246
9.38755
9.21484
8.39561
8.11161
8.40474
8.1837
8.60491
8.22987
8.49076
4.89006
4.55251
5.13842
4.99575
4.65825
5.71525
5.17619
2.33313
2.15563
2.55218
2.17546
2.02124
2.25646
2.42813
0.236187
0.325148
0.401976
0.375621
0.208067
0.424611
0.5271
0.389082
0.515139
0.724197
0.31558
0.084531
0.437235
0.216754
0.201837
0.0679501
0.385783
0.385368
0.328869
0.330903
0.346915
0.405387
0.483321
0.394932
-0.117024
0.529825
0.388371
0.49348
0.497112
0.179576
0.428291
0.408519
0.00994537
0.282005
-0.905395
-0.275657
-0.153278
-0.215645
-0.593441
977.326
2373.67
2693.36
2608.09
2687.85
2568.64
2481.73
-1.36745
-2.65164
-2.83212
-4.6575
-2.89145
1.9082
10.2547
7.0235
50.0145
8.66195
50.1314
16.0404
159.83
23.0325
-0.882366
-0.308584
-0.550686
-0.286741
-0.214907
-0.315542
-0.434305
0.641078
0.411191
1.96864
-0.0424072
-0.176141
0.256903
4.50977
0.0891365
0.0280482
0.0538485
0.176768
0.0370594
0.0475833
0.0544426
0.0324663
0.0386114
0.0315333
0.0114524
0.069106
0.0358814
0.0296781
0.0256382
0.0514016
-0.011437
0.0109155
-0.023913
-0.0121725
-0.0140485
-0.0215588
0.019103
0.0695709
0.129929
0.285673
-0.0206634
-0.0444591
0.176327
0.142486
0.85967
0.895166
1.26762
0.0184351
0.726782
0.536884
1.29564
0.753243
-0.00448168
0.469376
0.713409
0.51199
0.196644
1.01145
36.6881
26.7174
53.5421
27.4504
45.7937
28.6659
11.1806
154.784
165.321
160.534
154.969
152.857
203.557
514.678
127.425
120.085
124.049
180.559
170.499
315.003
181.23
327.844
333.428
129.469
126.248
157.95
126.741
264.583
305.765
188.358
267.16
208.006
396.094
261.023
208.861
400.85
357.851
196.405
266.744
121.345
471.651
299.691
304.58
424.85
333.267
418.272
280.432
1077.98
837.117
1015.43
830.404
1020.75
1060.46
1064.82
455.323
1056.73
923.484
934.572
1155.19
1145.12
817.574
819.5
1158.59
986.366
822.641
1008.61
1167.62
2.59021
3.22959
2.55972
5.65001
4.19268
5.6189
4.33939
1.14373
1.13067
1.10186
1.13776
1.00576
1.13345
1.07559
0.64582
10.7
9.54788
8.45827
2.42364
1.3494
3.2471
-7.77574
2.35322
13.9759
3.5343
2.8189
6.24851
38.4659
997.735
468.185
878.998
960.343
698.783
915.578
876.237
115.696
58.7301
-1.31168
244.082
32.8254
165.851
705.366
815.319
716.512
847.441
858.381
823.237
836.765
359.735
169.022
159.452
241.99
160.001
164.99
162.64
287.57
733.904
162.956
880.57
277.493
251.492
228.391
1455.35
1131.36
1481.99
1369.97
1389.74
1474.38
1492.26
1172.26
1182.8
1168.26
1623.45
1218.9
1585.1
1517.84
1193.5
1566.08
1540.04
192.031
193.447
188.877
444.415
189.84
190.988
218.366
672.008
1025.47
1079.13
228.607
202.739
312.181
1089.51
230.541
168.507
225.326
417.488
1075.5
166.681
706.713
13.9203
14.3658
26.758
12.5731
19.715
11.4615
17.2819
5.31505
5.29095
5.37879
5.09422
5.22368
5.28317
5.19461
5.23312
5.21605
5.08892
5.15356
5.20939
5.08693
5.03113
4.56214
4.86963
4.52471
4.94406
4.85034
4.53066
4.97082
4.46756
4.63752
5.01641
4.37588
4.3291
2336.8
1835.25
2414.2
1929.34
2136.68
620.99
2249.51
3.46772
12.1456
10.2152
3.4206
4.45984
6.83109
6.53481
1.46684
0.0503325
0.192579
0.393182
0.372019
0.402935
1.81225
-0.536974
-0.739075
-0.534201
-0.0847277
-0.0210288
-0.056684
-0.0141163
-0.0488308
-0.0464944
-0.0536353
-0.0989823
-0.0100397
-0.0692602
-0.0117576
-0.0179666
-0.00231361
-0.0170225
-0.0156287
-0.0379111
-0.00606201
0.000692964
0.000321714
0.00706675
0.00638856
0.00105606
0.00172915
0.0673582
0.0644427
0.0661691
0.0633588
0.074505
0.0747521
0.0530281
-0.831324
-0.754332
-0.457747
-0.917567
-0.756355
-0.315011
-0.926517
-0.900454
-0.757165
-0.875985
-1.43619
-1.30682
-1.70357
-1.20262
-1.59557
-1.57299
-0.687057
-1.66242
-1.84518
-1.76978
-1.47643
0.365331
0.216349
0.124525
0.247102
-0.0367315
1.17915
1.18345
0.210646
0.630214
5.64954
4.25313
4.55264
7.76412
7.49302
4.19307
9.0535
354.432
355.998
628.209
505.676
358.307
692.49
354.823
667.123
218.005
658.876
322.967
363.501
361.55
212.099
213.089
211.442
360.236
649.572
583.293
650.252
215.853
202.968
433.088
262.215
158.718
157.747
626.48
619.95
283.657
413.351
158.692
602.366
611.682
307.462
326.236
318.986
311.909
313.681
311.699
451.533
305.147
309.709
488.579
333.093
319.958
450.774
334.587
336.635
326.961
335.277
0.662018
0.630837
1.03945
0.627155
0.576155
0.251235
0.562449
0.551418
0.218635
0.818481
0.344188
0.529452
0.863572
0.690936
0.720117
0.633822
0.922057
0.630517
0.661566
0.586462
1.51937
1.9056
0.586237
0.577819
1.53318
1.5039
1.50982
1.61549
1.5851
1.63971
1.60994
1.30453
1.37739
1.38753
1.24294
1.07344
1.12533
1.12873
1.07206
0.499654
3.91109
0.603945
0.00884983
0.633949
2.58276
905.167
344.511
536.58
3496.9
1706.02
2869.78
2571.18
1861.92
3458.01
2735.67
2137.68
1061.09
2469.12
1963.96
2430.05
2661.34
1221.92
756.697
648.458
593.843
703.025
-69.7651
431.057
1022.16
4524.97
3034.42
1119.34
1208.53
1330.9
1283.39
1329.65
1120.67
1103.91
1043.75
1048.11
1173.11
1381.15
1321.19
1114.82
1396.76
1423.39
1441.52
1411.19
35.2329
22.0985
39.8398
22.9199
22.3345
26.0633
24.2242
20.9098
15.0021
15.4206
25.4429
40.7269
25.4597
22.1036
4.49415
4.2929
4.78272
4.65517
4.6649
4.28679
5.15159
5.46183
4.7707
5.49593
4.68345
4.7634
5.59564
4.78779
5.46863
5.25833
5.39867
4.50596
5.37863
5.13591
5.19922
4.92394
5.18545
5.50541
4.64786
4.92648
4.93424
4.65259
0.0216848
0.166345
-0.0694244
-0.13321
-0.0470611
-0.256936
-0.365515
-0.0389927
0.161435
0.0265984
-0.00282039
0.0309409
0.0510529
0.0380851
-0.0216824
0.0325226
0.0716243
0.0602605
-0.0217059
0.254858
0.0459863
0.064038
0.0491899
0.0148598
0.0329915
0.0312527
0.043342
0.031188
0.0409179
0.0362106
0.00394746
0.00352572
-0.00355566
0.0283221
0.00370096
0.0433066
0.0389534
0.0374557
0.0768487
0.0609554
0.013969
0.00362539
0.0160979
0.0867819
0.111501
-0.000500318
0.0856679
0.100343
0.0576389
0.0111369
0.00168438
-0.0713091
0.218699
0.0239728
0.0672173
0.0442129
1.48265
1.20515
1.31393
1.51266
1.22357
1.37174
1.29513
1.27303
1.51286
5.93743
5.82902
3.62209
3.27652
3.56089
3.30612
3.6888
19.4448
28.6779
18.83
30.2406
16.0152
31.0407
18.5316
299.992
304.724
306.887
629.969
626.634
306.249
568.686
576.535
312.846
575.626
310.749
572.75
570.033
562.167
313.211
313.009
391.945
470.685
296.915
466.004
295.075
299.886
300.523
358.266
191.269
186.39
5.16804
5.52715
5.04144
3.55195
5.96065
2.77128
2.09465
194.555
137.464
168.93
214.123
344.007
902.477
426.494
841.271
1000.29
801.254
1009.96
1036.87
1029.04
1052.58
208.153
450.286
185.932
208.832
219.247
577.092
556.078
89.5142
68.3349
63.6751
103.334
175.215
159.708
491.682
4.40606
3.85899
3.18241
6.39306
4.14045
4.17436
7.19679
1.36845
1.64236
1.67619
1.36466
1.32272
1.14981
1.00447
3.15169
2.0824
1.44008
1.48106
1.63252
0.908125
1.16271
0.847352
1.03315
1.72737
1.61701
1.11686
1.20512
0.939106
1.16151
0.806895
0.959505
0.934816
1.25417
1.39364
1.34667
1.39264
1.48771
1.57875
1.45591
1.26204
1747.15
1029.83
755.051
427.419
334.252
912.508
-28.7148
217.851
-47.7318
103.793
-602.785
160.08
671.967
193.397
248.684
-267.931
-9.91079
244.052
148.885
-249.227
125.175
-140.307
97.8536
-156.34
-23.3993
24.7873
-0.586503
-5.82245
-11.3034
-71.3837
-80.6996
-70.0064
-73.7543
376.265
348.659
689.462
341.622
273.521
717.34
621.599
1020.07
765.426
987.997
1154.39
811.455
1227.94
979.968
454.996
262.57
407.678
1151.51
1186.14
1219.75
1272.84
1047.6
1126.42
1082.69
1173.05
997.245
1289.36
38.5167
0.542455
603.089
1051.98
805.577
137.998
355.089
29.9197
36.7667
0.1839
0.135614
0.267582
0.441668
0.711891
0.175391
0.192255
2.93011
3.95038
7.07319
3.02035
3.00049
2.70947
5.16041
0.116353
0.210468
0.0496589
0.0398148
0.078366
0.0613066
0.139908
-0.0217077
0.0617576
0.0910416
0.886306
1.41533
1.26633
1.37191
0.971403
1.38129
1.46206
0.69901
0.258435
1.04216
1.55903
1.45597
0.54199
0.416024
1.38692
1.05255
0.409824
-0.0240294
0.240587
-0.0477654
0.515192
0.0262601
-0.612598
0.320962
0.863285
-0.136824
0.871178
0.0976688
1.34023
-0.192609
-0.0530379
-0.183467
-0.118382
-0.588987
-0.127334
0.0688237
-0.0706591
0.0590494
0.0725695
0.0900883
0.164231
0.126998
1.43923
1.59549
1.91878
1.59913
1.78336
1.58018
1.74526
689.933
549.859
692.228
371.119
403.371
699.358
658.504
584.743
664.963
62.9309
160.774
522.499
149.628
157.454
623.745
627.401
575.366
0.850702
0.698656
1.48992
0.789831
0.979278
0.579371
0.928605
4.80909
5.1128
5.60923
11.4936
13.34
6.9023
10.8027
3.87829
2.95108
3.28593
4.53372
14.7925
11.9947
20.5628
1.72077
2.21136
3.19913
1.6316
1.44358
2.52305
4.50988
4.47983
3.67683
3.48406
3.93462
4.25389
5.25348
3.81502
0.848189
0.941193
0.842942
0.883698
1.57395
0.853782
0.813203
3.83444
6.07707
3.09866
2.30545
2.29208
3.90588
1.73395
2.5269
1.52588
2.08382
1.76069
1.85143
2.1388
1.51948
13.3119
5.68216
5.52668
8.12103
2.771
3.69207
4.82651
4.33205
10.4106
3.29342
1.65699
3.24848
9.53018
4.4737
13.1696
35.588
18.2831
3.94361
6.63111
12.5786
9.9987
10.5764
11.2367
3.05619
2.66077
2.84027
5.88416
4.50478
2.49748
2.31372
97.375
193.944
34.0273
37.2655
75.914
177.351
89.6569
7.64104
5.51831
5.46997
6.50648
5.69809
6.62584
11.1615
10.8655
9.09443
11.3846
9.00054
15.1095
15.2299
9.60129
3.05717
3.05136
2.4665
4.35552
4.1425
3.52709
2.92866
2.98007
2.47828
2.94125
1.84639
1.66781
1.93968
1.90856
39.5807
126.498
91.1259
115.911
47.4397
306.697
55.5196
-240.041
73.0803
-77.5644
151.745
-1.84362
92.0914
114.866
10.8432
196.538
139.221
278.448
80.4081
65.2575
134.373
-142.035
40.4983
-94.2884
134.891
85.415
79.9298
103.021
143.09
74.3107
129.48
18.1944
-26.4682
16.6791
-12.4157
11.1174
25.4037
16.4774
-45.8468
6.82696
69.5995
21.0321
21.9424
18.2083
20.1736
23.2285
23.6256
22.7116
-20.2434
-21.8257
-16.1109
-29.5489
-47.733
-33.0254
-26.5294
-40.8509
-37.8062
-39.6399
-5.96729
-46.0924
-32.9034
-63.4271
-71.6558
-42.1091
-101.039
-110.502
-95.5417
-93.8793
-106.391
-59.6467
-53.1709
-80.5607
-82.7638
-138.897
-136.691
-139.056
-136.728
-140.09
-136.833
-138.882
-150.932
-147.533
-146.827
-148.925
-149.006
-147.302
-147.029
-127.25
-122.944
-127.913
-132.005
-129.479
-121.287
-128.537
-117.027
-123.639
-114.833
-121.219
-113.189
-107.637
-122.7
-90.7336
-50.0729
-87.0147
-81.1928
-25.3896
-36.2128
-68.1979
512.398
462.18
356.363
323.469
404.51
392.97
235.883
508.232
666.534
252.2
498.343
14.6475
664.146
593.337
572.062
203.058
577.941
186.115
486.329
528.443
-22.9312
592.784
505.273
426.162
-24.9504
-29.8964
103.445
-27.3231
13.4694
-18.3711
357.08
-134.658
-131.973
-141.262
-136.43
-129.216
-129.825
-138.553
-145.542
-141.683
-143.338
-141.5
-138.437
-144.848
-142.02
118.931
-133.948
138.552
140.351
30.8622
-50.347
-161.045
1081.82
1500.53
1366.33
506.901
1141.89
1751.86
382.179
488.49
642.498
559.451
585.191
116.824
403.916
138.486
152.689
331.1
635.809
207.957
372.957
529.57
-146.309
-143.593
-145.39
-145.229
-146.023
-146.226
-145.183
-137.182
-141.2
-139.158
-135.943
-137.528
-139.424
-138.894
-141.235
-137.463
-138.146
-141.373
-145.566
-140.709
-139.635
16.8657
17.0834
17.7369
17.8009
18.1957
17.6318
17.1955
20.6141
20.6477
20.3693
19.8115
19.8849
19.5044
19.7318
13.5328
13.1576
14.1016
15.0628
13.2465
12.2524
11.7374
15.629
16.3464
16.0836
15.9104
16.112
16.394
17.4847
15.9828
15.9782
1542.13
1517.55
1341.41
310.465
1028.32
1531.79
590.219
1537.83
1415.43
923.392
899.111
1186.61
1542.03
1527.93
1368.62
1069.45
1531.39
1636.2
1022.45
1658.02
788.578
22.0238
132.286
43.5795
14.307
22.4011
76.1055
142.227
4.84299
32.6742
25.5354
5.13315
2.60665
6.46771
10.0575
6.36142
6.93869
9.0279
10.0361
7.28268
3.20605
3.4317
3.16645
3.19756
3.22799
-0.0812684
0.136333
-0.0138608
0.164587
-0.122225
-0.171164
-0.0100147
0.474785
-0.253005
-0.0345689
-0.505168
-0.0381673
0.290316
-0.213588
0.310658
0.584509
-0.00154188
0.479317
0.378245
-0.0734785
-0.0899223
-0.119366
0.0509134
-0.145698
-0.363983
-0.195107
-0.122839
-0.172102
1.37229
1.15739
1.08141
1.62695
1.6427
0.742336
1.03759
0.38187
0.598596
0.748059
0.976813
0.497217
0.111674
0.0662623
0.107386
0.163983
0.11
0.168057
0.220516
-0.00413574
-0.158277
0.0469292
0.270421
0.70064
0.232605
0.142702
0.14305
0.143483
0.294255
0.518644
0.209527
0.104268
0.184585
0.0122057
0.0445471
0.211688
0.720442
0.302292
0.293675
0.210638
0.0269632
0.228899
-0.102988
1.65156
3.1079
2.99893
2.04057
1.77023
2.08292
1.07613
372.211
621.834
638.053
631.2
612.94
628.379
610.52
313.304
604.033
308.848
614.327
584.338
625.491
556.358
186.424
406.964
1.27829
1.63125
1.8082
4.35321
2.36054
1.84203
1.87683
2.82862
2.81273
362.847
367.566
113.443
26.9604
158.113
84.2527
368.619
0.506655
0.105077
-0.0296895
0.528765
0.948807
0.843754
-0.730616
1.74054
0.129782
2.39473
-0.187038
-0.0310495
0.559529
1.00754
-0.8333
-0.667028
-0.823349
-0.506751
-0.917288
0.501666
0.241736
0.291507
1.41118
1.957
0.881376
0.719081
1.5595
0.484121
1.23748
0.633199
1.43097
0.177094
0.192292
1.26323
1.40357
0.348047
0.635657
1.13344
1.11298
0.332888
0.286676
0.475658
0.493363
0.613368
0.536177
0.601265
0.428948
0.434663
0.314617
0.30404
0.415307
0.566743
0.616741
0.403018
0.476593
0.342543
0.871687
0.449274
0.32288
0.555108
0.668233
0.63693
0.494185
0.550457
0.727112
0.587517
0.676037
0.68509
0.734093
0.891932
0.878111
0.763339
0.795737
1.71594
1.70768
1.74763
2.46006
2.85205
2.02168
2.85797
1.52982
2.30772
1.19768
1.20798
1.62272
1.31465
1.62159
1.12997
1.13209
1.93193
1.72777
1.48545
1.81586
1.72689
2.36001
1.59388
2.1109
1.51216
1.65405
1.77109
2.28824
2.11569
2.32347
2.08371
1.79179
2.84511
4.34823
2.72445
6.05463
11.5404
10.687
23.7677
36.5661
15.6561
13.8985
3.44735
2.87319
2.96362
3.35255
2.8102
3.72926
3.14117
2.55754
2.64917
2.7448
3.49744
3.85538
2.9166
2.95295
2.96373
3.27047
2.89818
3.01977
3.06066
2.80352
3.28528
3.35875
2.68185
2.69099
3.40943
2.76704
2.38376
2.4082
2.2673
2.26993
2.37596
2.09581
2.26534
340.774
126.58
346.96
165.122
33.4429
57.3926
423.309
132.672
-14.467
-1.44741
260.115
16.2195
128.098
-155.203
47.0748
-184.305
6.85058
-82.7321
128.439
43.2668
-67.5555
-107.954
-46.1529
157.32
-11.5238
-108.818
-116.984
-68.858
-19.4209
116.824
-17.8938
-35.0752
19.1137
139.891
82.3742
221.61
357.709
85.0007
461.641
378.641
313.896
311.581
316.547
462.962
294.122
570.183
278.731
399.472
584.588
444.816
64.8088
110.547
401.383
341.082
433.625
329.036
-38.6635
478.375
484.068
143.848
200.791
360.144
177.631
201.089
63.8417
72.0734
183.885
291.076
197.026
258.307
201.395
189.3
87.8422
398.339
259.929
344.308
371.32
269.87
-274.956
30.8065
-197.294
-44.2901
-70.1138
-27.5536
-33.1475
-32.2313
-13.4822
9.91933
109.292
28.9888
149.138
-14.4471
81.5703
141.302
167.367
194.35
315.147
191.53
-174.683
-54.3928
-11.1784
135.223
-200.434
-88.4404
28.0285
102.737
-93.294
2.61208
-23.9816
53.0643
108.926
-145.004
-118.602
17.1066
-99.5791
-112.483
-106.874
-104.175
-87.4494
-106.832
-66.5871
-98.3001
-119.404
-117.423
-88.1656
-68.9953
-119.887
-117.712
-89.517
-87.0596
-57.7589
-2.44064
-28.0315
-67.6966
-53.2267
-62.4889
-109.19
-101.147
152.191
328.554
48.1847
39.1912
35.9928
177.14
62.877
21.8599
22.3382
21.6029
21.0444
21.2332
21.2651
21.418
22.0164
22.7205
23.4494
22.3209
22.084
22.3228
22.579
22.1852
22.6759
21.5319
21.6309
22.2688
20.3134
20.6111
20.8904
19.898
20.098
19.6654
20.0819
21.1612
21.2435
21.2475
20.7116
20.8725
20.7339
20.7019
19.5482
19.2349
19.4977
19.4576
19.3493
19.4924
19.6325
828.939
732.722
763.919
1013.44
987.85
982.802
954.881
2.91564
5.04742
4.56416
2.54431
2.30264
2.74169
3.07869
5.78507
5.90249
9.22864
11.5943
11.6225
11.2533
11.6179
1.75366
1.40513
1.57633
1.25591
1.7789
2.17775
1.38782
0.340808
0.677841
0.260187
2.37457
1.38047
1.32866
0.932208
-1.39523
-1.45655
-1.23456
-0.289336
-1.01996
-1.57982
-1.3771
0.356827
-0.375546
-0.888115
-1.26648
-1.0019
-1.13277
-0.415477
-1.80857
-2.13864
-2.02333
-1.85638
-1.87891
-2.04323
-1.88371
1.44047
1.78174
0.91401
2.06171
2.10461
3.24234
1.91838
1.07663
1.60581
1.46709
2.40841
1.82721
1.52011
2.12485
2.42316
1.36097
3.36205
2.89131
1.69248
4.04584
2.56652
1.70398
2.41452
-0.0306656
0.115372
-0.113628
128.857
-80.7793
4.15872
44.0635
18.2714
403.231
334.596
380.942
414.728
536.144
1104.56
858.547
637.332
808.72
900.252
858.688
865.172
794.619
642.179
819.91
767.458
696.003
794.611
755.234
948.548
888.855
618.349
795.539
1045.52
887.992
694.589
443.372
377.02
427.35
284.466
10.3593
272.259
462.646
23.7297
239.975
5.48859
33.9104
164.928
397.246
-2.8254
-1.41249
-1.50824
-2.12594
1.56223
0.433835
-0.752722
2820.52
2787.88
2846.67
2794.52
2743.94
2852.04
2853
2874.28
2872.85
2861.06
2849.93
2871.9
2770.68
2823.02
0.461506
0.00976839
0.192309
2734.86
2844.3
2771.39
2782.83
2790.67
2785.73
2780.1
2781.55
2791.5
2807.57
2820.72
2789.96
2775.08
2782.87
2786.88
2791.56
2780.28
2774.9
2784.43
2787.25
2768.72
2789.63
2785.57
2795.43
2780.37
2776.27
2769.88
2778.68
2784.25
2779.8
2780.69
2809.13
2797.35
2783.23
2774.8
2747.89
2777.8
2775.17
2782.36
2773.1
2778.07
2789.17
2779.29
2779.62
2729.82
2772.5
2790.51
2527.43
1843.35
2819.84
2846
2832.37
2664.5
2737.93
2814.42
2858.55
2892.55
2881.56
2888.38
2879.24
2863.28
2816.61
2867.61
-0.492694
-0.400334
-0.42907
-0.291157
1.56313
1.19751
-0.141446
2795.77
2819.57
2775.17
2852.88
2828.02
2851.63
2811.59
2882.3
2901.51
2837.43
0.0231279
-0.165645
0.0982133
289.093
313.387
291.183
238.376
322.758
187.548
272.207
286.062
219.865
1673.5
1948.22
1912.68
1553.45
1993.62
1665.39
1902.45
1683.14
1666.27
1729.97
1952.46
1707.96
1487.46
1893.64
2099.25
285.601
328.605
310.667
29.6668
95.2406
203.35
3.22384
3.55424
3.92293
4.28937
3.8761
3.35038
3.66517
4.06349
2.69999
2.61132
1.95188
2.07467
2369.94
2289.35
1941.07
2158.48
49.2727
54.1162
1786.8
1378.17
13.6398
14.6506
12.9761
13.8932
7.42825
5.81845
2.217
2.11429
5.05974
5.35921
4.60085
4.90692
2.66113
2.83741
33.6732
20.4646
5.58259
3.97121
1.31718
1.33829
8.14902
9.42389
11.9923
13.0506
6.6353
7.06068
6.97593
7.23969
2.73851
3.70154
3.49895
3.59286
7.75572
7.76457
7.83421
7.95566
7.47811
7.75641
7.18545
7.46883
21.6574
22.1042
21.9076
2.53879
2.42998
4.4073
4.53814
27.6375
139.328
47.9878
356.921
2.84906
3.42286
3.2937
3.0454
8.91384
8.96086
8.39113
8.64337
9.90822
11.2627
10.2298
12.7701
3.0496
3.98869
4.594
5.81581
125.78
392.794
66.7276
165.78
8.63886
6.13791
10.2259
5.81156
2.05578
2.15496
1.37436
1.33705
3.84106
6.44729
3.75156
7.63171
1.62086
1.17622
1.58802
1.34486
5.02265
8.13144
2.04795
3.89382
782.722
1083.81
1047
1079.56
132.515
191.552
277.134
778.976
1.35223
1.8744
1.13429
4.00174
1.67344
1.58911
1.19123
1.64113
0.118935
1.10404
0.43138
1.61982
2.31525
0.868373
1.29847
0.466379
2.25886
-1.48592
-0.850641
41.4795
50.2848
31.8464
36.5841
9.85682
11.0646
9.47422
10.4418
14.0217
12.8517
13.8876
3.21934
-1.53041
-1.41649
1.32603
1.77677
1191.91
1198.05
955.354
1195.67
0.612763
1.11017
0.314469
1.25169
0.556075
0.644994
1.44565
1.44525
3.34863
1.9762
2.84571
1.55506
101.874
114.916
0.376707
0.568072
1104.32
1101.71
837.046
964.964
-5.5932
-53.164
-49.8661
-77.6875
0.25874
1.45191
0.000967453
0.188125
5.4303
5.36399
3.57739
1350.17
1390.83
0.923171
0.772582
1.15625
0.919656
1.4488
1.63885
0.0361172
0.00134722
0.0122793
201.787
204.355
1147.54
1036.4
2.30113
2.10689
1.77457
838.19
499.159
145.204
9.26323
2.2919
-2.07769
-130.862
-128.844
-131.795
-133.756
-136.508
7.81152
7.8247
7.55468
7.7931
6.96679
6.74983
7.00208
6.83812
7.62384
7.28412
26.1848
2.45622
7.65361
8.07742
5.86918
0.343823
132.316
40.1361
-64.9243
3.88864
1.04162
1.56887
2.6094
1053.41
1525.82
1564.08
477.127
0.0934319
124.198
6.09458
-34.9351
3.91488
1.08308
34.0513
4.67162
0.630074
146.221
4.87541
9.38811
17.4103
34.1475
9.01015
0.400154
0.671111
266.247
18.8019
2.28536
0.297234
590.095
870.43
725.981
2.20653
298.095
59.239
40.6918
4.00303
-139.223
367.191
77.9112
4.09163
73.0642
5.36817
19.494
1.03413
8.26548
16.8034
10.9914
46.0414
36.3043
54.0026
2.25925
334.177
264.221
19.7277
86.1824
89.3272
28.587
85.9735
3.98978
-0.541434
0.591686
0.053107
-0.0302807
-1.91476
13.0763
0.446097
0.138517
22.8667
5.71139
83.1344
4.59603
-1.96999
854.394
2.45418
30.4759
2.86878
8.04691
5.28159
57.3804
1.01188
16.3975
7.21398
26.0343
18.0527
33.3018
-1.90133
-2.57744
4.90291
42.4153
20.6197
-1.41795
-1.74717
44.9006
0.848149
-1.99611
-2.75693
-1.80326
-2.1947
-1.83173
74.1007
5.41398
99.3662
5.75737
4.37211
0.399423
-2.28775
-0.0725857
-1.42815
-0.979655
342.349
2.89577
0.581664
0.145429
0.215345
0.85446
-1.24786
-2.55038
461.916
107.78
1.21092
-1.35274
22.7234
116.364
0.0745211
-0.602062
-1.14741
-0.671757
-1.03246
467.172
10.7642
-1.27422
-1.43844
-1.70332
-1.20367
8.44501
-149.134
83.2898
28.157
5.28661
26.5831
0.470482
-1.36394
16.1305
-2.48244
1.5243
7.69984
-1.13519
469.317
-2.57155
3.61221
134.61
-1.53996
16.9385
9.9923
0.94152
15.8795
1.45648
65.2532
5.24866
6.98397
4.92192
6.8523
74.0818
2.26354
16.3221
1.68481
10.1493
4.31906
1.13316
1.1883
14.3323
1.3757
1.72733
2.14197
0.457839
2.45409
2.25504
-1.92334
4.12965
-2.53702
-2.48238
0.976754
2.16127
331.249
0.831615
765.496
2.69198
1.51929
0.85387
4.45214
5.58821
1018.23
1.41939
716.829
0.70273
1.0789
1.27897
0.841369
87.0686
1532.05
1.07504
1.75185
19.5267
1.34201
1.41433
2.20465
294.994
1.15319
3.89468
4.65573
-141.977
1.36766
3.02071
1.76877
0.596017
11.8205
2.34355
1.13514
0.99976
1.02835
0.592407
697.553
1.4312
548.998
26.0475
44.8644
223.793
212.269
179.56
2.90195
1.18655
6.6176
0.243378
1.1687
1.15994
20.1173
236.964
320.058
841.891
526.084
439.925
132.212
199.111
7.98461
402.317
31.5577
-2.16295
48.5783
1.90386
-1.82012
581.469
9.52262
71.5104
1208.38
154.106
9.67133
87.4847
2.66689
75.254
749.939
1113.36
2447.41
187.415
2.99795
2.32038
3.78556
2.47531
3.11214
2.58362
2.12655
3.35065
7.9942
3.12073
3.81491
2.34209
2.14654
1181.15
3.08386
4.04939
2.3301
3.74631
19.3909
178.752
3.2859
3.75806
206.536
3.09234
1204.15
36.5624
24.9608
115.05
3.49924
29.4682
22.0692
256.674
5.10483
47.0005
343.173
4.36297
1029.37
1175.2
2.5262
0.508373
918.499
5.3403
0.641846
1.44272
1.68378
8.13032
-49.3936
9.03656
1160.8
0.267647
229.837
4.13541
2.84448
128.875
7.54229
2.26662
-129.195
1475.29
29.8344
842.633
1.81215
28.3717
56.156
5.03568
2.57475
2.79302
2.28931
6.72361
1022.62
4.18777
2.04679
0.046636
1.4898
7.40517
860.283
94.048
1346.99
1.40629
443.824
-81.9761
3.12441
1423.94
3.68555
1484.38
1.54669
443.016
7.3575
1083.48
6.46726
1.00696
1.05131
1496.89
1.44058
588.979
0.202772
10.9681
1.04381
10.2337
11.6713
5.81025
13.3536
154.539
0.47257
20.0767
32.1857
0.635158
7.67586
391.582
33.6217
1.77418
9.42736
33.7769
22.1402
16.2411
3.26934
1235.93
4.3601
46.195
27.3159
4.08958
106.532
9.73823
0.492661
-147.02
2.43222
3.88791
-118.106
93.4475
1.44152
2.05657
2.23732
2.30677
2.25858
4.36094
6.46399
19.6467
0.105676
581.031
3.42547
196.176
25.4155
5.84634
49.0289
1438.5
1171.92
2.3025
1098.33
262.506
972.991
1.51582
8.06056
11.2899
2.40667
27.2717
11.3846
45.7918
28.0728
5.69421
2.80632
29.0906
27.5317
51.6088
14.5688
0.0889663
1.55853
5.46891
10.7742
17.8341
49.7236
50.0689
36.0319
1.71649
256.859
81.3688
541.179
47.6471
45.5047
14.4484
575.373
8.88115
22.9984
463.162
32.0924
18.1338
1061.45
5.12406
799.812
869.41
1549.5
954.597
1.41506
115.671
49.1227
-1.18008
9.10739
17.638
-2.1457
13.1346
1018.87
1016.41
58.2477
289.903
910.487
127.34
3.84978
21.8727
11.6356
851.479
0.756911
5.56454
799.149
4.49433
1046.26
53.8664
25.4641
0.101292
1085.4
890.59
1013.48
432.499
528.65
1091.15
-2.16859
871.075
1.79839
1166.62
1048.43
1055.11
966.292
991.959
10.4182
1050.04
63.5756
1014.74
861.716
639.577
532.609
41.1903
88.0931
707.258
105.348
632.073
103.235
246.308
455.224
1.31244
397.842
341.493
21.4972
79.5416
149.469
779.296
37.2012
1055.97
335.627
45.5087
2371.75
1.53289
-1.45127
803.45
319.107
727.692
-135.682
1009.34
54.5571
4.20821
84.9041
234.222
604.316
295.167
0.287265
-126.822
305.667
4.93856
600.16
1437.25
0.722867
25.8343
691.307
677.863
85.4768
640.065
8.96057
819.95
3.70143
33.0845
5.83726
1042.12
14.7626
1.44527
7.97777
0.295066
5.09157
1.89571
377.355
0.881291
-131.413
291.545
7.50177
1106.25
345.329
231.183
465.334
5.90236
61.7053
39.7225
5.09033
7.88989
5.79587
5.94284
1010.53
4.92997
285.228
661.4
6.40477
25.088
337.714
7.92788
-0.0193475
2.08217
-1.27821
-0.309608
0.699409
1322.57
14.1534
0.900966
0.756048
0.768378
0.598977
3.30525
-1.57234
-1.71936
-1.07524
-1.20549
-0.652554
-1.62857
-2.15786
5.04072
9.69352
-0.169821
-0.713926
-0.82684
-0.422675
0.451329
0.202635
0.427299
0.735403
1.0702
0.194116
0.125325
0.475373
0.164591
34.0141
0.0241569
0.684525
643.162
20.585
644.106
0.667672
599.625
1.18043
75.7198
1.57369
1.05785
24.3026
1.15772
4.08011
1.07656
13.8647
1.28899
1.95959
5.12728
0.293545
213.207
20.5057
0.398406
-0.913482
0.50512
4.87717
0.063715
282.813
263.934
71.7434
6.91168
5.00282
0.0877145
1.55643
3.08062
1.04982
1.01517
53.7315
0.909858
1.96708
2.82762
1.99338
2.62938
1.71701
0.38939
0.0320238
3.43063
179.138
1.28236
1.29748
5.38865
22.5532
7.24889
-1.43264
0.770936
30.107
0.266242
10.539
10.2994
951.335
1.31748
9.01927
3.5375
2.92554
5.41427
0.163506
-83.3255
1.02238
6.35834
-1.02866
0.684012
7.79411
1.23961
-0.282987
-0.50068
-0.0904442
0.259994
-0.78452
0.559059
1.30012
21.1646
-115.612
-0.881958
20.2239
4.62814
5.04166
1.00372
23.4585
0.352513
-1.37757
13.1385
0.871745
0.135712
0.686015
0.746517
0.0763976
570.933
0.0761825
4.5303
0.0654251
7.52402
6.35117
0.0488698
0.145284
0.380244
0.182615
0.280187
493.817
0.247014
0.220156
0.0889054
0.0738505
18.2715
0.101027
0.309759
0.129905
1.44641
290.895
0.0401434
0.036484
0.0354115
0.0396458
0.0552632
0.0220999
0.0698238
0.041011
1.38286
0.409171
15.4801
0.0916929
0.0237873
-0.680643
6.27989
0.0515702
7.0001
-0.00602473
0.621219
4.46631
-0.129823
5.086
3.49937
0.446544
417.1
865.976
2447.51
48.0491
2263.97
2394.74
105.518
63.6896
174.176
0.0364422
11.6456
0.0103922
0.0271817
-0.119652
868.097
0.263213
-0.0840412
3.58247
0.115403
-1.27931
1.02732
3.01875
1.40831
2849.67
2846.58
6.69667
4.87085
-105.002
6.74823
11.6778
10.4951
1.42868
4.07277
5.37752
0.0223406
1.24164
3.4101
4.57419
33.3346
44.4683
3.49306
3.32678
0.605171
0.0793388
4.76445
0.455565
1.27547
3.99665
1.65914
-0.00341393
-0.0252888
6.99404
-0.0474605
0.0112339
0.0624465
0.149936
0.0640809
1.17899
-0.00273865
-0.0589464
14.0469
1.53177
0.0857944
1.93398
0.0291458
0.437141
0.996581
0.465835
6.52291
1.11792
3.2935
0.394314
0.0592684
8.27563
4.04187
1.11696
2.03574
-0.0127386
9.95256
2.68971
-0.0362729
0.0513818
11.1614
-37.3777
4.02071
1490.55
1962.58
0.283654
0.788534
3.13284
0.109445
0.399837
0.065493
26.0429
1847.31
1.69513
5.22462
1664.92
30.2265
2.04505
14.0087
2.33397
1319.81
51.2621
2.39038
125.455
4.62332
9.00571
8.4558
1.92718
1.95854
318.641
73.4922
2.5592
5.60131
4.99495
1165.63
6.09883
878.241
178.939
2.11499
0.558423
2.31446
165.85
3.29945
56.1376
160.47
50.1852
1.37113
1.44309
26.7497
1.55598
1.21882
7.36429
1466.51
109.087
8.7218
2.79638
1005.16
0.806053
4.51823
1504.71
1626.37
109.664
-134.809
0.136273
1571.81
5.26323
3.37464
4.84649
5.85128
36.8881
4.82934
5.4569
6.07118
6.16116
4.89056
7.48894
1741.99
1383.04
231.523
5.9206
5.40243
2.33364
1785.24
4.99768
1847.68
1739.47
0.567572
8.89654
8.55608
-0.00558627
5.04044
1630.16
1010.26
30.2683
0.875319
596.433
1834.48
2.46812
4.98235
400.924
243.718
334.574
50.7749
2221.08
5.56805
1944.97
0.396892
2004.17
14.0737
4.04176
2.41224
5.56682
4.98177
3.99832
5.45928
981.694
4.95636
-0.0363416
4.86661
2050.13
4.01534
3.36783
1246.86
6.57094
5.53991
5.18285
5.54634
1950.39
5.01554
1527.57
5.24058
5.01327
5.16289
5.18548
5.494
5.65795
5.48001
4.58733
1.44587
4.08755
5.4971
4.89812
4.52257
8.02953
4.2636
5.15555
4.28643
5.87377
219.025
5.04407
5.44475
156.031
399.155
6.14872
23.0769
5.49597
5.54651
5.6175
4.98152
5.61182
4.21715
4.74406
5.51194
5.49463
3.94812
4.01136
3.97293
4.88328
4.96394
4.6811
4.78096
5.07389
4.87783
27.8943
10.0268
-0.325886
2.59276
5.19142
5.14637
5.29036
331.399
2807.66
5.18367
0.0594638
2.06903
0.0452827
3.69275
12.1736
99.1954
2682.94
0.20473
0.507877
0.220026
1.67412
5.09574
-0.359473
0.99363
0.492275
0.763143
0.347247
1.26246
1.55457
-0.700349
1.40002
29.1243
605.685
1465.77
5.08049
254.553
12.3655
2116.31
2515.03
-0.425892
1884.87
-144.794
31.1136
-0.244298
5.20957
1.96168
2492.55
2577.26
525.244
2639.13
49.0993
2181.08
2070.13
33.3396
329.076
2411.12
5.91928
2.75541
2373.43
2170.1
3.09395
2.90066
31.8049
0.870489
33.8449
1134.73
4.72679
5.85455
6.00518
3.48387
3.21672
-80.3537
2.85599
2.73592
2.608
2.39375
3.03441
1.35446
0.805474
1.75785
1.93243
8.21553
8.40078
1.20521
1.37591
1.26168
0.905402
0.88033
1.82386
2.05815
34.0227
0.496789
2874.07
0.88129
0.508924
0.949881
2833.97
-1.22325
-1.16165
2828
4.40472
-1.73812
-0.516896
241.491
151.966
-2.53986
3.63391
290.25
0.490697
0.368529
24.3712
-0.218944
-0.652005
0.137864
0.914913
1.91293
80.259
-2.02907
1.38906
0.31534
6.10246
5.45256
1.88732
-2.13068
2.64579
0.687298
7.23771
3.39216
5.72871
0.719876
162.432
2.6392
1.43685
3.95661
1.8697
8.72789
3.93984
250.046
5.51686
4.70473
9.03556
1443.58
3.60647
351.095
0.629225
1.10211
48.1826
7.14911
1.90249
106.93
5.22625
4.76431
11.0219
4.84423
46.4192
4.82505
5.73899
192.539
3.87845
4.84686
6.34186
-1.91518
2462.66
3.76862
389.222
7.86239
7.91884
-0.93474
7.65715
7.72859
3.13932
8.22177
8.40706
7.85137
7.23493
9.92069
6.05746
6.51527
5.92025
6.18951
6.55965
6.78805
-112.389
5.18681
4.82292
5.46084
7.65599
0.058992
10.31
6.69657
7.07549
6.64787
4.62022
8.35611
7.08679
5.56738
4.88433
10.1168
5.09621
5.74297
6.29045
387.679
5.93069
5.72129
22.086
103.444
4.96088
7.28873
8.21162
7.22968
7.66895
7.84927
25.9071
7.51882
8.09061
8.22374
7.03329
3.20628
7.07379
2.82293
7.67922
7.68
7.76909
7.95693
8.0837
7.94645
-144.144
3.30068
3.45425
18.6243
17.5261
112.575
7.85042
24.7035
0.805023
1.83627
2.42359
7.29691
0.0252915
7.72416
33.4199
3.23912
4.59209
17.1788
51.3865
1462.28
1464.09
337.295
-7.86656
15.3394
-0.653321
21.6714
191.72
91.8551
495.868
-149.166
10.776
180.454
56.8434
5.58911
9.011
43.6194
689.341
194.727
7.43193
198.224
6.76106
6.46781
2.02624
1482.09
1052.8
1386.09
876.152
1.76326
16.8665
958.689
1.06774
373.018
1340.08
1365.5
1225.81
1432.1
1468.86
1.21016
1295.74
1421.15
841.472
1421.1
1198.72
192.017
769.209
81.1967
1056.18
1016.18
1262.72
1.21593
61.4452
160.64
88.611
991.792
393.373
1.10224
1313.4
2.13732
556.332
964.808
-93.5791
1.88104
12.8402
17.807
17.5334
14.0458
12.6748
29.9625
11.86
0.045691
2.68144
530.183
10.016
9.68636
93.1644
194.623
22.37
12.0394
29.926
69.3825
16.3333
15.4857
18.0057
16.2137
18.3415
17.9343
73.459
14.4519
-110.085
7.64959
0.258577
10.3269
9.93015
1.82716
8.75784
8.897
14.1699
111.797
105.45
43.9585
26.9842
31.2083
57.6752
258.603
10.9741
28.7428
25.5432
0.988218
29.2328
542.14
17.6768
19.0023
22.9364
80.2165
248.384
924.08
705.904
735.943
630.538
666.159
412.336
-67.2347
728.306
47.5795
20.357
106.103
-56.267
6.71999
3.42483
-106.87
-106.012
-125.555
-69.078
-109.558
-106.569
-65.9454
467.899
24.875
-129.89
0.755521
15.4084
-82.5473
590.241
15.779
-59.4412
984.327
864.231
-134.947
714.124
13.8928
270.351
106.742
5.88559
-23.0151
689.609
219.886
26.1568
18.9017
498.075
16.0778
25.3791
71.7587
300.462
391.012
-92.6291
-99.5369
-119.207
-109.143
-142.36
-133.438
406.649
19.7025
-93.2299
-138.182
711.507
10.264
-135.028
-79.2077
-132.745
-113.616
619.603
-134.676
-129.091
-139.901
-146.338
-141.644
-140.907
-148.03
0.896539
-136.627
-141.461
739.441
-110.973
156.126
-125.739
-141.004
-144.489
-121.659
-142.528
1.70501
1939.67
829.817
1418.35
58.7932
4.96143
-82.4698
-131.279
-59.5301
-101.161
-70.0393
111.618
-125.107
-98.9622
-111.315
-80.6915
-115.726
-137.782
-76.4685
308.738
-100.364
-136.314
119.397
236.418
8.29622
-127.458
-120.238
-132.184
-116.206
-125.956
20.2912
25.6393
13.9271
0.103687
25.1206
-116.624
-139.685
-88.9525
466.301
201.157
-86.1026
-135.719
-125.828
-106.244
-139.22
-120.257
-129.745
381.028
-115.116
-142.934
54.4376
559.849
-148.147
-123.639
-144.681
617.274
397.798
235.119
102.906
385.18
24.6644
-124.945
523.406
232.5
572.821
-127.135
-62.1327
428.656
-80.9623
163.581
369.663
-117.954
-132.151
90.7767
54.7475
269.196
104.215
31.577
-134.091
-132.38
31.2643
104.396
60.5117
40.6467
16.5841
403.97
32.8844
55.1646
36.3073
29.2507
29.0964
-11.6979
24.0661
33.5328
26.4576
29.9798
25.837
25.6086
43.9554
25.4824
415.697
26.3297
48.5329
26.5838
24.7448
112.474
28.325
22.7051
22.8547
-0.30055
29.656
-26.621
95.0355
416.736
24.998
25.4611
26.7853
27.3845
24.2466
5.04913
25.0117
24.794
25.4099
-42.5513
25.5329
24.1626
26.8655
69.5511
24.2417
-117.318
74.8269
25.8156
26.2388
25.3029
-1.66057
71.7663
78.6805
35.725
-120.153
27.0581
36.2922
27.1202
26.6946
41.7837
14.6898
26.5905
26.3519
59.3046
24.6506
25.5466
130.841
26.1362
26.1587
119.147
370.573
62.4951
2379.02
0.00864409
118.156
696.24
658.63
19.0033
347.368
35.9398
163.475
13.036
221.896
1.94586
64.8423
-128.788
26.8024
26.3792
26.1384
25.7637
25.4713
-149.628
73.6068
26.1391
25.7449
26.0047
25.58
24.6212
7.96563
23.7335
27.0443
241.373
26.044
25.7939
26.5567
25.845
25.628
26.2625
26.7843
35.7648
30.4989
25.7382
30.3654
33.7064
22.579
27.8616
365.436
198.721
30.8735
-132.21
21.645
700.35
31.3614
-2.1525
351.883
1.75694
42.6597
902.347
3.15969
84.1398
1.44209
31.1088
1.62101
794.125
139.778
-0.260058
24.9104
23.9889
2.10645
362.136
0.105257
1343.38
19.1836
31.8458
737.214
18.1187
232.012
562.098
46.1329
4.92494
19.0746
815.326
1114.37
42.4185
33.2581
1042.85
4.08328
3.22274
42.8739
32.7838
19.9153
41.975
207.22
17.8675
255.502
5.46714
-92.1495
4.89175
159.139
140.369
17.4391
11.3451
50.1315
1223.58
5.22382
7.12849
8.31182
10.105
4.93698
1669.51
16.8714
1.77913
36.6872
8.8922
1219.37
13.2498
18.1686
0.0997101
7.05152
15.4025
19.0459
3.46678
17.0942
13.5761
11.1507
12.2849
4.15308
5.94205
4.6105
4.70053
14.6025
7.9382
21.8943
49.3142
15.0038
4.22106
4.07875
5.10137
6.27823
6.88673
2.76286
4.79853
5.28947
500.164
4.26736
3.03513
1307.65
4.13152
1087.96
-0.920101
14.7704
157.395
24.5375
18.9835
17.6369
34.2625
-122.989
-87.7532
26.4527
22.0252
894.7
21.3204
9.56431
19.6544
17.7981
18.8359
-36.5839
-27.6797
1377.78
28.3863
17.1025
25.1673
78.4303
119.658
395.37
21.2557
21.5912
460.604
8.85728
21.6309
21.156
21.5947
55.3772
-1.24773
21.5299
84.2333
5.16636
15.6203
4.40808
6.6866
16.3356
51.8769
19.7614
42.7899
-18.4703
20.2627
6.45122
29.6603
4.94669
19.5978
16.2599
4.57779
17.1508
21.85
-46.592
4.41801
20.9332
19.3253
1516.55
11.0453
12.4649
14.5922
22.1734
524.366
53.6732
6.6956
5.20579
4.36945
15.8146
37.3898
6.58452
4.73483
4.68413
4.50376
21.2376
4.63488
44.2989
17.4752
20.409
21.8156
4.4818
18.0896
6.36766
10.4482
7.48632
11.3997
259.677
287.621
21.2124
9.40605
10.3533
4.52447
9.10374
52.4712
13.3159
388.667
1085.6
-124.598
622.743
25.4708
455.05
484.56
6.0686
35.2064
6.36011
25.6858
25.9515
313.314
17.2826
25.7745
2245.14
25.1672
25.6285
47.246
30.4497
80.9918
40.7912
25.8121
50.6418
64.6395
28.5352
2.17374
-145.299
2806.5
51.3444
54.0532
32.0721
27.2094
26.5643
24.9045
35.0649
24.3549
32.1416
117.845
25.7368
22.05
25.3077
24.9388
0.139891
270.201
-103.023
699.565
22.6331
24.1845
76.6576
52.9941
22.1045
0.653926
-140.043
500.973
444.891
16.2771
89.1675
581.633
447.132
29.8401
191.083
-117.089
-128.309
-142.989
558.384
469.246
478.438
569.058
-52.1769
-100.825
22.6429
25.6505
23.8323
65.5336
2263.25
26.9632
-139.855
78.1431
63.2259
25.8182
22.8537
-138.253
-81.9357
2.17497
-135.454
-7.66736
94.777
-134.369
-124.131
2.71944
19.8578
478.038
444.544
185.81
-126.414
-57.4859
38.0002
19.7316
84.6776
298.436
407.437
-122.172
-133.965
5.05101
29.5047
69.0732
1.49124
562.677
164.496
-2.59812
31.1864
-16.468
284.395
-108.138
57.2054
40.7261
-144.223
113.211
653.49
-42.3964
-142.02
19.9636
39.5522
44.3647
-110.961
124.833
20.5869
530.834
30.0353
20.9982
5.05297
125.464
12.8541
16.1529
22.9665
22.7314
13.8527
6.26559
91.475
11.2201
6.05318
146.995
12.136
-2.20713
1451.72
4.2648
8.05234
1155.62
62.0926
94.8281
16.6907
126.522
-83.9196
4.17909
232.921
174.145
867.039
-55.5707
285.157
707.175
1473.12
0.701224
770.767
7.87936
8.25779
1327.7
43.975
11.6893
17.3935
1443.88
21.0154
497.2
699.601
1.19231
3.68289
651.367
3.86594
0.697707
1.36708
60.286
604.498
6.83902
18.9721
9.10994
2285.82
1.343
2120.7
5.02411
68.5047
1.03823
1042.8
22.4144
2.89725
635.272
23.3939
19.6604
28.4439
1469.42
0.0354776
6.27996
3.14458
45.5796
0.473407
0.933415
3.81324
101.138
6.61812
-0.0433608
-0.0974633
78.2575
0.00735937
8.48708
118.836
4.63013
6.77139
-0.00341973
867.124
6.51179
1.80268
0.238439
7.62496
-0.357819
0.0635865
5.03955
0.659284
0.098304
6.65345
458.725
0.0732497
6.97268
1.90226
408.593
2.31458
1160.9
1.01842
4.21646
0.105015
7.96774
39.5764
2.01109
0.192199
2.57254
7.57175
1032.96
3.66784
5.25891
289.338
-1.18008
-0.0718692
22.011
13.8284
0.0125674
783.1
8.51976
2668.17
0.12916
0.379526
5.79664
5.24717
1672.43
1340.26
2.82626
4.4444
1299.26
10.5288
329.852
0.77791
-0.00839205
2682.66
4.92243
6.35378
1.34369
5.74781
0.119947
0.205003
0.104012
5.99426
-0.997463
2322.49
2832.15
324.186
7.11522
0.042517
1.29996
9.1864
2.2211
655.072
12.3945
2.9186
4.9087
2.80698
1.41446
1804.98
-0.0486015
2.51545
1.37319
5.01846
0.00557665
0.104868
2.26657
0.0552301
4.96899
1.17626
4.38825
673.713
0.461442
8.00859
60.4448
3.22249
1.11058
4.89108
122.808
1.21097
1.52274
2807.06
11.3091
2.96938
0.403232
1.03803
-1.51593
65.8515
5.04969
-1.83656
1.57015
0.108901
4.79124
93.0585
4.12874
1.413
-1.01946
143.193
1.00073
0.597356
426.559
5.14504
4.95893
-131.929
47.6788
4.95117
5.09663
4.57831
9.41764
1.30756
5.31079
5.75815
9.92979
895.39
26.2247
15.8293
6.79354
617.57
7.99714
7.085
825.717
47.4321
443.261
1.18204
111.565
1.35465
2.93763
393.641
-0.106677
4.64283
1.06496
4.73639
68.6188
105.832
1057.57
206.172
707.528
611.541
8.63206
103.777
1108.43
3.07528
43.3051
778.158
0.108559
347.57
12.0223
13.9478
1.77521
488.432
7.8549
6.32652
35.2583
1092.53
4.26777
0.114995
135.379
709.973
56.0064
970.89
969.546
40.5491
125.944
3.73039
5.86526
1.96808
-1.19543
23.9395
1094.01
-2.6556
37.6597
5.20106
1.28123
60.9247
1051.08
40.8617
-2.58894
3.11268
18.3471
1210.06
4.12938
6.96742
112.769
116.234
4.10701
1073.92
0.543585
1889.72
5.081
284.291
30.5972
1.52077
1.92394
4.45975
2.03349
3.07845
4.7244
2.63217
7.36606
3.85366
38.8443
2.91421
2.13906
1.92156
2.81005
1.97339
572.892
2.09989
1.74129
7.25292
10.7634
1.47224
2824.12
18.2256
17.8728
9.60048
1268.81
1231.27
4.85451
0.0555743
1.25501
2220.59
450.573
1.4326
78.2722
422.956
563.5
314.532
4.41608
34.3344
1353.68
263.571
24.0418
8.84037
703.357
601.407
-1.56814
25.4924
26.2378
-2.53965
188.025
61.543
3.00284
1.20494
5.87209
2.27462
1.8331
1.26472
1.23511
-2.3183
10.2518
-1.60877
-2.01208
3.26511
1.47075
-26.1487
1.31606
-0.391966
882.09
1.32341
25.8435
1.85588
149.371
381.348
0.976148
81.4824
56.81
61.706
-1.99137
1.32257
14.4638
0.210017
0.831713
17.1523
192.565
8.24251
-26.5097
-2.11388
3.61357
-1.26306
29.3364
-2.51364
9.65178
-1.51383
6.44561
0.32306
2.64455
-1.32409
7.47208
1077.59
0.0402193
-2.29479
0.526995
0.101872
861.218
1141.92
4.92394
10.5717
7.45799
5.01594
8.96275
16.868
8.7083
5.93692
2.35616
25.6637
1026.15
-2.2623
278.563
-0.950512
326.693
1032.01
605.382
0.776294
106.336
1119.52
8.63815
1.50103
183.258
-2.59721
-0.859934
19.8519
-0.207465
4.41047
-1.89737
125.205
0.502679
10.5922
-1.93992
7.52605
3.12582
1166.15
1.76754
5.04008
10.2237
501.641
4.99656
2.30605
648.021
-2.32638
1.91144
0.816619
724
223.921
29.5987
461.685
36.1215
6.31057
2.75077
4.54088
218.237
2.07053
0.380446
23.3691
1.30243
1.97799
13.1925
1.59673
4.8531
62.0008
2.26267
2648.64
0.135334
1.05305
37.3304
1.42286
4.29315
-18.9745
1188.1
1.84455
2056.45
4.62671
2.49964
18.0164
4.30465
9.87037
2.70283
0.659355
15.8699
0.968861
8.11069
536.553
609.116
8.89611
-1.28316
1103.62
25.5932
22.2765
1.20604
2.48578
2.53553
4.853
196.196
23.5485
9.24719
354.738
4.47609
36.6032
9.60026
9.72394
4.89243
14.4364
1.23841
-129.551
17.0363
-118.316
458.736
5.31547
14.7223
314.706
5.55978
2.35722
0.608615
27.1348
20.006
-137.21
0.0866584
2461.13
17.8898
21.9653
25.5287
503.816
26.1168
1.73432
6.93417
10.5185
-85.8072
208.523
-116.154
0.0456267
144.821
17.0273
13.0351
4.8514
-140.76
1.81655
668.839
4.1667
6.09551
40.9019
1657.29
993.141
71.4
5.63781
5.09245
-0.0122344
28.3553
3.79624
2815.28
9.12367
326.574
108.32
457.289
1135.57
3.69863
1510.81
1.05631
2.68507
1.51506
206.475
545.195
1156.31
108.632
4.25495
-100.979
1401.38
7.82307
18.0282
2.54906
11.1413
22.9345
3.8523
92.5431
1120.71
773.524
129.658
11.9648
1313.65
20.9773
58.2724
0.0553607
5.85044
5.25479
144.684
453.841
4.4461
1.38569
23.8075
5.0407
7.8751
5.62413
13.3741
13.341
2.53857
4.58513
-1.52982
)
;

boundaryField
{
    FrontBackPlanes
    {
        type            symmetry;
    }
    wallz
    {
        type            fixedFluxPressure;
        gradient        uniform 0;
        value           nonuniform List<scalar> 
97
(
2815.83
2766.06
2782.26
2838.76
1383.57
949.812
427.409
214.702
803.334
211.797
319.661
194.269
490.051
289.165
370.818
243.557
-4.53487
106.505
1010.07
364.562
96.6191
964.633
918.23
349.692
173.342
0.436042
27.5295
1143.49
1068.26
1450.73
943.608
1041.31
1047.75
64.9319
113.845
641.794
1131.42
126.248
196.405
304.58
878.998
58.7301
1168.26
361.55
215.853
158.718
2469.12
648.458
4524.97
1043.75
306.887
313.009
470.685
671.967
148.885
-23.3993
454.996
1219.75
692.228
658.504
65.2575
134.891
16.4774
252.2
572.062
1081.82
1751.86
313.304
625.491
-14.467
128.098
-19.4209
444.816
433.625
189.3
371.32
-274.956
194.35
-11.1784
-145.004
767.458
1045.52
427.35
2734.86
2787.25
2772.5
2882.3
1707.96
2099.25
285.601
1564.08
-139.223
331.249
455.224
254.553
329.076
1307.65
)
;
    }
    outlet1
    {
        type            fixedValue;
        value           uniform 0;
    }
    inlet1
    {
        type            fixedFluxPressure;
        gradient        nonuniform List<scalar> 2(-0.00059857 -0.000444216);
        value           nonuniform List<scalar> 2(2795.43 2789.17);
    }
}


// ************************************************************************* //
