/*--------------------------------*- C++ -*----------------------------------*\
| =========                 |                                                 |
| \\      /  F ield         | OpenFOAM: The Open Source CFD Toolbox           |
|  \\    /   O peration     | Version:  v2012                                 |
|   \\  /    A nd           | Website:  www.openfoam.com                      |
|    \\/     M anipulation  |                                                 |
\*---------------------------------------------------------------------------*/
FoamFile
{
    version     2.0;
    format      ascii;
    class       volScalarField;
    location    "0.25";
    object      p;
}
// * * * * * * * * * * * * * * * * * * * * * * * * * * * * * * * * * * * * * //

dimensions      [1 -1 -2 0 0 0 0];


internalField   nonuniform List<scalar> 
6576
(
-399.461
-421.866
-389.691
-396.885
-406.49
-385.584
-385.166
-373.977
-392.552
-390.223
-390.638
-381.05
-369.009
-383.638
-296.99
-312.988
-350.176
-343.166
-317.799
-311.231
-350.606
-378.929
-387.694
-457.546
-289.102
-248.054
-175.545
-428.494
-426.818
-425.041
-416.771
-406.856
-368.748
-271.551
-252.455
-268.947
-295.417
-294.548
-284.363
-289.397
-323.45
-370.899
-319.231
200.301
197.806
200.499
198.719
199.031
202.055
202.449
200.376
200.96
-2.94064
-2.93894
-2.94085
-2.9292
-2.92918
-2.93498
-2.93532
-2.93944
-2.93014
-2.92327
-2.91771
-2.93133
-2.93783
-2.93012
-2.86588
-2.87481
-2.87992
-2.88409
-2.87475
-2.89388
-2.88684
-1.40846
-1.24367
-0.948628
-1.38791
-1.44401
-1.36617
-1.30048
-1.28166
-1.26657
-1.21212
-1.24558
-1.23789
-1.23222
-1.22015
158.12
137.366
127.652
106.045
88.9776
111.33
119.769
245.573
264.135
268.902
207.512
257.104
253.465
213.312
424.261
371.161
389.762
388.56
471.782
367.444
481.697
281.336
253.76
293.987
241.637
264.861
260.724
-2.74363
-2.85815
-2.76858
-2.91926
-3.32897
-2.84805
-2.87656
-16.3475
-55.3846
-147.758
-70.5219
8.02251
-45.2547
6.52543
-2.83963
-3.1051
-3.18867
-4.15176
-2.9062
-4.85567
-2.92655
-0.881484
-0.865079
-0.886566
-0.872844
-0.877299
-0.877043
-0.874321
-0.923519
-0.907185
-0.90023
-0.873153
-0.880943
-0.892089
-0.896088
-1.02487
-1.01661
-1.07419
-0.978519
-1.01312
-1.04152
-1.00238
-0.992298
-1.01325
-0.958923
-0.973144
-0.986687
-0.915448
-0.913578
-0.938146
-0.931588
-1.10243
-1.18161
-1.11083
-1.04883
-1.09947
-1.13903
-1.08277
-1.06557
-1.10348
-1.01515
-1.02735
-1.05025
-0.950538
-0.950486
-0.987636
-0.977117
-1.513
-1.66159
-1.4561
-1.44605
-1.58646
-1.39704
-1.25572
-1.30942
-1.46473
-1.94282
-1.87811
-2.0435
-1.83584
-1.7589
-1.9309
-1.82187
-1.9887
-1.97359
-1.91961
-1.90177
-1.78342
-1.85837
-1.94503
-2.29789
-2.39731
-2.38255
-2.02963
-2.33505
-2.37967
-2.18137
-3.29728
-3.38261
-4.44335
-2.88634
-3.55766
-3.47995
-3.40309
-2.51703
-2.5452
-2.5069
-2.37905
-2.42295
-2.44247
-2.38592
-2.21146
-2.31438
-2.17505
-2.25695
-2.14469
-2.07064
-2.16795
-1.81747
-1.68743
-1.7541
-1.88323
-1.80814
-1.72465
-1.79309
-1.47181
-1.50955
-1.39952
-1.5283
-1.62432
-1.45871
-1.53674
-1.29501
-1.23028
-1.28909
-1.38613
-1.29096
-1.36071
-1.27831
-1.24625
-1.31372
-1.1448
-1.10422
-1.14436
-1.10448
-1.16091
-1.09158
-1.13814
-0.857009
-0.878744
-0.871566
-0.8068
-0.826645
-0.841391
-0.820021
166.764
146.266
134.373
151.54
128.489
83.195
113.652
100.66
128.289
75.4645
77.4729
77.5591
75.7028
73.4294
75.5164
74.1412
67.8296
70.0725
70.191
70.0872
70.2829
69.7239
67.7594
69.8293
68.871
78.1756
76.37
76.5893
71.9911
73.0362
71.2445
73.2951
72.5466
71.2094
71.5766
-8.9033
-8.59004
-8.52985
-8.68146
-8.89879
-8.26375
-8.30116
-5.02706
-5.51859
-4.92236
-4.00638
-5.04143
-4.283
-3.8386
-4.67453
-3.74465
-9.90383
-9.42467
-8.84619
-10.35
-10.7981
-10.1317
-10.0182
70.5645
69.4767
71.6698
69.3112
69.1798
69.9022
69.3028
71.927
70.5258
70.9309
69.6553
69.0708
70.3396
69.4967
71.5664
71.958
72.15
72.2928
71.7548
71.7955
71.7868
70.7288
71.582
71.5776
71.046
213.179
203.434
230.525
187.301
216.08
212.101
249.625
164.117
165.945
182.721
166.681
146.865
88.9789
127.151
134.257
143.118
82.9245
81.7245
99.0006
109.377
121.672
94.8784
97.2452
76.4852
75.1262
82.4158
86.9327
84.4957
81.8079
80.2143
-6.11157
-6.01595
-6.04167
-5.98531
-5.87094
-6.03195
-5.87466
-5.97458
-6.10191
-7.29526
-7.16083
-7.14355
-7.03672
-6.80893
-7.13838
-7.07026
-7.32917
-7.35641
-7.48939
-7.33935
-7.03507
-7.33339
-7.11047
-7.33694
-7.34003
-1.52516
-2.18647
-0.968029
4.01888
-1.06167
-1.22978
3.29644
-4.44583
-4.84108
-11.9304
9.64393
-7.67394
9.23994
18.9809
-1.61787
-1.62334
-1.69468
-1.59282
-1.64435
-1.63765
-1.70034
-1.75839
-1.81108
-1.84774
-1.81484
-1.76512
-1.82259
-1.87701
-1.65146
-1.66426
-1.73029
-1.68177
-1.62902
-1.67191
-1.73233
-1.6737
-1.73463
-1.653
-1.65002
-1.70491
-1.63083
-1.56847
-1.65183
-1.59737
-1.91347
-1.96908
-1.89208
-1.9107
-1.86421
-1.9669
-1.91196
-2.10065
-1.99481
-2.0713
-2.10052
-2.16148
-2.0484
-2.10322
-2.10655
-2.13269
-2.19467
-2.07256
-2.01346
-2.07464
-2.12486
-2.58643
-2.55308
-2.48351
-2.58918
-2.65406
-2.58547
-2.50973
-2.28905
-2.34835
-2.35582
-2.35226
-2.41021
-2.43489
-2.37788
-2.69332
-2.58477
-2.62114
-2.31824
-2.34719
-2.22467
-2.89214
-2.83397
-2.83643
-2.83758
-2.89283
-2.85636
-2.80825
-2.82585
-2.84131
-2.89471
-2.73131
-2.79257
-2.78212
-2.83119
-2.87001
-2.92536
-2.81361
-2.82367
-2.73209
-2.79333
-2.89524
-2.83967
-2.86619
-2.80844
-2.7614
-2.82325
-2.92803
-2.89573
-2.88719
-2.86952
-2.8383
-2.8162
-2.73018
-2.79259
-2.8568
-2.89612
-2.9026
-2.92934
-2.84364
-2.83869
-2.86644
-2.86687
-2.33959
-2.31096
-2.24822
-2.35439
-2.43338
-2.32965
-2.40084
-2.33966
-2.27601
-2.05412
-1.98929
-2.08796
-2.11143
-2.19124
-2.0487
-2.11302
-2.105
-2.18856
-2.11249
-2.07465
-2.12304
-2.18999
-2.12338
-1.80716
-1.83527
-1.86268
-1.84941
-1.92953
-1.93309
-1.86426
-1.30296
-1.21488
-1.23304
-1.4021
-1.3473
-1.19505
-1.12935
-1.23182
-1.22105
-1.32744
-1.15807
-1.2415
-0.975022
-0.904746
-0.91061
-0.960017
-0.846374
-0.911238
-0.998962
-0.582018
-0.467218
-0.453754
-0.442937
-0.405803
-0.39898
-0.506124
-6.34477
-7.0338
-6.8317
-7.32136
-7.06866
-6.40923
-6.36392
-7.66542
-7.11623
-7.77338
-8.52361
-7.66307
-8.60814
-7.82804
-7.42181
-8.1406
-9.03596
-10.632
-9.56707
-10.367
-9.59042
-9.62436
-9.25889
-7.71483
-7.54233
-7.89945
-7.8599
-8.04977
-7.54542
-7.65547
-6.88559
-7.48552
-7.1488
-6.8031
-7.22543
-7.03482
-7.20542
-6.4015
-5.9755
-6.00947
-6.47015
-6.27138
-6.11698
-5.94465
15.0906
7.22303
13.5257
18.201
12.3962
18.5246
14.0831
32.1709
38.1507
34.5735
39.584
25.0046
42.6871
36.1977
42.6983
35.0582
35.197
41.7794
39.4312
42.203
41.0925
40.4458
37.2511
39.6144
34.9786
56.9145
59.0636
55.2221
57.809
50.834
51.5242
56.5532
47.7786
54.0396
48.3788
56.6849
59.3861
57.0519
55.3568
51.6892
47.189
66.3962
66.5225
65.6043
64.8623
61.4092
64.7352
70.907
70.463
70.3242
70.1309
70.0406
70.477
70.4766
70.3076
70.4156
70.2001
70.5802
69.9858
71.4643
70.6796
70.183
70.7661
70.2582
71.8016
73.6059
72.6537
72.124
72.0699
73.1081
72.6306
72.4464
72.7954
73.1373
71.705
71.1391
71.563
71.7552
70.6409
71.3995
75.2704
79.2642
69.6595
69.7885
72.5081
72.5547
182.829
150.988
172.728
354.977
445.313
452.602
470.216
520.156
481.603
453.228
288.04
322.899
298.234
307.019
390.606
351.68
196.823
408.683
292.885
281.07
351.746
300.115
447.419
522.294
497.885
539.192
511.456
498.276
502.495
576.093
517.274
469.918
472.001
508.114
531.2
479.578
558.095
504.464
470.546
485.384
424.481
463.403
475.082
450.826
506.873
464.774
436.567
518.817
557.054
495.419
521.891
490.507
626.838
453.891
519.782
421.783
441.634
267.077
456.133
446.807
367.034
465.401
439.673
264.791
374.106
418.943
435.987
484.762
538.553
-5.18567
-5.17326
-5.3493
-4.90438
-4.34374
-5.52734
-5.42497
-5.45472
-3.84633
-3.82027
-4.39687
-1.33536
-3.02812
-4.13108
-5.61306
-6.8386
-6.29113
-8.23391
-6.55027
-6.46787
-7.12569
-7.43091
-8.27251
-7.99203
-7.66663
-7.50696
-7.93202
-7.6608
-7.93585
-8.17256
-5.75086
-6.24765
-6.18752
-7.44683
-6.20772
-6.91149
-6.33675
-6.35381
-6.03181
-6.11776
-6.01094
-6.16224
-6.18499
-6.11281
-6.14764
-6.19254
-0.857549
-0.871144
-0.857298
-0.910176
-0.89623
-0.869985
-0.882476
-0.826558
-0.809349
-0.817823
-0.84008
-0.813452
-0.812262
-0.84938
-0.939379
-0.994107
-0.956332
-0.929372
-0.96489
-1.23
-1.24547
-1.3011
-1.21249
-1.16357
-1.20744
-1.24846
-1.3053
-1.24002
-1.25925
-1.25895
-1.21295
-1.25345
-1.29937
-1.17353
-1.09996
-1.20579
-1.17144
-1.22611
-1.28592
-1.23204
-1.41165
-1.29347
-1.38812
-1.42398
-1.4768
-1.37478
-1.4263
-1.41447
-1.44597
-1.50501
-1.32425
-1.38912
-1.3995
-1.44656
-1.73408
-1.64292
-1.64369
-1.65121
-1.55866
-1.57488
-1.63419
-1.6711
-1.53617
-1.64102
-1.66116
-1.61466
-1.55415
-1.88433
-1.9612
-1.87089
-1.85118
-1.78724
-1.91199
-1.77855
-1.84531
-2.12513
-2.10429
-2.17435
-2.07506
-2.10828
-2.01137
-2.19686
-2.13601
-2.075
-2.12956
-2.67498
-2.6139
-2.58734
-2.5518
-2.48866
-2.55353
-2.60786
-2.58368
-2.61496
-2.67681
-2.55502
-2.49126
-2.55749
-2.61191
-2.83039
-2.85567
-2.80009
-2.55228
-2.5888
-2.48887
-2.67702
-2.61345
-2.55188
-2.60717
-2.83462
-2.86406
-2.92441
-2.80907
-2.85763
-2.85807
-2.85586
-2.92321
-2.85658
-2.85976
-2.83927
-2.8125
-2.90028
-2.9011
-2.93144
-2.84156
-2.83715
-2.86834
-2.86198
-2.89518
-2.82466
-2.83952
-2.89723
-2.83812
-2.82036
-2.86877
-2.55665
-2.50366
-2.59194
-2.61183
-2.68024
-2.60892
-2.55769
-2.62489
-2.68219
-2.05017
-2.07769
-1.98422
-2.19361
-2.11462
-2.05421
-2.11849
-1.82293
-1.87562
-1.86678
-1.93229
-1.99972
-1.91759
-2.00201
-1.43535
-1.38598
-1.24749
-1.61295
-1.5104
-1.52908
-1.27258
-1.3471
-1.34847
-1.49232
-1.3884
-1.67579
-0.930768
-0.500422
-0.681852
-0.978264
-1.00335
-0.962701
-0.888372
-0.632171
-0.796541
-2.85304
-3.24967
-2.853
-2.82007
-3.10053
-2.70731
-2.68655
-2.82284
-2.72755
-6.74235
-6.76977
-6.82619
-7.79685
-6.67125
-7.15922
-7.34805
-7.86746
-8.23825
-7.64321
-7.98718
-8.38072
-7.49034
-7.62631
-8.5998
-8.63025
-7.80303
-8.47584
-8.41332
-7.73532
-8.16835
-8.15558
-8.09775
-8.82683
-8.92276
-8.97818
-8.52644
-8.94894
-8.95231
-8.63376
7.80629
3.58445
5.7809
2.39239
4.52178
4.41798
4.50308
12.4798
13.6933
18.1694
12.3199
12.4065
10.9564
14.4825
11.0615
14.9434
12.1552
13.6515
18.5418
13.988
14.9293
12.3902
10.5876
23.7798
28.9754
27.4714
28.5918
33.167
29.232
32.8213
21.1234
29.8203
26.7379
41.5244
45.0118
42.6319
56.8132
59.4321
57.5183
69.5505
68.3797
69.1216
69.8364
71.1713
70.1833
69.0447
598.572
467.259
524.615
461.639
460.97
621.67
499.861
386.478
467.485
438.458
507.371
490.579
479.278
442.145
360.981
388.567
386.95
387.398
397.439
471.561
510.327
354.908
377.867
182.893
217.035
145.887
213.933
160.886
197.448
246.124
334.424
228.432
317.126
401.662
268.804
227.188
46.4773
93.106
108.527
138.376
140.845
145.851
141.009
28.9311
-7.69811
21.6684
23.9178
9.8959
23.2658
58.6404
-4.94502
-4.81386
-4.91265
-5.08509
-3.41341
-5.40252
-5.38309
-5.76619
-5.02546
-4.95373
-4.93557
-4.76763
-5.40813
-5.91238
-4.27734
-4.82915
-16.6348
-21.7002
2.11632
-7.92164
-4.94676
7.2449
-32.0462
-6.51105
-11.5799
-15.5832
11.1457
-13.5551
-1.50792
-1.33324
-1.37896
-2.01133
-1.34214
-2.03473
-1.95767
-1.06311
-1.35193
-1.2122
-1.38555
-1.27623
-1.31318
-1.49624
-1.15513
-1.20645
-1.17053
-1.1372
-1.09458
-1.13473
-1.16244
-0.877553
-0.87271
-0.881451
-0.901029
-0.873287
-0.889232
-0.900111
-0.915393
-0.936107
-0.959304
-0.892712
-0.87716
-0.914432
-0.925213
-0.916231
-0.927668
-0.880858
-0.896238
-0.858487
-0.922812
-0.890983
-0.888984
-0.825367
-0.88155
-0.841373
-0.794149
-0.839438
-0.872501
-0.840669
-0.782469
-0.827196
-0.77158
-0.735474
-0.826695
-0.786349
-1.04481
-0.993247
-0.972922
-1.02319
-0.967689
-0.97026
-0.883555
-0.915925
-0.984859
-0.76559
-0.5689
-0.713602
-0.765216
-0.808382
-0.667988
-0.746188
-0.722688
-0.75734
-0.806816
-0.707715
-0.625047
-0.72344
-0.757659
-0.959617
-0.842263
-0.93073
-0.95032
-1.01218
-1.04113
-0.981797
-1.26339
-1.20766
-1.221
-1.07954
-1.17972
-1.12717
-1.20326
-0.959369
-0.823601
-0.926888
-1.25153
-1.18484
-1.21521
-1.49479
-1.44957
-1.43699
-1.74046
-1.67916
-1.6549
-1.62925
-1.68137
-1.56251
-1.62628
-1.65616
-1.67724
-1.73364
-1.62793
-1.56771
-1.96039
-1.90968
-1.88588
-1.85473
-1.78955
-1.85342
-1.90804
-1.6326
-1.56007
-1.61975
-1.65975
-1.60799
-1.56066
-1.61324
-1.96975
-1.89335
-1.91332
-1.90981
-1.86448
-1.91459
-1.9697
-2.3371
-2.36957
-2.43674
-2.29438
-2.24414
-2.6828
-2.61778
-2.60419
-2.68273
-2.62559
-2.62559
-2.57564
-2.23325
-2.28392
-2.32637
-2.35122
-2.28406
-2.29128
-2.23855
-2.61723
-2.68188
-2.60287
-2.62292
-2.68361
-2.62012
-2.5716
-2.8328
-2.80082
-2.84966
-2.83183
-2.9023
-2.83113
-2.76402
-2.82946
-2.79531
-2.7323
-2.85557
-2.9297
-2.79041
-2.91633
-2.86205
-2.85584
-2.85366
-2.81307
-2.75736
-2.81199
-2.91579
-2.92046
-2.93903
-2.86148
-2.86112
-2.87647
-2.84129
-2.86509
-2.85295
-2.82457
-2.93829
-2.91261
-2.96236
-2.9058
-2.88387
-2.93167
-2.90765
-2.82505
-2.78625
-2.85366
-2.80093
-2.84632
-2.89388
-2.87038
-2.96942
-2.99198
-2.97414
-3.02698
-2.97383
-2.95224
-2.99559
-2.92426
-2.88498
-2.81469
-2.79095
-2.77372
-2.92009
-2.88287
-2.30478
-2.16737
-2.28236
-2.38032
-2.42825
-2.19178
-2.2629
-2.30073
-2.29659
-2.30813
-2.27161
-2.34271
-2.32408
-2.34555
-2.40861
-2.40172
-2.47296
-2.38749
-2.41194
-2.41959
-2.47238
-2.2556
-2.2436
-2.24954
-2.18949
-2.24344
-2.16728
-2.20782
-2.25235
-2.23377
-2.25406
-2.41167
-2.21896
-2.25853
-2.26649
-2.31904
-2.24702
-2.20771
-2.0949
-2.1107
-1.9983
-2.02387
-2.06259
-2.02841
-5.00335
-5.08879
-3.5144
-4.04787
-2.58396
-3.24129
-2.31926
-5.27159
-5.00514
-4.44297
-3.77724
-3.82118
-6.05419
-4.92329
-5.35026
-4.7083
-4.06774
-4.26524
-7.78596
-7.61154
-7.4081
-6.59865
-7.47034
-7.53905
-7.73599
-4.48879
-4.69238
-4.39616
-4.07968
-3.92644
-4.23704
-4.2563
-3.58803
-3.50972
-3.22413
-3.57209
-3.55392
-3.5054
-3.67045
-3.43727
-4.04869
-3.68299
-3.50927
-3.09304
-3.5914
-3.63385
-2.89106
-3.5782
-3.17276
-2.81928
-2.80899
-3.06415
-3.30195
-3.43305
-3.24758
-4.10631
-4.02636
-3.39509
-3.26443
-3.45523
-0.233316
-0.764243
-1.13488
0.365171
-0.561576
-0.868933
-1.33985
-2.41647
-2.99362
-3.06717
-2.95479
-3.12679
-2.83494
-2.83472
1.80737
-0.0127961
-1.39027
-1.78129
2.0304
-1.43178
10.3724
4.54584
2.75346
4.72555
7.63625
4.10877
2.03236
3.48437
2.76601
3.75314
19.4861
15.7219
15.1329
157.961
175.004
213.852
164.659
128.392
117.955
169.964
215.304
240.233
147.642
173.47
50.1047
34.7188
167.5
256.184
232.876
295.299
131.36
118.533
144.187
63.3255
42.292
78.8252
146.941
205.252
73.2194
77.3645
10.8705
19.3574
-0.275106
7.33811
21.9004
19.6164
1.37845
6.60486
-1.20423
-1.8819
-0.95736
-1.0182
-4.62723
-4.29905
0.237961
-0.00757714
0.16051
-0.250169
-0.201381
-0.181673
-0.250652
4.5169
4.01774
19.7771
-0.499672
2.6501
5.008
-2.34739
2.18148
-2.17052
-2.24898
-3.17656
-5.23979
-3.36969
-4.46642
-9.26045
-6.51139
-2.11115
-1.2733
-0.895383
-1.06879
-1.38075
-0.372368
-0.779975
-0.291076
-0.211708
-1.04894
-1.2061
-1.1008
-1.04444
-1.15039
-1.05761
-1.00327
-1.08916
-1.03231
-1.2399
-1.31124
-1.31895
-1.28775
-1.3384
-1.3168
-1.31751
-0.717092
-0.666709
-0.649985
-0.646332
-0.654675
-0.64097
-0.640367
-0.603292
-0.545763
-0.506644
-0.50984
-0.516243
-0.490368
-0.473449
-0.276577
-0.222003
-0.276525
-0.272127
-0.10083
-0.235322
-0.325525
-0.517892
-0.509019
-0.489778
-0.38393
-0.462003
-0.451574
-0.315282
-0.31999
-0.0760191
-0.241286
-0.233234
-0.0825902
-0.530068
-0.48376
-0.486602
-0.460546
-0.523185
-0.0418677
-0.316235
-0.0903371
-0.342515
-0.29319
-0.509163
-0.441317
-0.425525
-0.541742
-0.562996
-0.745172
-0.784473
-0.756214
-0.977156
-1.05456
-1.01603
-0.880463
-0.95094
-0.719868
-0.77025
-0.810952
-0.825554
-0.808319
-0.773618
-0.734143
-1.23269
-1.19365
-1.21188
-1.12567
-1.18063
-1.13229
-1.18074
-1.10864
-1.07388
-1.04325
-1.06363
-1.10862
-1.0638
-1.02108
-1.51571
-1.45994
-1.43706
-1.34336
-1.4045
-1.40404
-1.45763
-1.86738
-1.93445
-1.83531
-1.81425
-1.86737
-1.74901
-1.80549
-2.33421
-2.39499
-2.29907
-2.40325
-2.4416
-2.36862
-2.33197
-2.86839
-2.8813
-2.85302
-2.92473
-2.93421
-2.90412
-2.92478
-2.97088
-2.92711
-2.91457
-2.93774
-2.98091
-2.9346
-2.97165
-2.93087
-2.94529
-2.92226
-2.92282
-2.92796
-2.92765
-2.9809
-2.92163
-2.90899
-2.84973
-3.09848
-2.82373
-2.89621
-2.86553
-2.88877
-3.35223
-2.9056
-2.83767
-3.99679
-5.83046
-4.26291
-4.8612
-3.31207
-6.7004
-5.91591
-3.06021
-86.9824
-46.9844
-51.0958
-25.2632
-27.4324
1.9919
-3.26964
-5.77342
-4.57388
-2.14851
-5.77866
-5.40143
-0.345161
-2.31408
-5.55069
-4.62723
-4.50895
-5.23566
-4.15126
-4.91426
-3.08112
-1.72815
-2.72786
-2.66592
-2.51151
-2.35035
-2.535
-2.67567
-2.14762
-3.80761
-1.00722
-0.844687
-1.97573
-2.56267
-2.34835
-2.35957
-2.3965
-2.36794
-2.39631
-2.44857
-2.40466
-2.58959
-2.55989
-2.5405
-2.48823
-2.52835
-2.58815
-2.55712
-2.52362
-2.56004
-2.18393
-2.22597
-2.23724
-2.25649
-2.29752
-2.25866
-2.22143
-2.22799
-2.18636
-2.28731
-2.23153
-2.20373
-2.30314
-2.29647
-2.35697
-2.29486
-2.27926
-2.31136
-2.34977
-2.24728
-2.20163
-3.31721
-3.39613
-3.6006
-3.3448
-3.28945
-3.42711
-3.56466
-2.94433
-2.87694
-3.02767
-3.03286
-2.85977
-2.94862
-2.95566
-2.90508
-2.9969
-2.85487
-2.96304
-2.9633
-2.72686
-2.8522
-3.12155
-3.05239
-3.10439
-3.09733
-2.99695
-3.01252
-3.03681
-2.96685
-2.95821
-2.9043
-2.99789
-2.93369
-2.97527
-2.96025
-2.92414
-2.95311
-3.1099
-3.14259
-3.17312
-3.06706
-2.93906
-3.01648
-3.15252
-3.04052
-3.05707
-3.03569
-2.85703
-3.15295
-3.11726
-3.1084
-3.0997
-3.11876
-3.17765
-3.57491
-3.95399
-3.25514
-4.35365
-3.84023
-4.11939
-4.14931
-3.08439
-2.86558
-3.08399
-2.67647
-1.93951
-2.60462
-4.15026
-4.30563
-4.41231
-4.89063
-4.00335
-4.55134
-4.9838
-7.3148
-7.15566
-6.17788
-6.45815
-5.75585
-6.69536
-6.14711
-6.4557
-5.83064
-6.23339
-5.57997
-6.25339
-5.39791
-6.22333
-3.75042
-8.29575
5.3032
-4.00982
-5.93637
-7.76743
-2.3933
-19.3443
-8.40758
-4.86497
-8.82278
-16.0997
-4.57584
7.54964
625.316
320.873
594.687
328.856
450.947
419.342
610.429
35.4929
-29.0433
-43.5666
198.846
123.612
91.3364
-1.05121
-0.826103
-0.897879
-0.927913
-0.789022
-0.924155
-0.807559
-0.704076
-0.445458
-0.430876
-0.502771
-0.364149
-0.433231
-0.413334
-0.153066
-0.150258
-0.363053
0.0407881
-0.0485908
-0.145632
-0.0591129
0.362662
0.15064
0.237658
0.269974
0.468398
0.0889796
0.200515
-0.0748749
-0.0225621
-0.0290735
0.356373
0.0648791
0.189352
0.00558236
0.0443796
0.0133127
0.000136477
-0.198881
-0.237775
-0.367596
-0.1814
-0.148388
-0.192142
-0.213253
-0.44319
-0.442654
-0.586256
-0.403507
-0.418381
-0.385974
-0.427956
-0.653299
-0.779873
-0.666033
-0.680526
-0.647615
-0.684441
-0.626416
-0.931338
-0.999479
-1.0352
-0.865393
-0.898543
-0.934065
-0.98077
-0.680458
-0.667817
-0.696634
-0.603054
-0.640828
-0.663311
-0.641055
-0.696015
-0.762536
-0.693589
-0.663746
-0.723787
-0.694748
-0.604102
-0.908034
-0.818595
-0.981454
-0.587472
-0.829858
-0.552289
-0.619786
-0.644841
-0.601241
-0.278197
-0.755584
-0.530971
35.5129
-18.0762
7.69458
0.593991
-8.34436
-7.81977
-5.30262
-3.95003
-4.85038
-5.62088
-3.45843
-3.60291
-4.41567
-4.64126
-3.34976
-3.57414
-2.95496
-3.36842
-3.35438
-3.27785
-3.49082
-2.76285
-3.39947
-2.98631
-2.80344
-2.90811
-2.82078
-2.91781
-2.83074
-2.85895
-2.8
-2.79519
-2.93331
-2.84759
-2.9106
-2.88303
-2.94362
-2.87219
-2.89654
-2.86893
-2.93047
-2.93652
-2.92269
-2.90831
-2.90932
-2.89531
-2.89937
-2.77754
-2.74412
-2.78511
-2.80383
-2.77443
-2.79926
-2.82576
-2.53081
-2.57998
-2.53029
-2.61267
-2.60233
-2.5567
-2.56139
-2.66067
-2.61007
-2.65107
-2.70276
-2.67645
-2.64898
-2.68449
-2.80405
-2.81615
-2.87252
-2.81102
-2.78082
-2.78577
-2.82726
-2.97779
-2.99199
-2.95217
-2.91294
-2.88658
-2.93134
-2.90121
-2.96721
-2.94392
-2.80893
-2.84307
-2.80869
-2.80512
-2.81365
-2.80409
-2.80834
-2.69866
-2.76481
-2.66359
-2.77689
-2.75334
-2.79086
-2.73983
-2.69524
-2.90886
-2.84402
-2.79158
-2.79691
-2.84448
-2.71821
-2.75146
-2.71859
-2.76251
-2.7762
-2.77877
-2.84772
-2.6958
-2.66042
-2.8166
-3.02029
-3.06145
-2.86653
-2.86885
-2.77528
-2.91057
-2.98484
-2.97795
-2.96064
-2.87977
-3.00855
-2.90848
-2.98543
-3.38938
-2.96099
-3.1902
-3.04275
-3.00903
-2.96223
-2.83373
-5.78879
-6.09722
-5.84948
-5.83341
-5.79229
-5.6407
-5.54431
-6.06395
-6.30082
-5.7248
-6.47211
-6.56672
-8.70769
-8.03087
-7.17394
-6.27864
-6.2267
-7.91547
-8.19276
-6.6585
-6.82858
-6.68542
-6.0397
-6.07326
-6.30678
-6.21606
-7.57748
-7.93385
-7.75992
-8.11206
-7.19556
-5.31707
-5.29925
-5.24301
-4.93403
-5.08158
-4.95489
-5.08289
-4.57316
-4.66587
-4.67685
-5.02096
-5.31442
-4.93801
-4.92554
-4.27451
-3.88792
-3.06362
-4.19547
-4.16776
-4.41817
-3.89628
323.091
287.134
353.651
3703.88
1636.13
2385.19
2296.48
1444.87
3666.17
2512.01
2026.84
336.463
2190.73
1449.34
2171.18
2339.35
1326.23
743.188
712.777
553.191
619.176
-274.013
417.267
1322.64
4644.38
3102.91
-1.10167
1.04661
1.1596
0.465631
1.17029
-0.942316
-0.636673
-2.02214
-1.40867
0.727511
-1.12142
-0.801727
-1.04267
-0.92785
-1.34356
-1.00732
-1.68373
-3.8377
-3.80607
-4.42091
-3.45036
-3.84659
-4.06996
-3.68792
-2.92517
-2.65886
-2.64882
-3.25159
-3.14787
-3.05435
-3.11911
-0.626339
-0.670683
-0.632286
-0.785173
-0.813658
-0.652267
-0.686045
-0.492774
-0.48827
-0.43678
-0.532755
-0.470529
-0.531152
-0.449065
-0.64255
-1.30077
-0.559301
-2.03206
-1.18261
-1.05897
-0.954685
-0.685066
-0.865399
0.502031
-0.872157
-0.798121
0.000870262
-1.63673
-2.69694
-2.31628
-2.75779
-2.27978
-2.2285
-2.6772
-2.53008
-2.74334
-2.87973
-2.6668
-2.79146
-2.9687
-2.59651
-2.53538
-2.54114
-2.64363
-3.08584
-2.93223
-3.07206
-3.28359
-3.18646
-3.07409
-3.03186
-2.83141
-2.7967
-2.81717
-2.78375
-2.75844
-2.78893
-2.80967
-2.88713
-2.87708
-2.9107
-2.90199
-2.92861
-2.8934
-2.92466
-2.90129
-2.90522
-2.87963
-2.91039
-2.9376
-2.9101
-2.90947
-2.89476
-2.934
-2.88218
-2.9063
-2.90608
-2.9291
-2.93781
-2.92901
-2.9139
-2.91523
-2.9037
-2.90473
-2.82056
-2.80345
-2.80951
-2.81946
-2.80213
-2.79862
-2.81622
-2.79973
-2.81716
-2.80095
-2.8095
-2.81091
-2.80459
-2.80475
-2.80165
-2.79631
-2.81726
-2.77933
-2.79838
-2.76374
-2.78552
-2.78978
-2.79428
-2.73101
-2.76362
-2.75877
-2.75859
-2.75883
-2.75943
-2.76203
-2.76671
-2.7711
-2.7589
-2.71627
-2.75589
-2.74754
-2.73159
-2.76798
-2.7613
-2.76569
-2.75703
-2.70521
-2.79139
-2.77406
-2.78945
-2.76486
-2.74176
-2.73622
-2.76722
-3.03562
-3.05887
-3.11993
-3.12822
-3.0542
-3.16464
-3.36965
-9.89437
-9.96318
-10.4988
-10.2907
-10.4938
-10.5236
-10.5878
-8.53156
-8.94811
-8.69269
-8.88351
-9.50323
-9.50534
-8.57902
-10.6309
-10.8728
-10.0031
-9.78651
-10.6541
-10.6055
-9.71338
-7.70835
-8.53839
-8.17206
-8.58171
-9.08541
-8.04427
-8.46697
-5.9019
-6.01464
-5.75563
-6.07934
-6.14484
-6.03138
-5.8929
-6.12713
-6.06135
-6.17434
-6.02593
-6.09856
-6.14613
-6.07736
-5.90758
-5.77875
-5.99329
-6.10731
-6.14053
-5.97105
-5.99306
-5.98262
-5.96878
-5.94207
-5.97438
-5.98645
-6.0346
-6.21603
-6.57319
-6.44815
-6.2167
-6.75692
-6.33163
-5.94772
-6.0172
-5.93751
-5.8531
-5.93744
-5.94238
-5.84636
2060.58
964.574
888.219
417.122
327.766
859.425
-85.0795
142.693
-60.8677
42.3608
-726.366
54.0638
694.74
184.875
225.458
-343.363
-102.58
187.457
73.6812
-290.067
44.8959
-128.821
48.2189
-151.451
-28.971
-12.5653
-2.07787
2.12129
-0.968339
7.12612
9.47055
3.3629
4.59499
2.56708
0.318066
4.08275
-2.45398
-2.72749
-0.248496
-1.29925
-2.86969
-5.42979
-2.35601
-1.7507
-3.7784
0.724966
-1.71094
-0.662184
-3.15519
-0.0359516
0.718799
-0.10414
1.02747
-3.17082
-4.74703
-3.63822
-4.09521
-2.44238
-5.04599
-2.73563
-7.00238
-6.74483
-5.95852
-5.00594
-4.23339
-6.48504
-5.48961
-5.54776
-6.06957
-2.73916
-2.75173
-2.6206
-2.71869
-2.66933
-2.75546
-2.78265
-2.694
-2.53434
-2.54511
-2.58611
-2.47036
-2.52245
-2.41343
-2.61469
-2.59258
-2.56521
-2.54434
-2.56908
-2.60846
-2.58542
-2.89688
-2.88325
-2.90808
-2.81707
-2.7791
-2.79998
-2.82919
-2.81389
-2.78553
-2.80314
-2.9036
-2.92819
-2.89758
-2.89571
-2.86882
-2.90584
-2.92879
-2.91688
-2.89153
-2.91407
-2.93804
-2.91447
-2.93921
-2.93325
-2.93307
-2.92315
-2.92445
-2.91495
-2.91409
-2.91828
-2.90705
-2.8974
-2.92167
-2.93852
-2.91321
-2.90486
-2.92205
-2.92559
-2.93694
-2.92025
-2.91621
-2.93771
-2.92318
-2.91267
-2.93176
-2.83679
-2.83717
-2.82122
-2.83439
-2.81822
-2.83361
-2.83941
-2.7876
-2.76164
-2.79538
-2.78555
-2.79035
-2.79341
-2.78173
-2.74013
-2.76624
-2.80388
-2.78572
-2.77463
-2.77085
-2.77436
-2.75856
-2.75367
-2.75325
-2.9356
-2.9062
-2.91365
-2.9443
-2.97223
-2.92761
-2.92845
-2.88815
-2.82874
-2.82174
-2.81171
-2.80693
-2.81172
-2.83493
-2.86085
-2.9081
-2.85697
-2.83367
-2.82312
-2.84984
-2.83435
-2.97878
-2.93772
-2.95185
-3.09322
-2.97789
-2.93628
-2.98485
-2.99794
-3.02446
-3.11493
-3.0358
-3.15591
-3.07923
-3.06152
-3.77563
-3.69737
-4.04133
-3.92339
-3.86141
-4.16929
-4.28624
-5.6984
-6.22326
-6.2269
-5.23617
-5.41567
-6.04031
-5.9749
-7.97232
-7.60298
-7.45209
-7.29955
-7.10486
-7.71604
-7.92032
-8.47327
-8.28984
-7.99724
-8.39194
-8.22785
-7.36829
-7.78369
-8.23524
-8.46526
-8.4691
-8.57276
-8.18344
-11.5737
-11.473
-12.087
-13.4312
-12.7511
-11.3075
-11.8128
-12.252
-12.6628
-10.763
-11.6442
-11.0708
-11.1891
-10.544
-10.4988
-11.2881
-10.7845
-10.0985
-11.993
-12.1359
-11.3705
-10.5381
-10.4647
-10.6907
-10.7397
-8.38106
-8.03191
-8.14108
-7.625
-7.91319
-8.15519
-8.07147
-7.28689
-7.47629
-6.93372
-7.8186
-7.79783
-7.35252
-7.58361
-6.44398
-6.42535
-6.25453
-6.56418
-6.59868
-6.4063
-6.52086
-6.46208
-6.29397
-6.41604
-6.39151
-6.43919
-6.3004
-6.38795
-0.936937
-6.00889
8.62886
-1.97355
9.62529
-12.2837
3.61689
-321.329
-25.9475
-96.9552
119.493
-43.5444
23.554
50.6876
15.664
182.489
90.4637
211.351
92.4332
46.5343
68.0087
-133.925
8.07689
-103.113
131.256
58.924
177.943
195.371
303.334
195.703
531.758
89.2605
221.951
-15.3295
-61.8765
-12.8344
88.5743
-27.5677
-144.104
-64.8573
55.7056
2.30515
4.66198
7.50531
0.206868
2.89108
3.24595
6.04241
71.7315
57.0575
40.1777
82.4441
147.053
92.8315
40.875
14.0662
22.4212
36.0815
18.4052
27.7257
76.8513
88.3998
48.7867
36.8385
1.49704
56.472
34.7379
5.01312
38.988
-3.93288
8.06988
13.5427
40.9752
97.7081
69.5647
102.748
135.958
96.1949
82.1391
102.746
62.0559
109.213
46.4919
67.8634
50.3347
47.4413
71.0034
33.2573
29.331
41.1751
33.045
26.0763
26.6089
34.1625
55.786
56.1333
52.7172
46.5072
39.6761
49.6425
52.6439
32.1371
26.7102
36.382
33.7283
32.7819
42.4539
43.6415
35.7496
60.8985
50.5544
64.7979
60.3889
53.3174
59.2414
50.0969
38.9412
64.6355
62.5526
63.7286
12.906
28.8961
32.036
17.011
17.0861
18.548
23.8779
3.62407
19.7046
22.0822
12.449
2.86042
34.7624
39.7345
31.8708
50.0062
47.1046
44.666
45.8811
59.6837
55.8773
59.7358
63.0805
67.5418
56.9808
55.9591
67.3576
59.0401
59.6711
60.7276
46.6809
61.9
56.0979
167.46
163.221
161.945
146.013
154.7
159.683
151.782
203.065
201.354
202.413
183.871
195.486
195.001
192.283
196.088
196.996
198.278
193.574
177.431
188.914
189.653
197.482
201.627
206.535
206.096
202.192
201.553
76.6072
69.0506
90.3123
87.4694
104.383
65.2638
81.6168
81.7846
64.4017
91.4283
102.765
73.9602
80.9492
93.2066
84.0173
63.9968
43.3917
77.2513
52.5563
81.4289
100.401
-1.2408
-1.23147
-1.30657
-1.3372
-1.35876
-1.26317
-1.26427
-1.34842
-1.35777
-1.30598
-1.32778
-1.34175
-1.30085
-1.30012
-0.973342
-0.964426
-1.03163
-1.11291
-1.06333
-0.98339
-0.988093
-1.08562
-1.11363
-0.885124
-0.893569
-0.846284
-0.914452
-1.0475
-0.951707
-0.863852
6.64836
-8.03128
-26.8252
0.489182
-21.5059
7.69774
4.31647
-6.8743
-7.05878
-5.07515
-0.62522
-24.2345
5.68222
-4.35894
2.13479
1.59915
-9.14297
6.35728
-12.2416
2.5985
-4.48062
-2.90787
0.611031
-3.09455
-5.51563
-5.99491
-3.85115
-3.99278
-4.93368
-4.11573
-4.48917
-4.60371
-4.80727
-2.95794
-2.7938
-2.76001
-3.27093
-3.02312
-2.81133
-2.86892
-2.90621
-2.71241
-2.71938
-2.8304
-3.2681
-2.10804
-2.16445
-2.04135
-2.18533
-2.16393
-2.14516
-2.16161
-2.35216
-2.36218
-2.32969
-2.44428
-2.43016
-2.40407
-2.3981
-2.48532
-2.52233
-2.49794
-2.49427
-2.53489
-2.53992
-2.48773
-2.75054
-2.75166
-2.71734
-2.70636
-2.71148
-2.74228
-2.73883
-2.81027
-2.78962
-2.79242
-2.82623
-2.82738
-2.87106
-2.84973
-2.85756
-2.87895
-2.86927
-2.85246
-2.86176
-2.90702
-2.92168
-2.91373
-2.89654
-2.91029
-2.90887
-2.89422
-2.94015
-2.92401
-2.92729
-2.92076
-2.90376
-2.91348
-2.9358
-2.9245
-2.93063
-2.91916
-2.9106
-2.92153
-2.93851
-2.93692
-2.93958
-2.93249
-2.92721
-2.90703
-2.91928
-2.92215
-2.92917
-2.94036
-2.93504
-2.93453
-2.86679
-2.88326
-2.87699
-2.8825
-2.89007
-2.87697
-2.86745
-2.87887
-2.88835
-2.86274
-2.87961
-2.86184
-2.87078
-2.8652
-2.88767
-2.90497
-2.88848
-2.85931
-2.82821
-2.83681
-2.84369
-2.84813
-2.86956
-2.84247
-2.83706
-2.8288
-2.81744
-2.82884
-2.83912
-2.83237
-2.82971
-2.83731
-2.85241
-2.82818
-2.84496
-2.83934
-2.84183
-2.83489
-2.85375
-2.86392
-2.84758
-2.8359
-2.81615
-2.83324
-2.84231
-2.82772
-2.81204
-2.81356
-2.81587
-2.81379
-2.83546
-2.81125
-2.81565
-2.91064
-2.94106
-2.94352
-2.96854
-2.91865
-2.9487
-2.90575
-2.97387
-2.92413
-2.93852
-2.88541
-2.92756
-3.05114
-3.08558
-3.10137
-3.00133
-3.00487
-3.02706
-3.02587
-3.15901
-3.12776
-3.18378
-3.17036
-3.09765
-3.09499
-3.15828
-3.38469
-3.41432
-3.55014
-3.67938
-3.65251
-3.49877
-3.49644
-4.80089
-3.89809
-4.31655
-5.04386
-6.26809
-4.03189
-3.93793
-4.4187
-3.95667
-3.69084
-3.80774
-4.08565
-5.13194
-5.51146
-6.04752
-4.64481
-4.50202
-4.79672
-4.93839
-7.11815
-6.2203
-7.02598
-6.82052
-6.77716
-6.05832
-6.87485
-7.28204
-6.66335
-7.06277
-7.54936
-7.06843
-7.06555
-6.81386
-6.88294
-6.86671
-6.88274
-7.17082
-6.74861
-6.74102
-6.48091
-6.71309
-7.03955
-8.463
-7.34061
-7.2055
-8.44647
-8.88254
-7.5907
-7.28102
-7.02538
-7.12796
-7.34445
-7.2694
-7.61957
-9.1633
-8.9081
-8.86091
-9.19047
-9.22106
-9.675
-8.93268
-8.27595
-8.53379
-9.15814
-9.46468
-9.8751
-8.56387
-8.57671
-7.68935
-7.64116
-7.58801
-7.47183
-7.34366
-7.43684
-7.38466
-7.23583
-7.43478
-7.6425
-7.67944
-7.79066
-7.3599
-7.23196
-7.32285
-7.36129
-7.27971
-7.36791
-7.46925
-7.05597
-7.25481
-7.14995
-7.31885
-6.97663
-7.35836
-7.2881
-6.88711
-7.01354
-6.94571
-6.94373
-6.94238
-6.69376
-6.86433
2.58547
2.74986
5.1526
-1.75283
-1.44841
-1.44463
3.09225
249.445
105.555
108.179
634.201
352.743
703.253
543.147
464.763
874.608
673.445
267.945
555.273
322.532
702.67
772.416
647.027
812.957
686.388
743.231
801.817
915.717
692.152
946.441
744.865
977.469
781.105
83.7131
80.5144
80.1874
79.4704
80.5272
76.6803
78.76
70.7396
68.7504
63.9268
73.3951
70.0112
73.5091
69.7279
81.4549
87.2783
83.5224
82.8517
81.7231
61.4946
68.7049
70.7688
74.5558
78.9397
80.6679
83.4361
85.2012
81.8547
79.4027
134.402
127.906
128.593
126.692
121.432
121.771
128.737
90.261
106.425
110.516
101.913
118.107
111.198
140.306
127.806
132.947
161.463
170.275
164.451
186.113
194.121
196.983
186.411
191.115
195.356
198.997
464.509
269.146
357.128
239.688
346.191
309.463
371.625
442.815
366.912
390.044
568.496
538.852
600.617
781.166
602.918
588.264
558.474
566.75
341.769
540.047
499.884
525.545
504.741
804.088
801.98
951.874
743.12
625.926
778.423
791.368
836.898
617.753
683.66
404.246
474.954
247.385
496.177
541.64
621.632
448.045
46.8693
39.7552
25.4538
14.9524
20.6311
20.8726
-6.81132
5.65544
57.36
47.6763
2.0584
1.09247
2.3192
2.63825
3.13461
1.95683
2.75614
-1.2297
-1.13332
-1.13235
-1.06417
-1.14013
-1.08312
-1.16387
-0.771611
-0.566941
-0.729449
-0.95042
-0.840028
-0.75491
-0.842822
-1.01279
-1.09988
-1.16352
-1.00405
-1.0016
-1.21168
-1.23509
-1.28877
-1.24325
-1.22688
-1.30951
-1.30637
-0.859765
-0.984324
-0.833334
-1.05946
-1.19313
-0.820125
-0.997243
-1.52838
-1.6059
-1.76272
-1.62747
-1.61582
-1.84653
-1.57302
8.41889
17.8742
10.5199
3.2
-4.11899
1.47287
-11.1925
-6.60274
-6.47155
-6.66245
-7.26564
-7.55453
-7.03607
-6.68728
-4.47148
-4.24719
-3.28036
-4.45129
-4.41558
-5.3102
-4.33299
-6.04749
-5.66737
-6.98561
-6.63521
-6.0756
-6.21946
-6.46827
-1.95956
-1.91385
-1.48157
-2.38354
-2.20688
-1.86485
-2.36919
-2.52662
-2.58385
-2.51408
-2.48187
-2.52552
-2.58293
-2.5331
-2.86621
-2.75097
-2.83372
-2.83828
-2.89916
-2.8
-2.87417
-2.73523
-2.7464
-2.71846
-2.77081
-2.7546
-2.74006
-2.75188
-2.79231
-2.79085
-2.79881
-2.80315
-2.81005
-2.80184
-2.80586
-2.81803
-2.8282
-2.81328
-2.81989
-2.80406
-2.81686
-2.82752
-2.83171
-2.81705
-2.81367
-2.82143
-2.82915
-2.81258
-2.81775
-2.83226
-2.82702
-2.923
-2.9171
-2.93047
-2.92964
-2.93438
-2.92234
-2.91941
-2.90724
-2.92802
-2.9459
-2.94635
-2.92303
98.3632
122.42
128.23
157.796
134.863
123.781
147.189
157.945
132.797
153.692
159.28
170.029
130.58
133.403
124.788
141.126
116.568
84.0995
112.409
125.677
108.749
83.8068
-2.92057
-2.89325
-2.92266
-2.92061
-2.90502
-2.90559
-2.92379
-2.90215
-2.92938
-2.9153
-2.93945
-2.93498
-2.93494
-4.79572
-4.44619
-4.49308
-4.96027
-0.417271
-2.36906
-4.00926
-214.518
-218.622
-158.739
-213.714
-227.618
-100.755
-141.043
-60.4899
-37.5819
-17.6084
-11.6906
-30.3012
-15.163
6.51214
-2.98579
-2.97564
-3.08604
-269.948
-204.759
-248.979
-534.08
-550.797
-523.604
-524.264
-499.068
-525.254
-534.293
-509.805
-515.037
-501.241
-516.886
-517.72
-508.768
-495.662
-517.447
-532.582
-515.236
-498.06
-476.712
-541.528
-556.341
-546.615
-505.132
-535.216
-531.074
-557.467
-537.401
-524.763
-521.654
-544.764
-533.846
-525.712
-528.191
-527.117
-501.528
-518.454
-519.368
-539.062
-562.729
-547.735
-547.541
-536.557
-530.462
-477.054
-90.6179
-2.66763
-33.9696
-46.3507
-12.8145
18.3149
-53.6295
-184.535
-133.843
-130
-144.043
-162.46
-116.471
-147.083
-188.232
-160.359
-5.40282
-5.23416
-3.23746
-4.3922
0.637006
-1.99198
-5.02114
-254.344
-210.002
-245.002
-160.065
-202.254
-178.109
-237.702
-151.185
-161.13
-224.077
-2.95916
-4.41936
-2.35804
-2.8366
-2.78117
-2.83788
-2.89501
-2.85416
-2.93257
-2.84877
-2.83569
-2.91325
199.448
232.77
237.478
272.158
246.062
231.964
267.658
274.764
245.176
254.922
259.104
283.432
202.809
213.832
232.997
-2.84563
-2.73333
-2.8103
-2.93073
-2.87776
-2.87143
-1.38737
-1.44496
-1.076
-1.05233
-0.83249
-1.34477
-1.52818
-1.02034
-2.5365
-2.52062
-2.73797
-2.62012
3.61743
-0.947628
-2.5502
-5.96233
-3.61131
-2.96125
-5.20566
-8.25352
-0.512166
-0.611045
-0.644756
-0.725407
-3.49761
-3.94786
-3.66895
-3.99424
-1.59568
-1.57998
-1.77586
-1.74673
-6.36679
-6.56757
-6.25013
-6.46835
-2.45631
-2.56558
-2.73875
-2.65725
-1.26182
-1.36593
-1.3981
-1.5225
-0.94882
-0.939777
-1.02541
-1.01636
-7.11137
-7.21838
-6.88848
-7.06127
-1.3507
-1.35851
-1.26024
-1.24195
-1.23193
-1.22113
-1.35695
-1.34279
-1.32789
-1.42386
-1.46906
-5.48093
-5.82752
-5.7818
-6.18118
-7.36686
-7.24836
-6.77374
-7.58055
-7.98929
-7.87236
-7.55852
-7.57155
-0.864284
-0.847846
-0.857035
-0.84616
-0.808079
-0.80726
-0.810159
-0.775068
-3.6201
-3.93189
-3.73399
-4.21109
-5.37168
-6.06395
-5.13312
-5.86048
-5.17672
-5.92813
-5.82736
-6.62407
-2.42983
-2.38582
-2.58193
-2.54027
-6.36123
-6.64549
-6.33213
-6.58528
-5.76207
-5.71414
-5.6101
-5.48977
-2.20281
-2.89372
-1.56125
-2.98225
-8.43658
-8.41663
-7.8805
-8.04434
-8.47933
-8.2388
-8.42787
-7.98749
-4.42562
-4.4422
-3.97463
-3.54931
-3.51525
-3.46055
-3.80203
-3.54443
-1.95072
-2.15051
-2.18389
-3.41542
-3.28741
-3.37727
-3.2446
-0.975108
-1.75344
10.0361
7.61639
16.0887
28.8445
6.20026
10.4732
-1.27006
-1.24627
-1.39994
-1.37134
6.88344
11.5338
10.8384
20.1993
30.5301
3.22352
47.6769
19.5176
-5.76694
-5.75348
-3.57042
-4.16904
-2.7686
-2.78809
-2.78794
-2.79976
-2.79943
-2.78098
-2.8332
-2.81776
-2.30851
-2.40395
-2.28091
-2.36899
-2.848
-2.8712
-2.91408
-2.92043
-2.59764
-2.98831
-3.89177
-3.91568
163.86
150.688
159.852
152.26
-1.99003
-2.01165
-2.03523
-2.07353
-2.80382
-2.79991
-2.81814
-0.316013
-0.415241
-5.85305
-5.84674
-5.78286
-5.69303
-5.85399
-5.94604
-2.81813
-2.86332
-2.87533
-0.377004
-0.423874
-0.502561
-0.505173
-6.92004
-6.46414
-6.51006
-1.48808
-6.2526
-10.9646
-4.42107
1.44727
-4.13209
174.17
130.888
151.22
112.623
74.5359
-1.44601
-1.47693
-1.59834
-1.57441
-1.62329
-1.688
-1.565
-1.65105
-1.58167
-1.62745
-8.06576
-3.79695
-0.895523
-2.05157
-1.61099
-2.54329
87.1413
-0.786916
229.684
-7.93527
-2.74264
-4.65421
-5.67781
-5.16271
6.79068
1.80074
-2.78795
-2.35928
-13.99
378.487
166.009
-5.9077
-2.84463
1.07367
-1.56242
-6.69738
-2.80208
-1.0101
-2.35457
-2.8604
-1.175
-1.48376
-2.4316
-7.30676
150.144
-1.30962
-5.8951
-2.22934
73.3896
-0.728577
76.7737
-3.97118
72.8226
73.8813
75.2173
-1.8464
-134.731
117.643
79.1773
69.8797
87.0535
73.3476
336.942
-6.93498
118.272
192.26
203.571
30.6173
22.9764
12.9974
72.9517
23.2378
41.9865
-1.47336
56.2222
58.1384
56.9007
33.4142
-1.89137
67.6329
68.8842
-2.70521
66.8849
58.134
65.581
70.0046
-2.24412
0.198024
44.2375
3.45487
68.1105
37.5861
-1.03769
-2.38291
2.59295
-7.58467
-4.96356
-0.65501
1.0249
-5.39903
-1.46058
-3.99095
1.12152
52.3127
5.04211
-1.77219
71.6435
75.8894
47.9553
-1.24673
-7.57066
7.0942
-6.39943
5.73181
28.2599
54.2739
59.7481
6.68443
103.472
24.6238
-6.11994
-9.50066
-1.55688
-1.39457
-4.28556
-23.7843
-4.50516
-3.30288
-1.19818
15.8004
-2.9346
-3.78637
-3.90683
-3.32514
-4.90274
-0.129358
41.3385
-2.8398
-2.6142
0.0293464
-2.7546
-0.38542
73.8207
-0.548282
350.024
162.004
79.8229
127.929
-2.80514
371.085
94.5131
114.924
76.6106
32.7831
42.6221
77.2862
362.066
172.158
-0.772025
240.316
-2.8034
147.885
101.927
7.94544
3.99898
-1.16983
-2.55712
-2.80158
18.4077
-7.30948
-13.8894
117.426
-9.80919
11.9691
13.8789
7.19479
-5.38402
-14.3904
-1.10727
-5.58747
-5.12706
-1.55749
385.04
-2.36907
-1.56273
-1.52103
87.6193
-1.53517
-5.21604
-2.31487
72.7857
-4.8325
-4.40601
-4.50888
-4.95372
-5.51444
-5.64796
91.9804
-5.70223
25.0499
-2.79046
-1.34197
-2.84717
-2.79227
-6.70995
-5.09702
-2.30279
-5.93221
-5.94193
-5.09398
259.675
-5.21015
-6.21494
-2.76697
-7.22604
-6.4617
-5.70145
-5.8185
388.096
1.74305
-6.57671
-3.98367
73.2863
-5.30224
-5.47864
-7.17283
-1.86223
-4.63988
-4.86252
-3.88653
85.5984
-5.91432
-2.84601
-5.82116
-3.23366
-5.29392
-5.47853
-5.79984
-5.73711
-2.46522
-2.31231
-11.8107
-5.86219
5.27765
-7.8044
-4.5947
-9.72096
-0.534118
-3.8648
-4.6852
-5.19217
7.66065
-3.0732
-5.06458
-4.87927
-3.55703
-3.72929
15.2942
476.558
281.037
221.664
1.51481
129.213
-5.92954
3.23623
15.1513
21.5937
30.2201
115.896
-7.86619
-13.0166
-0.833966
47.2047
-2.0668
41.9641
1.80545
61.7781
-2.8073
46.8432
546.729
884.652
8.80221
132.429
-7.64389
174.496
-7.2936
-6.46147
-6.73433
-7.65153
-7.91189
-8.28479
-1.37339
-7.61629
-7.48824
-6.71089
-6.47356
-7.08175
-7.3127
-7.43287
-8.02353
-7.4615
-6.97195
-2.77877
-6.56311
-7.21569
-7.04309
-6.90122
-7.46154
129.962
-7.38314
-6.04787
-6.99453
-6.73961
-7.19429
-7.39912
-6.21072
-6.47017
-7.46858
-6.81474
0.874779
-9.52653
-6.33647
-2.45647
-0.402025
-6.48987
-2.91764
-5.43727
-6.17045
-0.316987
4.00671
-5.73354
-3.57007
-2.26301
-7.13098
-7.36725
-6.80001
-6.00024
-1.42901
-5.86044
77.1196
0.0451216
2.34688
21.2865
-6.10068
-6.88607
-7.03428
-8.2594
-6.44254
-6.8625
-6.75647
-7.99227
5.706
-1.04314
-6.21536
-2.78584
-2.87454
-2.13566
527.365
132.674
202.195
-2.84656
-5.57185
467.204
-6.46321
-0.567696
-7.1395
-0.232886
-6.23507
-4.08064
-1.44807
-2.69156
-6.19584
-5.69128
-5.62785
-0.030734
-6.09295
-2.6335
-3.21457
-5.88769
-6.04252
-5.4403
-6.16316
-7.16554
-8.70026
-1.473
8.33912
-7.34053
-8.12803
-3.26189
-11.2809
-13.3221
-7.44031
-5.96495
-9.00431
-8.77858
-6.60457
-8.20161
-7.25489
0.668715
-7.71619
-13.0559
1.5526
-10.2161
-12.0105
-5.92327
-3.64852
51.0729
-9.82039
-1.75493
272.311
-2.7958
-8.90846
-8.79775
-8.1734
-7.65001
-7.84655
-9.03242
-1.57153
-11.8347
-2.69229
-12.7082
-7.1956
-10.7484
0.838003
-7.38898
-9.10517
-2.2955
0.0490354
-6.72982
-7.6972
-9.07062
-8.59005
-8.61059
-10.0807
-8.20093
-4.43221
-7.80523
-7.11712
-6.83338
-7.21599
-5.70041
-5.02462
-7.00328
-6.80831
-6.70238
-6.36306
-2.77154
-2.50048
-0.714458
-5.00134
-6.10763
-8.61944
-3.07093
-6.59719
-6.46218
-7.82258
-8.19388
-8.51217
-7.24548
-6.29901
-9.07919
-11.5788
-5.11101
-5.95534
-7.5478
-7.39597
-6.17185
-6.85288
-7.35172
-9.17431
-6.30483
1.3102
-5.86159
-6.12547
-6.77617
-7.33062
-2.54398
-3.95735
17.0145
52.5433
-6.33518
-4.80208
-0.706238
-4.706
-6.11905
-2.99774
-7.11374
-4.38508
-7.07957
-7.48013
-5.76115
-6.7205
-0.70458
-3.64125
-0.800176
-5.7668
0.369197
-0.366891
-2.75975
-6.52135
-6.46901
-5.74775
-6.46977
-6.66684
-6.1531
97.4729
-2.7053
-5.11109
-3.76146
-0.579665
-6.40061
-0.959052
-6.49438
-2.40596
1.03859
-14.2912
5.78256
-3.33954
10.4224
8.06934
-5.96052
-5.42631
-6.57477
-3.39201
-5.00296
-5.32313
-5.55504
325.532
-5.90451
-6.25538
-5.68803
-3.06653
-4.41033
-4.37074
-6.07585
67.9381
-3.08595
-5.92681
-4.78932
17.096
-6.34351
62.2436
-6.20526
-2.80071
-3.19808
128.058
-3.0459
-3.27088
-4.55432
-2.89858
-3.07067
-2.81648
21.0296
-3.94556
160.183
-3.28724
-0.572705
-2.85447
0.132007
-2.68894
-3.82653
-2.78137
-2.79914
-3.90914
-2.83608
-3.07136
-5.16072
-3.7694
-2.84514
-0.838231
-2.98206
-2.44663
-2.94899
-2.95438
-3.05326
-2.89635
68.5259
-2.77312
-2.55592
181.127
51.8945
-1.42732
-6.61464
-2.75996
-2.76558
-2.81637
-1.84103
-2.78987
-2.77676
-2.802
-2.79893
-2.80143
-2.81125
-5.21302
-3.20314
-2.77502
-3.1339
-2.78621
0.099942
-2.85512
-2.79594
-2.78861
-2.7927
-2.78662
-2.79233
-2.91066
0.303433
-2.85186
-2.81491
-2.79787
-2.99963
-2.87721
-2.87902
-2.68258
-2.64322
-2.67393
-2.64961
-2.84654
-2.7277
-2.74788
-3.12441
-2.07639
-2.58102
-2.62436
-2.73978
-2.78351
-3.00636
-2.47813
-2.46434
-2.55672
-2.86141
-2.90533
-3.30266
-2.09316
-1.91525
-3.42403
-2.24151
-2.41478
-9.92239
-1.12697
-7.6032
-7.5485
-11.3247
-7.385
-7.78718
-4.49021
-4.1846
-5.50252
-5.79494
-3.33492
-5.17857
-3.04414
-7.08761
-3.9416
-6.21338
-2.15081
305.634
-2.81614
-3.61684
-2.48994
-2.55565
-2.99
-3.17676
-3.71948
221.93
226.534
-0.99223
-0.615593
-2.92218
-2.87782
-2.85742
-2.89395
-4.36688
-11.9823
-4.98859
-2.84962
-2.87572
-2.89486
-2.82875
-2.84328
-2.88553
-2.72395
-2.85468
-2.83985
-5.97172
-2.8889
-1.76152
-0.820643
-2.80743
-2.72724
-5.93125
5.13453
-2.91321
-0.822052
-0.826473
-0.639735
-2.81845
-2.801
-2.80758
-2.83573
-2.78787
-2.77605
145.388
-2.81295
-1.1222
-2.70709
-2.80166
-1.44317
-2.83526
-2.65701
-2.69389
-2.69689
-2.75056
-2.76263
-2.64133
-2.75346
-1.43477
23.9596
-2.50156
-2.80146
-0.461691
-1.7861
-2.82793
-0.369624
-2.552
-2.81451
-2.85411
-2.72017
-2.8851
-2.77
-2.90111
-2.87638
-2.89823
-2.86263
-2.55886
-2.6923
-5.99529
-1.0596
-2.87626
-2.7768
-2.68893
-2.67017
-2.78732
-3.61744
-2.88759
-2.82115
-2.70416
-2.62277
-3.20175
-2.80037
-2.60767
-2.86938
-2.84913
-0.208166
-2.50812
-2.56652
-2.53078
-2.59485
-2.64254
-2.52285
-2.36774
-2.42538
-2.75016
-2.81497
-0.98519
-2.3486
-2.86036
64.8501
-2.59644
-2.65678
-1.59201
-2.09739
-2.78288
-2.94268
-2.57173
-1.96014
-2.44829
-2.2909
285.956
17.6021
0.0708342
-3.73044
2.21865
-11.7269
-2.77244
57.07
244.357
-2.2826
-3.75176
-2.80945
-2.79435
-2.71922
-1.49296
-2.94945
-2.80014
-29.5754
-2.86506
-2.68951
-2.88743
-6.68488
-5.50059
24.3499
-134.101
-1.31632
-2.64045
377.262
-5.59035
-4.50769
-2.75155
-6.42772
-6.43564
-6.3534
-2.87243
-6.31947
-6.77588
-6.33714
-6.93325
-11.3199
-5.78653
-5.83276
-2.28512
-2.81169
-2.22693
-1.81486
-7.04117
-4.83479
-4.52471
-2.10459
-2.27504
-1.85345
-1.875
-1.77225
-2.09106
-2.32741
-2.22724
-2.83751
-2.27578
-2.30017
-2.30818
-5.68035
-2.30775
-2.23569
-2.36786
-1.84033
-2.37848
-2.39946
-2.27821
-2.63252
-1.97086
-2.32093
-2.69842
-2.19009
-2.46871
-2.63323
-2.51637
-1.95048
-2.63939
66.9346
-2.8452
-2.42679
-2.56956
17.0054
-2.83134
-5.39919
-5.96895
-3.23424
-2.71893
-1.13295
-2.75866
-2.40517
-2.55234
0.970486
-5.87877
-3.56079
-2.91082
-4.04455
6.2657
-4.89418
-2.38489
-4.4985
-7.19509
-2.47948
-3.21158
-4.43897
-4.91261
-3.65954
-4.50769
-8.44373
-2.68016
-2.30911
-5.55151
-3.71469
-1.26576
-4.87324
-3.5004
-3.24585
-6.38946
-10.2175
-7.34661
-2.39
-7.06344
96.7199
-6.27248
-4.19105
68.2625
-5.11178
-2.48363
-3.08917
-2.32187
-2.5318
-2.7238
-1.0703
-7.97268
-5.9544
-2.287
-5.87132
-13.1977
-2.3415
-3.5576
5.56974
19.6791
0.979687
133.461
-2.39604
0.0798799
-0.568778
-2.05047
-0.531362
-0.409208
-1.63585
-0.845902
-0.57259
-0.610108
-0.472727
-0.588158
-0.426795
-0.563406
2.0425
1.39497
-0.59684
-0.470921
-4.3997
2.58491
-0.595779
3.86047
6.32442
-2.05343
-0.167638
-0.327686
-2.05153
-0.543666
-8.18585
4.79409
-3.04311
-2.84982
-0.170614
5.66409
-2.16503
-0.171962
-2.47466
-1.69928
1.11735
-8.3109
0.0129717
-0.0982674
-18.1159
-1.93695
1.58828
-2.4754
-1.0992
-3.14561
-0.245619
-0.389053
-0.453351
-0.275155
-3.50318
-0.427141
-2.34943
-0.366972
-6.55961
-0.829455
-4.46495
5.32542
-0.389567
-0.747957
-0.750162
-0.829073
2.24973
-0.501557
4.8425
-0.226745
-0.567848
-0.638975
-1.01952
-0.768282
-0.807392
-0.858854
-1.41866
-2.64212
-0.939456
-0.301507
-0.953262
-1.49571
-0.413751
-1.56976
-1.21857
-1.7833
-1.01894
-2.73007
-1.44778
-1.50543
-6.01568
-4.50855
-0.879771
-1.03154
-0.714092
-0.742078
-0.745461
-0.5167
-0.756615
-1.74586
-1.04528
-0.786185
-0.765337
-0.879684
-0.9368
-0.889439
-0.735879
-0.702701
-0.76377
-0.433668
-0.64364
-0.602998
2.44816
387.398
-4.22597
-6.26726
-0.705263
-0.661553
-0.696468
-1.9155
-391.231
-0.641789
-2.71525
-9.71267
-2.78136
-1.73178
-1.58514
63.3841
30.3592
-2.74174
-2.65951
-3.00359
-2.79668
-0.539778
-4.4903
-3.01461
-2.72878
-2.9244
-2.05686
-1.87624
-1.39425
-0.753907
-1.90333
-3.00957
-6.8593
0.156113
-2.28817
198.544
-0.715844
0.08258
-4.29663
-21.1613
-2.68262
80.389
-3.8951
-4.4371
-0.636845
-2.49746
42.9788
-24.0513
-4.98503
12.0226
-2.08812
-2.70224
-4.64065
-2.59101
-2.86362
-1.19239
-1.04815
-2.08712
-19.2361
-6.13069
-1.55142
-2.22424
-7.03377
-5.92108
-2.80187
-6.06758
-0.816501
-1.18354
-0.860099
-2.03896
-2.08724
11.2036
-1.55733
-2.2265
-2.01424
-2.33089
-2.15744
-2.66611
-5.95589
-2.76057
-2.42477
-0.906034
-0.858135
-2.70196
-2.7692
-2.80432
-2.88543
-5.96247
-2.4935
-2.55403
-2.07459
-2.87956
-77.3785
-2.88601
-2.92033
-1.98088
-188.099
-2.79094
-2.76517
-302.111
-2.92253
-2.55165
-2.4016
-2.77453
-0.376724
-2.78946
-2.02703
66.2779
-2.56014
-4.2091
-0.921396
-2.35985
-2.52732
-2.77966
-2.68034
-2.27332
-6.92845
-2.56189
-2.70276
-2.78765
-0.906006
-1.77677
-2.30051
-2.7672
-2.11978
-2.86154
-1.93669
-2.05067
-1.90124
-2.96799
-3.16282
-2.12285
-2.28079
-2.07283
-2.52476
-2.16028
-2.31592
-2.88437
-2.04992
-2.13789
-1.85237
-0.0471477
-2.40407
-2.32163
-2.64265
-2.6136
-6.95882
-1.05512
-2.31115
-2.80599
-2.07425
-2.55386
-1.82847
-0.832409
-5.61381
-0.649993
-0.823504
-2.53014
-2.16359
-1.87018
-2.07635
-2.79528
32.5867
-2.02718
-6.0051
-0.872601
-0.9445
-2.77129
-1.02419
-0.960268
-2.14402
-0.884669
-0.915337
-0.905253
-0.887507
-0.874629
-0.900298
-0.889187
-0.873204
-0.859286
-0.869952
-0.917717
-12.6703
-0.732273
-0.727055
-0.827076
-1.03725
-2.76716
-0.79775
-0.938084
-1.18558
-0.912165
-0.966829
-1.00597
-0.983481
-1.0095
-0.945779
-1.33856
-0.612789
-0.792759
-1.12164
398.603
-1.5438
-1.49537
-2.21563
66.4354
-0.636345
-1.0226
-1.2049
-1.4138
-1.01109
-1.17612
3.38068
-1.07122
-1.17834
-1.27009
-0.913497
-2.13354
-1.07234
-2.30469
-1.09096
-1.07426
-1.16104
-1.48671
-1.404
-1.18436
81.3238
-2.28302
-6.57555
-1.44613
-8.33964
-2.81117
-1.19296
-1.37018
-5.92154
-8.95246
-7.08224
-1.09349
-2.37105
-1.6982
-6.19353
-2.12364
-2.04175
-1.59998
-14.6931
-0.695206
-0.982266
-2.78617
12.6458
-1.68719
-2.52795
-0.780407
-0.682276
-0.654798
-0.694808
72.5194
-1.01167
-0.730461
-0.93868
-0.844124
-1.04737
-0.866819
-0.437202
-0.298058
-1.04964
-0.326724
-1.81957
-4.18887
-3.37804
0.233065
-0.805243
-0.559875
-0.458551
-3.48399
-2.32475
-0.00910898
-5.99013
-5.46323
-2.07646
-1.41527
-2.57078
-2.18198
-0.331788
-1.14529
-0.543124
0.461938
-3.03612
-1.01235
-1.39999
-0.136132
-1.53073
-6.73856
-4.54279
-4.42833
-0.49375
-3.58082
-1.16052
-1.1648
-1.32032
-3.24417
-3.17226
-2.36893
-3.27879
-3.63324
-0.247977
-0.612534
198.337
-3.4106
-1.90273
-2.075
-1.21888
-1.34616
-1.03146
-1.72152
-1.61359
-2.66812
-2.2766
-0.633489
-1.24815
-1.19927
-4.34821
-5.10314
-3.51118
-1.18957
-2.71454
-2.80265
-2.80287
-2.50769
-2.05979
-1.84862
-2.2871
-2.56263
-3.49424
-2.20995
27.6142
-1.23287
-3.14408
-1.44852
-1.41437
28.7551
-1.26328
-1.20277
-1.96219
-3.30502
-3.36034
-3.73087
-5.81324
-5.68859
-3.70632
-3.14546
-1.40879
-4.72445
-3.49288
-2.63755
-4.19009
-6.70324
-2.76739
-2.49311
-3.50373
-4.05202
-4.78044
-7.10778
-2.21716
-5.12527
-4.30403
-3.97262
-1.88407
0.375607
-2.38587
-4.35857
-3.41066
-3.45874
11.7308
-1.38187
-4.79476
13.6857
20.8828
18.7414
5.75706
6.6775
5.86241
-2.36871
-1.92356
0.230229
17.5953
-2.40063
-2.35632
1.01995
-13.5044
-2.83424
-0.278762
-7.44365
-8.08681
27.5286
-2.76553
-1.75614
-6.02666
-4.88155
-6.5271
-7.49332
-3.4499
-2.17039
-8.00647
-1.26169
7.41721
-0.713714
-4.07429
-6.2265
69.5795
-0.512337
66.9731
94.1795
69.3449
59.8979
82.3275
86.8879
-2.332
-2.74188
80.7377
95.9777
-5.94241
-0.923491
99.6083
132.485
132.651
138.686
-7.64674
144.587
152.454
124.263
69.8276
58.247
54.5183
78.0065
-7.47964
115.88
106.366
25.9258
110.9
124.603
50.7589
126.517
79.4367
43.0042
110.712
-3.24619
225.058
224.042
238.371
30.3588
-0.973065
74.6327
138.131
151.475
146.589
144.19
-0.742059
142.609
26.1719
161.259
196.032
143.439
146.486
156.885
66.8614
152.162
154.364
41.1122
187.138
-0.90455
556.171
374.909
288.554
145.925
236.716
3.94705
6.32878
9.62432
-1.86246
579.273
193.421
150.522
184.589
-3.2882
-12.9141
-7.72459
39.4826
14.6747
142.298
37.0957
40.7197
52.7365
-12.902
22.3696
47.8051
-2.83065
-9.4998
55.6321
88.5875
62.8923
-6.30351
-1.18852
0.177441
13.1645
-6.85684
149.252
142.583
-8.80788
-2.80424
-4.40095
288.682
-19.7576
-5.17324
0.945915
3.13209
1.13189
598.007
29.6681
-2.12357
-2.16735
-0.97208
-1.24952
-3.12963
38.3439
498.128
2.00068
1.77691
1.55728
2.42449
-4.78746
1.12266
0.990801
1.08204
1.62872
1.97261
1.39842
-6.44325
-2.1419
-3.45092
0.605672
0.736099
0.815559
0.906485
-4.99677
1.12707
0.180081
1.68673
-3.97307
0.0220771
0.0471475
0.936597
0.129124
-1.11227
-0.537179
-2.93969
2.5161
697.48
98.2708
-4.65861
-2.27579
3.82533
2.56646
3.691
-2.57227
-1.1521
0.225316
0.215532
-0.0476625
779.456
0.543127
-0.429573
7.55801
52.5279
-0.515318
85.394
38.4709
3.37326
2.9784
-1.21826
62.5112
23.7266
53.3421
9.54541
8.70677
2.6714
94.3148
3.17827
0.477899
0.556106
-1.82467
1.65582
1.62683
43.1886
-0.346563
-0.343106
95.1217
1.15202
1.12331
148.722
19.2432
18.9847
2137.56
-2.81515
-14.1391
682.026
430.887
1.76314
227.093
17.8481
157.191
0.124469
98.3155
-2.76221
-2.79523
25.0698
-0.911886
0.506529
0.679181
0.622313
0.452833
66.6985
0.670898
0.727157
0.486404
0.585094
0.290935
-0.0205038
-2.46747
-0.23304
0.264671
1.71243
1.00847
0.660152
0.10191
0.685646
0.204171
1.23915
0.826958
10.6039
1.29607
0.913567
3.05989
-0.0312565
-0.841847
0.957003
115.109
-3.01573
-1.27937
39.8717
-0.779732
3.50915
-10.1783
53.2591
35.2041
-6.38638
161.581
-1.69126
-6.84327
60.3664
-5.31432
7.94696
-6.18487
-25.2719
106.142
-2.75556
-0.018002
-0.0926127
-5.1181
-2.83606
-2.91232
6.6903
-1.29616
-0.0518014
-1.99466
-1.28005
5.14415
2.95768
-3.77018
-7.04778
-1.39622
1.62814
-8.20799
1.24316
3.24374
0.624424
-7.09557
-7.43817
-7.18098
-0.0960797
-1.40796
-0.24004
-1.15341
-1.19434
3.64442
-1.33624
177.382
-0.54418
-7.33387
-7.29414
-1.19396
-0.343833
-1.03521
1.73076
-0.796097
-0.363195
-0.572922
-0.577161
-0.658396
12.8339
-0.885713
-6.08853
-1.43347
-0.642797
0.958011
-0.718023
-1.31055
-2.55042
-0.252883
-1.02377
-1.44721
-2.52587
-1.30454
-1.31412
-1.2085
-1.13856
-6.70075
-1.10492
-0.810605
-0.753609
-1.22717
-0.925938
-1.55396
-1.66114
-1.14579
-1.02324
-0.96099
-1.11303
-0.86988
-1.24109
-5.53985
-0.698322
-1.149
-9.30299
-0.993468
-2.13855
0.14466
-1.01472
2.12565
-2.76183
-2.24425
-1.75941
-2.64836
-1.61646
-3.06658
-2.5649
10.0208
-1.83238
-2.88075
-2.18983
-7.12718
-3.44294
-11.8169
-3.2079
-3.19223
-1.77624
-8.27799
-7.22645
-1.58029
-2.18764
-1.5374
-2.05314
0.833425
6.27115
7.87989
-1.16741
-1.21274
283.44
-0.865063
-1.39483
-0.979583
-1.23625
-3.56278
-2.61289
-1.21355
-8.01588
-0.638177
-2.0455
-0.928904
-0.869975
-1.86899
-2.79397
-1.38657
-2.60681
61.6692
-2.94181
-2.77903
-2.18775
-0.85552
-1.73088
-1.55445
-2.80154
-1.68268
-1.60775
-5.70483
-0.96028
-1.77739
-1.99876
-19.7513
-1.06487
-1.30658
-0.499483
-1.6025
2.93518
-4.74067
-1.0215
-1.05762
-0.917639
-1.69991
-1.41056
-1.04438
-0.707092
-0.817232
-0.801176
-1.53864
-0.7535
-4.12443
-3.01061
-1.46424
-1.90733
-0.79771
-1.12949
-0.462146
-0.861812
-0.780273
-0.430712
4.02793
3.55687
-1.25845
-0.508202
-0.391508
-0.879179
-6.40354
-4.3748
-1.64766
10.2467
1.7188
172.857
1.90113
-1.58577
-5.04479
1.83107
-0.839271
-0.381032
-1.39357
0.701489
-7.40333
342.457
-3.2744
0.757636
2184.06
-3.47449
0.299847
41.2636
5.25435
64.9553
15.8484
-0.0764904
50.8894
10.0521
0.107349
-5.71039
60.7762
-328.072
-0.522342
29.474
6.04638
1.85983
2.51859
0.137973
8.08562
1.56815
-1.19321
173.035
0.478073
-1.53029
10.9187
0.275765
-2.73331
0.10928
2.36499
-2.75091
-1.46302
-1.89283
-5.74404
-3.67916
-1.54016
-2.66487
86.9503
-1.54273
0.546632
-1.42283
-4.84359
-4.22325
-1.5027
-3.93803
-5.39236
14.5875
160.406
73.3808
-4.73666
-3.66378
-2.76835
-4.48776
585.517
107.453
-0.709123
0.595761
-0.180984
22.0328
-6.54974
1.73249
127.407
305.336
29.0702
1.77147
5.06223
148.44
138.364
-4.51324
145.276
-9.49526
194.824
159.943
476.463
190.871
-1.23989
-0.337205
-2.49349
-9.76727
300.84
161.906
3.8322
110.944
41.8732
193.902
29.8624
129.372
36.8096
-0.622405
-0.946841
187.612
-4.72773
-2.7714
58.4503
124.826
-3.5175
6.91349
180.663
32.0874
178.63
-4.56007
61.0287
196.143
-3.07629
-6.16038
102.438
-3.57154
-5.78541
-3.90732
1.99535
-3.69914
-3.38404
-2.08002
-2.72724
-1.99856
-1.09051
-4.02794
-1.64674
-0.672906
-0.917217
-2.1634
-1.54176
-0.865664
-4.18072
-1.452
-1.15946
-3.21619
-1.5763
40.3869
-0.424155
-0.849663
-1.29974
-4.55216
-1.8465
-2.28417
-8.53781
21.8148
50.7832
-0.475635
-6.19435
-3.97591
-0.957362
-4.44567
-1.34649
-7.82833
-0.242358
-6.00753
-1.16739
-1.42318
-1.20001
-0.561283
-0.708014
-4.13562
-0.979907
-0.906295
-1.2594
334.693
-1.23913
-7.30177
-7.13466
-2.76283
-6.81345
-5.5941
-2.85915
-6.17825
-2.84771
-1.03463
-1.2792
-2.80718
-4.79734
-4.96458
-8.61679
-3.75188
-8.01579
-2.8535
-6.2982
-0.878831
-2.29094
-4.35075
-0.692335
-1.91937
3.87347
935.31
-2.78336
-1.52675
-2.94653
69.945
-2.72268
-6.21002
-5.15302
65.3111
-0.911256
-2.85761
-2.64124
0.548345
-2.40697
-0.889489
30.7427
-5.38444
-1.55302
-2.42899
3.0027
-0.511674
-2.33711
-2.71262
-1.091
-2.79023
-2.27308
-0.493817
-2.59167
-2.64719
-2.19058
-9.38297
-2.65672
-7.02863
-3.91608
-2.75748
-4.81345
1.63622
-0.078091
-1.10397
-2.62274
-0.923081
-1.99846
-7.9883
-2.37245
-2.76774
-3.03915
21.0091
-2.02407
-0.665211
2.9109
-2.76513
-2.7611
-4.68747
-1.3903
-2.34449
2.20226
-3.13132
-43.8545
-2.36329
-2.29064
-0.717613
-1.879
0.506105
4.96718
-8.62205
-1.18934
-2.3311
-3.732
-2.7461
-3.15279
-2.42788
-39.4926
-0.542589
-0.306291
-2.77328
-0.659625
-2.15385
-2.8742
-2.31603
-2.81074
-2.54325
9.08459
-260.045
1.5177
-2.44622
-2.70754
-2.88612
-6.77872
-5.59646
-3.88512
-2.66844
-2.84991
-0.401557
-2.28406
-7.78312
-0.342254
-2.89562
-2.15821
-2.88859
-0.69626
-2.90634
-2.46859
-2.82814
-2.70925
-2.80891
-2.86098
-2.79291
-3.73753
-2.87352
-0.933168
-2.8829
-2.85816
-2.89446
-0.643813
-0.5007
-2.85511
-2.84995
-291.37
-0.796299
-3.28556
-3.23311
-4.61911
-2.71093
-6.14183
-0.93759
195.456
-6.17707
-2.30119
-0.66055
-10.7949
-0.835967
-2.75069
-2.78001
-2.7706
-2.69714
-2.89781
-2.75663
-5.79834
-2.1649
137.15
-2.76818
-0.592994
-0.665844
-0.861065
-0.830526
-2.81388
-0.721567
-0.795395
-2.79351
284.402
-8.8938
-6.38109
-1.18573
-2.83677
-1.85386
-2.81642
-4.50245
-2.76644
-2.77957
-5.61131
-6.31184
-2.40191
-6.55486
20.9551
-2.80564
-0.804186
-6.74634
-0.702515
-7.80749
-3.00445
-4.40985
-9.44049
-3.0205
-5.55607
-9.32044
-2.77495
-1.78585
-2.22246
-1.59346
-5.97731
-2.51781
63.6657
-6.59812
-5.88509
-2.61247
-6.13916
-1.67493
-0.711177
-7.13759
-2.95992
-3.36572
-2.79339
-2.90321
-2.11798
-6.79651
-6.69435
-4.98326
-6.85356
-6.77508
-2.0637
-0.844049
-5.75304
68.065
-8.86799
-7.11553
48.8033
-7.29667
5.58603
-7.38594
-9.51185
-6.61711
-6.77872
55.3716
-2.37539
-5.22219
-8.13037
-2.78904
-1.30948
-12.7956
-12.9919
-7.89711
-10.0226
-4.2652
9.10601
-0.591421
-7.01052
-9.9969
-9.08553
-8.32562
-0.569842
-9.18442
-7.30689
-0.400441
-2.38969
-8.27439
-2.02531
-6.63283
-2.29972
-2.51439
-5.29935
-9.08221
-7.81485
-11.1818
-5.61698
-5.82166
-1.06452
-12.3489
-5.99476
-411.655
-1.24148
-1.17792
-3.67609
10.9037
-10.0559
-1.92193
-2.68332
-2.80521
1694.8
6.3804
-4.71777
50.5358
8.35148
-11.8666
217.927
-1.85044
-0.738328
853.495
12.6469
-4.83645
-0.827639
251.667
-25.1011
-2.79092
-0.199031
0.881177
-2.6415
-13.7349
58.3114
-5.44875
-4.66591
12.4439
-4.28189
-5.87697
-5.62641
-6.66349
54.4246
-0.945695
-3.54965
-2.53138
-3.33397
-0.84842
-18.4814
-4.46552
93.2013
-2.86212
-4.57985
-9.82451
-4.29807
175.971
275.713
-4.0292
54.877
65.1697
62.519
63.9927
-5.18514
-1.06614
-5.15199
-6.14788
15.3375
-1.86451
37.4001
-5.9625
-14.077
-6.44424
197.025
125.445
92.3314
-0.860031
-5.25986
-1.8112
24.8168
-2.42911
-21.4774
-1.13971
-3.81013
-2.62157
34.8061
-3.93252
-2.75673
1.39036
-4.58919
-0.626093
3.46446
-1.19008
-0.887229
74.2678
-0.772447
-1.00626
-0.888758
-3.05433
0.598793
-6.06074
23.5152
171.414
70.0538
0.416871
5.99061
-6.47718
0.700466
69.7991
-0.0937659
-0.975753
-2.59731
222.98
88.2761
77.5807
-1.33872
65.8162
-2.81378
5.82417
75.5918
-3.78727
-4.16162
11.5661
-1.39297
194.056
1.28752
-4.6287
-1.92849
-0.702401
-2.45723
-0.768172
-6.27629
-0.173681
55.4143
-6.5081
-5.84707
-2.7767
-4.80371
-5.45424
-4.56051
-0.569719
-2.95584
-2.36906
-0.879708
-2.76554
-2.81981
-2.79771
0.33477
-4.99777
-4.06971
-6.41196
-6.14683
-0.773359
-1.14847
-2.37751
13.1892
-2.81594
-5.53547
-7.13261
-7.0185
-0.834021
-3.56638
-1.07361
-2.62851
-2.92087
-0.754708
-2.28852
-1.39712
-0.905883
-1.45486
-1.53973
-5.96767
-0.901099
-2.7608
-1.22871
-6.20167
-0.626796
-1.17828
-2.77445
-3.44966
0.692466
-0.846441
-2.85383
-2.37525
-2.40128
-1.37762
0.308059
-2.44614
-0.8441
-1.70159
-0.859085
-2.51582
-5.5675
-1.33741
-0.242306
-1.69164
-5.85537
47.993
-1.86922
216.298
-3.86714
-0.691634
-1.42758
-2.40403
-1.62758
-7.94676
-2.88925
-3.12204
-6.50186
68.8485
-2.81284
-56.311
-2.06079
-1.39586
-0.904904
-0.701787
-2.33458
-2.70487
-1.43079
-0.986341
1.49949
-7.96827
26.5789
-2.7438
-2.88073
-1.14714
-1.8098
-0.683604
35.1125
-3.8317
-5.54769
-1.88612
-0.955731
-7.31234
-6.90043
-6.40771
-5.5428
-0.888382
-0.643605
-2.85716
-11.6544
-2.79939
-418.923
-1.07323
-9.86491
-5.54781
-2.7864
-5.81299
-4.99337
1.16651
-2.83199
-8.80167
-2.84315
71.8456
-10.2763
-7.69863
5.33435
-0.728079
20.1107
-0.566796
-1.05731
-7.04984
-7.70069
57.8963
-6.22251
-2.28588
48.3075
0.551481
720.896
-7.44095
-2.94234
-11.9095
-0.950983
-6.88651
-2.79261
-0.809387
-6.74198
-5.02264
-0.247152
-0.894777
-2.80163
0.252306
-0.626047
-1.36925
-0.348095
-0.804951
-1.47689
-7.092
-0.735121
-2.65541
)
;

boundaryField
{
    FrontBackPlanes
    {
        type            symmetry;
    }
    wallz
    {
        type            calculated;
        value           nonuniform List<scalar> 
97
(
-394.191
-348.541
-425.918
-270.587
302.726
76.3351
73.048
236.62
189.256
-2.1024
-2.58214
-2.34981
56.6895
65.6043
70.3119
356.954
505.064
512.605
-1.4134
-1.64323
-1.88527
13.6633
29.8374
41.5172
512.35
392.446
232.25
-0.767342
-0.928979
-1.22275
-3.06464
-0.0160095
2.74149
258.268
146.825
-0.244206
-0.483682
-2.99609
-3.0374
-3.1151
600.052
-21.886
-0.0308276
-2.84273
-2.6958
-3.06411
2198.98
718.217
4649.35
-2.02535
-2.75701
-2.75867
-2.75703
702.639
79.186
-24.4001
-0.676676
1.03248
-2.79538
-2.78079
54.3501
136.074
-16.8531
64.6194
32.02
202.996
194.941
-2.88504
-2.83681
109.878
708.511
700.536
83.4688
70.788
110.516
127.693
161.348
448.065
605.303
809.313
176.515
127.871
-2.92558
-267.512
-519.332
-534.557
-147.128
288.576
235.257
-2.84826
1.8144
-124.012
-2.77913
338.58
209.264
-2.87676
0.131323
)
;
    }
    outlet1
    {
        type            calculated;
        value           nonuniform List<scalar> 
31
(
-2.943
-2.943
-2.943
-2.943
-2.943
-2.943
-2.943
-2.943
-2.943
-2.94308
-2.94674
-2.96763
-2.96189
-2.943
-2.943
-2.943
-2.95348
-2.94376
-2.94302
-2.943
-2.943
-2.943
-2.943
-2.943
-2.943
-2.943
-2.943
-2.943
-2.943
-2.943
-2.943
)
;
    }
    inlet1
    {
        type            calculated;
        value           nonuniform List<scalar> 2(-561.255 -567.644);
    }
}


// ************************************************************************* //
