/*--------------------------------*- C++ -*----------------------------------*\
| =========                 |                                                 |
| \\      /  F ield         | OpenFOAM: The Open Source CFD Toolbox           |
|  \\    /   O peration     | Version:  v2012                                 |
|   \\  /    A nd           | Website:  www.openfoam.com                      |
|    \\/     M anipulation  |                                                 |
\*---------------------------------------------------------------------------*/
FoamFile
{
    version     2.0;
    format      ascii;
    class       volScalarField;
    location    "0.15";
    object      p;
}
// * * * * * * * * * * * * * * * * * * * * * * * * * * * * * * * * * * * * * //

dimensions      [1 -1 -2 0 0 0 0];


internalField   nonuniform List<scalar> 
6576
(
-422.15
-443.281
-412.379
-419.079
-429.218
-407.92
-407.637
-399.005
-416.292
-413.773
-415.261
-405.282
-393.29
-407.42
-322.122
-336.237
-372.852
-367.332
-342.755
-337.136
-372.045
-403.283
-412.482
-481.604
-314.36
-275.46
-202.931
-452.351
-447.663
-447.139
-438.394
-429.106
-390.863
-293.725
-272.993
-291.447
-317.546
-317.741
-304.867
-311.506
-344.365
-393.212
-341.472
28.6779
-0.170223
40.2538
11.2052
23.6166
69.0297
41.1055
16.2315
42.6413
-2.93775
-2.93705
-2.94049
-2.92307
-2.92159
-2.92777
-2.92983
-2.93802
-2.92452
-2.91809
-2.91248
-2.92742
-2.93674
-2.9251
-2.85924
-2.8701
-2.87496
-2.88214
-2.8693
-2.8919
-2.88095
-1.09299
-0.786715
0.0474601
-0.846142
-0.719825
-0.229336
-0.344586
-1.08375
-1.25265
-0.747679
-1.08016
-1.68501
-1.52259
-0.920036
1.33836
1.32595
1.26044
1.2358
1.26108
1.29874
1.29008
59.5377
50.0678
86.3649
15.2703
32.7173
61.174
34.9818
190.899
164.714
156.766
164.641
190.771
143.514
169.563
170.063
156.898
195.903
144.032
169.61
169.321
-3.03738
-2.97198
-3.18724
-3.05987
-3.17578
-3.16748
-3.1335
-29.7927
-69.102
-160.894
-104.894
-65.0033
-27.9624
2.30452
-2.98906
-2.90575
-3.2604
-3.82126
-2.87198
-4.39874
-3.13361
-0.560328
-0.556177
-0.584215
-0.525146
-0.496263
-0.506646
-0.537473
-0.703536
-0.676849
-0.678922
-0.63627
-0.610886
-0.62382
-0.651503
-0.875921
-0.863457
-0.930884
-0.801588
-0.857776
-0.897745
-0.844982
-0.836976
-0.860489
-0.788781
-0.806938
-0.831059
-0.739196
-0.719486
-0.770088
-0.748088
-0.965992
-1.03494
-0.974834
-0.905045
-0.967149
-1.00774
-0.949449
-0.919111
-0.94254
-0.868062
-0.882448
-0.901655
-0.800469
-0.815802
-0.838434
-0.819278
-0.99718
-0.987732
-0.910404
-0.955345
-0.942361
-0.829906
-0.842948
-0.879175
-0.864984
-1.06276
-1.0705
-1.17373
-1.11832
-1.02705
-1.15996
-1.05871
-0.857926
-0.924479
-0.855016
-0.803679
-0.803395
-0.877646
-0.845434
-0.899025
-1.00785
-0.866887
-0.897709
-1.08183
-1.06153
-0.919053
-1.63
-1.61767
-2.02358
-1.40115
-1.92537
-1.8239
-1.70828
-1.87811
-1.89475
-1.73781
-1.769
-1.88194
-1.84743
-1.72933
-1.65093
-1.70228
-1.55271
-1.60957
-1.57174
-1.44438
-1.49003
-1.25309
-1.20684
-1.29532
-1.25947
-1.15673
-1.16934
-1.25467
-1.24659
-1.23607
-1.16925
-1.23886
-1.31541
-1.21985
-1.29273
-1.13958
-1.07912
-1.14878
-1.20218
-1.12292
-1.18786
-1.11427
-1.0922
-1.16171
-1.01984
-0.967231
-1.02639
-0.976924
-1.03408
-0.954106
-1.01058
-0.817445
-0.836917
-0.78919
-0.755832
-0.803096
-0.801159
-0.755077
181.942
155.27
148.856
168.484
142.405
109.606
134.878
122.544
148.728
40.0288
70.8996
43.1481
41.4722
19.6629
25.1922
11.1592
-2.39303
-2.95656
-3.30804
-4.73306
-4.25253
-2.22433
-1.63542
-2.9842
-2.40999
83.4317
46.5878
57.1067
-1.25792
-1.62583
-2.02114
-1.96938
-2.57039
-3.2007
-2.23719
-2.21581
-2.22031
-2.18543
-2.20254
-2.20295
-2.17651
-2.17608
0.512105
-3.84122
-3.62072
-1.96441
-2.88146
-2.16304
-1.78782
-1.94461
-2.07962
-2.41477
-2.4433
-2.4303
-2.36844
-2.37314
-2.39774
-2.39228
-1.2282
-1.56738
-1.3258
-1.73103
-1.55762
-1.52194
-1.50818
-1.36218
-0.931663
-1.06746
-0.919437
-1.3022
-0.843527
-1.16853
-0.916062
-0.680272
-1.05873
-1.34101
-1.27011
-0.784161
-0.436493
-0.850706
-1.62051
-0.971075
-0.829538
185.494
185.567
195.944
159.232
159.108
169.565
169.515
182.384
182.8
195.758
169.48
156.427
112.101
136.789
149.914
162.491
32.3316
7.64783
44.6736
54.7843
79.7606
32.7632
60.6529
-1.55966
-1.8881
-1.57619
-1.00751
-2.31769
-1.41551
-1.37937
-2.4677
-2.47599
-2.39798
-2.56504
-2.4786
-2.54129
-2.46245
-2.4222
-2.49447
-2.88306
-2.88035
-3.0646
-3.13496
-3.06598
-2.97663
-2.92575
-2.73588
-2.98502
-2.85327
-3.15787
-3.27268
-3.09165
-3.14547
-2.93012
-2.84557
3.23706
-0.754223
2.16606
5.40245
0.72446
0.422676
2.70425
-2.63468
-6.20748
-15.3571
12.8843
-7.17275
9.33656
14.7249
-1.50538
-1.49725
-1.57159
-1.48358
-1.54482
-1.51733
-1.58231
-1.67435
-1.71372
-1.76001
-1.72964
-1.68997
-1.75664
-1.79541
-1.60719
-1.61227
-1.67709
-1.63752
-1.58294
-1.62051
-1.68029
-1.65514
-1.71965
-1.63917
-1.6333
-1.69239
-1.61889
-1.55878
-1.64186
-1.58463
-1.89913
-1.95734
-1.8846
-1.90179
-1.85703
-1.95821
-1.90457
-2.09297
-2.00362
-2.06568
-2.09504
-2.15375
-2.0427
-2.09693
-2.09579
-2.1258
-2.18537
-2.06864
-2.01045
-2.06945
-2.12088
-2.5758
-2.5456
-2.48126
-2.58113
-2.64153
-2.58031
-2.5187
-2.2757
-2.33256
-2.33898
-2.33389
-2.39122
-2.42922
-2.36652
-2.68
-2.58271
-2.61452
-2.30007
-2.33032
-2.23304
-2.89121
-2.8309
-2.8351
-2.83886
-2.891
-2.85253
-2.80517
-2.82043
-2.83558
-2.8889
-2.72765
-2.79006
-2.77621
-2.82979
-2.86242
-2.92316
-2.80593
-2.81781
-2.72162
-2.78724
-2.8915
-2.83239
-2.86165
-2.80181
-2.75386
-2.81721
-2.92699
-2.8923
-2.88716
-2.86097
-2.83053
-2.81711
-2.7221
-2.7852
-2.8492
-2.8964
-2.89823
-2.92754
-2.84141
-2.83931
-2.86128
-2.86194
-2.27442
-2.25525
-2.1808
-2.28417
-2.37149
-2.2613
-2.33973
-2.28236
-2.20801
-1.93812
-1.86488
-1.96547
-1.98039
-2.06563
-1.91534
-1.98964
-1.91764
-2.02069
-1.97255
-1.87753
-1.90996
-2.0048
-1.95618
-1.64456
-1.66819
-1.71305
-1.65173
-1.73878
-1.75777
-1.68016
-1.14049
-1.0565
-1.07841
-1.22565
-1.19745
-1.01974
-0.960111
-1.02923
-1.01941
-1.09038
-0.976818
-1.0418
-0.834307
-0.775564
-0.783953
-0.81665
-0.758709
-0.786007
-0.843093
-0.629157
-0.575083
-0.579339
-0.601715
-0.546702
-0.575665
-0.624055
-2.1342
-2.16098
-2.17213
-2.1337
-2.16277
-2.15825
-2.11437
-2.2139
-2.21004
-2.18633
-2.22447
-2.23977
-2.21657
-2.23529
-2.22155
-2.19676
-2.20003
-2.22653
-2.2294
-2.23408
-2.22046
-2.24126
-2.23318
-2.11293
-2.11742
-2.13561
-2.14806
-2.15442
-2.13403
-2.12692
-2.09749
-2.11787
-2.10087
-2.08141
-2.10469
-2.07513
-2.09668
-2.04785
-2.05908
-2.07362
-2.09498
-2.08417
-2.0635
-2.07585
-1.82725
-1.84949
-1.8205
-1.80672
-1.82934
-1.78874
-1.81169
-1.72301
-1.6964
-1.73195
-1.74675
-1.76884
-1.70746
-1.72542
-1.72685
-1.74701
-1.77243
-1.75105
-1.75004
-1.72707
-1.75539
-1.74888
-1.77298
-1.75078
-1.77445
-1.66764
-1.69407
-1.6756
-1.67415
-1.69456
-1.68876
-1.66848
-1.69685
-1.66996
-1.69966
-1.68518
-1.66564
-1.66679
-1.67023
-1.67749
-1.69829
-1.52258
-1.49481
-1.60267
-1.65728
-1.65085
-1.67199
-2.54234
-3.65175
-3.07568
-3.94856
-4.33783
0.0482665
-0.442657
-1.26422
-1.39305
-0.747892
-2.92228
-2.18139
-2.35925
-2.57393
-2.71044
-5.75938
-3.08067
-2.96684
-1.48453
-2.61811
-0.988598
-0.99976
-0.433892
-0.930778
-1.01676
-2.21321
-0.84616
-1.39712
-1.19278
-1.18842
-0.850302
0.0349978
81.8167
57.3045
49.0932
28.2763
17.8574
34.0174
52.663
152.235
139.211
165.502
106.635
133.793
147.025
182.073
155.77
155.792
129.302
158.331
184.422
150.425
158.216
184.252
136.798
111.019
163.305
137.384
170.291
196.379
170.114
182.846
182.77
193.383
156.779
156.483
178.948
179.553
153.348
152.773
185.909
185.549
196.151
159.297
159.255
169.691
143.668
164.293
150.63
137.314
188.337
161.272
154.138
188.568
162.045
141.571
167.774
133.805
106.321
146.411
160.843
134.3
106.526
133.525
24.0743
40.1213
3.95291
80.5404
51.2792
24.8631
53.2882
33.4842
18.9503
49.6609
58.4305
84.2884
33.8026
56.6906
-2.04285
-2.02786
-2.09678
-2.05189
-2.01515
-2.1408
-2.04912
-1.8701
-1.86172
-1.85721
-1.90288
-1.82435
-1.83498
-1.86407
-1.90377
-1.94059
-1.92759
-1.98147
-1.92458
-1.96246
-1.97488
-2.14341
-2.05846
-2.0279
-2.0505
-1.98698
-2.07547
-1.99967
-2.02219
-2.12831
-2.3245
-2.29471
-2.2289
-2.17808
-2.14886
-2.19342
-2.18695
-2.26137
-2.28457
-3.76742
-3.561
-3.77551
-4.02219
-3.78065
-3.75081
-3.71308
-0.606922
-0.632281
-0.576393
-0.696654
-0.670427
-0.629492
-0.656609
-0.571431
-0.521283
-0.572855
-0.607208
-0.558339
-0.581674
-0.631524
-0.779396
-0.844032
-0.791583
-0.73556
-0.796074
-1.17828
-1.1844
-1.24882
-1.16646
-1.10308
-1.14293
-1.19833
-1.28187
-1.2177
-1.22315
-1.24444
-1.19425
-1.23348
-1.28496
-1.21378
-1.16044
-1.23785
-1.2126
-1.26046
-1.31265
-1.2597
-1.44085
-1.35992
-1.41494
-1.44428
-1.49768
-1.39789
-1.44499
-1.44045
-1.46582
-1.52357
-1.36346
-1.41725
-1.41643
-1.46611
-1.73346
-1.64847
-1.652
-1.64578
-1.58998
-1.59205
-1.6394
-1.67612
-1.56508
-1.64084
-1.66405
-1.61688
-1.56813
-1.86993
-1.94978
-1.86545
-1.83972
-1.78916
-1.89577
-1.78752
-1.83857
-2.12432
-2.09752
-2.18436
-2.05698
-2.08756
-1.99836
-2.17405
-2.11302
-2.0565
-2.11075
-2.66102
-2.59771
-2.57068
-2.5367
-2.47314
-2.53752
-2.59508
-2.5617
-2.59749
-2.66148
-2.53173
-2.469
-2.53761
-2.59371
-2.83163
-2.85146
-2.7991
-2.52457
-2.55933
-2.45664
-2.65422
-2.58664
-2.52343
-2.58402
-2.83318
-2.85558
-2.921
-2.80021
-2.85863
-2.8535
-2.84864
-2.91953
-2.85708
-2.84104
-2.82492
-2.78899
-2.88982
-2.89016
-2.92517
-2.82495
-2.82235
-2.84557
-2.84682
-2.87225
-2.79175
-2.80072
-2.87274
-2.80538
-2.76312
-2.82294
-2.45075
-2.37058
-2.47794
-2.4919
-2.58047
-2.51408
-2.4415
-2.50787
-2.58368
-1.77933
-1.82298
-1.72958
-1.94505
-1.88395
-1.81848
-1.86492
-1.27391
-1.28891
-1.36533
-1.20866
-1.33986
-1.27847
-1.38146
-0.907961
-0.960689
-0.881927
-0.930383
-0.854764
-0.815767
-0.7496
-0.740664
-0.709511
-0.749784
-0.73336
-0.776518
-0.671479
-0.623377
-0.629192
-0.713053
-0.725718
-0.690567
-0.698111
-0.64832
-0.647321
-2.77338
-2.55464
-2.67374
-2.81316
-2.63488
-2.79986
-2.72724
-2.70137
-2.79928
-2.34565
-2.35202
-2.32665
-2.32924
-2.34656
-2.34135
-2.32472
-2.31986
-2.32331
-2.31105
-2.30479
-2.30046
-2.30968
-2.31668
-2.28759
-2.28429
-2.29479
-2.29048
-2.28675
-2.3036
-2.29922
-2.2938
-2.29968
-2.24876
-2.25508
-2.24042
-2.26945
-2.26161
-2.24951
-2.25916
-1.94146
-1.95679
-1.96135
-1.97607
-1.95746
-1.98229
-1.96728
-1.88477
-1.87482
-1.85742
-1.88543
-1.90604
-1.90814
-1.88505
-1.89486
-1.8741
-1.91472
-1.88853
-1.86325
-1.88591
-1.8839
-1.90608
-1.91619
-1.83583
-1.81521
-1.8156
-1.81485
-1.78928
-1.80459
-1.78641
-1.84431
-1.81219
-1.82585
-1.75462
-1.71387
-1.74315
-1.64745
-1.65202
-1.65916
-1.52418
-1.45566
-1.48833
-1.59136
-1.62876
-1.5511
-1.49694
163.558
150.64
137.255
159.258
146.63
131.617
134.253
109.008
107.787
133.637
197.822
170.442
171.336
187.298
187.424
197.847
161.156
160.983
171.573
171.344
167.11
154.114
141.122
188.957
162.532
154.874
168.902
141.667
162.711
189.588
168.263
194.398
154.982
168.6
141.641
168.142
13.9902
33.0771
50.7017
58.7666
85.4923
60.2955
34.7139
28.5143
7.53071
44.8468
54.4544
81.9916
30.8366
55.3852
-0.653667
-0.733192
-0.206404
0.13841
0.728421
-0.491363
-1.26504
-1.69361
-1.75477
-1.66011
-1.67214
-1.2822
-1.79673
-1.69542
-3.91655
-3.92731
-0.265502
-11.9374
-0.463915
-4.52599
-3.08764
22.8581
-19.3882
2.3858
-4.00599
-3.88753
15.4725
3.54964
-0.788244
-0.144862
-0.892858
-1.35371
-3.19226
-0.606454
-0.598914
-1.50506
-0.900463
-1.19917
-2.19077
-1.56809
-1.26888
-1.18236
-0.595482
-0.731847
-0.43385
-0.393278
-0.253803
-0.347334
-0.69413
-0.576855
-0.551509
-0.57697
-0.641245
-0.610456
-0.598584
-0.630462
-0.805016
-0.812982
-0.868936
-0.793246
-0.737485
-0.774357
-0.823703
-0.844477
-0.898718
-0.838875
-0.860978
-0.816944
-0.901691
-0.852798
-0.914302
-0.852803
-0.864525
-0.873081
-0.830288
-0.868097
-0.91437
-0.923508
-0.86202
-0.875327
-0.879169
-0.839303
-0.923268
-0.879645
-1.1106
-1.05991
-1.03628
-1.08407
-1.03639
-1.00611
-0.962907
-0.987003
-1.0319
-0.854398
-0.778532
-0.828263
-0.856518
-0.903276
-0.812292
-0.854975
-0.849674
-0.873301
-0.923412
-0.829395
-0.782872
-0.830199
-0.873167
-1.03944
-0.986535
-1.04134
-1.03919
-1.08682
-1.11911
-1.06751
-1.29138
-1.23858
-1.23771
-1.1598
-1.21249
-1.19177
-1.24079
-1.03738
-0.961915
-1.01429
-1.31793
-1.23993
-1.26563
-1.52715
-1.47093
-1.44867
-1.73345
-1.67233
-1.64864
-1.62209
-1.67489
-1.5675
-1.62382
-1.63922
-1.6691
-1.72238
-1.60595
-1.55527
-1.94461
-1.88977
-1.86638
-1.83975
-1.7784
-1.83707
-1.89039
-1.60371
-1.53408
-1.59308
-1.62701
-1.57343
-1.5309
-1.58545
-1.93623
-1.85584
-1.88749
-1.86536
-1.82412
-1.88217
-1.93088
-2.27353
-2.31839
-2.37949
-2.22449
-2.16973
-2.64767
-2.57971
-2.5643
-2.65047
-2.58547
-2.5931
-2.53275
-2.12677
-2.20372
-2.21342
-2.23763
-2.15933
-2.18909
-2.1201
-2.5721
-2.62995
-2.53051
-2.56432
-2.6225
-2.53452
-2.49098
-2.81585
-2.77792
-2.83451
-2.80401
-2.87269
-2.78256
-2.72064
-2.79449
-2.74087
-2.65278
-2.83741
-2.91756
-2.76039
-2.88644
-2.79606
-2.77229
-2.78991
-2.71468
-2.63277
-2.72913
-2.88772
-2.88837
-2.92667
-2.8005
-2.78424
-2.8206
-2.74602
-2.81988
-2.79059
-2.75171
-2.87461
-2.87312
-2.91955
-2.78699
-2.78171
-2.80937
-2.80844
-2.71023
-2.60175
-2.72855
-2.60243
-2.6961
-2.76735
-2.68121
-2.8442
-2.73177
-2.74592
-2.84313
-2.75368
-2.69778
-2.77751
-2.32417
-2.47012
-2.33931
-2.3952
-2.28911
-2.46459
-2.3555
-3.53102
-3.48963
-3.887
-3.48585
-3.20779
-3.37045
-3.72724
-4.00664
-3.95048
-3.9602
-3.92849
-3.73144
-4.02321
-3.88807
-3.28276
-3.10623
-3.03904
-3.1624
-3.02954
-3.16771
-2.98599
-3.09847
-3.08739
-3.20544
-2.98846
-3.0759
-2.948
-3.05696
-3.10943
-2.99897
-2.87695
-2.80037
-2.82909
-3.04588
-2.95703
-2.87133
-2.92416
-2.70161
-2.74182
-2.75594
-2.69343
-2.74691
-2.68931
-2.73441
-2.47094
-2.45633
-2.48316
-2.49295
-2.51789
-2.49667
-2.51996
-2.47303
-2.49155
-2.4877
-2.51387
-2.49297
-2.46514
-2.47875
-2.47109
-2.48726
-2.50442
-2.48579
-2.39887
-2.42561
-2.40899
-2.41835
-2.43488
-2.40268
-2.41534
-2.32859
-2.32178
-2.30729
-2.33042
-2.34431
-2.33176
-2.31596
-2.32973
-2.32233
-2.34159
-2.30347
-2.31602
-2.32968
-2.31568
-2.20926
-2.2026
-2.18751
-2.21249
-2.22826
-2.2141
-2.19708
-2.2303
-2.21468
-2.20104
-2.21444
-2.22941
-2.19653
-2.21443
-2.1554
-2.17138
-2.15212
-2.14306
-2.12669
-2.13903
-2.1564
-2.00459
-2.02222
-2.02679
-2.00485
-2.02463
-2.03502
-2.01563
-2.06646
-2.08699
-2.08748
-2.11489
-2.09659
-2.08617
-2.1059
-1.99574
-2.02329
-2.0216
-2.05156
-1.99802
-2.032
-1.92994
-1.94822
-1.95612
-1.94928
-1.93173
-1.95945
-1.96541
-1.98258
-1.94745
-1.96649
-1.85462
-1.8718
-1.88264
-1.80925
-1.63184
-1.55521
-1.73578
-1.72153
-0.9671
-1.94909
159.94
146.805
133.074
134.705
108.095
105.492
133.698
198.732
172.169
172.015
188.848
189.455
199.719
163.283
163.303
173.906
173.655
168.532
156.197
143.175
53.0511
65.0551
36.8021
16.8337
38.7417
40.3006
14.1229
44.8059
31.4514
5.5378
32.6964
56.9265
29.5296
8.01934
-2.21063
-2.84579
-2.78875
-1.23322
-1.34664
-2.18097
-2.22669
-3.36747
-6.34505
16.5244
24.9234
33.2581
6.58909
-6.81289
19.3438
-1.96517
-1.36027
-4.14341
3.68142
26.8768
12.2845
-18.6654
-11.4257
-2.4874
-0.944689
-0.948028
-1.13472
-0.980245
-0.861313
-0.325369
-0.467803
-1.0617
0.483051
0.457394
0.420314
0.472164
0.416455
0.330053
0.326662
0.321696
0.326096
-0.0669552
-0.134602
0.0586608
0.00944248
-0.0537449
0.139038
0.148086
-0.495897
-0.544282
-0.486371
-0.546217
-0.502439
-0.506739
-0.466247
-0.508913
-0.555843
-0.496994
-0.555743
-0.513517
-0.51717
-0.476426
-0.56534
-0.496264
-0.517379
-0.490973
-0.450832
-0.492076
-0.536766
-0.719026
-0.676409
-0.672471
-0.629222
-0.674658
-0.648582
-0.603429
-0.486817
-0.440405
-0.490349
-0.482287
-0.441029
-0.725972
-0.679307
-0.676365
-0.684059
-0.729114
-0.425606
-0.487279
-0.425143
-0.465002
-0.505755
-0.742334
-0.679674
-0.660282
-0.702777
-0.745706
-0.858606
-0.926052
-0.877156
-1.03516
-1.10932
-1.05389
-0.962648
-1.01394
-0.768334
-0.816373
-0.831648
-0.852158
-0.807012
-0.814603
-0.768872
-1.23232
-1.18124
-1.21008
-1.1422
-1.19488
-1.1415
-1.19114
-1.08657
-1.03273
-1.02346
-1.03945
-1.08975
-1.05015
-1.00113
-1.48985
-1.43208
-1.41091
-1.32679
-1.3866
-1.3828
-1.43736
-1.76762
-1.82091
-1.71952
-1.70968
-1.75453
-1.63102
-1.68368
-2.00858
-2.00006
-1.90004
-1.9198
-2.02498
-1.97918
-1.88035
-2.79824
-2.78152
-2.72579
-2.75286
-2.85191
-2.72384
-2.63676
-2.73905
-2.66294
-2.54272
-2.79601
-2.91057
-2.69203
-2.86049
-2.86934
-2.9172
-2.79481
-2.76277
-2.80145
-2.83795
-2.77634
-2.76998
-2.6928
-2.93119
-3.16543
-2.80801
-2.84029
-2.70192
-2.85364
-3.09475
-2.9105
-2.5009
-1.97947
-1.89868
-2.22565
-2.22115
-2.45329
-2.70918
-2.36762
-2.6674
-74.3027
-38.2718
-32.2323
1.38372
-23.8531
20.9269
-1.84868
-2.11108
-1.21282
-1.61214
-2.62647
-2.25624
2.42813
-4.96901
-5.47046
-5.30711
-3.32649
-4.02783
-3.37864
-4.76415
-3.36714
-3.70887
-3.36053
-3.20598
-3.08946
-2.77131
-3.10514
-2.66054
-2.84644
-2.911
-3.97524
-2.92142
-3.05179
-3.43563
-3.0379
-2.97178
-2.98932
-3.02708
-2.95782
-2.89935
-2.99794
-2.82371
-2.83521
-2.83631
-2.84363
-2.83748
-2.82267
-2.82577
-2.84276
-2.84137
-2.88634
-2.86573
-2.90298
-2.92833
-2.89816
-2.88059
-2.89883
-2.8404
-2.80677
-2.81699
-2.81686
-2.78906
-2.81429
-2.78509
-2.70573
-2.725
-2.71201
-2.71424
-2.69267
-2.70839
-2.68409
-2.54764
-2.54062
-2.52419
-2.53324
-2.55422
-2.53948
-2.52275
-2.37447
-2.38897
-2.37182
-2.36401
-2.34943
-2.36018
-2.37548
-2.30491
-2.31435
-2.31989
-2.31679
-2.33298
-2.33583
-2.32407
-2.25298
-2.23863
-2.25924
-2.25853
-2.27694
-2.26867
-2.25058
-2.27847
-2.258
-2.2836
-2.26051
-2.23654
-2.2596
-2.25749
-2.2779
-2.28476
-2.22063
-2.20512
-2.20269
-2.20435
-2.18376
-2.18155
-2.19553
-2.2053
-2.22798
-2.21385
-2.12785
-2.14666
-2.14948
-2.16374
-2.14596
-2.17269
-2.15699
-2.15672
-2.15021
-2.17226
-2.1459
-2.12934
-2.14318
-2.16093
-2.14413
-2.1239
-2.13661
-2.08655
-2.0643
-2.078
-2.09286
-2.08348
-2.06807
-2.10001
-2.11519
-2.09975
-2.08396
-1.96637
-1.95878
-1.95793
-1.93469
-1.97304
-1.99822
-2.04825
-1.52535
-1.55914
-1.4147
-1.21521
-1.58924
-1.11093
-1.51446
59.7358
49.4393
84.2258
34.0587
10.8627
32.0703
57.1452
52.935
39.2195
64.219
94.018
68.6833
66.3685
92.466
200.696
199.793
211.185
174.96
174.43
185.962
185.368
177.555
204.339
176.257
179.812
165.154
152.565
-0.167106
-0.212909
-0.156669
-0.172212
-0.214216
-0.137586
-0.176882
-0.178418
-0.221677
-0.165858
-0.181499
-0.222258
-0.145574
-0.183139
-0.227157
-0.16918
-0.183091
-0.18624
-0.149118
-0.187035
-0.227829
-0.16252
-0.180284
-0.223199
-0.145598
-0.100453
-0.142163
-0.181537
-0.372392
-0.32699
-0.325333
-0.259377
-0.304151
-0.287229
-0.328368
-0.329464
-0.395694
-0.349796
-0.334009
-0.391503
-0.346659
-0.352474
-0.314283
-0.391824
-0.35078
-0.329561
-0.386309
-0.340462
-0.308905
-0.346671
-0.387784
-0.346035
-0.37731
-0.33326
-0.321289
-0.301158
-0.339192
-0.337061
-0.378484
-0.295622
-0.266888
-0.229018
-0.354313
-0.31669
-0.306402
-0.271525
-0.573302
-0.546942
-0.566456
-0.502862
-0.493244
-0.511269
-0.524013
-0.637433
-0.692709
-0.66654
-0.615865
-0.665608
-0.670231
-0.619016
-0.642867
-0.670827
-0.68604
-0.646742
-0.703426
-0.619322
-0.595234
-0.605246
-0.582495
-0.553849
-0.61893
-0.587457
68.2361
-12.4164
31.4822
25.1007
-2.9639
-7.16033
1.68348
-4.74249
-5.02192
-5.54972
-4.78875
-4.97288
-6.1378
-6.63401
-3.36764
-3.66824
-3.09701
-2.98363
-2.78298
-2.71133
-2.65861
-3.14065
-3.25998
-3.18709
-2.9968
-2.96171
-2.96827
-2.94789
-2.97658
-2.96315
-2.96912
-3.01123
-2.94972
-2.98671
-2.92806
-2.9202
-2.96233
-2.90894
-2.94673
-2.95236
-2.93641
-2.93839
-2.93071
-2.91654
-2.91946
-2.90617
-2.90949
-2.83722
-2.835
-2.84971
-2.85336
-2.84526
-2.86244
-2.87122
-2.76029
-2.77921
-2.78115
-2.76636
-2.78218
-2.77284
-2.75524
-2.71512
-2.71459
-2.69624
-2.6992
-2.71968
-2.70925
-2.69172
-2.65565
-2.65534
-2.63968
-2.66071
-2.67507
-2.66874
-2.65115
-2.58886
-2.57735
-2.5948
-2.59809
-2.61204
-2.59288
-2.60702
-2.58172
-2.59498
-2.60536
-2.59248
-2.58259
-2.60685
-2.59219
-2.57687
-2.59269
-2.41915
-2.412
-2.39985
-2.4409
-2.42601
-2.42581
-2.41106
-2.38767
-2.36949
-2.37733
-2.40181
-2.42094
-2.4222
-2.43648
-2.41818
-2.44418
-2.4281
-2.35043
-2.36494
-2.36289
-2.36666
-2.34483
-2.39361
-2.30864
-2.31559
-2.29509
-2.32145
-2.33684
-2.31921
-2.30961
-2.29654
-2.30724
-2.32336
-2.24878
-2.25739
-2.23488
-2.26831
-2.28518
-2.26118
-2.25443
-2.27149
-2.26997
-2.28627
-2.15916
-2.14749
-2.1688
-2.17644
-2.18835
-2.16232
-2.17542
-2.17843
-2.2513
-2.28548
-2.24232
-2.20729
-1.99471
-2.00344
-1.97722
-1.97002
-2.05091
-1.99295
-1.96598
-2.32193
-2.2367
-2.2984
-2.26142
-2.29635
-2.22594
-2.29091
-2.04084
-1.99493
-1.9932
-2.11714
-2.17373
-2.677
-2.56268
-2.58664
-2.9576
-2.93456
-3.09443
-3.16703
-1.79232
-1.77725
-1.90454
-1.99804
-1.83517
-1.99393
-1.68873
5.99126
6.74623
4.48562
4.64539
5.58631
1.09978
0.547229
167.353
179.011
153.942
203.182
175.837
169.033
156.481
183.041
203.64
176.923
171.369
183.894
210.815
158.31
184.32
184.758
196.34
197.496
206.791
169.189
169.988
178.975
179.875
184.667
212.705
186.166
0.157865
0.194552
0.153644
0.135307
0.0932887
0.117182
0.156679
0.158451
0.177896
0.217568
0.0667552
0.0272286
0.00872651
0.0282349
0.0688986
-0.00740147
0.0356952
0.328047
0.345251
0.364054
0.362307
0.403268
0.402878
0.364147
0.196622
0.177822
0.217026
0.250971
0.211988
0.21227
0.249218
-0.334116
-0.317315
-0.328371
-0.319842
-0.274853
-0.286197
-0.30367
-0.380023
-0.411549
-0.381156
-0.362571
-0.3931
-0.376931
-0.401209
-0.457326
-0.192273
-0.467411
0.566862
-0.482902
-0.52362
-0.476183
-0.674544
-0.606131
-0.74736
-0.635599
-0.703398
-1.11616
-0.440127
-2.85282
-2.61433
-2.80623
-2.94846
-2.75263
-3.16556
-3.10308
-2.87212
-2.78787
-2.83113
-2.85999
-2.73265
-2.91587
-3.04626
-2.93274
-2.79893
-2.64148
-2.69319
-2.64048
-2.73074
-2.69757
-2.86516
-2.74146
-2.84867
-2.82028
-2.82053
-2.81773
-2.79493
-2.79807
-2.83068
-2.89993
-2.89275
-2.92456
-2.91621
-2.93667
-2.9119
-2.93462
-2.91928
-2.92408
-2.90556
-2.91873
-2.93989
-2.92308
-2.92953
-2.91765
-2.93902
-2.91196
-2.92489
-2.92548
-2.93892
-2.94075
-2.93933
-2.92795
-2.93063
-2.92261
-2.92575
-2.8517
-2.84448
-2.83837
-2.8472
-2.83899
-2.82267
-2.83077
-2.82827
-2.83654
-2.66131
-2.68423
-2.67649
-2.67286
-2.68938
-2.67529
-2.66004
-2.62446
-2.6092
-2.63002
-2.60608
-2.6218
-2.61625
-2.63476
-2.55685
-2.5755
-2.57812
-2.5901
-2.57493
-2.5984
-2.58427
-2.5418
-2.52768
-2.52471
-2.50468
-2.52434
-2.51556
-2.50214
-2.54881
-2.5269
-2.53339
-2.47556
-2.45294
-2.47145
-2.47049
-2.48032
-2.49318
-2.41004
-2.41925
-2.40134
-2.39644
-2.38008
-2.37041
-2.39897
-2.38254
-2.36565
-2.38278
-2.2518
-2.24153
-2.25139
-2.23392
-2.24784
-2.23413
-2.24878
-2.17885
-2.19794
-2.19105
-2.18637
-2.20556
-2.20744
-2.19025
-2.28137
-2.27297
-2.2554
-2.27109
-2.30101
-2.2781
-2.25813
-2.25703
-2.26355
-2.25041
-2.29027
-2.27078
-2.28806
-2.27511
-2.35068
-2.30091
-2.28128
-2.29004
-2.34427
-2.36134
-2.30477
-2.7301
-2.76973
-2.7909
-2.71644
-2.85744
-2.88029
-2.76502
-2.39048
-2.42343
-2.48431
-2.57802
-2.53167
-2.87028
-2.8292
-2.70634
-2.81668
-2.99496
-2.87227
-2.74317
-2.42032
-2.30133
-2.33806
-2.26383
-2.35064
-2.3055
-2.38667
-2.76468
-2.51445
-2.56232
-2.97102
-2.81052
-2.64118
-2.72271
163.119
150.425
178.234
192.276
165.719
158.153
171.909
145.108
192.657
165.949
161.066
175.426
200.369
148.124
173.628
173.216
189.425
189.66
199.95
163.033
163.106
173.369
173.585
175.079
201.927
175.451
0.568259
0.623947
0.609395
0.642012
0.678961
0.607149
0.644143
0.463836
0.496889
0.457879
0.424323
0.460635
0.400312
0.439145
0.307018
0.310996
0.269807
0.368502
0.330721
0.344954
0.308224
0.465363
0.48122
0.518823
0.246764
0.286294
0.304699
0.248436
0.292153
0.303348
0.320869
0.286733
0.287208
0.248559
0.341974
0.375772
0.319568
0.29822
0.259213
0.33542
0.299458
0.37532
0.340086
-3.51146
-3.56398
-3.37515
-3.31206
-3.33128
-3.46892
-3.47193
-3.63636
-3.75079
-3.54338
-3.61985
-3.77342
-3.5373
-3.63735
-2.83486
-2.83329
-2.82904
-2.82742
-2.84285
-2.83787
-2.83126
-2.91809
-2.91253
-2.92864
-2.88672
-2.86713
-2.87897
-2.89075
-2.87771
-2.86671
-2.87845
-2.92139
-2.93628
-2.91675
-2.91855
-2.90727
-2.92456
-2.93765
-2.93258
-2.91813
-2.92784
-2.94116
-2.93032
-2.94124
-2.94076
-2.93982
-2.9308
-2.93278
-2.92735
-2.92473
-2.93226
-2.92015
-2.91537
-2.9261
-2.93963
-2.91945
-2.9139
-2.92877
-2.92944
-2.93804
-2.92269
-2.91776
-2.93956
-2.92553
-2.91387
-2.93124
-2.7881
-2.80006
-2.7793
-2.79253
-2.77412
-2.78893
-2.80315
-2.67812
-2.6595
-2.67482
-2.67004
-2.68002
-2.69508
-2.62333
-2.60485
-2.62453
-2.63213
-2.64847
-2.61901
-2.63303
-2.65027
-2.5675
-2.57207
-2.55558
-2.53496
-2.55518
-2.53742
-2.52747
-2.54591
-2.55869
-2.54106
-2.53636
-2.55236
-2.52997
-2.54038
-2.52283
-2.55429
-2.53864
-2.46967
-2.48773
-2.47578
-2.49904
-2.48263
-2.50076
-2.48449
-2.4743
-2.48817
-2.46993
-2.48508
-2.501
-2.50171
-2.48591
-2.44643
-2.4322
-2.43064
-2.40732
-2.42195
-2.43345
-2.41781
-2.45493
-2.43901
-2.43005
-2.45662
-2.43999
-2.42453
-2.44211
-2.33246
-2.31645
-2.32912
-2.35043
-2.33775
-2.32679
-2.34084
-2.3067
-2.31072
-2.32559
-2.33278
-2.31909
-2.30864
-2.31679
-2.27946
-2.28879
-2.29294
-2.28795
-2.30023
-2.3075
-2.29746
-2.28914
-2.2838
-2.29334
-2.29159
-2.30152
-2.28216
-2.27788
-2.2789
-2.28374
-2.27944
-2.27271
-2.27353
-2.27532
-2.27767
-2.27624
-2.2742
-2.27725
-2.27788
-2.28473
-2.28134
-2.2763
-2.27768
-2.28455
-2.33546
-2.33693
-2.35044
-2.37822
-2.38246
-2.35178
-2.35625
-2.52183
-2.56031
-2.49094
-2.64472
-2.65312
-2.59651
-2.60447
-2.58918
-2.51917
-2.53496
-2.50132
-2.48861
-2.53509
-2.57573
-2.91612
-2.78276
-2.80294
-2.74498
-2.79384
-2.83982
-2.92325
-3.00255
-3.10427
-3.23645
-3.41086
-3.27701
-3.22308
-3.11996
0.0820929
-1.54074
10.7375
-0.777932
-1.15313
-7.8537
1.69704
156.152
143.055
169.607
190.456
164.15
156.299
143.14
169.487
190.504
164.158
157.42
170.655
196.812
144.301
170.397
170.503
173.777
200.1
173.791
190.285
164.011
156.1
142.929
169.062
164.005
190.126
140.684
114.559
153.764
166.764
193.047
140.58
166.828
166.75
43.9176
5.3948
29.7087
56.1887
30.5517
6.29333
27.4148
47.0184
55.5808
26.6183
7.65472
22.3042
19.9705
8.7263
3.18915
2.4112
5.09137
2.57536
2.05816
4.71319
3.48366
2.09377
4.35326
1.08556
1.22702
1.27194
1.18824
1.25937
1.43476
1.4445
1.38054
1.29397
1.23426
1.18822
1.18745
1.27289
1.26375
1.22162
1.22415
1.15405
1.17915
1.14546
1.15994
1.12917
1.1356
1.102
0.894383
0.843014
0.873344
0.911198
0.888191
0.846277
0.87451
0.892592
0.92544
0.878399
0.865878
0.830971
0.862143
0.895533
0.731075
0.691046
0.74339
0.763579
0.728051
0.75929
0.793423
0.683258
0.732433
0.720299
0.735111
0.766551
0.702895
0.735396
0.716776
0.683605
0.739248
0.787456
0.756063
0.563992
0.601482
0.607991
0.599024
0.632895
0.622995
0.657809
0.544485
0.582796
0.598209
0.580088
0.54396
0.726964
0.740127
0.690367
0.756859
0.789725
0.758381
0.725126
0.994687
0.953223
0.989019
1.00863
0.978535
0.950222
0.982474
1.05452
1.01645
1.03258
0.997617
0.968995
1.02617
1.00163
0.79977
1.3473
1.32409
1.47249
1.18138
1.18463
1.19764
44.7765
57.9009
84.8577
2.68616
3.53816
12.1464
1.59665
1.71719
4.07866
3.61214
3.34804
0.76969
1.82342
15.2942
32.2868
52.0351
50.7766
76.4898
57.3324
38.9492
1.20638
1.24127
1.24918
1.23595
1.2034
1.22969
1.25947
1.22868
1.24268
1.2021
1.27809
1.23749
1.26594
1.22801
1.14968
1.13984
1.16385
1.18271
1.17669
1.15867
1.17359
0.0529244
-0.0555848
-0.00366195
0.0479719
0.0277067
-0.062663
0.0110556
-0.142868
-0.0539989
-0.236756
-0.16426
-0.0808729
-0.193022
-0.298827
0.175701
0.112645
0.0439576
-0.0521854
0.0173588
0.0532021
-0.00389931
-0.0126575
-0.0748316
0.184658
0.188021
0.406734
0.177338
-0.164444
0.0617865
0.34591
11.8932
0.847515
-20.319
1.12533
-18.9667
4.22302
-0.00703268
-1.3808
-0.584344
9.24328
4.86368
-16.9699
14.3207
0.924173
-6.0001
-14.6471
-15.1719
-6.09244
-12.1737
-1.54546
8.43647
-0.234991
-3.32584
-1.60786
-1.59695
-2.43176
-2.53105
-0.0563143
-2.59423
-1.84618
-2.19773
-2.09991
-2.22504
-2.90375
-3.04633
-2.95482
-2.56622
-2.79898
-3.01008
-2.88696
-2.72935
-2.8829
-2.8377
-2.6487
-2.59235
-2.75652
-2.7578
-2.72797
-2.74669
-2.77755
-2.76331
-2.73352
-2.7874
-2.76218
-2.76099
-2.75695
-2.77444
-2.78265
-2.76325
-2.81551
-2.81226
-2.80018
-2.80603
-2.80799
-2.79993
-2.79153
-2.82026
-2.80969
-2.80331
-2.79895
-2.81509
-2.82353
-2.80942
-2.83814
-2.8231
-2.83456
-2.84181
-2.85066
-2.87672
-2.85707
-2.86898
-2.88217
-2.86725
-2.85483
-2.86818
-2.90996
-2.92621
-2.91974
-2.90012
-2.91123
-2.91138
-2.89873
-2.94119
-2.92777
-2.93162
-2.91946
-2.90327
-2.91392
-2.93559
-2.9218
-2.92969
-2.91692
-2.90911
-2.92101
-2.938
-2.93763
-2.94032
-2.92912
-2.92423
-2.90446
-2.91443
-2.92092
-2.92868
-2.94059
-2.93109
-2.92982
-2.84816
-2.87086
-2.86157
-2.86042
-2.87608
-2.86131
-2.84731
-2.8672
-2.87977
-2.86057
-2.86646
-2.84897
-2.85792
-2.8468
-2.87001
-2.88893
-2.87504
-2.82379
-2.80033
-2.81615
-2.81398
-2.82366
-2.83983
-2.79725
-2.78105
-2.77578
-2.758
-2.77032
-2.79634
-2.78177
-2.77117
-2.78514
-2.7729
-2.75883
-2.77873
-2.78096
-2.79324
-2.76954
-2.78655
-2.62691
-2.64225
-2.64292
-2.66448
-2.64852
-2.63917
-2.65602
-2.62774
-2.63381
-2.64314
-2.65905
-2.64563
-2.65843
-2.64448
-2.62358
-2.60632
-2.60306
-2.59606
-2.61594
-2.60934
-2.62762
-2.57467
-2.59479
-2.58632
-2.61392
-2.60123
-2.5395
-2.53286
-2.55288
-2.56331
-2.54663
-2.54831
-2.56618
-2.54035
-2.55365
-2.53495
-2.55245
-2.56861
-2.56814
-2.55221
-2.50822
-2.49244
-2.48928
-2.46605
-2.48124
-2.4783
-2.49451
-2.48745
-2.51285
-2.4948
-2.47684
-2.46507
-2.48973
-2.48295
-2.47039
-2.49645
-2.51117
-2.49703
-2.48178
-2.43015
-2.42349
-2.43923
-2.45797
-2.44102
-2.44161
-2.45777
-2.40637
-2.44189
-2.42689
-2.39771
-2.41181
-2.44078
-2.4247
-2.34395
-2.33098
-2.30952
-2.28882
-2.28588
-2.2986
-2.30311
-2.32601
-2.33415
-2.3657
-2.34483
-2.34798
-2.36863
-2.34112
-2.35526
-2.37865
-2.21989
-2.23326
-2.24565
-2.18446
-2.20864
-2.275
-2.27241
-2.29825
-2.26116
-2.28276
-2.29535
-2.27382
-2.14862
-2.18265
-2.16787
-2.16328
-2.18491
-2.18832
-2.16286
-2.44481
-2.43621
-2.41315
-2.3815
-2.39384
-2.41595
-2.42768
-2.54333
-2.51124
-2.46161
-2.55975
-2.59239
-2.50852
-2.59438
-2.8685
-2.91125
-2.79968
-2.69785
-2.71012
-2.80272
-2.80021
-3.2199
-3.08717
-3.06412
-3.19936
-3.18319
-3.6451
-3.23852
-3.01452
-2.96802
-3.20919
-3.05367
-2.74694
-3.33429
-3.37755
-3.73205
-3.50167
-3.52723
-3.84678
-3.89702
13.6822
9.13323
19.7649
73.0422
-4.56479
3.11719
29.6022
173.676
199.844
173.607
188.306
188.193
198.773
162.18
161.832
172.689
172.219
154.967
168.093
141.645
191.05
164.85
156.815
169.572
143.547
164.741
190.777
170.716
197.161
157.719
171.329
170.235
144.352
0.978132
1.00616
0.977062
0.950616
0.979442
0.934586
0.964532
0.863027
0.865388
0.830785
0.910031
0.881029
0.892385
0.862508
0.983438
1.00159
0.979288
1.0088
0.982985
0.812206
0.845136
0.86065
0.938785
0.96969
0.982893
1.02048
1.01965
0.999516
0.968109
1.30073
1.18002
1.37015
1.20741
1.14251
1.13328
1.2943
1.03366
1.05635
1.13609
1.06871
1.10609
1.06953
1.58533
1.37004
1.30643
1.83128
1.08702
1.27141
36.8914
8.92521
48.1595
67.172
33.9276
86.7738
61.139
135.931
108.851
149.334
109.768
135.694
135.865
162.157
200.558
174.357
174.398
187.281
187.075
200.376
174.253
160.946
147.645
161.057
160.983
112.949
138.973
152.156
165.525
139.825
200.712
174.555
174.514
135.225
108.973
148.654
162.434
136.448
109.822
135.667
48.6544
33.5891
6.70088
58.7999
85.2683
60.1258
34.8598
1.66239
1.10627
1.93845
2.00475
0.782992
1.33893
1.21905
1.50104
1.2707
1.32806
1.90099
1.65004
2.03508
2.11761
2.49093
1.93927
2.22344
0.281569
0.313975
0.387285
0.459476
0.418054
0.373659
0.344798
0.0824413
-0.217378
0.0187469
0.122684
-0.245332
-0.0913078
0.0182732
0.247107
0.290776
0.347371
0.369919
0.259771
0.272457
0.13731
0.0788559
-0.0701665
0.184941
-0.64168
-0.179905
0.0377245
0.365091
0.368686
0.10351
-0.626569
-0.230176
0.00503164
-0.43884
-0.793135
-0.628597
-0.607054
-0.842298
-0.738058
-0.587404
0.693697
21.6612
22.6349
12.3449
1.49407
-1.70915
-18.8903
-2.17128
-2.16796
-2.20397
-2.19555
-2.16714
-2.1723
-2.20897
-2.47119
-2.45103
-2.51165
-2.43015
-2.40892
-2.4407
-2.46947
-2.36927
-2.38656
-2.35965
-2.40247
-2.41978
-2.39606
-2.38224
-2.58405
-2.57722
-2.61443
-2.56472
-2.53817
-2.58852
-2.56126
-2.69867
-2.68077
-2.68312
-2.67779
-2.65932
-2.66751
-2.6866
-2.6068
-2.62785
-2.61308
-2.63599
-2.61812
-2.63917
-2.62064
-2.72678
-2.70016
-2.7149
-2.71048
-2.69462
-2.71259
-2.72548
-2.73478
-2.729
-2.74561
-2.75604
-2.74203
-2.74229
-2.7572
-2.78836
-2.80412
-2.78217
-2.77663
-2.76565
-2.78952
-2.80393
-2.79191
-2.77707
-2.75812
-2.77151
-2.77917
-2.75539
-2.77039
-2.78525
-2.76688
-2.91604
-2.91044
-2.92603
-2.92231
-2.9354
-2.91741
-2.91509
-2.90161
-2.92324
-2.94121
-2.9371
-2.91775
122.263
148.633
151.195
184.344
157.806
148.774
175.637
184.819
157.945
181.737
181.972
195.115
155.46
155.488
148.915
162.282
135.219
107.351
135.772
146.788
132.595
106.79
-2.91261
-2.89237
-2.91625
-2.91435
-2.89866
-2.89442
-2.9162
-2.89414
-2.92375
-2.90612
-2.94045
-2.92812
-2.93026
-3.71458
-3.59103
-3.6082
-3.52209
-1.4626
-2.34063
-3.26366
-234.549
-237.098
-177.179
-232.549
-241.231
-112.037
-158.89
-73.3005
-55.9243
-39.7789
-43.8986
-45.906
-58.5595
-17.0969
-3.12116
-2.91557
-2.86729
-286.94
-226.284
-267.666
-557.198
-573.862
-546.556
-546.635
-521.916
-548.219
-557.552
-533.149
-537.814
-524.611
-539.373
-540.857
-531.683
-518.694
-540.549
-555.764
-537.852
-521.343
-499.62
-564.696
-579.559
-569.692
-528.588
-558.159
-554.372
-580.726
-560.762
-547.935
-545.235
-568.219
-557.097
-548.911
-551.595
-550.529
-525.122
-541.806
-542.58
-562.373
-586.034
-570.848
-570.796
-559.846
-553.531
-500.823
-96.9891
-1.92601
-41.3414
-59.9583
-54.9004
40.9823
-45.7719
-199.087
-152.142
-152.838
-168.76
-188.102
-162.143
-173.987
-221.111
-187.853
-4.95885
-5.36337
-3.94503
-2.23948
0.953328
-2.22128
-3.3823
-279.605
-237.019
-268.054
-187.413
-226.151
-204.718
-262.699
-181.906
-188.085
-249.604
-4.05226
-5.01165
-4.07431
-2.83229
-2.77007
-2.82669
-2.90035
-2.84824
-2.91105
-2.84769
-2.82728
-2.88648
123.59
151.072
153.455
187.726
161.804
150.977
177.329
187.883
161.581
172.317
172.571
198.494
107.22
135.103
148.198
-2.8229
-2.72728
-2.7922
-2.9303
-2.86992
-2.86828
-0.599383
-0.546465
-0.636069
-0.605468
0.123291
-0.78152
-1.06952
-0.701918
-1.01009
-1.1207
-1.60688
-1.49729
24.9173
-0.407294
5.72771
-2.51164
-2.9898
-2.0863
-4.17705
-5.22844
0.844345
0.823828
0.575329
0.528717
-2.41698
-2.31469
-2.25658
-2.07175
-1.36238
-1.37592
-1.51813
-1.52564
-1.7498
-1.68031
-1.13958
-2.1805
-3.41992
-3.31575
-3.33499
-3.23199
0.0742363
0.0868859
0.133674
0.151561
-0.766754
-0.762721
-0.880635
-0.875587
-1.85158
-1.87207
-1.68065
-1.69868
-1.27166
-1.28542
-1.17368
-1.16511
-1.12389
-1.12077
-1.25029
-1.24683
0.230487
0.223941
0.322909
-1.95167
-1.91818
-2.04292
-2.00938
-3.69951
-3.104
-4.41992
-4.43395
-2.14799
-2.21946
-2.08053
-2.14639
-0.470519
-0.459952
-0.577799
-0.568082
-0.58284
-0.589989
-0.495436
-0.482472
-2.44806
-2.32841
-2.42465
-2.34062
0.454612
0.473255
0.355886
0.375808
-2.30779
-2.24957
-2.33523
-2.28813
-2.16922
-2.16287
-2.37454
-2.35807
-2.74107
-2.68175
-2.57195
-2.54165
-3.48239
-3.90959
-3.53705
-4.47343
-2.63294
-2.58166
-2.593
-2.5536
-2.17796
-2.18878
-2.15113
-2.16506
-2.23698
-2.23696
-2.20896
-2.20589
1.51438
6.96428
8.09209
11.0186
-2.40834
-2.40741
-2.3838
-2.38951
-2.65972
-2.65729
-2.70851
-2.45027
-2.44915
-2.47125
-2.47468
-1.82734
-1.89091
-1.68678
-1.71087
37.8002
77.0904
23.984
64.2751
-1.26643
-1.2478
-1.39579
-1.37518
5.40995
1.85188
24.6556
35.1034
-1.67105
-1.70538
-1.64859
-1.68054
-2.02844
-2.05078
-2.01473
-2.03804
-2.78981
-2.80526
-2.7796
-2.79424
-2.85134
-2.84898
-2.87624
-2.87273
-2.28874
-2.38118
-2.25182
-2.34228
-2.82319
-2.85379
-2.90531
-2.91357
-2.07244
-2.09374
-2.07431
-2.09774
1.29566
1.98241
1.69735
2.19697
-2.75757
-2.76755
-2.8147
-2.85271
-2.64665
-2.62813
-2.62121
-0.535643
-0.630064
-2.51111
-2.45886
-2.45194
-2.38611
-3.1908
-2.86932
-2.84507
-2.88273
-2.8934
-0.513629
-0.532466
-0.647464
-0.619429
-3.26061
-3.11246
-3.35062
-6.17863
-3.68416
-4.49903
-7.03497
-2.4444
-3.03189
1.42989
1.33102
1.33097
1.29872
1.22966
-1.39289
-1.42849
-1.55125
-1.53876
-1.54964
-1.61717
-1.48041
-1.56876
-1.53801
-1.57592
-2.44925
-2.04967
-0.815124
-2.03459
-1.45969
-2.57341
146.875
-0.690565
74.7246
-2.40023
-3.06554
-2.68929
-1.89256
-1.99977
1.91491
-0.016588
-2.4252
-3.24852
-2.30469
54.5123
58.6524
-2.18931
-2.63701
-1.24831
-1.2317
-2.17379
-2.47549
-0.819989
-3.60249
-2.41343
-1.21015
-1.47055
-3.47256
-2.44433
155.574
-0.30639
-1.85797
-2.57993
8.55837
-0.829142
56.2655
-2.22816
-1.16284
20.2358
34.0627
-1.44809
193.315
123.586
59.4593
-1.1888
72.2351
-1.19034
67.8259
-1.90927
16.3283
54.102
28.6249
-1.71715
-1.74544
-1.8037
-1.63203
-1.79756
-1.73471
-0.381258
-1.6506
-1.66094
-1.6347
-1.74573
-1.53636
-1.54411
-1.45912
-2.77347
-1.56099
-1.60631
-1.49059
-1.45804
-3.06326
-1.82085
-1.64858
-1.85173
-1.3844
-1.66922
-0.125725
-1.79021
-1.84647
-1.88673
-1.92745
-0.456324
-1.84891
-1.78881
-1.87455
-1.91176
1.99807
-1.65972
1.92334
-1.79364
-1.76235
-0.412625
-1.66728
-0.0563167
-1.84423
-1.79934
-1.96151
-1.82627
-1.73826
-1.69547
-1.56498
-1.78403
-1.48437
-1.75679
-2.14407
-2.22835
-1.86843
-1.88911
-1.89664
-1.79709
-1.92589
-1.90125
-1.9126
-1.83591
-1.9572
-1.97369
-1.99107
-2.00681
-2.06902
-1.77995
-1.70927
-2.77124
-2.60989
-1.83676
-2.74675
-2.26559
33.0009
-1.82173
77.5916
0.357087
-0.534712
-0.823306
-2.73185
41.4201
-1.04332
-1.47692
-1.53748
-1.21394
16.5182
1.11089
125.538
136.859
-0.399535
124.829
-2.68589
-1.42188
29.4684
-1.75855
-0.582969
-1.06185
-2.48662
-2.7298
-1.56063
-1.92731
-2.29489
-2.44495
-2.2599
64.2295
30.7219
59.5945
-2.06569
-2.29363
-0.919927
-2.02632
-2.00443
-1.46627
138.477
-2.35124
153.59
-0.169105
61.8178
69.901
-2.11682
-1.76504
-0.772378
0.895119
-1.22971
-0.288228
-2.04085
-2.16974
-2.23192
-1.50142
-2.19486
-1.72387
-1.77517
-1.85458
-2.81781
-2.72824
-1.96184
-2.13993
-1.43488
-2.68474
-2.46037
-1.88256
60.5722
-2.17152
-2.47132
-2.4727
-2.2208
-1.71038
-2.3851
-1.98978
121.361
0.0392534
-1.58328
-1.88788
-1.77441
-3.12816
-2.48895
-1.9398
0.00136677
1.9078
4.47657
7.92992
1.12463
-3.15914
-2.82653
-3.05458
-2.53566
-6.60957
-5.69768
-3.42618
-2.59704
-2.61856
-2.26546
-14.1202
-4.30448
-0.246396
-10.3017
-2.10743
-7.52172
4.86138
0.362591
0.454235
-3.62043
-1.76511
-2.63208
-3.43074
-1.86022
7.03115
6.71038
9.97205
56.822
40.6879
18.815
9.58588
20.4607
-3.94807
9.83607
15.0638
-1.72888
80.9711
35.5948
34.2582
-2.31942
-0.646394
140.991
0.0509899
15.8146
6.53308
70.8858
9.67993
35.4301
40.3393
79.5872
16.2559
50.9609
-2.72731
73.8449
-2.31177
-1.91645
-1.89527
-2.02447
-2.0643
-2.16203
-1.32033
-2.38859
-2.43055
-1.8303
-1.86797
-2.17386
-2.58646
-2.05289
-2.08189
-2.14124
-1.48137
-2.48113
-1.70792
-2.54551
-2.35853
-1.60158
-3.41573
126.285
-2.60682
-1.04735
-1.64508
-1.31874
-1.83941
-3.59309
-4.39662
-4.66827
0.329259
-4.40461
4.8639
-7.14807
-4.55941
-2.69174
7.05685
-4.73084
-2.59901
-3.64288
-3.80925
0.160775
0.577641
-3.30713
-1.90545
-3.15937
-4.04279
-3.23717
-4.58128
-0.750546
-1.3511
-3.34453
1.0059
-0.121118
62.8967
9.05261
-3.19111
-4.68431
-2.07214
-2.22196
-4.33101
-3.63925
-4.10703
-2.45571
11.1075
-0.0257525
-3.2025
-2.81098
-2.59477
-2.11781
79.1518
1.23759
58.4576
-2.88714
-2.14933
69.1564
-4.87239
0.136976
-1.97377
-0.0205858
-3.57555
0.198235
-1.36122
-0.629455
-3.9564
-2.08393
-1.76685
-0.365811
-3.53269
-4.88803
-1.93786
-2.26215
-2.65777
-4.14688
-2.26897
-2.67124
-2.47568
-1.79768
-1.8832
-2.48132
-2.37636
-2.49033
-2.27607
-2.30994
-2.39364
-2.95032
-2.26392
-2.47219
-2.31916
-2.55161
-1.85427
1.4968
-2.53044
-2.27873
7.83691
-2.27692
-2.27366
-2.17745
-1.25053
1.12599
-2.28536
-0.765379
4.0312
-2.54449
-2.28664
-2.25276
-2.29663
-2.26501
-2.3107
-2.22155
-1.45455
-2.25937
-2.84517
-2.28621
-1.92255
-2.2484
1.93916
-2.30314
-2.25449
-0.871449
-0.30403
-2.32449
-2.14325
-2.22491
-2.19568
-2.29336
-2.22595
-2.2884
-1.92245
-2.28015
-2.29603
-2.00472
-2.28202
-2.32712
-2.3436
-2.12858
-2.14875
-2.01717
-2.15854
-2.85282
-1.21714
-0.476064
-2.31584
-2.08466
-2.32624
0.798165
-2.08169
-2.34216
-2.13842
-2.18996
-2.2525
-2.15839
-2.06501
-2.37735
-2.33258
-1.98772
-2.00911
-2.11348
-2.13891
-2.1922
-2.13981
-2.74281
-2.21312
-2.07113
-0.0173879
-2.0215
-3.00268
-2.03053
-2.09445
-2.73462
-1.97945
-1.73835
-1.63981
-1.95971
-1.97688
-1.90992
-1.92689
-2.00209
-1.92901
-1.28118
-2.33294
-2.23988
-1.93907
-1.99958
-1.8787
0.198591
-1.92734
-0.09087
-2.04322
-0.357021
-0.335411
-2.85993
-2.12212
-2.10295
-2.04274
-2.12225
-2.1214
-2.06408
1.04887
-2.02042
-1.17151
-1.98489
-1.97009
-2.09048
-0.033848
-2.10823
-3.52968
-1.91441
-2.29924
-1.89884
-2.04384
-1.87884
-1.87294
-3.60692
0.979321
-2.18923
-2.27191
-2.22638
-2.27251
-2.23941
192.511
-3.2484
-2.22299
-2.17227
-2.32596
-2.27983
-2.26512
-2.18919
-1.53223
-2.13142
-2.14968
-2.28921
20.265
-2.1661
-1.61549
-2.17212
-2.25717
-2.25523
1.34638
-2.19052
-2.30656
-2.20802
-2.33072
-2.31201
-2.32523
-1.80734
-2.50455
1.90189
-2.27538
-0.155254
-2.31056
-0.143825
-2.84002
-2.31775
-2.43202
-2.41242
-2.28329
-2.37792
-2.3654
-2.20945
-2.36804
-2.46818
-0.500192
-2.19816
0.226964
-2.52582
-2.37656
-2.53035
-2.46288
-1.41051
-2.46829
-2.53493
1.44652
-1.6888
-1.35115
-2.10257
-2.5635
-2.52859
-2.40686
-1.78216
-2.57009
-2.58699
-2.63986
-2.72364
-2.71986
-2.74028
-1.99916
-2.41557
-2.66294
-2.15383
-2.68914
-0.516063
-2.79206
-2.63654
-2.73529
-2.72329
-2.70143
-2.70429
-2.57685
-0.0183169
-2.52385
-2.68103
-2.69445
-2.59356
-2.57926
-2.86591
-2.72442
-2.72443
-2.76979
-2.75623
-2.64741
-2.67379
-2.69677
-2.43452
-2.06325
-2.78638
-2.7849
-2.75971
-2.7488
-2.5886
-2.78347
-2.79897
-2.81798
-2.56311
-2.54867
-2.53675
-2.63375
-2.63414
-1.36877
-2.72329
-2.67482
-2.23868
0.225718
0.346916
-2.43259
-2.28299
-2.37781
-2.25148
-2.37249
-2.39063
-2.28646
-2.38292
-2.35935
-2.39031
-2.3571
-2.36387
-2.42378
-4.05148
-2.57823
140.057
-2.5156
-2.49513
-2.72907
-2.63163
-2.47053
-2.56191
-2.25308
114.557
113.308
-0.829514
-0.248774
-2.9123
-2.86995
-2.84051
-2.88748
-2.41778
-2.27296
-2.42346
-2.83656
-2.86182
-2.88367
-2.82765
-2.8429
-2.88789
-2.79682
-2.83209
-2.80795
-3.23299
-2.87871
-1.60764
0.554074
-2.73292
-2.74371
-2.5569
36.9445
-2.90643
-0.679307
-0.647753
-0.68329
-2.82349
-2.71605
-2.73684
-2.82021
-2.68537
-2.83652
1.32119
-2.79626
-0.0884218
-2.77009
-2.78187
-1.38857
-2.83985
-2.81028
-2.79541
-2.82214
-2.78679
-2.76037
-2.827
-2.85221
0.180883
0.788672
-2.74885
-2.52829
0.014472
-1.60889
-2.89057
-0.62336
-2.83053
-2.66596
-2.43392
-2.85085
-2.91488
-2.8025
-2.91797
-2.90955
-2.3039
-2.89868
-3.32096
-2.82377
-3.68708
-0.924726
-2.90175
-2.86952
-2.84358
-2.83801
-2.8729
-2.21527
-2.91613
-2.88714
-2.83825
-2.81002
0.61515
-2.87617
-2.82401
-2.90825
-2.81287
-0.305242
-2.84642
-2.80147
-2.85393
-2.78926
-2.80535
-2.84109
-3.35957
-2.99387
-2.85557
-2.88687
-0.00861699
-3.73863
-2.68924
0.417972
-3.16391
-2.7708
-1.51428
-3.19725
-2.87223
-2.46405
-2.98818
-1.52454
-3.52901
-3.23831
152.905
13.2298
-11.4462
-3.65698
12.7817
-6.44609
-2.51916
0.752434
136.105
-2.36452
-2.4652
-2.74348
-2.74259
-3.00285
-0.00851694
-2.21584
-3.05961
153.411
-2.90573
-2.75697
-2.87573
-2.21536
-2.16183
7.35594
-152.016
-1.18661
-2.69014
42.9463
-2.37067
-2.40675
-2.60156
-2.312
-2.28836
-2.24875
-2.733
-2.3661
-2.25095
-2.06598
-2.0846
-2.33479
-1.83773
-2.38545
-2.54985
-2.87439
-2.90358
-2.63952
-2.36274
-2.45647
-2.48422
-2.85714
-2.83093
-1.81827
-2.68613
-2.64882
-2.78013
-2.8119
-2.93708
-2.86645
-2.95849
-2.75945
-3.37993
-2.37081
-3.5702
-3.15665
-2.88218
-2.45744
-2.64525
-2.83301
-3.39545
-3.49639
-0.810945
-3.65526
-2.72201
-2.78865
-2.92776
-3.30313
-3.50173
-2.7184
-3.21132
-1.50985
-2.87772
-3.3514
-2.62299
0.623022
-2.86996
-5.85084
-5.77078
-2.55708
-3.26144
-0.670854
-2.67087
-3.71679
-2.92327
2.54122
-5.1195
-2.3242
-3.03901
-5.35807
-1.82302
-1.95668
-3.00056
-2.14523
-4.2118
-3.08029
-2.47725
0.977102
-1.88719
-2.14423
-1.90419
-2.14141
-3.1525
-2.30169
0.513924
-2.40172
-1.07057
-2.14042
5.30856
-2.64531
-2.13797
-2.34728
-2.03429
-3.62305
-2.04302
135.647
-1.71895
-2.44458
-1.63775
-2.62038
-3.16503
-2.59066
-2.39241
-3.00103
-2.84323
-1.00563
-6.16646
-3.3128
-3.22509
-1.80555
-12.1733
-3.96064
-2.21235
2.50157
14.761
0.764824
1.38382
-2.28227
2.11934
-0.224787
-1.0509
-0.165026
-0.0992428
1.16811
-0.34768
-0.0069592
-0.24552
-0.0788048
0.0701808
0.183067
-14.1825
-3.3676
-2.10915
-0.338964
-0.0683802
-2.01029
4.22809
-0.353385
-1.58672
7.83775
-3.3863
0.424178
0.25999
-2.76006
-0.383698
-9.90203
0.777073
-3.28018
-2.87024
4.05772
8.78148
-2.11024
-0.00733295
-3.03577
-1.70189
-3.26407
-2.25133
-3.56207
-0.408613
3.23978
-2.55514
-1.25774
-2.87773
-0.721669
-3.56031
-0.433986
-0.399235
-0.417949
-0.510385
0.157325
-0.486698
-2.74838
-0.521798
0.86471
-0.608297
-2.49297
1.87611
-0.156957
-0.691487
-0.700003
-0.285507
0.700056
-0.451115
4.4093
-0.435785
-0.463054
-0.559539
-0.853635
-0.649388
-0.663029
-0.743822
-1.04238
-3.40526
-0.78907
-0.661674
-0.76254
-1.11998
0.151042
-1.0866
-0.997641
-1.42301
-0.877689
0.964517
-1.18048
-1.30073
-4.82551
0.659449
-0.69291
-1.05042
-0.516963
-0.483828
-0.526645
-0.492587
-0.6092
-1.33768
-0.787855
-0.447464
-0.444071
-0.181817
-0.139745
-0.139904
-0.260051
-0.254915
-0.21812
-0.140699
-0.289908
0.00477883
7.85351
12.7641
-0.904795
-2.35106
-0.344248
-0.335216
-0.3864
-1.8963
-415.274
-0.411405
-2.79984
-2.2655
-2.7099
-0.97224
0.029785
155.382
14.163
-3.58589
-2.13871
-2.6534
-1.83887
-0.352708
-1.6542
-1.78185
-1.83851
-2.47803
0.416319
-0.185428
1.37904
-0.904614
-0.629241
-3.62696
0.307188
0.000171255
-2.98409
195.05
0.469765
1.38237
3.75461
-1.75976
-2.06406
1.26638
0.796576
-2.27598
-0.447391
-0.940217
5.66178
-1.14215
-1.07543
10.9119
-3.34902
-2.65302
-0.214323
-2.31549
-2.77651
19.7401
-0.295204
-1.22224
-1.7435
6.77408
0.332098
-1.36091
-1.54536
-2.59562
-2.51466
-2.04764
-0.319077
-1.01862
-0.686522
-1.66416
-1.64781
0.653885
-0.622967
-1.74535
-0.682181
-2.07322
-1.74956
-2.31256
-2.63729
-1.85626
-2.06899
-0.734769
-0.626389
-2.42296
-2.15606
-2.12338
-2.35738
-2.67553
-2.06932
-1.58373
0.0524207
-2.58593
-73.7036
-2.39819
-2.67311
-0.763783
-210.141
-2.77382
-2.73666
-328.476
-2.4302
-2.51883
-2.35761
-2.52488
-0.279202
-2.78126
-1.8202
-1.69365
-2.42468
-2.48247
-0.202011
-2.26105
-2.43747
-2.70948
-2.49701
-2.1185
-2.03719
-2.51118
-2.21518
-2.70033
-0.740307
-1.64561
-2.13136
-2.75352
-2.00554
-2.88205
-1.91322
-1.87933
-1.84614
-2.5196
-2.19037
-2.03981
-2.23887
-2.01911
-1.94974
-2.14993
-2.30088
-2.36361
-2.01618
-2.10218
-1.84441
-0.0392794
-2.38847
0.841237
-2.63653
-2.60398
-2.0558
-0.994692
-2.27783
-2.7976
-2.03751
-2.54545
-1.81846
-0.357497
-1.95291
0.0480797
-0.497993
-2.5207
-2.12629
-1.74097
-2.05225
-2.78723
0.605986
-1.91727
-4.05898
-0.636967
-0.797647
-2.76546
-0.915034
-0.806824
-1.23654
-0.432294
-0.376725
-0.38477
-0.438994
-0.412642
-0.351541
-0.397643
-0.401014
-0.500765
-0.495398
-0.345654
1.11834
-0.349014
-0.213273
-0.451269
-0.922224
-2.81721
-0.435362
-0.739462
-1.06331
-0.699102
-0.17781
-0.278039
-0.252316
-0.173041
-0.219955
-0.0860612
-0.245771
-0.62082
-0.978293
58.0408
-1.38743
-1.31065
0.400726
-1.53252
-0.287976
-0.948089
-1.15381
-1.31426
-0.93807
-1.09646
3.17514
-1.00303
-1.14124
-1.22726
-0.702213
-2.08623
-0.939455
-1.29658
-0.985214
-0.976774
-1.0565
-1.45323
-1.37618
-1.11265
1.24053
-2.26329
-2.32554
-1.46361
0.445326
-2.73751
-1.10616
-1.38923
-2.57657
-2.1381
-3.09486
-1.04068
-2.33093
-1.66237
-3.81119
-1.84311
-1.99633
-1.60026
-2.29311
-0.807995
-1.06421
-2.51881
0.588063
-1.67977
-2.50167
-0.422572
-0.60665
-0.455727
-0.704051
1.10727
-0.254361
-0.29146
-0.276202
-0.452085
-0.233795
-0.339838
-0.44627
-0.449575
-0.970258
-0.47141
-1.77772
-1.70899
-2.42277
-0.202226
-0.0175115
-0.688942
-0.298777
-2.42901
0.299558
-0.11984
-2.65335
0.298726
0.144269
0.120711
0.183391
0.174088
0.0198204
-4.39203
0.17567
0.11869
0.346821
0.117534
0.291609
-0.284835
-0.0249302
114.634
0.215491
0.192501
-0.466106
-2.43574
-0.168904
-0.155022
-0.112563
0.133359
0.140403
-2.21928
0.151098
-2.42257
-0.138634
-0.638553
38.478
-2.42925
0.0593857
0.0760589
-0.142361
-0.100441
-0.242293
-0.00470208
0.00614776
-2.74163
-1.5624
-0.134313
-0.127222
-0.139062
0.298521
0.317765
0.31863
-0.155973
0.169334
0.146981
0.317679
0.293574
0.271689
0.194006
0.327655
0.357695
0.202942
0.170455
0.772783
-0.0421594
-2.52513
0.0707404
0.0380846
74.5699
-0.0699227
-0.10976
0.151886
0.869251
0.805109
0.850419
0.996902
1.06411
0.781939
0.780786
-0.0726931
0.872198
0.675261
-2.47459
0.841893
0.35292
0.448546
0.414236
0.761751
0.636471
0.61273
0.449887
0.854132
0.629294
0.671031
0.685983
0.781809
0.752994
0.797228
0.474674
0.470662
0.501387
0.631936
-1.25425
-1.91031
0.737226
0.749309
0.902901
0.599887
0.805221
0.764738
0.673137
0.0338471
0.398698
0.940679
-2.37042
0.151687
0.647808
-2.31791
0.351416
0.834592
0.369794
0.466357
0.947954
-2.4826
0.02027
0.618874
1.02259
0.450672
0.362122
0.477433
0.0430838
0.498084
-1.50497
0.620515
0.737502
0.516504
1.04405
0.894806
-0.116626
0.898726
1.08442
0.96456
0.887156
1.09582
1.07576
0.0592132
0.479133
1.01479
1.13306
0.603796
-0.298851
1.1133
1.18669
1.19519
1.21813
0.479561
1.28532
1.31744
1.23895
1.21058
1.01735
1.00653
1.14511
-2.4056
1.18699
1.20989
-1.82264
1.11629
73.5113
0.899212
1.28005
1.27472
0.854147
1.35595
2.87131
138.196
126.192
140.365
115.781
0.117058
0.974689
1.21807
1.27834
1.38368
1.28374
-0.672687
1.23891
0.737218
0.423777
62.6967
1.28005
1.95266
4.08656
0.849124
2.15649
1.26803
114.618
170.083
-0.747559
74.8853
59.4406
16.0373
1.25485
1.80834
3.12654
2.40183
58.3174
-2.67432
138.457
1.39174
1.44774
25.679
1.07516
1.08069
1.10871
1.08403
1.07816
1.2853
1.13909
1.10323
1.17618
1.111
1.07905
1.02482
-2.76407
0.997851
1.16774
1.24983
1.05785
0.990927
1.01123
1.34673
8.00719
1.06608
1.37068
1.2437
1.11524
-2.72384
1.10364
1.84853
1.11962
1.02783
0.949314
1.97372
1.61919
62.0031
1.04681
1.49909
1.49983
1.60367
1.62795
1.20835
1.13161
36.3926
2.0067
1.96824
2.00146
2.10792
1.03693
1.8857
1.94782
1.97479
2.04254
2.11075
2.00669
1.04795
1.28657
1.03382
1.84856
1.88881
1.85773
1.85566
1.03155
1.95882
1.6402
2.0435
1.30003
1.09751
1.37888
1.9268
1.71956
1.09812
0.796384
-2.60315
75.2304
127.694
139.451
1.26188
1.14035
3.88883
2.71261
36.9198
0.969061
-0.926475
2.64961
0.668229
2.69854
140.625
1.75656
23.3976
62.1722
139.689
0.485908
1.18323
139.991
23.1627
75.2578
3.06601
-1.57607
128.46
140.895
76.8267
1.13003
2.99883
139.717
0.694082
3.44267
1.89676
0.165249
4.48606
5.35872
26.7634
1.03573
0.753821
142.501
2.86496
2.71593
42.3164
14.7673
12.5554
140.254
-2.81472
-2.30547
134.937
152.203
9.92935
20.3801
6.38578
130.804
11.3751
14.3423
-2.86308
-2.489
1.14289
1.52372
1.52116
1.80939
2.0086
1.29463
1.14354
1.90819
2.42882
1.31917
2.50848
1.42242
-0.973672
-2.67836
-0.740593
1.16802
1.67957
5.03199
4.51745
0.656902
1.40094
1.48801
5.49203
5.10594
4.34801
4.95388
3.36829
5.1199
2.86257
0.156965
1.94343
19.2184
3.57328
-3.19547
0.91107
-0.362598
-23.8916
-2.26687
-1.60561
18.0173
-3.83905
1.83385
4.30145
-4.05806
17.3115
-4.78014
6.85343
-3.02833
-14.2334
20.0084
-3.2264
-1.89635
1.45283
-3.95819
-4.29174
-2.63888
3.81544
-1.15662
-3.05081
-7.7112
0.101678
-2.55315
7.13452
0.300553
-2.73912
-1.02831
2.23821
-7.43297
-7.49029
1.49312
7.27485
-3.59483
-2.30239
-3.03771
-1.57684
-0.422826
1.60122
-3.08619
-0.295636
0.287044
-0.488591
1.87881
0.0146975
-1.69256
-1.99788
-0.148986
0.67339
1.25787
5.88522
-0.402452
0.0850421
0.305676
0.427042
-0.204719
12.6554
0.397024
-3.75559
-3.56781
0.341712
-0.154984
0.905361
-0.257264
-2.94777
-0.0477602
0.0198264
-1.40963
-2.51291
0.0762934
0.135408
0.114651
0.0976225
-4.63749
0.0829681
0.0348432
0.0587501
0.107177
0.177069
0.540117
0.551445
0.0935277
-0.0615877
-0.0617122
-0.0218482
-0.641054
0.0471728
-1.88611
0.137049
0.0412097
-4.83707
0.00689027
-1.41683
-0.145299
0.0681934
2.18026
-2.72836
0.205587
-0.0144322
0.566743
0.25067
0.4446
0.594357
0.894031
0.924511
0.644581
0.422537
0.507396
0.685938
-2.25763
0.650605
0.374641
0.314473
0.458687
0.43493
0.195741
0.677974
0.194535
0.705579
1.09452
1.97226
4.44361
0.458225
0.376832
153.1
-0.770054
0.548451
0.545449
0.672905
-1.75941
-2.5925
0.786846
-2.16345
0.180686
0.216933
0.0121661
-0.549052
0.263862
0.918059
0.0761156
0.707454
73.2491
0.578043
-2.67213
0.844759
-0.357769
0.316886
0.196329
-2.69056
0.247923
0.42818
0.488842
0.102635
0.405462
0.35521
-17.3434
0.086181
0.130731
0.974663
0.651569
-5.3861
0.963325
-0.208268
-0.0937762
-0.0244075
0.229228
-0.0860947
0.103483
-0.0732646
0.0769126
-0.265851
0.248619
-0.126741
0.846492
0.513734
0.173958
0.496784
-0.134441
-0.344414
0.0943063
0.223687
0.279304
0.601442
3.20682
1.20852
0.170255
0.361722
0.492913
0.0571499
-2.37583
1.19222
0.145866
-1.83214
3.55983
4.24349
-45.1277
1.36893
1.17768
-0.667594
-0.575531
1.68022
-1.25208
1.35071
-6.03945
146.249
0.507449
1.61365
152.319
0.634793
-0.0353723
10.9514
75.878
66.0923
12.0046
2.57927
12.341
127.198
22.4277
-2.11176
1.06522
-349.984
1.70504
139.724
62.1187
36.1406
3.70646
1.66703
9.80666
36.6306
1.56795
30.1149
1.67948
0.920697
61.139
1.61864
-2.83993
1.31634
1.0272
-2.45794
0.791699
0.60554
1.07198
0.678406
0.328528
-2.8214
1.28386
1.4049
1.85975
0.152723
1.22674
1.22819
1.27358
0.45641
1.17604
0.815852
0.203973
1.08841
1.11353
0.916561
1.40434
1.14538
125.495
1.42305
1.15915
1.72633
1.55832
126.803
-0.8017
1.28666
1.42486
125.599
126.495
2.7997
0.242497
1.87978
1.22159
-1.93111
1.09719
140.033
79.054
2.12222
25.2709
41.5946
0.269246
1.12436
18.1937
0.423204
-0.141815
1.35338
112.561
1.10221
143.392
62.6789
-1.79612
1.17986
0.935152
-0.28738
-0.978493
14.2076
-2.92733
-2.70584
0.853858
1.16983
0.699444
0.572292
1.80648
0.783968
-0.153256
0.536002
1.05074
1.3516
0.768789
0.512844
1.34657
0.533012
0.966691
0.616628
0.970411
0.69651
0.608176
0.824016
1.34206
0.477623
0.0625885
1.32528
0.0659219
0.990825
1.27926
0.564158
0.170879
-0.551756
0.93151
0.0164076
-0.0509269
0.163232
0.0855618
-1.70244
-0.0394217
-0.0969426
0.0271198
0.211118
0.0104455
0.0675164
0.442503
0.63941
0.842544
-0.589956
0.53158
0.220848
-0.109947
0.593608
-0.0975697
0.523089
0.0381736
-2.53626
-1.21443
-1.37335
-1.17805
-0.614461
-0.626193
-2.39427
-1.00158
-0.995834
-1.28069
166.538
-1.28508
-1.68676
-1.81814
-2.5111
-2.00324
-2.08376
-2.83369
-4.40311
-2.3572
-0.88447
-0.396015
-2.71944
1.13095
-3.36993
-11.851
-2.74847
-2.22902
-2.26928
0.312192
0.665841
-0.621205
0.949632
0.157765
0.385446
8.26552
140.871
-2.77525
-1.38838
-2.59827
-0.7026
-2.85094
-2.07721
-2.25816
-1.49791
-0.707607
-2.9244
-2.62491
-1.32847
-2.90691
-0.782992
-1.72216
-1.89965
-1.44962
-2.86472
-1.88727
0.163589
-3.51378
-2.84896
-1.01663
-2.75787
-3.07416
-0.56732
-2.8181
-2.83932
-3.2961
-2.21916
-2.82263
-2.67275
-2.11152
-2.48682
-1.94642
0.677317
-1.61509
-0.943298
-2.8676
-0.745189
-2.43975
-2.12503
-3.07939
-0.587259
-2.80419
17.5378
-1.7286
-0.419945
-0.140251
-2.75793
-2.97061
-3.18816
-1.40883
-2.92757
4.32368
-2.56561
-98.3123
-2.85245
-3.39135
-0.33142
-1.79441
2.83011
15.691
-2.23188
-0.756846
2.25241
-2.47084
-2.50907
-2.49256
-2.84163
-64.5588
-0.105166
-0.218855
-2.09821
-0.257675
-2.90405
-2.88113
-3.82905
-2.62208
-2.7153
-13.4088
-285.396
4.00455
-3.1375
-2.76725
-2.83687
-2.35806
-2.45321
0.42315
-3.67372
-2.81985
-0.546595
-1.33736
-2.3301
-0.55487
-2.90809
-2.09035
-2.91108
-0.678799
-2.91398
-2.82306
-2.77097
-2.74624
-2.73683
-2.89018
-2.72765
0.94085
-2.88667
-0.849974
-2.8717
-2.83494
-2.88203
-0.15625
-4.0382
-2.829
-2.81816
-313.856
-0.638789
-2.43592
-2.52815
-2.38416
-2.6637
-2.27029
-0.791792
-0.302224
-2.33878
-3.2203
-0.061208
-2.25237
-0.179563
-2.23041
-2.73401
-2.61935
-2.60545
-2.62341
-2.45832
-2.10238
-2.13819
1.35255
-2.57355
-0.102798
-0.29367
-0.311645
-0.616897
-2.77858
-0.392253
-0.538811
-2.64039
166.234
-2.26878
-2.10062
-1.05804
-2.3303
-1.83206
-2.57594
-2.19631
-2.59109
-2.681
-2.37203
-2.2381
-2.23495
-2.32253
-1.82556
-2.67637
-0.31176
-2.38537
-0.024283
-2.3399
-2.21217
-2.16279
-2.23328
-2.24474
-2.20795
-2.27352
-2.54332
-2.04225
-1.17411
-0.776984
-2.11134
-2.83104
-1.70699
-1.96638
-1.9506
-1.94821
-2.02349
-1.6448
-0.544377
-2.09916
-1.96102
-2.51695
-2.75154
-1.90198
-1.9032
-2.03605
-2.08784
-1.9762
-2.20387
-2.04993
-1.98852
0.206549
-2.08518
-1.50359
-2.2742
-2.12394
-1.72108
-2.08816
-1.73614
-2.37721
-2.26069
-2.09725
-1.98828
-1.7228
-2.36047
74.7871
-2.19238
-2.66762
-1.18831
-2.28245
-2.31365
-2.6131
-2.22429
-2.47677
2.77641
-0.393587
-2.22223
-2.34441
-2.2673
-2.10571
-0.548013
-2.28989
-1.95559
-0.376816
-0.311351
-2.36024
-1.93717
-2.23837
-1.15442
-1.63097
-6.76388
-2.21732
-2.16125
-2.26599
-2.20719
-3.52229
-0.936778
-2.27699
-2.82966
-435.757
-0.143072
-0.617111
-2.33754
16.1043
-5.86242
-1.84487
-2.79158
-2.22916
154.437
14.9786
-2.13672
15.4306
8.08151
-2.34417
138.041
-1.60121
2.20994
91.9843
11.257
2.39647
-1.88084
139.792
-11.664
-2.65242
-0.0197402
3.07798
-2.61445
-2.3015
127.191
-1.8634
-2.26394
73.0969
24.0586
-1.89053
-2.30514
-1.78755
-1.65059
-0.310772
-1.7595
-2.48573
-0.967292
-1.79975
166.777
-2.20071
-1.32487
4.67503
-0.56363
-2.42139
-1.32663
80.5671
88.6503
-1.94341
9.51704
14.1016
7.5763
-0.989185
-2.08979
-1.07194
-1.97267
-2.38131
-1.7672
-1.54204
-1.68029
1.00535
-1.84297
-2.49001
-2.90313
69.5905
-1.72787
-0.401173
-1.82752
-1.75929
-3.33541
-1.19769
-1.85471
-0.118732
-1.95756
-2.81629
-1.703
-1.86811
-2.83757
-1.8835
-1.98134
-0.201255
24.9633
0.088237
-0.30981
-2.82712
0.719284
-0.985606
-0.732011
-2.61125
1.50593
-2.06463
-1.73499
136.12
-1.50728
1.21458
-1.90566
4.09363
-1.76888
-1.69302
-1.97569
-0.286989
-2.2911
70.4396
-1.68203
-1.46212
-0.332662
-1.53858
-2.57053
-1.77242
73.0223
-2.47393
-1.90604
-1.70184
-1.30936
20.9693
-1.94984
-0.461009
-1.86839
0.571072
1.3511
0.156251
-3.68487
13.1918
-1.59779
-3.9018
-2.41511
-2.48772
-2.26133
-1.92884
-2.22808
-1.87374
-2.41083
-0.609947
-0.594213
-2.58241
-2.62873
-2.68497
-2.4721
-2.36726
-2.36545
-2.29723
-2.67997
-0.308595
1.39617
-0.537081
-11.4915
-2.88372
-2.79541
-1.77957
-2.33898
-0.26747
0.505176
5.42376
-1.78697
5.20994
-0.0381311
-2.06213
0.103819
-0.222078
-1.45191
-0.585237
-2.46243
0.190396
-2.45383
-1.19057
0.347153
-0.436815
-1.15918
-2.68828
0.206457
1.67212
0.956891
-2.59803
-1.47209
-1.40303
-1.079
1.85064
0.468605
-0.660168
-2.62223
-0.0153013
0.777338
-7.88009
-0.0587106
-0.459584
0.195944
-3.14286
1.15493
0.28116
-0.997901
-3.30016
-0.603599
0.160413
-2.39176
-1.45758
-2.27845
-2.60385
0.759243
-1.98225
1.02702
-2.87169
-35.9253
0.319239
0.447127
-0.064372
-0.271487
0.515433
-1.8143
-1.31836
-0.967846
1.04344
-2.16369
0.798394
-2.75003
-2.3833
-0.192191
0.0815514
-0.161776
1.01933
-1.08335
0.295065
-1.59539
-0.25649
-2.20816
-4.57616
0.289601
-4.04961
-0.760435
-0.330549
-2.89303
-2.2808
-2.69488
-442.155
-0.223165
-2.22177
-0.4525
-2.70905
-2.02568
-2.06641
0.0378293
-2.65364
-2.14973
-2.89474
-1.27822
-2.32144
-2.1599
-31.5961
-0.614325
0.723792
-0.71552
-0.200802
-2.31197
-2.04341
-1.61062
-1.8479
-2.27258
-1.6651
-1.94544
89.9333
-1.24685
-2.56655
-10.4837
0.423726
-2.02454
-2.8321
-0.584811
-2.46527
-1.95127
4.19801
0.131863
-2.69775
-4.90824
-0.361246
-1.31163
-0.197273
0.38643
-1.48621
-1.99092
-0.678964
-2.68317
)
;

boundaryField
{
    FrontBackPlanes
    {
        type            symmetry;
    }
    wallz
    {
        type            calculated;
        value           nonuniform List<scalar> 
97
(
-417.931
-371.217
-448.017
-293.087
204.662
43.9689
-1.62166
202.075
202.327
-2.09473
-2.58009
-2.33295
-1.68349
-1.60267
-3.08807
201.634
200.649
200.655
-1.4426
-1.64879
-1.87087
-1.88684
-1.80956
-1.75725
203.078
203.978
203.156
-0.85615
-1.03959
-1.23946
-2.08573
-2.02423
-1.95875
203.987
205.85
-0.493269
-0.673445
-2.25882
-2.20267
-2.14773
217.316
213.098
-0.327085
-2.42044
-2.36666
-2.31822
219.574
212.922
217.96
0.155823
-2.57637
-2.52427
-2.47556
209.127
206.082
207.182
0.462735
0.307326
-2.67482
-2.62239
205.571
205.355
205.247
0.73662
0.606531
42.1514
11.9011
-2.86739
-2.81615
205.099
204.905
205.919
0.976942
0.863277
1.13609
1.34519
1.80998
205.813
205.068
205.967
201.685
149.415
-2.91916
-284.504
-541.948
-557.627
-177.849
203.749
150.826
-2.82552
-0.00344978
206.453
-2.7151
205.65
208.188
-2.78964
-0.158437
)
;
    }
    outlet1
    {
        type            calculated;
        value           nonuniform List<scalar> 
31
(
-2.943
-2.943
-2.943
-2.943
-2.943
-2.943
-2.943
-2.943
-2.943
-2.943
-2.943
-2.943
-2.943
-2.94829
-2.94578
-2.943
-2.96285
-2.943
-2.943
-2.943
-2.943
-2.943
-2.943
-2.943
-2.943
-2.943
-2.943
-2.943
-2.943
-2.9772
-2.943
)
;
    }
    inlet1
    {
        type            calculated;
        value           nonuniform List<scalar> 2(-584.473 -590.949);
    }
}


// ************************************************************************* //
