/*--------------------------------*- C++ -*----------------------------------*\
| =========                 |                                                 |
| \\      /  F ield         | OpenFOAM: The Open Source CFD Toolbox           |
|  \\    /   O peration     | Version:  v2012                                 |
|   \\  /    A nd           | Website:  www.openfoam.com                      |
|    \\/     M anipulation  |                                                 |
\*---------------------------------------------------------------------------*/
FoamFile
{
    version     2.0;
    format      ascii;
    class       volScalarField;
    location    "0.15";
    object      p_rgh;
}
// * * * * * * * * * * * * * * * * * * * * * * * * * * * * * * * * * * * * * //

dimensions      [1 -1 -2 0 0 0 0];


internalField   nonuniform List<scalar> 
6576
(
2763.61
2741.6
2747.93
2754.39
2768.83
2776.96
2752.67
2750.46
2770.03
2760.26
2798.09
2783.5
2770.92
2781.36
2742.21
2752.65
2718.5
2746.1
2746.13
2791.04
2731.58
2787.14
2790.22
2745.67
2772.87
2799.48
2847.46
2771.59
2739.41
2739.94
2760.97
2721.11
2759.35
2782.01
2778.17
2796.58
2772.93
2797.31
2761.03
2778.96
2747.74
2735.76
2762.92
192.301
142.786
198.199
115.826
193.981
201.159
197.306
200.912
201.046
-0.0113956
-0.0106944
-0.0036256
-0.0229879
-0.0215089
-0.0171799
-0.0192405
-0.00991273
-0.0226851
-0.0241469
-0.0316706
-0.0203337
-0.00862688
-0.0232712
-0.113333
-0.0979131
-0.0896333
-0.083668
-0.0971093
-0.067153
-0.082481
0.966849
1.70333
1.48421
1.65878
1.17565
1.37274
1.11585
0.0629151
0.113395
0.40501
0.118909
-0.435151
-0.2955
0.336604
1.66552
1.67957
1.63689
1.61263
1.66897
1.64927
1.62068
201.383
203.784
201.522
180.72
193.952
205.422
200.829
205.789
205.88
205.815
205.807
205.661
205.701
205.473
205.098
205.071
204.662
205.343
204.645
204.356
-0.126811
-0.0351218
-0.276684
-0.13354
-0.249442
-0.267449
-0.233474
256.11
2097.14
2515.78
2599.16
2393.86
2742.97
2793.4
-0.062732
0.0205812
-0.323539
-0.921253
0.0280228
-1.48821
-0.223076
1.27463
1.26564
1.26388
1.29667
1.29928
1.28889
1.28434
1.24966
1.26321
1.248
1.29065
1.28976
1.27682
1.27542
1.18676
1.18609
1.15807
1.20854
1.17863
1.16494
1.19142
1.2257
1.22846
1.26076
1.2426
1.24476
1.2972
1.29064
1.27945
1.27518
1.18865
1.15912
1.19295
1.21019
1.17436
1.16004
1.19206
1.24773
1.25058
1.28564
1.25812
1.26519
1.31382
1.32476
1.30213
1.29501
1.38079
1.41652
1.45443
1.40949
1.44875
1.52179
1.48247
1.45938
1.49985
1.42031
1.39944
1.33562
1.33848
1.40347
1.32312
1.39809
1.612
1.55859
1.65436
1.65311
1.62712
1.57915
1.63763
1.67364
1.5878
1.70641
1.63431
1.47712
1.49929
1.61717
1.19458
1.18062
0.761629
1.34461
0.846683
0.974413
1.06374
0.797685
0.794181
0.924837
0.867371
0.780719
0.815221
0.907039
0.937274
0.912191
1.02235
0.978623
0.990177
1.09126
1.07188
1.21248
1.21931
1.15711
1.21923
1.2957
1.25681
1.19777
1.10512
1.12878
1.15619
1.13913
1.08886
1.13186
1.08526
1.12017
1.14121
1.09783
1.09699
1.14997
1.09816
1.14548
1.14128
1.09804
1.13043
1.14362
1.11074
1.16021
1.12933
1.15675
1.12655
1.12262
1.11629
1.13774
1.14482
1.12383
1.12577
1.14557
202.587
202.192
202.347
202.267
202.465
202.511
201.507
202.311
202.219
196.249
200.939
201.988
197.448
202.111
195.349
143.984
-0.278459
-0.00288197
-1.59223
-3.13878
-2.54629
0.531546
1.95136
-1.85806
0.570968
198.047
201.103
196.009
-0.522952
-0.995749
-1.30449
-1.40388
-1.94188
-2.51416
-1.49738
-1.06842
-1.09919
-1.07745
-1.08142
-1.05555
-1.05539
-1.08124
281.07
97.1957
0.0244965
59.7928
-0.373529
2.85222
1.90529
0.437379
0.509259
-1.20606
-1.24773
-1.26101
-1.12032
-1.1513
-1.17589
-1.19671
-0.541895
-0.955744
-0.358051
-0.579607
-0.684086
0.170128
0.121621
-0.310498
0.13636
-0.0325772
0.427304
-0.0889357
0.731789
-0.260156
0.00389679
0.760542
-0.625824
26.0747
0.244703
-0.328641
-0.00564702
0.546715
0.148446
-0.250177
-0.227623
202.136
202.209
202.075
202.15
202.026
201.972
201.922
202.091
202.508
202.327
202.325
202.41
204.067
202.48
202.467
201.905
190.545
164.865
195.073
197.316
194.508
189.996
191.469
-0.931539
-0.225467
0.980522
1.59449
16.7272
3.62848
3.62365
-1.5349
-1.5826
-1.49145
-1.68479
-1.62463
-1.6479
-1.59534
-1.52881
-1.5748
-1.76632
-1.73733
-1.961
-2.04449
-2.00179
-1.85986
-1.83528
-1.48655
-1.76412
-1.63135
-1.95327
-2.01537
-1.88124
-1.96281
-1.72119
-1.61
36.3921
87.3087
396.856
154.435
27.3996
1.97285
42.2215
1488.19
1497.46
1514.03
1470.05
1445.09
1477.33
1518.26
0.863871
0.88513
0.837076
0.872526
0.837567
0.865057
0.826358
0.751834
0.73874
0.705589
0.722824
0.73622
0.695825
0.683329
0.762064
0.770117
0.731582
0.744877
0.773176
0.76188
0.728381
0.722881
0.684649
0.725712
0.731582
0.698768
0.732855
0.76668
0.723019
0.753975
0.588379
0.556449
0.589772
0.585721
0.604206
0.555579
0.582936
0.480378
0.530317
0.494531
0.480941
0.448507
0.507004
0.479049
0.479311
0.462443
0.429155
0.493324
0.525235
0.492509
0.467367
0.20778
0.224836
0.262898
0.20508
0.170952
0.205898
0.24123
0.377364
0.346781
0.342984
0.345448
0.314401
0.292169
0.328583
0.147371
0.205244
0.186571
0.364375
0.347266
0.40513
0.0328094
0.0668405
0.0582672
0.0588787
0.0330172
0.0539689
0.0750554
0.0685496
0.05778
0.0307398
0.121919
0.0857797
0.0908697
0.0635734
0.0455448
0.0110773
0.0757584
0.0716954
0.128471
0.0891247
0.0308486
0.0636854
0.0475588
0.0811242
0.10937
0.0722975
0.00943549
0.0309894
0.0361328
0.0491861
0.0664809
0.0733343
0.128921
0.0921006
0.0543796
0.0299549
0.028124
0.0093274
0.0586687
0.0607692
0.0493082
0.0486464
0.405788
0.411819
0.459985
0.409176
0.34814
0.418903
0.366759
0.397846
0.445923
0.623832
0.670788
0.609616
0.607841
0.548879
0.646607
0.598591
0.661823
0.598193
0.620052
0.688794
0.682645
0.614077
0.636423
0.816654
0.806161
0.774439
0.835759
0.774992
0.756001
0.807331
1.11927
1.16383
1.1682
1.07352
1.07544
1.22687
1.26022
1.23052
1.25347
1.20877
1.26979
1.23109
1.33785
1.37031
1.37506
1.38178
1.41344
1.38615
1.35534
1.54299
1.57079
1.57967
1.59671
1.62545
1.59648
1.57437
-0.386843
-0.426753
-0.398497
-0.43889
-0.441683
-0.410884
-0.393283
-0.584776
-0.541507
-0.54407
-0.63476
-0.623788
-0.613721
-0.606168
-0.566154
-0.567639
-0.693533
-0.746304
-0.709762
-0.753859
-0.71396
-0.734762
-0.700404
-1.04875
-1.02695
-1.03201
-1.03132
-1.01141
-1.01729
-1.03646
-0.980757
-0.974858
-0.99727
-0.990949
-0.987956
-1.01095
-1.00622
-0.983665
-0.968619
-0.970018
-0.951967
-0.967429
-0.973041
-0.95911
-1.02582
-1.02179
-1.03221
-1.03157
-1.02792
-1.03987
-1.03654
-1.05384
-1.05357
-1.04971
-1.05137
-1.04719
-1.06463
-1.05631
-1.05774
-1.05163
-1.04646
-1.05135
-1.06348
-1.06941
-1.07146
-1.06495
-1.06277
-1.05109
-1.04848
-1.08586
-1.10512
-1.09715
-1.09402
-1.08814
-1.09575
-1.09859
-1.09043
-1.08944
-1.08035
-1.1051
-1.10681
-1.08927
-1.088
-1.07293
-1.07879
-1.0012
1.27612
-1.03735
-1.0837
-1.01689
-1.11397
-1.75409
-2.7559
-1.52689
-3.09238
-2.78025
1.61973
1.28047
0.530117
0.448455
-0.0164418
-0.424194
0.249982
-1.59696
-1.71894
-1.82455
-4.03864
-2.11576
-2.34234
-0.611755
-1.43654
0.311074
-0.174514
0.398409
0.104328
-0.583976
11.668
0.571228
-0.390799
37.1955
0.821836
0.103085
0.755313
199.767
199.103
202.507
175.639
187.332
195.451
187.963
202.16
202.274
202.288
199.353
200.234
200.328
200.466
200.44
200.462
200.248
201.875
201.689
201.851
201.759
201.519
201.362
201.857
201.593
201.917
201.822
201.634
201.646
200.623
200.546
200.649
200.832
200.536
200.291
200.896
200.967
200.391
200.924
200.564
200.655
200.588
200.546
200.472
200.725
201.08
200.555
200.377
203.227
202.438
203.186
203.458
203.211
203.758
203.684
200.396
198.267
199.901
201.196
200.929
199.303
200.138
182.501
185.778
88.615
193.879
191.469
189.322
194.271
184.49
194.085
202.68
200.525
198.987
177.627
195.789
-1.69286
-1.65013
-1.66866
-1.57978
-1.56552
-0.939707
-1.47772
-1.34768
-1.38458
-1.33988
-1.46254
-1.36043
-1.34263
-1.39333
-1.22618
-1.16881
-1.3417
-1.20945
-1.35786
-1.40816
-1.28341
-1.51846
-1.47802
-1.42193
-1.48524
-1.42306
-1.49706
-1.43208
-1.3722
-1.52266
-1.60172
-1.59838
-1.54462
-1.52581
-1.47769
-1.52275
-1.49579
-1.57818
-1.57503
-2.50077
-2.64774
-2.86266
-2.93149
-2.87642
-2.80491
-2.7926
1.32437
1.31215
1.32863
1.2872
1.28715
1.30181
1.30096
1.35986
1.38374
1.37158
1.35036
1.37296
1.3759
1.35232
1.28328
1.24492
1.25796
1.27457
1.24033
0.976379
0.983396
0.945256
0.97506
1.01216
0.998583
0.969468
0.916587
0.941339
0.949023
0.927735
0.951651
0.938698
0.913496
0.927738
0.954807
0.916807
0.928927
0.907339
0.881427
0.908103
0.817174
0.858684
0.829941
0.816365
0.789246
0.836477
0.815659
0.819316
0.807087
0.775621
0.856898
0.829384
0.830205
0.806796
0.670525
0.716094
0.712568
0.714408
0.743931
0.741866
0.720785
0.701587
0.756002
0.719662
0.709591
0.730479
0.752957
0.599119
0.558691
0.603599
0.616192
0.640478
0.586422
0.642121
0.617346
0.466549
0.480212
0.432788
0.504979
0.487545
0.537326
0.440469
0.475223
0.505467
0.477489
0.163725
0.200757
0.214651
0.235489
0.272771
0.234674
0.203385
0.22363
0.200975
0.163267
0.240456
0.276908
0.23458
0.204761
0.0614415
0.0547517
0.08083
0.247614
0.225992
0.289266
0.170528
0.211822
0.24876
0.214448
0.0616368
0.0523829
0.0132367
0.0814753
0.0493332
0.0544571
0.059317
0.0147144
0.0508782
0.0669154
0.0699048
0.0926908
0.0365365
0.0361971
0.0116985
0.0751234
0.0777295
0.0650225
0.0637664
0.0517714
0.105991
0.0926432
0.0512795
0.0923605
0.117095
0.0835592
0.322369
0.376259
0.308314
0.307497
0.245208
0.285317
0.331615
0.29152
0.241994
0.782609
0.752096
0.806076
0.669443
0.704265
0.743459
0.723293
1.18728
1.18542
1.12214
1.2788
1.17388
1.20899
1.13228
1.45688
1.39101
1.4435
1.47386
1.5232
1.56658
1.60647
1.62854
1.67283
1.65883
1.64898
1.6321
1.58825
1.59695
1.61741
1.58609
1.54715
1.59544
1.56162
1.58515
1.61242
-0.127306
-0.496999
-0.593933
-0.758573
-0.586507
-0.704421
-0.659493
-0.649268
-0.72125
-0.615807
-0.609039
-0.609939
-0.638805
-0.629852
-0.624639
-0.634282
-0.677603
-0.654774
-0.681929
-0.688805
-0.710749
-0.693691
-0.674421
-0.776705
-0.799688
-0.770776
-0.766459
-0.789003
-0.740171
-0.762062
-0.769777
-0.749385
-0.842984
-0.836165
-0.860921
-0.811123
-0.829562
-0.843729
-0.827103
-0.970115
-0.959166
-0.961099
-0.952177
-0.959836
-0.942631
-0.953892
-0.991256
-0.994446
-1.00332
-0.990233
-0.984566
-0.986667
-0.989852
-0.988209
-0.993722
-0.980229
-0.993448
-0.99707
-0.993458
-0.991448
-0.987355
-0.981696
-1.0204
-1.02605
-1.02907
-1.02569
-1.02639
-1.0312
-1.03929
-1.01398
-1.02127
-1.0218
-1.07407
-1.07271
-1.07574
-1.07097
-1.04831
-1.08649
-0.974613
0.437675
0.232777
0.0975902
-0.881042
-0.197178
-0.404675
200.345
200.565
200.317
203.052
203.561
201.687
204.322
205.331
203.935
203.706
203.078
201.973
202.868
203.939
204.066
203.978
204.074
203.9
203.981
203.751
203.896
204.038
204.185
203.846
203.698
203.923
204.813
203.854
203.877
204.478
203.298
203.156
203.155
203.635
202.952
203.176
185.337
193.259
203.962
201.107
200.439
202.977
194.608
180.343
165.016
198.434
196.286
199.475
193.356
195.686
0.392933
6.05769
4.77792
9.26081
63.6291
5.8514
4.24804
-1.18085
-1.17321
-1.15252
-0.50949
-0.803477
-1.35234
-1.26534
53.2142
2.27026
127.779
5.52249
534.227
15.8674
31.7978
670.063
380.191
638.634
135.918
329.78
402.547
164.468
1.04215
5.309
6.17339
33.8651
12.0454
8.29545
16.1133
-0.0768153
0.562756
0.211916
-0.796461
-0.14002
0.125414
0.178347
0.642368
0.585135
0.829093
1.55993
1.18884
0.879032
0.533978
1.26686
1.27907
1.27988
1.24188
1.2464
1.25827
1.25266
1.13943
1.1446
1.11492
1.13806
1.16754
1.15695
1.13388
1.11748
1.08952
1.10995
1.10098
1.11874
1.08655
1.10916
1.07394
1.09602
1.09744
1.08888
1.1054
1.09386
1.07387
1.06473
1.08681
1.08664
1.08279
1.09638
1.06497
1.08232
0.97837
1.00278
1.01327
0.991761
1.01316
1.0303
1.04723
1.03627
1.01765
1.0883
1.12475
1.10129
1.0888
1.06832
1.10675
1.09035
1.09477
1.08428
1.06045
1.10191
1.12216
1.10111
1.08442
1.00924
1.03587
1.00996
1.00949
0.988134
0.971613
0.996936
0.890437
0.91696
0.915199
0.953692
0.927281
0.937495
0.914749
1.00954
1.0456
1.0195
0.878771
0.917358
0.904799
0.774669
0.804605
0.813725
0.670848
0.705685
0.716236
0.729653
0.703128
0.757964
0.727917
0.725655
0.708916
0.681913
0.745787
0.770193
0.564794
0.593356
0.603611
0.617103
0.65217
0.619782
0.592741
0.756784
0.787005
0.754281
0.746627
0.773931
0.790185
0.761911
0.577552
0.618527
0.600018
0.622142
0.637112
0.605334
0.582905
0.406677
0.374963
0.340132
0.442577
0.471054
0.181448
0.223129
0.225403
0.178651
0.21737
0.209748
0.243816
0.509636
0.45897
0.462406
0.451336
0.503352
0.473593
0.5163
0.230743
0.199171
0.259195
0.238524
0.206618
0.268317
0.28558
0.0772177
0.102005
0.0716992
0.0893474
0.0469495
0.106422
0.146443
0.0988654
0.134967
0.196774
0.0705505
0.0166804
0.12129
0.0381618
0.102262
0.117391
0.108413
0.157354
0.217496
0.14741
0.0402612
0.0396151
0.0118206
0.101201
0.117464
0.0916169
0.13991
0.0863277
0.102473
0.128219
0.0517422
0.0532383
0.0173174
0.113083
0.118355
0.10121
0.102144
0.162684
0.244877
0.157508
0.244195
0.176816
0.131845
0.191704
0.0798187
0.165963
0.147433
0.0808856
0.144056
0.182424
0.129003
0.478642
0.358973
0.450362
0.407622
0.487425
0.364521
0.447358
-0.879641
-0.881253
-1.30424
-0.926981
-0.604394
-0.73533
-1.00285
2.0074
0.676225
1.88756
-1.3606
-1.09607
-0.00693698
-0.688464
-0.422122
-0.604115
-0.501663
-0.672279
-0.431527
0.938147
-0.363173
-0.877286
-0.828514
-0.930393
-0.716448
-0.777565
-0.702148
-0.784887
-0.863565
-0.779351
-0.722041
-0.684849
-0.68736
-0.848489
-0.788696
-0.729759
-0.756385
-0.590764
-0.591555
-0.618822
-0.556306
-0.583515
-0.578467
-0.597287
-0.538705
-0.550366
-0.537788
-0.534436
-0.533101
-0.538158
-0.535167
-0.540794
-0.533036
-0.543264
-0.530018
-0.535391
-0.560111
-0.547443
-0.552926
-0.542815
-0.533708
-0.541352
-0.603331
-0.590661
-0.587176
-0.596531
-0.586787
-0.607138
-0.593521
-0.699468
-0.705787
-0.717579
-0.688154
-0.67577
-0.689493
-0.699973
-0.687468
-0.693205
-0.673051
-0.713755
-0.700027
-0.687416
-0.699696
-0.790349
-0.796817
-0.808004
-0.78044
-0.769927
-0.782047
-0.791304
-0.767591
-0.778247
-0.777743
-0.778011
-0.766695
-0.786374
-0.777995
-0.828446
-0.818159
-0.838308
-0.842384
-0.852293
-0.838359
-0.829454
-0.930548
-0.921906
-0.925531
-0.930812
-0.924317
-0.920626
-0.927513
-0.884908
-0.879159
-0.877024
-0.865014
-0.872999
-0.87834
-0.871794
-0.932496
-0.920629
-0.918941
-0.909479
-0.934773
-0.916202
-0.973485
-0.965494
-0.960251
-0.963924
-0.97265
-0.960957
-0.953777
-0.944666
-0.962093
-0.954855
-1.00327
-0.99417
-0.991877
12.0252
-1.0966
52.591
-1.4379
-1.37512
5.28559
6.27121
203.734
203.737
203.143
204.775
204.441
201.838
203.768
203.987
203.7
203.546
205.489
206.097
205.85
206.2
206.221
206.314
206.063
205.319
206.121
206.237
212.66
213.666
210.306
210.772
213.435
214.985
169.482
199.834
202.984
142.334
203.242
205.024
201.08
89.4325
-1.45081
-1.72615
-2.03963
-0.41858
-0.57598
-1.4224
-1.44611
388.886
371.372
145.843
617.145
479.788
119.078
179.54
395.432
408.089
-0.380671
-3.20992
4.61531
653.576
337.835
592.673
318.001
-1.58008
0.196756
-0.0257959
-0.259784
-0.0724581
0.107661
0.677464
0.407194
-0.21763
1.96776
1.50105
1.31527
1.36612
1.3482
1.21244
1.18121
1.21663
1.19376
0.979122
0.909174
1.06154
1.02575
0.989553
1.12879
1.1641
1.25585
1.23374
1.25224
1.23181
1.24931
1.24501
1.25923
1.24284
1.22218
1.24162
1.22228
1.23823
1.23458
1.24905
1.21001
1.23967
1.2317
1.24204
1.25591
1.24094
1.22253
1.14781
1.16415
1.16517
1.18506
1.1659
1.17592
1.19479
1.24012
1.26025
1.24096
1.24465
1.25963
1.14694
1.16733
1.16589
1.16258
1.1438
1.26483
1.24257
1.2653
1.25171
1.23724
1.1408
1.16405
1.1703
1.15408
1.13743
1.08847
1.06044
1.08306
1.01439
0.97965
1.0088
1.04749
1.02247
1.13232
1.11055
1.10842
1.10105
1.11991
1.11232
1.13178
0.9311
0.955898
0.940202
0.968669
0.942267
0.969369
0.946006
1.00677
1.03434
1.03047
1.02762
1.0036
1.01692
1.03966
0.809338
0.840825
0.848857
0.893565
0.860033
0.863833
0.835547
0.715503
0.688489
0.750459
0.747165
0.728589
0.799537
0.773155
0.654083
0.675741
0.736346
0.74286
0.663962
0.683481
0.756033
0.107966
0.111545
0.154126
0.140492
0.0677272
0.165134
0.230308
0.154304
0.212884
0.306825
0.111944
0.0236708
0.189643
0.0664514
0.0576601
0.0249472
0.107736
0.144553
0.123894
0.0838229
0.130349
0.123667
0.191831
-0.0227494
-0.228421
0.0913789
0.0785466
0.194374
0.0549999
-0.201716
-0.0043264
0.378939
0.791664
0.842937
0.556775
0.551115
0.288388
0.0592742
0.427258
507.854
1954.17
2741.28
2760.52
2767.91
2716.44
2787.35
0.953973
0.717797
1.57668
1.2167
2.08275
0.52009
271.348
0.728871
56.3149
-2.5392
1.96642
1.30356
489.37
1.40801
-0.494347
-0.862375
-0.474524
-0.306825
-0.216616
0.0752079
-0.232322
0.460673
-0.0501201
0.44975
-1.11475
-0.122893
0.00945284
1.06956
-0.607262
-0.513526
-0.517094
-0.570154
-0.474529
-0.388302
-0.514722
-0.208294
-0.246066
-0.26031
-0.307039
-0.274609
-0.207252
-0.236625
-0.279897
-0.252225
-0.560903
-0.514014
-0.538131
-0.550338
-0.493892
-0.502596
-0.547116
-0.493064
-0.485705
-0.456509
-0.469524
-0.468001
-0.44067
-0.437749
-0.432838
-0.425828
-0.452256
-0.441351
-0.446053
-0.461773
-0.463754
-0.502474
-0.508592
-0.51844
-0.501211
-0.49591
-0.507452
-0.516994
-0.627096
-0.615326
-0.637586
-0.642911
-0.654608
-0.639087
-0.628109
-0.702932
-0.686099
-0.689008
-0.688533
-0.678448
-0.665533
-0.680057
-0.741977
-0.753902
-0.735092
-0.732702
-0.724836
-0.731392
-0.739574
-0.726364
-0.732169
-0.718478
-0.734802
-0.739728
-0.736514
-0.734402
-0.728543
-0.719632
-0.774559
-0.785324
-0.785527
-0.784557
-0.790248
-0.803803
-0.791507
-0.783755
-0.767022
-0.779165
-0.841192
-0.833727
-0.833919
-0.824529
-0.833025
-0.817711
-0.828285
-0.829773
-0.836399
-0.819031
-0.84523
-0.854947
-0.842509
-0.833982
-0.83295
-0.852136
-0.838562
-0.88047
-0.897634
-0.885056
-0.884157
-0.887913
-0.898776
-0.878164
-0.867069
-0.877907
-0.888388
-0.959964
-1.01523
-1.41195
-1.3788
-1.4345
-1.35191
-1.35928
0.646285
1.65797
-0.663042
-0.545058
-0.85042
4.97423
0.651834
203.553
202.158
198.684
170.472
169.518
185.592
197.428
206.213
205.635
204.308
207.881
208.823
206.508
206.329
217.337
216.435
217.316
217.878
217.348
218.37
217.775
212.59
213.098
211.292
214.847
213.327
213.876
1.37443
1.3549
1.37173
1.36933
1.3536
1.37768
1.36466
1.36312
1.34614
1.36254
1.36004
1.34556
1.36969
1.3584
1.34066
1.35922
1.35845
1.3553
1.36614
1.3545
1.33999
1.3615
1.35688
1.34024
1.36528
1.38415
1.36872
1.35562
1.28389
1.30301
1.30204
1.32858
1.31009
1.3165
1.30163
1.30229
1.27548
1.2951
1.2995
1.28142
1.29998
1.29417
1.30608
1.2811
1.29586
1.30394
1.28661
1.30618
1.31146
1.29997
1.28514
1.30061
1.29561
1.31338
1.31222
1.31921
1.30745
1.30958
1.29444
1.3335
1.3491
1.36069
1.31423
1.32557
1.33586
1.34446
1.48499
1.49821
1.46556
1.52915
1.51249
1.49447
1.508
1.47341
1.44441
1.48371
1.49497
1.47151
1.49316
1.5181
1.63
1.58891
1.6131
1.57359
1.54317
1.68029
1.66496
1.6684
1.66521
1.66887
1.65419
1.6592
1478.53
1384.56
2476.94
2050.23
1512.28
118.341
2167.09
-1.94955
-2.18658
-1.7889
-1.8435
-2.22857
-3.36989
-3.64206
-0.590902
-0.925204
-0.39537
-0.0318506
-0.041973
0.0141804
0.276606
-0.260808
-0.353835
-0.294068
-0.0949904
-0.0336098
-0.0743476
-0.0197922
-0.0747654
-0.0560903
-0.0883452
-0.0997637
-0.0119818
-0.0752553
-0.0188466
-0.0241398
-0.00829875
-0.0254868
0.0647677
-0.0175937
-0.0100532
-0.00151819
-0.00435696
-0.00594731
-0.00886822
-0.00609228
-0.00941897
-0.0650621
-0.0891251
-0.064404
-0.0549188
-0.0730967
-0.0639939
-0.0465002
-0.334113
-0.313613
-0.328693
-0.313903
-0.303443
-0.320378
-0.329055
-0.354632
-0.367243
-0.375165
-0.351843
-0.346051
-0.361895
-0.370647
-0.395885
-0.408719
-0.419326
-0.38781
-0.375889
-0.395838
-0.40452
-0.447339
-0.462108
-0.440145
-0.430294
-0.417966
-0.438217
-0.426088
-0.453333
-0.440317
-0.406898
-0.420299
-0.423546
-0.408397
-0.420009
-0.430971
-0.420508
-0.579804
-0.585795
-0.599924
-0.562141
-0.573535
-0.573329
-0.584854
-0.614016
-0.635257
-0.62996
-0.589618
-0.582471
-0.581103
-0.57174
-0.579715
-0.563675
-0.573868
-0.655609
-0.630708
-0.641796
-0.63243
-0.650006
-0.619959
-0.695275
-0.689093
-0.708
-0.679183
-0.668296
-0.690081
-0.693615
-0.706826
-0.691252
-0.681096
-0.740524
-0.735999
-0.752901
-0.726767
-0.717359
-0.732783
-0.73917
-0.729946
-0.728426
-0.718449
-0.858484
-0.873098
-0.854985
-0.849495
-0.835121
-0.861646
-0.848471
-1.47874
-1.56415
-1.56187
-1.57228
-1.54992
-1.17519
-1.20979
-1.09774
-1.07054
-1.17841
-1.38618
-1.23081
-1.70261
-1.64431
-1.71917
-1.72121
-1.72527
-1.65947
-1.69398
-1.46244
-1.38652
-1.31672
-1.52559
-1.55297
-2.15974
-2.07823
-2.07169
-2.49942
-2.1903
-2.63701
-2.6223
-0.0753861
2.37033
-1.4104
-1.52646
-1.39353
0.181234
-0.309648
15.1315
17.373
15.7127
14.6315
14.0561
13.9551
11.9593
217.277
215.797
217.005
218.072
217.002
218.082
218.668
218.952
218.53
218.089
219.542
218.929
219.574
219.621
219.355
219.793
212.981
214.138
212.922
212.107
212.906
211.382
212.282
216.198
217.96
217.698
1.4708
1.48121
1.46921
1.46401
1.44826
1.45639
1.46961
1.46963
1.47594
1.48934
1.44188
1.42863
1.42326
1.42963
1.44402
1.42027
1.43709
1.54551
1.54958
1.55524
1.55349
1.56818
1.56779
1.55533
1.50605
1.50039
1.51332
1.52099
1.50828
1.50856
1.51923
1.61941
1.62373
1.59879
1.60711
1.62582
1.61447
1.62328
1.62574
1.62993
1.66403
1.74806
1.72198
1.69117
1.68266
1.66484
1.88324
1.5948
2.62912
1.57459
1.65326
1.58731
1.48991
1.53604
1.41213
1.49895
1.44648
1.05046
1.70032
0.360367
0.0283191
-0.126296
-0.151055
0.0788891
-0.347797
0.00747361
0.345412
0.34477
0.285916
0.146511
0.281086
-0.352992
-0.450977
-0.369867
-0.209788
0.136408
0.174038
0.0649265
0.013646
0.00724562
-0.00483481
-0.0158329
-0.0239561
-0.0349924
-0.0221022
-0.045576
-0.0490606
-0.0259147
-0.0322416
-0.00687119
-0.012833
-0.0183653
-0.0143907
-0.00855995
-0.0179576
-0.00651589
-0.0174574
-0.016995
-0.0247637
-0.00727356
-0.00215052
-0.0116169
-0.0215725
-0.0228354
-0.00477693
-0.0302797
-0.0169287
-0.0175244
-0.0125601
-0.00388259
-0.0129733
-0.0173614
-0.0200434
-0.0225365
-0.0256707
-0.132067
-0.151131
-0.158156
-0.14071
-0.158781
-0.181872
-0.163698
-0.174341
-0.156325
-0.34022
-0.323727
-0.329123
-0.325498
-0.315734
-0.327928
-0.338958
-0.382208
-0.393226
-0.374627
-0.390099
-0.379544
-0.373997
-0.366229
-0.429334
-0.421714
-0.421706
-0.410039
-0.421142
-0.40257
-0.414717
-0.465092
-0.477248
-0.476902
-0.480524
-0.473912
-0.48089
-0.493756
-0.457214
-0.474716
-0.468067
-0.531111
-0.547908
-0.527003
-0.539184
-0.522738
-0.509313
-0.586465
-0.582536
-0.604041
-0.618413
-0.628328
-0.631797
-0.620947
-0.630789
-0.640176
-0.631027
-0.898575
-0.914583
-0.937584
-0.933249
-0.920894
-0.959734
-0.948109
-1.00956
-1.00237
-0.982347
-0.9908
-0.983723
-0.959317
-0.968412
-1.07705
-1.05551
-1.06421
-1.10618
-1.10982
-1.08691
-1.09322
-1.19285
-1.15995
-1.15995
-1.17353
-1.12776
-1.1976
-1.15837
-1.47043
-1.40752
-1.4273
-1.38352
-1.41146
-1.45481
-1.42452
-1.82357
-1.87635
-1.8581
-1.86246
-1.97719
-1.97376
-1.88477
-1.51023
-1.56945
-1.59092
-1.67149
-1.59887
-2.08636
-2.03215
-1.93557
-2.07217
-2.22418
-2.10149
-1.99865
-1.7544
-1.62252
-1.69847
-1.59816
-1.65869
-1.666
-1.721
-2.08544
-1.84801
-1.92064
-2.30489
-2.11818
-1.97529
-2.08282
213.043
213.488
215.021
207.166
206.885
207.201
207.82
207.295
207.546
207.115
209.239
210.461
209.127
209.435
208.663
208.251
206.066
206.302
206.082
205.951
206.024
205.776
205.992
206.611
207.182
206.982
1.60617
1.62244
1.62103
1.62737
1.63804
1.61878
1.6295
1.56656
1.57334
1.56323
1.55332
1.56336
1.54508
1.55763
1.5166
1.51795
1.50566
1.53604
1.52454
1.52826
1.51781
1.56633
1.56905
1.58038
1.49751
1.51077
1.51603
1.50093
1.51838
1.51643
1.52082
1.51295
1.51343
1.50106
1.5366
1.54412
1.52733
1.51912
1.50639
1.53005
1.52036
1.54367
1.53471
-0.218651
-0.308181
-0.138793
-0.152499
-0.858674
-0.251483
-0.591395
-0.530731
-0.383776
-0.511944
-0.568838
-0.687209
-0.521496
-0.588313
-0.215985
-0.240697
-0.249585
-0.261103
-0.250262
-0.218998
-0.238663
-0.0250201
-0.0325987
-0.0224343
-0.105779
-0.125609
-0.11117
-0.0966638
-0.109911
-0.125191
-0.110653
-0.0219416
-0.0105484
-0.0251884
-0.0401257
-0.0551202
-0.0251065
-0.0119198
-0.0278726
-0.0397042
-0.0163774
-0.00341272
-0.0188607
-0.00436794
-0.0143993
-0.0134678
-0.020207
-0.0221931
-0.0272705
-0.0246549
-0.0260521
-0.0270773
-0.0354408
-0.0181392
-0.00539342
-0.0246248
-0.0322167
-0.0208121
-0.0214811
-0.00993134
-0.0208643
-0.0238118
-0.0114541
-0.0237
-0.0330606
-0.0241585
-0.195476
-0.181162
-0.199819
-0.199905
-0.207773
-0.196304
-0.184251
-0.313241
-0.334031
-0.309936
-0.318299
-0.301994
-0.290785
-0.362617
-0.383551
-0.363813
-0.358281
-0.348338
-0.371438
-0.359178
-0.350138
-0.428606
-0.420032
-0.442958
-0.481027
-0.461833
-0.47035
-0.486674
-0.478836
-0.465337
-0.473992
-0.469291
-0.459015
-0.476034
-0.473306
-0.482033
-0.460944
-0.471563
-0.533982
-0.525768
-0.526955
-0.510794
-0.520667
-0.512522
-0.52253
-0.525471
-0.526207
-0.534246
-0.523113
-0.512758
-0.513472
-0.523951
-0.567678
-0.579723
-0.591297
-0.607396
-0.595752
-0.580968
-0.591604
-0.571795
-0.582156
-0.586329
-0.573492
-0.583138
-0.593955
-0.585253
-0.703332
-0.726736
-0.713131
-0.681893
-0.695487
-0.710805
-0.698578
-0.721373
-0.699112
-0.700848
-0.6949
-0.707482
-0.723313
-0.705188
-0.794854
-0.777912
-0.768923
-0.777067
-0.763074
-0.74407
-0.760302
-0.778256
-0.799197
-0.769324
-0.754432
-0.738084
-0.822891
-0.844888
-0.859054
-0.903307
-0.872724
-0.813447
-0.840536
-0.842334
-0.870957
-0.869531
-0.893763
-0.857399
-0.844895
-0.825466
-0.848354
-0.869586
-0.844689
-0.825284
-1.01289
-1.04064
-1.04101
-1.10821
-1.08617
-1.08177
-1.05996
-1.29999
-1.35161
-1.24283
-1.47543
-1.45756
-1.37467
-1.40891
-1.49872
-1.41557
-1.47077
-1.3583
-1.37187
-1.44463
-1.45899
-1.93076
-1.78427
-1.84386
-1.73335
-1.75593
-1.85446
-1.91161
-2.02156
-2.14956
-2.24233
-2.42988
-2.26974
-2.26813
-2.13892
3.24274
132.363
173.232
85.5054
22.8413
470.42
27.1136
206.077
206.118
206.393
205.346
205.316
205.348
205.327
205.397
205.394
205.324
205.593
205.69
205.571
205.612
205.432
205.538
205.309
205.355
205.323
205.174
205.177
205.148
205.116
204.973
205.171
205.016
205.436
205.587
205.378
205.239
205.247
205.332
205.304
205.226
204.207
158.229
198.392
205.025
205.653
107.331
198.258
208.966
204.398
201.697
52.8882
164.346
195.145
102.526
9.53396
2.72287
19.852
4.57029
2.34808
55.1981
13.7485
2.35719
23.1355
1.65691
1.77109
1.70863
1.69294
1.78486
1.78659
1.82669
1.77677
1.66228
1.70635
1.67345
1.69896
1.70031
1.71746
1.67532
1.70413
1.71899
1.71781
1.72354
1.72488
1.72038
1.72681
1.71949
1.68705
1.67509
1.67915
1.69072
1.69399
1.67836
1.68031
1.66774
1.67431
1.66668
1.6673
1.65867
1.66357
1.67068
1.6376
1.62385
1.63678
1.64383
1.63458
1.63954
1.6474
1.61944
1.6292
1.63021
1.62925
1.63442
1.62331
1.62954
1.62668
1.61979
1.63001
1.6388
1.63369
1.59168
1.6029
1.60503
1.60044
1.60803
1.60689
1.61543
1.58677
1.59881
1.60108
1.5961
1.58625
1.63349
1.63352
1.62317
1.63711
1.6437
1.63863
1.63165
1.68225
1.6802
1.68972
1.68305
1.67923
1.6772
1.68317
1.69828
1.69963
1.70263
1.69394
1.69159
1.69621
1.69795
1.8549
4.30833
2.46312
4.10121
2.70327
1.98553
4.37838
199.656
199.789
200.462
15.519
36.7777
48.6866
6.62808
6.30891
35.1916
16.1013
8.84503
6.18363
2.76888
181.364
192.701
194.373
189.351
190.384
199.701
206.269
1.72314
1.73175
1.72653
1.72643
1.72016
1.72018
1.72368
1.70077
1.72792
1.71361
1.70551
1.69119
1.71964
1.70799
1.72337
1.72668
1.72441
1.71699
1.73725
1.71923
1.70787
1.30104
1.16626
1.20504
1.24354
1.197
1.1329
1.2329
0.922355
1.03732
0.867243
0.926369
1.03603
0.95021
0.818265
1.52807
1.43873
1.35695
1.22127
1.31723
1.37927
1.2959
1.28723
1.20047
1.50337
1.51993
1.76501
1.73435
1.97432
1.40924
1.68789
1603.44
1557.64
1308.49
247.396
1071.15
1584.13
1216.88
1286.33
989.905
682.898
600.85
973.003
1463.37
1580.83
595.048
655.291
1457.69
1663.75
897.349
1569.92
279.397
12.7216
339.667
1.46131
0.141164
7.95478
1.46932
342.251
1.80329
3.1406
2.63995
8.53008
1.83143
-0.274383
0.836028
-0.454389
0.954767
2.51812
1.99011
0.707353
-0.679083
-0.752794
-0.747631
-0.611719
-0.577566
-0.509905
-0.49805
-0.507636
-0.473803
-0.47838
-0.490425
-0.486906
-0.405017
-0.392939
-0.404889
-0.374571
-0.365783
-0.373996
-0.380869
-0.328023
-0.298494
-0.325831
-0.31854
-0.294222
-0.312434
-0.330317
-0.20137
-0.217078
-0.223838
-0.232611
-0.22248
-0.204637
-0.216802
-0.157934
-0.182308
-0.167487
-0.148463
-0.131031
-0.0957752
-0.115541
-0.101168
-0.0880835
-0.0994435
-0.113297
-0.100375
-0.0370402
-0.0270118
-0.0336783
-0.0534734
-0.0383057
-0.0384612
-0.0520817
-0.00344576
-0.0163032
-0.0201559
-0.0299518
-0.0531853
-0.0375513
-0.0132424
-0.0257247
-0.0204769
-0.0339804
-0.0458801
-0.0315065
-0.0147059
-0.0143359
-0.00388617
-0.018972
-0.0272136
-0.0534325
-0.0371254
-0.0304758
-0.0250936
-0.00284685
-0.0196221
-0.0183524
-0.106626
-0.0899139
-0.093755
-0.0926057
-0.0819889
-0.0935033
-0.105776
-0.0809935
-0.0672876
-0.0769875
-0.080257
-0.0890451
-0.0874775
-0.102643
-0.082056
-0.0615526
-0.0739407
-0.143577
-0.159525
-0.135927
-0.146904
-0.130301
-0.120196
-0.181787
-0.19187
-0.199732
-0.221377
-0.207412
-0.180883
-0.192587
-0.208265
-0.19596
-0.210936
-0.223146
-0.203623
-0.192715
-0.178721
-0.207575
-0.198309
-0.406557
-0.395618
-0.383156
-0.365294
-0.375609
-0.392543
-0.38311
-0.376728
-0.369661
-0.365852
-0.355481
-0.368339
-0.354863
-0.367195
-0.425132
-0.434145
-0.444027
-0.450166
-0.443767
-0.437166
-0.429165
-0.459424
-0.44013
-0.444798
-0.419847
-0.433431
-0.485566
-0.49207
-0.485815
-0.46996
-0.479558
-0.481242
-0.472834
-0.486417
-0.486577
-0.494158
-0.485379
-0.475266
-0.474799
-0.48514
-0.524364
-0.534862
-0.544833
-0.561018
-0.549932
-0.546992
-0.536929
-0.543007
-0.528991
-0.537224
-0.545536
-0.560041
-0.545286
-0.551649
-0.565362
-0.538875
-0.527316
-0.539446
-0.55048
-0.586439
-0.59291
-0.582374
-0.574844
-0.584165
-0.58476
-0.574644
-0.562658
-0.55876
-0.570041
-0.567139
-0.554966
-0.557659
-0.567854
-0.569373
-0.58268
-0.574358
-0.593073
-0.56385
-0.576575
-0.55481
-0.577704
-0.559573
-0.613954
-0.619363
-0.609378
-0.590606
-0.589373
-0.60352
-0.600631
-0.59077
-0.56473
-0.603387
-0.568476
-0.618937
-0.65464
-0.63891
-0.651607
-0.61452
-0.609848
-0.622431
-0.627178
-0.585186
-0.645501
-0.643859
-0.626129
-0.674029
-0.703717
-0.651986
-1.1748
-1.13992
-1.10372
-1.05894
-1.09755
-1.11966
-1.15766
-1.24703
-1.19857
-1.13278
-1.26337
-1.3223
-1.16862
-1.32435
-1.70337
-1.71986
-1.5953
-1.48035
-1.51894
-1.61144
-1.6353
0.899751
-0.865886
-0.809914
-1.99422
2.26972
0.0457115
2.39183
-1.80572
-1.77211
-2.03942
-1.69171
-1.49874
-2.19079
-2.26046
-2.62811
-2.411
-2.41023
-2.78235
-2.80627
727.384
608.273
753.678
680.43
108.313
670.725
742.188
205.208
205.099
205.138
204.947
204.835
204.905
205.097
204.75
205.096
204.626
204.891
204.88
204.708
205.94
206.016
205.863
205.482
205.734
205.907
205.667
205.751
205.919
205.892
206.364
205.27
205.663
1.66076
1.66252
1.66204
1.65953
1.66208
1.65898
1.66265
1.65219
1.65192
1.64622
1.65715
1.65442
1.65527
1.65167
1.66334
1.65522
1.66012
1.66274
1.66288
1.64253
1.64919
1.65156
1.66044
1.66507
1.66514
1.67582
1.66492
1.66863
1.66349
4.79964
2.94498
3.14734
3.20387
3.24605
2.98397
5.76209
1.74387
1.71811
2.01922
1.67894
3.12075
1.70245
5.66487
5.81799
5.63374
4.79228
3.65203
1.98893
181.395
111.445
189.205
191.7
183.088
197.217
195.689
205.999
205.196
206.265
206.114
205.764
205.935
205.95
205.813
205.888
205.929
205.111
204.905
205.068
205.222
205.053
204.889
205.164
205.089
203.511
204.644
204.708
204.939
205.477
205.967
206.087
206.045
205.295
205.319
205.585
206.227
206.489
206.168
205.736
204.336
195.532
161.593
201.984
202.281
197.389
197.308
1.93895
1.48468
2.26459
3.20775
18.602
1.86426
1.76479
1.91144
1.77742
1.72531
2.49766
2.13064
2.4032
2.47259
2.81974
2.39554
2.83512
1.21495
1.22258
1.28073
1.31354
1.29836
1.2546
1.25143
0.873361
0.549096
0.795487
0.953472
0.558952
0.689876
0.82023
1.14184
1.20001
1.28242
1.25072
1.11552
1.26024
1.13497
1.11318
1.05998
1.44529
0.604285
2.156
1.66377
1.64979
1.78787
2.82554
1.04908
1.97721
2.95565
1.97347
0.544075
1.71041
1.11154
0.490411
0.661252
1.35235
879.295
1045.27
278.745
1060.72
140.972
1023.54
822.766
-0.437057
-0.420601
-0.430328
-0.474463
-0.47233
-0.451217
-0.461612
-0.513617
-0.506597
-0.527803
-0.498859
-0.503898
-0.509405
-0.5119
-0.543073
-0.547231
-0.559736
-0.549998
-0.541037
-0.543587
-0.556042
-0.521373
-0.527678
-0.525471
-0.528315
-0.528046
-0.525843
-0.524854
-0.3995
-0.407874
-0.423356
-0.431165
-0.438978
-0.420889
-0.413698
-0.460904
-0.455676
-0.454042
-0.437542
-0.445949
-0.440723
-0.448471
-0.318105
-0.330908
-0.332505
-0.328084
-0.338502
-0.330198
-0.316811
-0.260407
-0.267765
-0.258103
-0.242249
-0.254521
-0.254777
-0.243411
-0.199178
-0.188667
-0.20613
-0.213723
-0.229027
-0.200338
-0.188472
-0.202729
-0.214166
-0.226817
-0.213929
-0.208445
-0.224085
-0.2128
-0.201382
-0.209293
-0.0229726
-0.0305121
-0.0198192
-0.0213953
-0.00821224
-0.0243798
-0.0249809
-0.0377799
-0.0223225
-0.0140226
-0.0207122
-0.0276447
201.215
201.373
201.306
201.611
201.349
201.504
202.1
202.086
201.488
201.444
201.679
201.685
201.443
201.471
201.467
201.696
200.905
199.318
201.462
201.96
200.82
200.739
-0.0294674
-0.0355018
-0.0287213
-0.031209
-0.0417935
-0.0477686
-0.0301397
-0.0474894
-0.0245446
-0.0331998
-0.00270201
-0.0166564
-0.0187988
-0.786505
-0.689264
-0.714212
-0.641448
1.44437
0.587446
-0.361761
2782.35
2755.43
2812.69
2759.97
2726.91
2841.21
2818.73
2855.87
2846.85
2849.99
2832.76
2857.14
2791.95
2859.85
-0.209758
0.0221641
0.0444719
2707.26
2804.48
2738.72
2738.65
2746.56
2741.92
2737.74
2737.89
2747.63
2762.87
2775.8
2746.56
2730.24
2740.05
2742.66
2747.74
2736.16
2730.69
2740.04
2744.3
2723.95
2745.67
2741.21
2750.93
2736.22
2731.22
2726.22
2734.1
2739.7
2735.09
2736.45
2763.72
2752.2
2738.75
2730.52
2703.26
2732.99
2729.73
2737.62
2728.65
2733.44
2744.45
2735.06
2735.11
2685.45
2728.63
2744.47
2376.01
1220.13
2843.97
2838.7
2817.13
2913.53
2800.28
2778.44
2801.01
2837.25
2825.6
2830.63
2791.28
2803.81
2748.84
2806.47
-2.03058
-2.4587
-1.05085
0.641356
6.86958
0.707723
-0.480337
2743.28
2761.49
2726.19
2794.54
2780.17
2793.77
2760.16
2813.95
2844.35
2782.8
-1.08039
-2.08643
-1.15496
0.0607823
0.0940978
0.0637508
0.0268874
0.0527181
0.0161818
0.0532607
0.0631668
0.0302429
202.418
203.625
203.38
203.492
203.846
203.529
203.605
203.648
203.623
203.848
204.102
203.749
201.814
203.421
203.378
0.06492
0.121113
0.0824719
0.0074434
0.0415467
0.0431908
1.85834
1.89829
1.75514
1.77251
2.58017
1.66223
1.32168
1.67614
1.60973
1.47368
1.07923
1.17361
2391.97
2324.17
2259.55
2335.48
-0.88038
-0.0171916
1219.29
868.377
2.5391
2.44969
2.15144
2.00534
-0.127228
2.36032
3.33812
3.37926
1.02875
1.00208
0.938697
0.918052
-0.0420766
-0.0608429
11.477
-0.458805
-0.913253
-0.978889
-0.959347
-0.776739
1.48001
1.47952
1.47376
1.47851
1.20396
1.19486
1.15577
1.14768
-0.25546
-0.363505
-0.0906907
-0.108861
0.956401
0.942649
1.00725
1.00268
1.05704
1.04702
0.996331
0.986654
1.20278
1.24871
1.30827
-0.19085
-0.197069
-0.295477
-0.3014
-0.66414
119.787
-2.22325
51.1537
-0.715827
-0.826822
-0.635331
-0.739558
1.28999
1.28742
1.2484
1.24498
1.23022
1.22307
1.26507
1.2649
-0.477324
-0.397108
-0.467061
-0.42247
1.58449
1.58999
1.55145
1.55824
-0.442186
-0.423385
-0.482765
-0.475082
0.537248
0.530461
0.397635
0.400962
-1.75572
-1.65698
-1.59974
-1.53001
-2.80633
-3.23574
-2.91737
-3.84866
-0.557123
-0.545264
-0.530322
-0.530333
-0.982399
-0.9538
-0.968703
-0.943216
-0.84434
-0.831179
-0.882009
-0.865806
11.0325
10.0699
19.5402
13.2431
-0.608416
-0.607484
-0.636426
-0.629004
-0.491932
-0.476365
-0.475031
-0.571513
-0.570397
-0.553079
-0.543376
-1.42307
-1.45223
-1.29759
-1.27592
186.342
208.383
171.127
208.317
0.914505
0.919997
0.85084
0.858308
22.9395
4.31821
165.403
186.416
-1.09778
-1.099
-1.07808
-1.08377
-0.93798
-0.920905
-0.937403
-0.9213
-0.227847
-0.203885
-0.230776
-0.206004
-0.144848
-0.155637
-0.104057
-0.113689
0.378335
0.325308
0.402118
0.351073
-0.129836
-0.0947424
-0.0411426
-0.0362695
-0.890008
-0.871896
-0.891885
-0.875897
5.06373
2.27154
36.5209
2.47297
-0.576654
-0.599768
-0.581233
-0.606087
-0.360598
-0.381492
-0.387715
1.22487
1.183
-1.70968
-1.68371
-1.63737
-1.61093
-2.47736
-2.15939
-0.0334894
-0.0185885
-0.0161106
1.23374
1.22804
1.17874
1.19363
-2.18317
-2.1008
-2.32583
594.788
24.3038
27.7202
-2.93792
80.8175
-0.154625
1.76623
1.69406
1.70672
1.68761
1.6711
0.874589
0.85213
0.795067
0.794419
0.809814
0.773982
0.852767
0.809249
0.795166
0.783536
-1.31938
-0.0516159
1.12932
0.514236
0.918309
-0.497584
212.566
1.17505
205.533
-1.07328
-0.86054
0.0515297
-0.037402
-0.975001
1578.91
1.41547
-0.572724
-0.230768
-0.977743
198.833
203.171
-0.376259
-0.390381
5.13736
1.15942
-1.60793
-0.531044
1.45289
1.17009
-0.587223
0.931377
0.815492
-0.791055
-0.578724
208.126
0.797671
-0.135682
-0.504107
140.956
1.10217
195.874
-0.309969
0.242753
166.43
179.93
1.035
206.453
202.415
203.978
-0.281005
201.665
-0.562264
199.119
-1.38937
124.63
197.386
167.855
-1.06014
-1.04911
-1.04169
-0.973902
-1.03555
-1.06464
1.19037
-1.0722
-1.02733
-1.04249
-1.04941
0.959881
0.18394
0.494106
-0.0801573
-0.838443
-1.12013
-0.895599
0.316896
-0.724526
-1.05885
-1.04922
-1.03717
-0.381916
-1.11662
1.38516
-1.08075
-1.07133
-1.12472
-1.15231
1.50124
-1.04749
-1.09249
-1.07312
-1.11033
2.39025
-1.06505
6.04609
-1.12359
-1.35879
18.8654
-1.05596
3.00604
-1.17419
-1.14244
-1.16009
-1.12995
-1.14704
-1.23539
-1.11822
-1.17961
-1.14108
-1.04733
-1.26382
-0.901402
-1.29826
-1.28455
-1.28521
-1.2058
-1.21643
-1.2312
-1.25569
-1.02135
-1.28692
-1.30969
-1.28158
-1.30975
-1.35122
-1.26961
-1.20958
-0.209269
0.188575
-1.28435
-0.289905
-1.48412
179.593
-1.11227
208.972
17.1886
2.48331
-0.533866
-0.248715
173.997
-0.766752
-1.12169
-1.14241
3.91167
153.17
1.7021
204.366
202.539
1.42666
203.166
-0.334152
-1.13186
170.311
-1.19339
21.9998
1.07966
0.285566
-0.246667
-0.917891
-0.41642
-0.967942
10.0136
-0.854126
208.744
172.98
203.591
-1.29054
-0.940409
1.32668
-1.22489
-1.24242
0.866902
204.162
0.342113
206.143
20.2779
206.314
201.126
-0.831056
-0.738823
2.86085
7.43458
-0.179847
15.2447
-1.31812
-1.39421
-1.43049
-1.11489
-1.3803
-1.23366
-1.22183
-1.26333
-0.16387
-0.245105
-1.11995
-0.852392
1.1533
-1.98835
-1.84858
-1.41004
205.091
-0.831433
-1.77499
-0.52825
-1.61607
-1.26231
-1.80473
-1.50275
200.189
1.43189
-0.688968
-1.48036
7.31868
-2.59389
-1.95618
-1.10612
1.43342
3.15331
4.93379
8.3416
1.68957
-2.3826
-0.159458
-1.49107
-0.499254
0.383763
-4.91721
-2.7164
-2.00128
-0.477048
0.401609
662.33
-3.15486
544.088
111.109
140.821
75.8162
57.8353
32.8502
18.6583
-3.04778
-1.06872
0.109537
-2.87082
-1.30966
7.50241
11.4074
17.9742
214.173
184.945
24.7273
11.3377
39.9114
-1.81528
50.0352
45.1898
-1.28234
212.349
177.746
180.008
-1.01875
1.20608
206.087
1.44363
16.7204
18.9606
214.917
23.7993
187.855
185.785
222.705
2487.91
206.856
-1.50539
204.677
-0.973598
-0.26094
-0.279284
-0.487298
-0.514005
-0.716838
0.907741
-1.03064
-1.01078
-0.214169
-0.177064
-0.886324
0.917419
-0.540603
-0.571018
-0.722773
10.5348
-0.523539
-0.0614071
-0.994465
11.9014
-0.0524124
1254.48
205.11
0.617512
180.741
-0.135763
19.5191
6.93927
22.0308
1.22102
-2.65637
1.52483
-2.61512
873.255
1205.75
1.43757
-0.418841
834.581
-0.23046
-0.470628
-3.06159
-0.813557
2.07319
1.60241
5.83703
1115.97
-0.807186
39.4747
-1.76017
-0.488192
150.964
0.916385
0.139062
1.67594
1.37663
206.941
712.397
-2.32378
-2.9369
-1.08678
-0.816182
-2.49353
-2.25205
-2.69728
-1.15502
1066.19
1.48513
-2.29551
-0.0388237
-0.42697
0.470428
221.378
3.10891
202.452
-0.0886742
-0.848662
200.526
1.36447
1.46392
-0.569513
1.41147
-2.65178
1.49891
0.919396
860.926
4.31955
-1.57754
-1.31887
1.28959
-2.65017
3.89292
-1.24154
-1.3819
-1.77752
-1.15624
-1.3493
-1.5545
-1.2407
191.203
-1.55887
-1.39086
-1.25962
-0.532751
-0.870297
-1.03555
-1.31632
-2.14867
-0.871284
-1.28976
-1.3338
-1.35604
-0.3179
1317.84
-1.2429
-0.872959
8.12421
-0.779176
-0.972987
-1.31034
1.61362
1.73035
-0.787618
1.67841
30.4931
-0.468662
-0.749484
-0.702469
-0.693781
-0.649027
-0.668439
-0.789505
0.897179
-0.814187
-0.151838
-0.998673
-0.372245
-0.960865
2.30306
-0.752849
-0.84871
1711.34
1.31196
-0.708506
-0.947684
-0.884822
-0.908143
-0.743071
-0.780763
-0.777514
0.548925
-0.782403
-0.758876
-1.12447
-0.771135
-0.711137
-0.688201
-1.14323
-1.17653
-1.15005
-1.23887
-0.0806576
1.48368
1.45523
-0.712986
-1.21754
-1.19636
1.67842
-1.16202
-0.686762
-1.04796
-1.0995
-1.13576
-1.14675
-1.18476
-1.05041
-1.11074
-1.21257
-1.19455
-0.996745
-1.11414
-1.28567
-0.917971
-1.61293
-0.912453
-0.980666
1.41467
-0.996725
-2.12241
-1.04517
-1.01712
-0.356611
0.77298
-1.06755
-1.1405
-1.07945
-0.991519
-1.00339
-1.04664
-1.02987
-1.00935
17.7847
-0.690676
-1.22824
-1.17706
-1.01422
-1.18239
1.7096
-1.02081
1.52511
-0.952759
41.8046
0.365021
-0.100901
-0.926554
-0.907378
-0.965418
-0.887264
-0.899558
-0.934203
1.65452
-0.929956
-0.637047
-0.960123
-0.958459
-0.894912
1.41134
-0.886382
1.16159
-0.994747
-0.985428
-0.992314
-0.913958
-0.998591
-1.00583
-1.35498
1.78074
-0.862284
-0.734754
-0.794325
-0.761629
-0.794214
205.65
-2.3212
-0.817213
-0.845319
-0.68369
-0.742674
-0.75424
-0.849099
-0.882142
-0.843883
-0.862146
-0.738915
2586.86
-0.166536
-1.1121
-0.871444
-0.746282
-0.744345
1.73527
-0.797877
-0.703711
-0.342419
-0.675311
-0.696022
-0.682962
-1.03219
-0.533837
2.19528
-0.725083
1.59211
-0.694571
1.36706
-0.186098
-0.701761
-0.566399
-0.586216
-0.732997
-0.630544
-0.644306
-0.803675
-0.646948
-0.536871
1.35228
-0.792381
1.5145
-0.489406
-0.629185
-0.49394
-0.544706
0.16429
-0.536982
0.237255
1.78285
-1.08899
0.91633
-0.920139
-0.435117
-0.465892
-0.593796
0.674688
-0.441702
-0.41919
-0.366954
-0.266788
-0.276145
-0.244009
-0.98753
-0.602512
-0.324336
-0.826881
-0.297982
0.0915742
-0.190677
-0.363632
-0.278445
-0.279582
-0.323416
-0.313136
-0.448463
1.41374
-0.487431
-0.329288
-0.316427
-0.452042
-0.437741
-0.093724
-0.333273
-0.346422
-0.286665
-0.312526
-0.400786
-0.400888
-0.345039
-0.582038
0.498716
-0.303265
-0.288641
-0.27659
-0.265673
-0.46022
-0.339776
-0.34214
-0.269173
-0.500428
-0.512261
-0.513481
-0.492235
-0.505774
1.31271
-0.450396
-0.44134
-1.01683
3.16758
1.54248
-0.580123
-1.06114
-0.617304
-0.806291
-0.651395
-0.630119
-0.7493
-0.635556
-0.651395
-0.629799
-0.649145
-0.642778
-0.597584
0.102155
-0.515547
205.748
-0.492321
-0.537549
-0.377338
-0.463836
-0.53922
-0.486088
-0.755331
206.436
205.198
1.20689
1.57746
-0.0349957
-0.0977637
-0.134016
-0.0758693
-0.604724
-0.932872
-0.597267
-0.143203
-0.102771
-0.0720652
-0.160577
-0.136408
-0.0762876
-0.234863
-0.138732
-0.154012
-2.41817
-0.0802451
0.836051
1.32975
-0.249785
-0.3
-1.76861
191.627
-0.0422695
1.18631
1.20472
1.16919
-0.169559
-0.272336
-0.253707
-0.166275
-0.307344
-0.169449
1.676
-0.194878
1.44873
-0.273831
-0.219912
0.878915
-0.146499
-0.248334
-0.246598
-0.220775
-0.237971
-0.264111
-0.225635
-0.158864
1.27139
1.66892
-0.357703
-0.478739
2.36626
0.847948
-0.0921101
0.128469
-0.268589
-0.379914
-0.568299
-0.157508
-0.0375791
-0.214266
-0.0406669
-0.0322528
-0.701046
-0.0345255
1.26373
-0.130452
2.26984
1.21678
-0.024462
-0.0973522
-0.176523
-0.170961
-0.100722
-0.783219
-0.0388297
-0.0755432
-0.131782
-0.26121
1.62678
-0.0777147
-0.235792
-0.044095
-0.15893
1.31075
-0.296754
-0.213194
-0.291652
-0.187927
-0.151452
-0.279165
2.24568
-0.480338
-0.149084
-0.0884098
1.36961
0.402027
0.0248972
17.9914
-0.933542
-0.116905
0.832035
-0.445486
-0.113193
-0.545885
-0.181649
1.12972
-0.956638
-0.537618
205.458
1973.89
2115.98
0.131491
2145.15
1745.24
-0.48274
1.63269
201.63
0.443607
-0.507633
0.0821598
0.0165195
-0.125596
1.42354
0.901545
-0.143892
205.964
-0.041575
-0.300122
-0.0772595
-0.507412
-1.69784
2909.9
2814.81
1.06001
-0.627099
196.69
-0.505065
-0.488599
-0.565166
-0.590912
-0.527864
-0.501391
0.281574
-0.658147
-0.529861
-0.344896
-1.11238
-1.00784
-0.113472
-0.53298
-0.526589
-0.0628021
-0.735806
0.0013809
-0.65479
-0.525179
-0.526651
-0.58426
-0.452932
0.638576
-0.518346
-0.520453
-0.507239
-0.420764
-0.585352
-0.107404
-0.567354
-0.42087
-0.172722
-1.56937
0.825743
-0.86702
-0.425366
0.419794
-0.464325
-0.376183
-0.297968
-0.485986
1.67314
2.2885
-0.0681279
-0.660243
-0.165099
0.645901
0.0139678
-0.537482
1.29051
-0.932559
-0.0505081
-0.787509
-0.560312
1.60838
2.44568
1468.44
1649.8
-0.494398
-0.543811
1.81505
-0.00385955
0.439292
-0.319682
2.94825
1559.79
3.27615
-0.848981
1521.94
-1.04788
0.529953
-0.142682
-0.292623
942.491
-0.644706
0.491416
1.77853
-0.0735172
2.44616
0.00680037
-0.525429
0.319705
0.365386
1.60438
-0.405351
1.20232
-0.314208
1216
-0.293033
-0.902991
-1.15171
-0.418311
-1.11132
-0.387624
214.476
-0.046305
-0.396653
-1.13125
7.49712
-0.591542
1.96543
-0.1083
-0.66447
-0.176166
1.05705
1161.73
9.08472
-0.578841
-0.0822538
1320.85
0.826758
0.365428
1376.63
1672.38
44.0091
1.74643
0.424208
1600.74
1.58828
1.44531
1.59549
1.66712
2.79978
1.58339
1.9374
1.58068
1.76093
1.68626
1.82433
1825.23
1610.5
432.615
1.77243
1.63958
-0.142764
1802.23
1.57796
1852.51
1767.47
-0.678207
2.08163
1.91792
-0.526585
1.58703
1132.59
1083.81
-1.06328
-0.098056
749.275
1969.89
0.491139
2.23936
1204.87
0.689265
811.181
-0.819276
2256.1
1.73214
2099.16
-0.51874
2038.28
-0.726773
1.63002
-0.738813
1.65179
1.73021
1.65636
1.65738
1.48427
1.5891
-0.396654
1.60662
2233.29
1.74388
-0.522257
1289.89
1.97074
1.29258
1.46777
1.58081
1972.92
1.58527
1766.08
1.74754
1.5602
1.50313
1.37983
1.42642
1.39964
1.39768
1.30932
-0.960964
1.54958
1.52591
1.48406
1.25801
1.84075
1.30452
1.28838
1.03381
1.29009
1.73966
1.17123
1.05099
19.6425
1.64481
1.33035
1.01227
1.45374
1.43433
1.43092
1.57008
1.4272
1.106
1.49815
1.405
1.42153
1.46044
1.4631
1.47608
1.48731
1.50558
1.48983
1.60668
1.53628
1.64703
10.1483
132.943
1.90675
-0.538011
1.48194
1.51725
1.4792
0.586827
2760.4
1.51989
-0.0933903
-0.754624
-0.0165996
1.48456
1.46184
207.934
2896.73
-0.800143
0.72536
0.223862
0.886802
1.61802
1.16401
0.977078
0.959852
0.335187
3.10953
2.46839
4.04843
25.5696
2.03774
-1.30239
1.52903
1.41909
-0.381465
208.188
1.90182
2156.23
2538.28
-1.08963
1907.72
1.72621
1.7031
0.602006
1.52331
1.7178
2669.53
2584.13
2070.19
2662.22
-0.632348
2217.54
2103.88
-0.138891
-0.214539
2452.1
1.74148
1.27405
2545.95
2551.77
2.89408
1.201
15.7828
-1.76792
-0.491381
-0.930899
1.80586
1.21485
1.34988
0.88463
0.914115
1.6261
1.88131
0.855995
1.86667
0.593828
0.838647
0.4596
-1.86214
0.847537
0.624336
1.1834
1.22609
0.375492
0.616923
0.650998
0.463881
-1.87411
0.637137
1.08705
1.4582
0.292803
2842.36
0.414559
0.218822
1.94258
2793.58
0.103482
0.127501
2773.49
-0.577723
0.253357
0.348879
-0.475329
1.32365
0.0960375
0.728599
-1.17231
0.347496
-0.551166
3.68975
0.432292
0.321571
0.154678
0.314581
0.535422
-1.06497
0.261004
0.543834
0.163829
1.32237
0.79809
0.535702
0.110648
0.582695
-0.0835864
0.583044
0.682618
0.636981
-0.496326
-0.797726
0.548425
0.415066
0.542849
0.743573
0.451454
0.366198
-0.642515
0.532644
0.486055
0.612439
1.40591
0.318027
1.72149
0.175081
0.194487
-1.04416
1.05486
0.389239
0.0797012
0.524452
0.226735
0.625255
1.403
-1.04638
1.65092
1.36761
0.238353
0.475091
0.742147
0.509711
0.0900774
2301.65
0.631539
30.7032
1.22864
1.15993
0.0987041
1.10824
1.16389
1.29909
1.31507
1.33123
1.33632
1.32151
1.30845
1.36955
1.34972
1.35949
1.32543
1.31766
1.3623
1.68571
1.46404
1.50781
1.37492
1.11418
-0.0581919
1.28573
1.23125
1.10448
1.25847
1.43817
1.36422
1.38995
1.4298
1.4223
1.42482
1.56728
1.40244
1.20263
209.671
0.964292
1.02794
1.51746
-0.943815
1.57766
1.07518
0.987705
0.958638
1.0852
1.03191
3.46549
1.05965
0.987143
0.953674
1.21595
0.502009
1.13637
1.27847
1.09061
1.08591
1.07188
0.832814
0.870453
1.01573
1.7064
0.390648
-0.499352
0.809299
1.56206
-0.241239
1.03535
0.844265
-1.78829
-0.600943
-1.97778
1.03515
0.362422
0.728782
-1.54171
0.745108
0.552492
0.738338
-0.939891
1.11017
0.998484
-0.482392
1.5997
0.698244
0.257376
1.28538
1.20641
1.26537
1.16156
1.71163
1.36162
1.32453
1.33979
1.36097
1.38219
1.31556
1.26169
1.25838
1.07929
1.24968
0.665989
9.4798
-0.596572
1.34807
1.41454
1.16353
1.31721
-0.589676
1.5214
1.3779
-1.82565
1.52057
1.47122
1.4608
1.48406
1.47476
1.4256
10.0064
1.47634
1.45878
1.52925
1.45762
1.51345
1.31802
1.42026
206.6
1.50302
1.49317
1.25499
-0.583265
1.38139
1.38214
1.39832
1.47344
1.48049
0.474063
1.47805
-0.596367
1.37225
1.18765
175.455
-0.589915
1.46516
1.4687
1.3948
1.41044
1.36055
1.44049
1.45134
-0.0877389
1.0258
1.37657
1.40993
1.41123
1.5335
1.53961
1.54047
1.39432
1.49628
1.48707
1.53952
1.52855
1.50667
1.49468
1.52322
1.54012
1.50361
1.4974
1.65303
1.45558
-0.501855
1.47651
1.47013
204.685
1.44096
1.4274
1.49197
1.73636
1.71164
1.73067
1.79833
1.82612
1.7016
1.70045
1.42505
1.73931
1.66062
0.32386
1.72214
1.54849
1.56528
1.54411
1.68142
1.6481
1.6375
1.57976
1.72125
1.64093
1.65639
1.6582
1.68834
1.67266
1.70376
1.59141
1.5874
1.57871
1.61729
1.01864
-0.053898
1.65689
1.65584
1.70432
1.61152
1.68547
1.67127
1.64536
1.43962
0.98943
1.71583
0.336072
1.49177
1.63317
-1.04352
1.54698
1.70171
1.55222
1.58309
1.70996
-0.525015
1.45232
1.63051
1.79773
1.56741
1.54455
1.5679
1.44886
1.58855
0.553299
1.60587
2.22528
1.60697
1.8192
1.65681
1.38112
1.66073
1.67564
1.67402
1.6623
1.68703
1.68011
1.45185
1.56959
1.67169
1.68486
1.62857
1.34341
1.67824
1.6728
1.6813
1.67797
1.57002
1.67796
1.68244
1.69073
1.71012
1.68739
1.70285
1.69691
-0.579406
1.68624
1.69606
-1.02122
1.66809
215.495
1.67436
1.68824
1.72141
1.66871
1.73696
28.5732
203.827
204.883
205.415
207.748
1.52283
1.67101
1.67955
1.65913
1.72696
1.84462
1.17979
1.68575
1.64375
19.8207
207.11
1.6612
2.22856
26.9619
1.65055
2.45774
1.65543
206.584
209.497
1.17061
205.303
203.959
157.125
1.61792
2.09738
8.43182
6.38331
199.292
-0.53281
204.147
1.66817
1.78933
172.159
1.78462
1.777
1.76562
1.74094
1.7482
1.67945
1.73031
1.58704
1.62352
1.78106
1.58051
1.72113
-0.21524
1.75986
1.73268
1.63103
1.72789
1.76607
1.60982
1.89578
20.4531
1.65881
3.10117
1.6425
1.77241
-0.253844
1.79996
2.12442
1.72408
1.78983
1.4736
3.54737
2.24885
203.356
1.74312
2.09265
2.10418
2.19057
2.19288
1.90467
1.73596
190.123
2.36146
2.49371
2.39591
2.45409
1.60236
2.47847
2.40905
2.42174
2.42448
2.45237
2.40797
1.74009
1.95661
1.79583
2.34915
2.37515
2.32259
2.26041
1.80669
2.30709
2.32294
2.39829
1.97007
1.702
1.97014
2.38663
2.27143
1.79444
1.49272
-0.46163
206.115
206.518
205.141
1.93425
1.84981
19.7534
3.47181
187.244
1.74421
1.3464
2.93096
7.8552
2.99416
206.225
2.24472
165.601
206
205.38
1.19562
1.58286
205.681
152.691
206.634
13.4177
-1.06781
207.289
206.585
208.131
1.72124
6.34853
205.398
9.26495
8.3701
2.39615
1.4922
4.77907
5.65976
168.99
1.69264
1.42443
208.191
3.26292
3.08207
191.919
40.1383
12.9957
219.082
-0.0162986
-0.991664
213.765
217.892
10.3256
32.7157
7.05582
209.632
11.7106
14.5845
-0.675654
-0.518271
1.69487
2.12808
2.00981
2.26662
2.47628
1.79678
1.70848
2.39432
2.88421
1.80875
3.03076
1.95472
0.719782
-0.602554
-0.0432422
1.72068
2.17308
5.42191
4.92029
1.24989
1.77041
2.05369
5.84254
5.46658
7.82389
5.66108
3.78543
5.35975
3.71018
0.958896
2.39387
19.6055
421.705
104.883
1.68622
0.621057
661.781
-0.874233
-1.14562
20.4985
-2.84129
2.10985
849.537
-1.73828
17.6628
-4.20761
7.29193
-2.10864
748.361
20.3649
-0.414891
-0.544793
2.05719
-3.35019
442.844
0.409651
1403.48
0.357541
8.56215
323.236
1.76626
548.251
766.479
1.53553
-1.64866
0.349362
730.967
1068.82
57.4221
11.839
1124.02
-0.958382
-0.950965
4.00217
-0.143853
1.21899
3.03874
584.018
0.903675
575.44
1.38966
21.8574
1.67019
14.4432
180.815
1.07285
2.22327
4.4835
1289.61
1.4106
1.74058
1.84473
2.04862
1.54264
1708.64
1.86949
-0.000535459
6.24184
1.83946
872.144
2.39484
2.31735
-0.375449
1.70737
1.34683
0.133707
0.24614
1.29813
1.43608
1.45473
1.42457
-2.90453
1.48874
1.572
1.60904
1.39471
1.56971
1.44664
23.124
1.3942
1.47557
1.48858
1.47589
1.31652
1.47922
-0.135885
1.67421
1.4864
765.382
1.50463
1.13194
1.36558
1.51338
759.446
0.135802
1.50626
1.43076
1.57837
1.38054
1.57447
1.57971
1.70859
1.72593
1.6168
1.513
1.59786
1.65816
-0.825577
1.63596
1.55707
1.43121
1.57542
1.56481
1.48327
1.5845
1.3901
1.58583
138.001
144.598
78.503
1.32536
1.2834
205.652
1.14811
1.4287
1.34688
1.48747
0.258897
0.205963
1.56199
-1.03358
1.73099
1.50446
1.52304
1.30342
1.4857
1.71948
1.20601
1.62712
204.543
1.60281
-0.320387
1.65932
1.3896
1.40735
1.41817
-0.312538
1.43035
1.4004
1.5793
1.53468
1.43023
1.48508
1563.3
1.42626
1.45768
2.42985
1.51868
503.136
1.77789
1.40772
1.45652
1.51275
1.46421
1.41165
1.49612
1.56899
1.58779
1.45524
1.32594
1.52865
1.71361
1.59106
1.29069
1.48214
1.50782
2.2555
1.7366
1.62948
1.7245
2.27453
346.759
622.063
1.1572
1.93284
2.06842
1.55489
-1.40361
1.90167
1.48595
-1.03072
1169.34
28.968
529.311
4.28017
1.87405
357.488
1.34263
2.24519
1.03395
1.73915
-0.266851
211.939
1.59791
2.02488
218.009
1.64642
0.784028
11.2311
207.12
209.86
12.3264
2.86248
12.6642
206.027
170.324
-1.31033
1.72212
2764.24
2.25685
205.415
204.593
191.811
17.709
2.23211
10.0597
191.884
2.15917
169.56
2.18366
1.68271
205.658
2.17081
-0.186001
1.82087
1.61037
-0.539773
1.59312
1.52521
1.83399
1.66376
1.34016
-0.23317
1.7253
2.1132
2.48917
1.3877
1.92306
1.88656
1.89974
1.58628
1.8855
1.68297
18.3075
1.69276
1.82299
1.73112
2.03841
1.81613
204.323
1.71281
1.8292
2.20098
2.14954
205.631
2444.7
2.46241
1.78031
204.428
205.324
3.30296
37.0886
2.16911
1.69998
1.38895
3.77745
205.673
210.31
2.41528
168.251
182.926
1.6857
1.73874
645.628
1.55308
22.6429
2.04603
204.528
1.66715
209.083
207.057
-1.03411
1.67911
1.69716
1.56508
1.04478
137.403
-1.77354
-0.262125
1.65528
1.76155
1.67166
1.59706
2.10002
1.65108
20.2231
1.61332
1.70764
15.8146
1.68846
1.59017
1.74071
1.61033
1.78125
1.6414
1.73242
1.66873
1.63295
1.70427
1.99896
1.48925
1.49464
1.98219
1.4717
2.43583
1.93616
1.53638
1.47155
1.31385
1.74607
1.4616
1.45995
1.49018
1.4782
-1.1371
1.40577
1.5059
1.47231
1.49865
1.4425
1.46015
1.57238
1.61163
1.65711
1.6567
1.6089
1.50838
1.3878
1.61838
1.40017
1.60041
1.43081
-1.78739
0.92709
0.880994
0.963469
1.1986
1.20001
-0.462981
1.03483
1.02744
0.900245
205.952
0.895857
0.594411
-0.374315
-0.487819
-0.360951
-1.37447
-0.127199
-2.23785
-0.649245
1.19135
0.738642
-0.262581
2017.4
-2.49077
1629.3
0.558817
-1.15169
0.531232
1.53403
1.42787
1.94534
1.75106
0.922732
1.46277
8.55852
219.699
-0.0162446
0.950208
-0.574947
0.0873066
-0.144467
-1.30191
-0.405699
-0.912669
1.22369
0.0553423
0.186695
193.711
-0.423814
1.14831
-1.05116
-1.26352
0.888971
-0.368481
-1.00702
1.76647
-1.0279
-0.142488
1.0592
0.119433
-0.696167
1.56103
-0.256151
-0.185406
-0.645727
-1.02359
-0.15559
-1.59543
2.41891
-0.516094
-0.119615
1484.25
2.19023
1.3428
-0.279409
1.18611
-0.0469151
-0.48277
-0.579363
2.00441
-0.681332
1220.98
0.820195
1.49821
641.747
0.10623
-0.1065
1.36909
0.837801
-0.483892
907.293
2.72225
2711.95
-0.408765
0.768451
1.6427
0.688711
1925.82
2234.24
-0.681592
1.58171
1349.31
-0.500133
-0.485791
-0.521842
-0.358528
2706.28
1.616
1.95869
0.661021
1.5948
-0.61802
-0.082659
2.21432
-0.388587
-0.376709
2656.38
2779.7
271.016
1.4393
-0.0739278
-0.692603
-1.34643
-0.535053
1.55303
2.20085
-0.152775
1.5949
1.23769
-0.687837
2079.83
-0.0439313
0.511022
-0.0469174
1.50211
-0.0366782
-0.326815
-0.209003
-0.0660714
-0.240558
-0.078578
-0.270797
1.75541
-0.0750673
1.12075
-0.0732327
-0.128443
-0.0704245
1.56483
70.4564
-0.135647
-0.15108
2763.5
1.20055
-0.583447
-0.504876
-0.636787
-0.417078
-0.772548
1.44167
21.6393
-0.696521
-0.777708
1.59419
-0.925425
1.47583
0.561145
-0.290299
-0.372719
-0.477073
0.241532
-0.540151
-0.34187
0.463189
1.7283
-0.432024
1.60515
1.51938
1.40944
1.22244
-0.216616
1.46021
1.39248
-0.354339
205.648
-0.823589
-1.19409
1.12289
-0.674896
0.624792
-0.434415
-0.803667
-0.410151
-0.302977
-0.65094
-0.806044
0.471526
-0.719683
-1.02414
-0.337771
1.4356
-0.572311
1.5917
-1.24943
-0.780112
-0.83584
-1.05085
-0.746992
-0.815314
-0.841466
-0.467489
-0.912373
1.36152
1.3616
-0.876362
-0.282248
-1.1062
-1.09927
-1.13604
0.75823
-1.01186
0.733213
1.24853
-1.08753
-0.975661
0.177943
-0.255272
-1.03486
-1.02295
-1.12952
-0.905415
-1.00398
-1.21851
-1.02516
0.573433
1.6386
-1.27062
-0.965536
-0.829006
-0.941515
-1.26851
-1.06339
-1.07835
-0.629842
-0.854916
-0.967374
-1.08175
-1.3276
0.332888
206.084
-0.891708
-0.329014
1.04517
-0.955504
-0.973564
-1.37807
-0.989312
-0.545467
1882.53
1.56398
-0.829588
-1.00432
-0.730142
-0.502867
1.72529
-0.779014
-0.417629
1.80419
2.29516
-1.02015
0.611641
-1.26615
1.40774
1.02295
-5.21632
-0.680162
-0.505857
-1.03101
-1.44517
-2.41474
1.12591
-0.871217
-2.01507
2776.77
1.03935
1.16461
-0.68214
1175.76
1297.46
0.651387
-0.111403
0.543054
220.127
462.555
11.267
15.7701
243.759
-1.10919
216.87
0.881896
3.75677
223.263
12.7912
3.1886
-1.10569
205.482
592.119
-0.418929
0.641837
3.37697
0.197154
-1.00083
205.909
-0.100007
0.698846
204.478
189.428
-1.24178
-1.54295
-0.616471
-1.16447
1.34463
-1.10254
0.273313
3.92028
-1.30688
206.19
5.72945
5.79502
793.026
0.248449
-1.19955
2.76009
211.948
219.653
-1.58123
31.0829
14.3574
7.89345
3.08573
-1.32768
1.00389
-1.17778
-1.67185
-1.05774
293.795
-1.06886
1.65841
-1.23846
-1.50465
-0.166968
200.968
-1.37139
1.30678
-1.26063
0.684421
33.4097
1.39052
-1.1978
1.43156
-0.985343
-0.214141
-1.15119
-1.15866
-0.183643
-1.01639
-0.969711
1.55924
162.465
1.48087
1.39814
19.6024
2.12818
1.05081
1.3438
-0.439528
1.85677
-0.947892
-1.13064
201.806
-1.12561
493.627
-0.985993
596.038
-1.31036
1.14616
-0.950919
1.36841
0.467927
213.772
-1.26428
-0.776733
2.16292
-0.458013
-0.442147
-1.30192
204.403
-0.555768
-1.09148
-1.11003
0.944983
199.584
-0.964486
0.032179
0.62787
2.16036
1.96131
1.654
-2.09098
652.492
-1.15108
-2.86644
-0.602051
-0.516991
-0.763587
-1.06173
-0.782887
-1.05918
-0.597764
1.96144
1.74447
-0.414608
-0.382098
-0.346372
3.78834
-0.659307
-0.657498
-0.746931
-1.76031
1.4519
56.9869
2.06504
2680.68
-0.072129
-2.23006
7.36843
-0.683576
1.44048
1.5825
1233.43
0.906351
2415.28
1.56471
0.59178
1.28625
1.43332
0.821002
1.90637
-1.71355
1.53623
0.35775
0.964088
1.52958
1.27114
0.969201
-0.349678
1.49399
2.12718
1.66635
-0.417087
1.14236
1.21142
1.25957
2.34989
1.54593
1.20544
945.584
1.53499
1.64445
9.38517
1.43903
1.68697
1.48347
-2.36622
1.64111
1.47672
13.7176
1555.12
1.47221
1.44794
0.31473
0.933558
-0.675609
0.268883
1.66577
-1.06259
1.68392
0.058011
2773.33
1.50167
1.36679
3.53072
1.33136
1.5402
0.894225
0.967671
1.05543
1.7529
-1.08636
1.66551
-0.0435795
-0.62279
1.04734
1.47419
1.54617
1.72879
1.51808
1.53004
0.900856
1.39891
-1.18339
997.249
1.52458
5.1936
1.36793
1.53505
-0.0190673
-0.888165
-0.303717
2770.37
1.37968
-0.934236
151.027
-0.265337
-0.948355
-0.253073
1.43047
-0.367597
-0.651996
-0.0831401
0.0828092
-1.13901
-0.924918
268.122
1.67247
1.64346
1.1501
1.40204
-1.2872
-0.545615
-1.03468
-1.08589
0.381356
-1.05943
-0.973217
221.134
200.677
-0.543288
1121.03
1.23854
-1.10487
-0.0467984
1.3859
-1.4405
-1.0316
629.157
1.57705
-0.306593
5.95263
1.5569
0.916441
1.59198
1.77907
0.799834
-0.388076
1.5565
-0.397129
)
;

boundaryField
{
    FrontBackPlanes
    {
        type            symmetry;
    }
    wallz
    {
        type            fixedFluxPressure;
        gradient        uniform 0;
        value           nonuniform List<scalar> 
97
(
2770.03
2718.5
2739.94
2796.58
204.662
201.103
-0.995749
202.075
202.327
0.480378
0.205244
0.347266
-1.1051
-1.03735
-1.52689
201.634
200.649
200.655
0.817174
0.716094
0.599119
-0.993448
-1.02127
-1.07407
203.078
203.978
203.156
1.0883
1.00996
0.915199
-0.877024
-0.920629
-0.960251
203.987
205.85
1.24096
1.16589
-0.734802
-0.783755
-0.833919
217.316
213.098
1.30204
-0.581103
-0.63243
-0.689093
219.574
212.922
217.96
1.46963
-0.421706
-0.474716
-0.531111
209.127
206.082
207.182
1.56633
1.51603
-0.309936
-0.362617
205.571
205.355
205.247
1.63001
1.60503
199.656
48.6866
-0.082056
-0.135927
205.099
204.905
205.919
1.66012
1.65156
2.01922
5.81799
4.79228
205.813
205.068
205.967
201.685
201.96
-0.0287213
2707.26
2744.3
2728.63
2813.95
203.749
203.378
0.06492
1.41547
206.453
-0.245105
205.65
208.188
-0.214539
1.36558
)
;
    }
    outlet1
    {
        type            fixedValue;
        value           uniform 0;
    }
    inlet1
    {
        type            fixedFluxPressure;
        gradient        nonuniform List<scalar> 2(0.000942224 0);
        value           nonuniform List<scalar> 2(2750.93 2744.45);
    }
}


// ************************************************************************* //
