/*--------------------------------*- C++ -*----------------------------------*\
| =========                 |                                                 |
| \\      /  F ield         | OpenFOAM: The Open Source CFD Toolbox           |
|  \\    /   O peration     | Version:  v2012                                 |
|   \\  /    A nd           | Website:  www.openfoam.com                      |
|    \\/     M anipulation  |                                                 |
\*---------------------------------------------------------------------------*/
FoamFile
{
    version     2.0;
    format      ascii;
    class       volScalarField;
    location    "0.05";
    object      p;
}
// * * * * * * * * * * * * * * * * * * * * * * * * * * * * * * * * * * * * * //

dimensions      [1 -1 -2 0 0 0 0];


internalField   nonuniform List<scalar> 
6576
(
-610.558
-667.659
-630.055
-622.567
-608.293
-573.587
-615.643
-607.019
-591.07
-604.865
-541.8
-555.15
-564.49
-561.031
-534.921
-535.516
-630.601
-580.393
-554.955
-472.084
-608.251
-546.054
-551.337
-700.855
-478.443
-393.625
-228.452
-629.138
-674.489
-676.422
-629.672
-694.552
-586.814
-453.537
-446.434
-425.904
-487.124
-446.317
-499.473
-471.528
-555.828
-630.938
-526.917
25.4054
3.60728
39.0578
6.25389
24.2739
65.5039
41.4568
15.4032
40.222
-2.92139
-2.92375
-2.93535
-2.8927
-2.89706
-2.9105
-2.90527
-2.92349
-2.89454
-2.88464
-2.86942
-2.90103
-2.92569
-2.89298
-2.71903
-2.75135
-2.76486
-2.77899
-2.75013
-2.81194
-2.77827
0.201009
0.172921
0.193173
0.192477
0.216442
0.218882
0.197354
0.169855
0.170491
0.136832
0.155713
0.183481
0.167957
0.139885
0.530702
0.528266
0.537862
0.510386
0.52104
0.519606
0.46969
57.4115
44.616
85.063
5.52721
33.1378
56.7404
27.7711
187.154
160.579
152.977
160.854
187.215
140.008
166.265
165.439
152.233
191.757
138.982
165.778
165.198
-2.91145
-2.94321
-2.89072
-2.89465
-3.01064
-2.84671
-2.92608
-43.6494
-79.1637
-360.878
-245.218
-181.023
-60.9367
14.3066
-2.87109
-2.98783
-3.00122
-3.45378
-3.00942
-3.71128
-3.12095
-1.2941
-1.27612
-1.31955
-1.267
-1.22473
-1.22982
-1.27443
-1.53084
-1.50464
-1.47609
-1.49225
-1.43076
-1.42931
-1.48522
-1.76762
-1.74244
-1.81554
-1.64991
-1.69889
-1.74926
-1.70584
-1.79275
-1.86452
-1.78325
-1.76971
-1.84405
-1.77021
-1.69283
-1.7968
-1.718
-2.01803
-2.08685
-2.04862
-1.91801
-1.95647
-2.01271
-1.97902
-2.11227
-2.18795
-2.12568
-2.06141
-2.13933
-2.05286
-2.15629
-2.10651
-2.01668
-2.7976
-2.85709
-2.88908
-2.81263
-2.88477
-2.97327
-2.89242
-2.85642
-2.93379
-2.9203
-2.89333
-2.90398
-2.84372
-2.86511
-2.85594
-2.88124
-3.05949
-3.00167
-3.05684
-3.08202
-3.06001
-2.9948
-3.04035
-3.07877
-3.14715
-3.20677
-3.05466
-3.00604
-3.06054
-3.09301
-2.86809
-2.6409
-2.79181
-2.7181
-2.72499
-2.7349
-2.6022
-2.85132
-2.86383
-2.87497
-2.81946
-2.82066
-2.83396
-2.83808
-2.77306
-2.80928
-2.79878
-2.80122
-2.76626
-2.78037
-2.80959
-2.74349
-2.69291
-2.67616
-2.7789
-2.79827
-2.73499
-2.72388
-2.4305
-2.48963
-2.41757
-2.52238
-2.53372
-2.45874
-2.47037
-2.21736
-2.13585
-2.15872
-2.29326
-2.27242
-2.25813
-2.23817
-2.16884
-2.19273
-1.94009
-1.85896
-1.89388
-1.93613
-1.96989
-1.87771
-1.91058
-1.4756
-1.49427
-1.45292
-1.41005
-1.4516
-1.45474
-1.41483
187.699
160.652
154.841
174.916
147.78
116.082
143.307
128.253
155.824
50.6065
82.5178
52.2754
49.9427
21.402
38.2562
11.062
0.493487
0.657356
0.655167
0.599916
0.603775
0.579715
0.589921
0.685057
0.449663
97.1877
53.3609
69.236
0.0822574
-1.12999
0.601938
0.0252173
-0.519179
-1.45714
-2.48246
-0.247116
-0.197889
-0.202503
-0.211956
-0.256391
-0.230974
-0.187865
1.15862
0.948788
0.811692
1.14243
0.936003
1.18129
0.711616
0.854341
1.1434
-0.166524
-0.139686
-0.124191
-0.221037
-0.205932
-0.186636
-0.171438
0.376605
0.465702
0.460165
0.476077
0.453002
0.446528
0.498237
0.209497
0.599703
0.200463
0.552407
0.652346
0.41267
0.630891
0.496434
0.469106
0.488909
0.48713
0.557735
0.158504
0.512661
0.229282
0.24903
0.394974
0.0109476
189.22
189.696
199.99
162.963
163.118
173.72
173.848
189.451
188.338
201.76
174.286
161.316
114.876
140.872
155.443
170.353
42.7679
23.1503
53.6074
63.4108
90.3312
43.0003
65.3317
0.407931
1.11022
0.911921
0.0317295
0.631098
1.2277
1.38955
0.146477
0.191907
0.161998
0.221199
0.237688
0.202951
0.219604
0.181847
0.165452
0.0655843
0.066421
0.096187
0.117249
0.126172
0.0828494
0.0891098
0.0951957
0.115284
0.0775774
0.161368
0.149557
0.14238
0.13391
0.0984414
0.108986
0.457246
0.408814
0.465359
0.573312
0.433456
0.400061
0.483612
0.548231
0.572844
0.663219
0.50301
0.475377
0.508449
0.542427
-2.24934
-2.2864
-2.31085
-2.22475
-2.24818
-2.27471
-2.30244
-2.29649
-2.34498
-2.34348
-2.33167
-2.28859
-2.31467
-2.35851
-2.1739
-2.20058
-2.23425
-2.18446
-2.15341
-2.19469
-2.22891
-2.1511
-2.18978
-2.13011
-2.13129
-2.16755
-2.10509
-2.06735
-2.12491
-2.08938
-2.30046
-2.33914
-2.28303
-2.29461
-2.26329
-2.33579
-2.29937
-2.42036
-2.35854
-2.4019
-2.42196
-2.46223
-2.38428
-2.42233
-2.42639
-2.44316
-2.48113
-2.40452
-2.36549
-2.40381
-2.4396
-2.72209
-2.70331
-2.66455
-2.72545
-2.76437
-2.72472
-2.68412
-2.53734
-2.57357
-2.57963
-2.5741
-2.61351
-2.63465
-2.59531
-2.78751
-2.72708
-2.74696
-2.55246
-2.57151
-2.50894
-2.91541
-2.87884
-2.87802
-2.88015
-2.9161
-2.89232
-2.86019
-2.87164
-2.87826
-2.91542
-2.81274
-2.85104
-2.84115
-2.87518
-2.89693
-2.93274
-2.86153
-2.87116
-2.81871
-2.85245
-2.91494
-2.88164
-2.89797
-2.86347
-2.83671
-2.87193
-2.93401
-2.91572
-2.91395
-2.90121
-2.8829
-2.87195
-2.81968
-2.85697
-2.89191
-2.91732
-2.92105
-2.93455
-2.88565
-2.88323
-2.89968
-2.89839
-2.63265
-2.60515
-2.57526
-2.65253
-2.68073
-2.63229
-2.66188
-2.62398
-2.59545
-2.5106
-2.48211
-2.53144
-2.56014
-2.58559
-2.52929
-2.55258
-2.59361
-2.6236
-2.5749
-2.58159
-2.62262
-2.63362
-2.58959
-2.4309
-2.45212
-2.4479
-2.49608
-2.5168
-2.50124
-2.48176
-2.2106
-2.15384
-2.22779
-2.2673
-2.20465
-2.29578
-2.26769
-2.33479
-2.40199
-2.41124
-2.35699
-2.36781
-2.25186
-2.26383
-2.32462
-2.41688
-2.42047
-2.35738
-2.35773
-2.93472
-3.00475
-3.11065
-3.30446
-3.46095
-3.22859
-3.12441
-1.14072
-1.15905
-1.31456
-0.979759
-1.09705
-1.17401
-1.02924
-0.928047
-1.0214
-0.906933
-0.835108
-0.923053
-0.852506
-0.944314
-0.991378
-0.888448
-0.572483
-0.560631
-0.654867
-0.593886
-0.61559
-0.670458
-0.69556
-0.178342
-0.220939
-0.23206
-0.244493
-0.287681
-0.256011
-0.214574
-0.284272
-0.317014
-0.256828
-0.24782
-0.277689
-0.204842
-0.236446
-0.225913
-0.266313
-0.281851
-0.338615
-0.296252
-0.262997
-0.302668
0.100193
0.0664834
0.120853
0.134357
0.102278
0.171599
0.138574
0.271814
0.30205
0.253578
0.235616
0.202219
0.30037
0.270139
0.267982
0.236492
0.194637
0.230027
0.245522
0.281459
0.248653
0.248528
0.215692
0.228508
0.195411
0.397727
0.428879
0.381451
0.380548
0.348951
0.367737
0.398057
0.347896
0.378382
0.332603
0.38092
0.416114
0.383694
0.382686
0.351273
0.330703
0.536751
0.562397
0.521904
0.518441
0.468214
0.500463
0.724502
0.671164
0.724682
0.554182
0.705385
0.216427
0.249919
0.580263
-0.0693467
-0.0590805
0.558053
0.609015
0.969352
0.736929
0.531695
0.409244
0.902984
1.13191
2.99427
-2.94752
0.0491133
0.250237
0.461286
0.377885
0.500522
0.124065
0.268567
0.613656
0.254788
0.212615
-0.367273
0.0282352
89.4536
59.8106
48.4217
34.4409
3.2706
33.8852
64.6691
155.924
142.367
169.775
112.239
138.887
152.386
187.532
161.581
161.271
135.125
162.852
189.128
154.866
162.899
188.941
141.154
115.341
167.817
141.793
174.846
201.197
175.129
190.402
189.871
200.694
163.972
164.157
186.937
186.461
160.324
160.681
190.952
190.941
201.564
165.129
164.615
175.867
149.746
169.178
155.995
142.365
191.224
165.523
157.029
190.773
164.944
143.58
169.377
141.228
116.879
154.892
167.314
141.4
116.769
142.175
41.5736
54.504
12.2006
92.1399
62.3343
35.395
63.7063
41.6417
16.3009
51.642
60.9887
88.8999
39.4375
64.7851
0.95356
0.971591
0.895743
0.916866
0.883585
0.843934
0.834235
0.60394
0.6178
0.569323
0.644657
0.57061
0.579499
0.615211
0.614411
0.582369
0.632008
0.585732
0.62374
0.665438
0.613073
0.467698
0.501574
0.49142
0.502334
0.514285
0.49688
0.514361
0.501435
0.478564
0.367832
0.39883
0.403621
0.441487
0.409491
0.429055
0.399143
0.408981
0.378221
0.32196
0.333955
0.306526
0.304453
0.316798
0.284729
0.29351
-1.50366
-1.52719
-1.44106
-1.62407
-1.55512
-1.50223
-1.55874
-1.5098
-1.44301
-1.56534
-1.57458
-1.51414
-1.59722
-1.66555
-1.83541
-1.88428
-1.78359
-1.68473
-1.73424
-1.83864
-1.86426
-1.9069
-1.81575
-1.76889
-1.8194
-1.8562
-1.886
-1.82946
-1.84715
-1.84131
-1.80566
-1.85027
-1.88618
-1.77584
-1.7354
-1.80012
-1.77725
-1.81481
-1.8583
-1.8178
-1.95292
-1.89086
-1.93206
-1.95519
-1.99727
-1.91779
-1.95496
-1.95267
-1.97391
-2.01822
-1.89303
-1.93413
-1.93421
-1.97254
-2.17342
-2.10777
-2.10997
-2.10686
-2.05896
-2.06527
-2.10279
-2.13104
-2.04565
-2.10621
-2.12338
-2.08632
-2.05036
-2.26804
-2.32975
-2.26865
-2.25015
-2.21016
-2.29143
-2.20877
-2.24963
-2.44142
-2.42283
-2.47977
-2.41378
-2.43724
-2.37309
-2.49443
-2.45659
-2.41468
-2.45015
-2.7854
-2.74978
-2.73303
-2.711
-2.67353
-2.71176
-2.7444
-2.73619
-2.75216
-2.78915
-2.71939
-2.68106
-2.71746
-2.75263
-2.87597
-2.89363
-2.85796
-2.72458
-2.74619
-2.69052
-2.79552
-2.76187
-2.72621
-2.75701
-2.88028
-2.89981
-2.93291
-2.86634
-2.89656
-2.89733
-2.89862
-2.93362
-2.89748
-2.91092
-2.89299
-2.87854
-2.92976
-2.93123
-2.94027
-2.89479
-2.89709
-2.91165
-2.90099
-2.92718
-2.89666
-2.8999
-2.92681
-2.89457
-2.89258
-2.91884
-2.77627
-2.75604
-2.79658
-2.81276
-2.83909
-2.80357
-2.78252
-2.81388
-2.83865
-2.62416
-2.62875
-2.58391
-2.66439
-2.62685
-2.60313
-2.64007
-2.7289
-2.73961
-2.71765
-2.8209
-2.80029
-2.78483
-2.77443
-2.86668
-2.76891
-2.8075
-2.91817
-2.95885
-3.02493
-3.09022
-3.10956
-3.19072
-3.12276
-3.13864
-3.08529
-3.30494
-3.34653
-3.6847
-3.14318
-3.07172
-3.24537
-3.13149
-3.28517
-3.48687
-3.24288
-2.91421
-3.01418
-3.17678
-2.88982
-3.06693
-2.8317
-2.85613
-3.1166
-1.28167
-1.3015
-1.23643
-1.19527
-1.25522
-1.25278
-1.18786
-1.08305
-1.14468
-1.04403
-1.01446
-0.965426
-1.02939
-1.07745
-0.825873
-0.787088
-0.8662
-0.856919
-0.816741
-0.949345
-0.900832
-0.874516
-0.918591
-0.699996
-0.718994
-0.651411
-0.78438
-0.73441
-0.695015
-0.741868
-0.137951
-0.173793
-0.177183
-0.210721
-0.174076
-0.234123
-0.195104
-0.0325143
-0.0132438
0.0210803
-0.0341764
-0.0677492
-0.0694408
-0.0366683
-0.0478386
-0.0147933
-0.0858191
-0.0337327
0.00379035
-0.0308053
-0.0320139
-0.065479
-0.0867236
0.0752373
0.11131
0.114055
0.110925
0.145918
0.131837
0.167766
0.0540977
0.109213
0.0910788
0.253191
0.303797
0.270175
0.385033
0.436006
0.401584
0.309688
0.509025
0.461499
0.406876
0.252768
0.289429
0.424626
170.583
158.248
145.398
162.592
149.079
137.137
134.699
108.527
110.499
135.66
200.905
175.557
174.902
188.093
187.827
198.494
161.488
161.821
172.172
172.62
168.08
154.564
141.09
188.908
163.196
154.743
167.165
141.328
162.64
188.528
170.244
197.101
157.674
170.432
144.607
171.1
1.03657
38.442
49.8325
59.5555
88.8688
59.9629
32.2562
37.1815
9.45906
47.2536
56.5534
85.92
33.9739
60.3456
0.833292
0.758791
0.821295
-0.74443
0.299381
0.818273
1.24724
0.79398
0.633665
0.826401
0.914207
0.856077
0.769127
0.83496
0.483537
0.461891
0.474241
0.445046
0.462623
0.444161
0.462454
0.356536
0.373067
0.349594
0.360529
0.343491
0.358854
0.375846
0.289108
0.307332
0.293761
0.290427
0.276441
0.276465
0.295332
0.235484
0.224481
0.226718
0.242732
0.226171
0.226235
0.242717
0.0966511
0.127679
0.116208
0.118526
0.0973823
0.0836258
0.113966
-1.31639
-1.2921
-1.332
-1.38421
-1.33627
-1.33678
-1.3851
-1.48849
-1.50925
-1.55736
-1.46864
-1.41895
-1.46629
-1.50721
-1.50608
-1.55037
-1.49233
-1.50327
-1.46891
-1.54891
-1.50873
-1.54081
-1.48496
-1.49875
-1.49694
-1.46286
-1.50049
-1.5392
-1.53329
-1.47823
-1.49332
-1.49226
-1.45853
-1.53539
-1.49682
-1.69443
-1.64759
-1.63028
-1.67243
-1.62837
-1.60818
-1.56774
-1.58994
-1.6304
-1.46472
-1.4025
-1.44531
-1.46664
-1.5095
-1.42788
-1.46772
-1.46626
-1.48667
-1.529
-1.44811
-1.4062
-1.44868
-1.48567
-1.62741
-1.58491
-1.63064
-1.62731
-1.66942
-1.69677
-1.65334
-1.83714
-1.79442
-1.79206
-1.72945
-1.77095
-1.75601
-1.795
-1.62602
-1.56282
-1.60346
-1.85863
-1.79671
-1.81739
-2.01867
-1.97586
-1.95739
-2.18238
-2.14139
-2.12263
-2.10329
-2.14002
-2.06054
-2.10114
-2.12811
-2.14153
-2.1859
-2.1148
-2.07005
-2.33857
-2.3046
-2.28644
-2.26215
-2.22408
-2.26409
-2.29884
-2.14158
-2.07633
-2.11291
-2.16134
-2.12461
-2.08393
-2.11835
-2.36028
-2.30636
-2.31592
-2.33306
-2.29215
-2.32194
-2.36506
-2.62963
-2.63797
-2.67591
-2.61625
-2.58174
-2.81175
-2.77962
-2.76197
-2.80944
-2.77948
-2.77384
-2.74581
-2.60223
-2.61988
-2.65626
-2.67204
-2.64946
-2.63306
-2.60926
-2.78443
-2.82016
-2.78183
-2.78904
-2.82393
-2.80426
-2.76875
-2.8929
-2.87389
-2.90408
-2.88993
-2.92537
-2.89448
-2.86418
-2.89037
-2.88176
-2.86013
-2.9021
-2.9386
-2.87628
-2.93522
-2.91179
-2.90888
-2.9098
-2.89074
-2.87254
-2.89352
-2.93699
-2.93364
-2.94118
-2.91285
-2.91609
-2.9252
-2.90558
-2.91279
-2.9056
-2.89182
-2.93542
-2.93507
-2.9412
-2.91807
-2.9195
-2.92735
-2.92986
-2.89768
-2.88745
-2.91162
-2.88561
-2.90004
-2.92269
-2.90159
-2.94174
-2.92791
-2.92273
-2.93879
-2.9238
-2.91312
-2.92887
-2.88864
-2.89498
-2.87254
-2.87428
-2.87025
-2.89644
-2.88606
-3.10229
-3.17668
-3.22785
-3.09625
-2.98734
-3.10266
-3.17985
-3.32642
-3.4713
-3.50971
-3.34337
-3.58431
-3.30294
-3.47692
-3.07924
-3.03702
-2.9878
-3.03822
-2.98703
-3.02429
-2.96984
-2.97381
-2.98431
-3.12837
-2.88242
-2.93659
-2.85198
-2.94353
-3.00046
-2.89464
-2.88255
-2.79399
-2.8013
-2.96435
-3.04795
-2.97137
-2.93385
-2.46718
-2.51734
-2.60607
-2.41151
-2.50784
-2.41824
-2.52409
-1.76574
-1.69265
-1.78391
-1.78962
-1.86522
-1.8145
-1.88513
-1.75998
-1.82925
-1.73084
-1.81407
-1.77094
-1.63475
-1.67954
-1.66678
-1.71181
-1.77799
-1.7344
-1.41404
-1.48744
-1.47127
-1.45862
-1.51184
-1.41567
-1.46863
-1.10553
-1.08424
-1.04117
-1.13148
-1.17652
-1.1297
-1.08897
-1.1331
-1.11496
-1.17782
-1.04713
-1.09043
-1.13136
-1.09067
-0.784975
-0.764585
-0.724657
-0.808984
-0.849166
-0.806746
-0.769165
-0.85802
-0.815066
-0.800879
-0.817956
-0.857742
-0.780258
-0.816576
-0.649817
-0.690849
-0.628531
-0.608725
-0.56999
-0.610716
-0.647931
-0.283896
-0.318219
-0.317348
-0.282515
-0.316179
-0.334894
-0.300357
-0.434873
-0.472688
-0.476855
-0.536588
-0.496881
-0.473723
-0.511438
-0.26848
-0.320707
-0.322633
-0.376389
-0.267459
-0.338692
-0.1166
-0.153806
-0.172049
-0.157243
-0.119934
-0.174695
-0.193812
-0.232007
-0.157129
-0.192771
0.025066
-0.0111966
-0.0288503
0.203299
0.940706
1.53773
0.553
0.573161
0.346327
0.687743
160.235
146.757
134.488
132.837
106.278
108.067
133.382
198.599
172.554
173.194
185.838
185.524
196.035
158.889
159.224
169.678
169.201
165.916
152.18
139.11
42.1547
54.5243
28.6793
5.63793
27.0432
24.2347
3.34794
41.4716
24.9403
0.800756
26.4395
53.0086
24.2781
8.14708
0.460105
0.482289
0.469199
0.432706
0.447811
0.465819
0.450058
0.460887
0.442016
0.468593
0.47887
0.458936
0.476276
0.492545
0.474327
0.492033
0.371901
0.383791
0.398786
0.374003
0.388659
0.391127
0.408131
0.384906
0.366742
0.389505
0.403333
0.381933
0.415543
0.391111
0.395101
0.417468
0.29584
0.272578
0.294023
0.301125
0.276658
0.290837
0.317728
0.285844
0.311794
0.190647
0.158908
0.182213
0.176931
0.145955
0.185959
0.152424
-1.16785
-1.21399
-1.15674
-1.2126
-1.17298
-1.17207
-1.13324
-1.17183
-1.21351
-1.15729
-1.21211
-1.17485
-1.17292
-1.13518
-1.20888
-1.14717
-1.16619
-1.14354
-1.10523
-1.14356
-1.18323
-1.34891
-1.30922
-1.30462
-1.26982
-1.31004
-1.28477
-1.2436
-1.13856
-1.09866
-1.14291
-1.13478
-1.09642
-1.3555
-1.31592
-1.31199
-1.31917
-1.35894
-1.08319
-1.13928
-1.08201
-1.11814
-1.15635
-1.37093
-1.31569
-1.29616
-1.33383
-1.3737
-1.46791
-1.53221
-1.48883
-1.62806
-1.69475
-1.65079
-1.56883
-1.60556
-1.40586
-1.44795
-1.4683
-1.48686
-1.45023
-1.44925
-1.41031
-1.81903
-1.77829
-1.80021
-1.73393
-1.77475
-1.73785
-1.7759
-1.72088
-1.68162
-1.6601
-1.68203
-1.71799
-1.67259
-1.63694
-2.04392
-2.00454
-1.9831
-1.91835
-1.95557
-1.96104
-1.99612
-2.38772
-2.43876
-2.38258
-2.36022
-2.40613
-2.33157
-2.37518
-2.75161
-2.78227
-2.75427
-2.80314
-2.8019
-2.77229
-2.76877
-2.92094
-2.91289
-2.90356
-2.9167
-2.93137
-2.91767
-2.9075
-2.91973
-2.91364
-2.90644
-2.92623
-2.939
-2.91365
-2.93974
-2.9342
-2.94048
-2.91837
-2.91886
-2.9221
-2.92201
-2.92864
-2.91214
-2.90868
-2.90741
-2.9779
-2.8668
-2.91117
-2.87287
-2.86856
-3.11735
-2.91694
-2.91533
-2.4334
-2.75454
-1.33601
-2.39076
-2.30705
-2.9448
-1.49509
-4.55714
-203.125
-107.448
-90.6883
-61.8157
-31.0168
72.5954
-3.12041
-4.2155
-5.64007
-4.94124
-5.56048
-6.49879
0.0235353
-3.90594
-6.41086
-5.43234
-4.46824
-4.9105
-5.62672
-5.2315
-2.95435
-3.04676
-2.90128
-2.86821
-2.7987
-2.36413
-2.73417
-2.42096
-2.57315
-2.67806
-3.34178
-3.12493
-2.35255
-2.69201
-2.91643
-2.8825
-2.90881
-2.91078
-2.87676
-2.88279
-2.92156
-2.82634
-2.82979
-2.80515
-2.78549
-2.78741
-2.81712
-2.81657
-2.79632
-2.79422
-2.71227
-2.69283
-2.74657
-2.77985
-2.7595
-2.71565
-2.7353
-2.65255
-2.58466
-2.60895
-2.60805
-2.55175
-2.60286
-2.54594
-2.34958
-2.40677
-2.36211
-2.36939
-2.31399
-2.35741
-2.29402
-1.86887
-1.8642
-1.80427
-1.83202
-1.88402
-1.85197
-1.79801
-1.30564
-1.34828
-1.28264
-1.26273
-1.22004
-1.26502
-1.30518
-1.07385
-1.11356
-1.11716
-1.11423
-1.15609
-1.18242
-1.13695
-0.93319
-0.895271
-0.955718
-0.957884
-0.994247
-0.971398
-0.935185
-0.9972
-0.961254
-1.01413
-0.957043
-0.914318
-0.954091
-0.955546
-0.993281
-1.01688
-0.834422
-0.792894
-0.790056
-0.793592
-0.753498
-0.72921
-0.769179
-0.795114
-0.858882
-0.816847
-0.591416
-0.630442
-0.634214
-0.669953
-0.630933
-0.695464
-0.654937
-0.647683
-0.628575
-0.688335
-0.605139
-0.56794
-0.608052
-0.64317
-0.628715
-0.568876
-0.608115
-0.470712
-0.412594
-0.451995
-0.470984
-0.452508
-0.413176
-0.489268
-0.52981
-0.489569
-0.451129
0.732189
0.635602
0.652388
0.637875
0.682368
0.685075
0.754137
0.62259
0.748358
1.72587
0.875205
0.806231
0.644199
0.654821
57.8899
46.9181
84.2331
30.7303
13.2423
34.2879
58.0737
47.4766
33.2806
59.2725
87.6559
62.2025
61.6332
87.2244
187.018
186.686
197.497
161.141
160.698
171.91
171.263
167.41
193.725
167.147
167.871
154.243
141.191
-0.842766
-0.888725
-0.835429
-0.849454
-0.890094
-0.815758
-0.853398
-0.85512
-0.897405
-0.844402
-0.859588
-0.89782
-0.825025
-0.861359
-0.902095
-0.848844
-0.861939
-0.863817
-0.829603
-0.864878
-0.901769
-0.841616
-0.858469
-0.898081
-0.824453
-0.785177
-0.822879
-0.858824
-1.03274
-0.99201
-0.9896
-0.931833
-0.970432
-0.955348
-0.993163
-0.99399
-1.05549
-1.01398
-1.00102
-1.055
-1.01533
-1.0171
-0.980493
-1.05416
-1.0175
-0.999135
-1.05356
-1.01182
-0.977881
-1.01536
-1.05323
-1.01562
-1.04897
-1.00441
-0.994508
-0.97238
-1.01103
-1.00899
-1.04876
-0.968982
-0.940216
-0.904414
-1.03086
-0.990813
-0.980507
-0.945436
-2.18058
-2.15679
-2.02691
-2.2106
-2.02572
-1.97528
-2.14099
-2.38925
-2.40785
-2.60089
-2.46744
-2.48064
-2.66362
-2.65963
-3.52896
-3.292
-3.26561
-3.16114
-3.05476
-3.96254
-4.31131
-4.02824
-4.77364
-4.74694
-4.62831
-4.63067
136.04
2.21955
50.211
42.289
5.81304
-8.13152
1.49078
-5.21797
-5.60322
-6.2638
-4.64361
-4.63609
-5.92505
-5.94408
-3.49556
-3.38909
-3.11443
-2.92703
-2.99414
-3.01307
-3.10479
-2.78152
-3.0497
-2.8961
-2.91782
-2.9612
-2.8981
-2.93864
-2.91907
-2.92142
-2.88829
-2.94876
-2.96697
-2.94951
-2.91622
-2.90145
-2.93453
-2.89099
-2.90664
-2.91096
-2.93507
-2.93915
-2.93352
-2.92096
-2.92302
-2.9132
-2.91439
-2.85705
-2.85079
-2.86353
-2.87121
-2.85918
-2.86794
-2.88109
-2.49113
-2.52626
-2.54399
-2.48626
-2.53162
-2.52021
-2.47611
-2.35161
-2.35788
-2.30478
-2.31364
-2.35866
-2.33932
-2.29384
-2.17032
-2.15983
-2.10829
-2.18141
-2.22451
-2.19716
-2.15133
-1.95763
-1.91234
-1.97078
-1.98108
-2.031
-1.96492
-2.01245
-1.93089
-1.97669
-1.99846
-1.96381
-1.94245
-1.99602
-1.96177
-1.92237
-1.95181
-1.44925
-1.42804
-1.38474
-1.50866
-1.46614
-1.46749
-1.42725
-1.34447
-1.28193
-1.30138
-1.4026
-1.44393
-1.44734
-1.48437
-1.44451
-1.51118
-1.46872
-1.21815
-1.27916
-1.25991
-1.28036
-1.22075
-1.34432
-1.09253
-1.11246
-1.0492
-1.13708
-1.17858
-1.11446
-1.09685
-1.0533
-1.095
-1.13463
-0.930976
-0.951896
-0.890449
-0.979972
-1.01946
-0.963902
-0.942106
-0.97909
-0.980807
-1.0198
-0.59236
-0.548785
-0.611517
-0.627021
-0.672281
-0.586932
-0.629441
0.383208
0.404922
0.362422
0.422822
0.442132
0.554753
0.51795
0.503941
0.486993
0.459273
0.48917
0.519104
0.499816
0.502319
0.511114
0.55861
0.525698
0.529276
0.513725
0.496667
0.514018
0.525183
0.488773
0.466182
0.530906
0.482688
0.742398
0.512589
0.44652
0.537973
0.533887
0.95056
0.835297
0.787714
0.70166
0.748638
0.781233
0.897147
-0.609317
-0.0341696
2.36088
1.25436
1.06751
-0.29805
-0.314617
153.801
166.411
140.449
193.026
166.983
158.743
145.397
171.165
192.546
166.732
157.554
169.781
197.127
144.108
171.574
171.194
192.302
192.067
202.843
166.102
166.011
176.693
176.794
176.813
202.66
176.757
-0.550928
-0.517128
-0.554367
-0.571664
-0.608279
-0.586147
-0.551207
-0.549207
-0.531329
-0.496965
-0.628117
-0.665331
-0.678542
-0.663022
-0.625542
-0.694714
-0.655551
-0.336228
-0.315721
-0.312545
-0.284197
-0.263027
-0.271536
-0.295577
-0.452226
-0.464643
-0.420068
-0.407195
-0.448963
-0.440425
-0.399189
-2.04907
-1.88701
-1.69683
-1.58866
-1.43162
-1.52437
-1.85156
-2.64449
-2.76079
-3.15476
-3.08623
-3.02626
-4.00833
-3.40934
-4.85485
-5.14352
-4.83632
-6.7986
-5.76983
-4.25573
-5.3441
-4.4029
-5.06101
-5.00976
-4.67979
-4.95246
-4.87238
-5.17089
-2.93774
-2.83433
-3.04065
-2.71141
-2.79719
-3.05497
-2.97771
-2.94032
-2.90904
-2.9512
-2.91272
-2.87602
-2.96331
-3.02295
-2.94408
-2.92258
-2.77473
-2.76684
-2.77703
-2.89012
-2.80838
-2.73694
-2.76288
-2.8687
-2.85214
-2.84214
-2.84929
-2.84802
-2.83972
-2.86214
-2.90843
-2.89763
-2.91707
-2.91397
-2.93502
-2.90976
-2.93586
-2.91633
-2.9217
-2.9031
-2.92145
-2.94108
-2.92583
-2.92465
-2.91053
-2.93788
-2.90252
-2.92174
-2.92275
-2.93532
-2.93831
-2.93044
-2.91496
-2.91765
-2.90773
-2.91018
-2.71666
-2.69288
-2.67393
-2.70028
-2.67678
-2.6246
-2.65018
-2.64236
-2.6662
-2.1727
-2.22304
-2.21331
-2.19851
-2.24079
-2.20998
-2.17013
-2.05296
-2.01254
-2.06872
-2.01459
-2.0512
-2.04781
-2.08528
-1.88171
-1.92189
-1.92605
-1.96152
-1.92113
-1.9875
-1.94725
-1.80713
-1.76642
-1.76295
-1.72688
-1.76785
-1.74474
-1.70431
-1.83167
-1.76899
-1.791
-1.60803
-1.54703
-1.61178
-1.58799
-1.62962
-1.67001
-1.42262
-1.44206
-1.3814
-1.35331
-1.3113
-1.29487
-1.35565
-1.31296
-1.27496
-1.31552
-0.571619
-0.536443
-0.502487
-0.494736
-0.526573
-0.44566
-0.477959
-0.314708
-0.343483
-0.376476
-0.353021
-0.381982
-0.431321
-0.399332
-0.284772
-0.309762
-0.286019
-0.226607
-0.243794
-0.261154
-0.237781
-0.0907895
-0.146779
-0.134143
-0.146893
-0.196396
-0.112667
-0.157894
0.181696
0.15487
0.201119
0.135971
0.11603
0.153212
0.173074
0.218269
0.235084
0.201164
0.273841
0.258849
0.234675
0.250622
0.189883
0.229005
0.192357
0.195399
0.157805
0.355765
0.342637
0.35866
0.392519
0.375889
0.371485
0.388525
0.438409
0.427004
0.474095
0.43153
0.415143
0.468298
0.444955
0.437753
0.440029
0.470804
0.452763
0.431426
0.446436
0.466926
158.946
145.701
171.746
194.169
167.711
159.946
173.205
146.846
194.22
167.887
161.062
174.087
200.553
147.887
174.394
174.178
191.61
191.807
202.097
164.957
165.315
175.199
175.835
177.246
203.816
177.624
-0.180238
-0.132246
-0.145671
-0.118899
-0.0858767
-0.149554
-0.116567
-0.280068
-0.247929
-0.283239
-0.312722
-0.280234
-0.333326
-0.299637
-0.415334
-0.412579
-0.449627
-0.362092
-0.395617
-0.382638
-0.41561
-0.278239
-0.261565
-0.229034
-0.469692
-0.434544
-0.417504
-0.467763
-0.430007
-0.419154
-0.402394
-0.434547
-0.43405
-0.468246
-0.379326
-0.35087
-0.401077
-0.421535
-0.454052
-0.389128
-0.419426
-0.353218
-0.382948
-4.40986
-4.45289
-4.92556
-5.17165
-5.15916
-4.68975
-4.649
-4.30927
-3.95531
-3.96647
-4.05704
-3.78382
-3.96304
-3.69207
-2.75947
-2.72619
-2.74533
-2.74135
-2.77888
-2.77055
-2.74092
-2.90342
-2.8951
-2.92138
-2.81294
-2.77877
-2.80716
-2.8207
-2.78982
-2.77483
-2.80165
-2.9042
-2.92671
-2.89816
-2.8864
-2.86806
-2.90467
-2.92864
-2.91073
-2.8883
-2.91554
-2.93851
-2.91677
-2.9365
-2.92829
-2.92662
-2.91153
-2.9117
-2.90067
-2.90288
-2.91176
-2.8966
-2.88303
-2.9062
-2.93475
-2.89091
-2.88017
-2.91003
-2.90629
-2.92633
-2.89971
-2.89203
-2.92792
-2.89711
-2.87686
-2.9059
-2.51944
-2.5549
-2.51288
-2.52902
-2.49643
-2.52154
-2.55712
-2.21515
-2.15943
-2.20792
-2.19691
-2.23394
-2.27482
-2.07456
-2.02038
-2.07632
-2.09196
-2.12736
-2.05519
-2.09419
-2.13117
-1.89714
-1.91982
-1.86015
-1.79977
-1.85557
-1.81268
-1.78266
-1.82335
-1.85726
-1.81434
-1.80941
-1.84384
-1.78603
-1.79656
-1.76601
-1.83947
-1.80291
-1.60585
-1.64427
-1.62398
-1.6808
-1.63895
-1.68185
-1.64107
-1.63623
-1.64703
-1.61332
-1.65901
-1.69631
-1.69218
-1.65544
-1.51973
-1.4736
-1.45352
-1.38823
-1.43441
-1.47452
-1.43196
-1.54625
-1.49779
-1.4859
-1.5497
-1.50208
-1.46276
-1.50701
-1.09766
-1.02368
-1.06645
-1.16755
-1.12131
-1.07058
-1.11163
-0.985275
-1.02604
-1.05728
-1.08735
-1.04654
-0.993031
-1.03452
-0.820627
-0.85958
-0.89338
-0.867298
-0.905209
-0.964187
-0.918589
-0.854066
-0.798335
-0.868211
-0.876887
-0.942295
-0.637865
-0.608277
-0.555573
-0.480669
-0.501325
-0.624439
-0.595246
-0.546372
-0.522954
-0.624113
-0.572267
-0.633446
-0.626372
-0.690441
-0.667927
-0.614885
-0.648067
-0.704993
-0.319023
-0.30668
-0.289569
-0.227168
-0.232285
-0.248612
-0.261257
-0.0883967
-0.0638465
-0.0987595
-0.0164507
-0.0208756
-0.0486461
-0.0425756
0.00650965
-0.0300733
0.0184622
-0.066632
-0.0517403
-0.0084599
-0.0209736
0.164992
0.136437
0.177446
0.117597
0.105599
0.153537
0.140509
0.179313
0.21469
0.189601
0.219473
0.185641
0.22586
0.193325
0.485901
0.504149
0.476267
0.504708
0.490051
0.486201
0.467872
158.256
145.275
171.775
189.841
163.257
155.653
142.568
169.349
190.175
163.54
158.322
172.109
197.649
145.382
170.642
171.208
172.748
199.517
173.135
186.321
160.629
152.259
138.768
165.476
160.024
186.401
139.427
113.397
152.097
164.365
191.375
139.24
165.576
164.917
43.6008
7.11171
26.7434
56.0055
30.302
5.99887
28.9221
39.7569
52.2409
21.7949
3.85088
18.2353
22.6161
8.22262
0.903116
0.723253
-0.392622
0.803731
0.234497
-3.30888
0.647227
0.133777
0.904695
0.551434
0.589025
0.630118
0.555211
0.64963
0.652836
0.549547
0.530815
0.590754
0.454303
0.44977
0.423059
0.466078
0.475127
0.46696
0.448684
0.356114
0.39128
0.347072
0.360839
0.330012
0.333877
0.30337
0.103221
0.0588253
0.0853048
0.119241
0.0952473
0.0614824
0.0876437
0.110921
0.140879
0.0981758
0.0846686
0.0537067
0.0822255
0.112323
-0.0381914
-0.0715631
-0.0252345
-0.00842999
-0.0399304
-0.0110399
0.0198176
-0.0795274
-0.0335619
-0.0464117
-0.0307461
-0.00148085
-0.0603324
-0.0306933
-0.0483311
-0.0786515
-0.0268555
0.0176757
-0.011757
-0.187822
-0.156169
-0.150892
-0.156446
-0.125899
-0.134875
-0.104304
-0.205399
-0.172255
-0.157872
-0.174149
-0.205493
-0.0405689
-0.0266741
-0.0723558
-0.012402
0.017958
-0.0115583
-0.0418558
0.207746
0.166774
0.198059
0.220546
0.192073
0.165139
0.194997
0.260667
0.221494
0.237159
0.204837
0.178474
0.232497
0.207229
0.589765
0.505065
0.528053
0.508141
0.519402
0.505563
0.519208
43.748
57.1845
82.9072
1.13109
2.14495
2.55279
0.953162
0.46337
2.11177
1.67638
1.58069
0.564254
0.954353
1.07458
21.3134
38.6628
47.9469
80.8276
47.5108
21.1656
0.414787
0.45001
0.459501
0.451366
0.416469
0.441092
0.470741
0.459448
0.459395
0.415472
0.508058
0.475115
0.471359
0.450037
0.359309
0.347034
0.375931
0.394511
0.371384
0.371572
0.399715
-0.0610916
-0.0174509
-0.0341102
-0.031321
0.00738177
0.00167263
-0.0381516
0.129513
0.0958348
0.10693
0.110079
0.0767893
0.0727669
0.10435
-0.0411377
0.00427042
-0.0243275
-0.0119249
-0.0581441
-0.0212837
0.0238378
-0.0332641
0.00983212
0.0857711
0.069286
0.08819
0.122365
0.108237
0.102075
0.115307
0.897278
0.800304
1.0347
0.718885
0.683028
0.779045
0.848868
0.931973
1.10458
0.882525
0.742724
0.725923
0.811695
0.772524
1.35013
1.3542
1.86506
1.35054
1.23561
1.47301
1.24171
1.08819
1.22443
1.38748
0.709455
0.855741
1.50518
1.79925
1.24916
1.67462
1.22328
0.960202
0.481109
-3.75285
-3.94032
-3.52485
-3.36617
-3.84693
-3.80616
-3.40678
-3.03555
-3.32628
-3.2608
-2.73295
-2.73372
-2.48337
-2.48231
-2.41779
-2.4583
-2.52607
-2.49021
-2.42626
-2.55853
-2.50832
-2.50369
-2.48148
-2.53154
-2.54956
-2.50298
-2.63957
-2.64288
-2.59807
-2.61814
-2.62625
-2.5876
-2.58176
-2.63005
-2.59126
-2.59413
-2.58497
-2.62119
-2.63737
-2.60155
-2.67283
-2.63116
-2.66708
-2.6771
-2.71218
-2.76806
-2.723
-2.75656
-2.7796
-2.74778
-2.72321
-2.75495
-2.86572
-2.8946
-2.88227
-2.83831
-2.86825
-2.86816
-2.83977
-2.93727
-2.90917
-2.9074
-2.88321
-2.84026
-2.8707
-2.91972
-2.89056
-2.90577
-2.87564
-2.85374
-2.88478
-2.92239
-2.92171
-2.93567
-2.90592
-2.89117
-2.83858
-2.8683
-2.88531
-2.90282
-2.93672
-2.9054
-2.90693
-2.70487
-2.75811
-2.73819
-2.73355
-2.76794
-2.73716
-2.7059
-2.75558
-2.7888
-2.75174
-2.75518
-2.71942
-2.73583
-2.70242
-2.75735
-2.80889
-2.7756
-2.62311
-2.57184
-2.62635
-2.60749
-2.64195
-2.67616
-2.54631
-2.51176
-2.4979
-2.44714
-2.48301
-2.54886
-2.51483
-2.48108
-2.51324
-2.48071
-2.44467
-2.49622
-2.50998
-2.54384
-2.47873
-2.51117
-2.07372
-2.12435
-2.13459
-2.18978
-2.14828
-2.11663
-2.16014
-2.08987
-2.10943
-2.11961
-2.16626
-2.13645
-2.16109
-2.12913
-2.06847
-2.01607
-2.01422
-1.99902
-2.04642
-2.02537
-2.0742
-1.90719
-1.97312
-1.93984
-2.03456
-2.0032
-1.81703
-1.80046
-1.84343
-1.87209
-1.82492
-1.83264
-1.87809
-1.84569
-1.85027
-1.81964
-1.87804
-1.91032
-1.90115
-1.86773
-1.72162
-1.67133
-1.6523
-1.58332
-1.63374
-1.62799
-1.67448
-1.72282
-1.79823
-1.7317
-1.71365
-1.64326
-1.68714
-1.64458
-1.60136
-1.70981
-1.75723
-1.69352
-1.65299
-1.49576
-1.4744
-1.52444
-1.56141
-1.50832
-1.5157
-1.56724
-1.54397
-1.63202
-1.55093
-1.51692
-1.57568
-1.6386
-1.56529
-1.37026
-1.30628
-1.26521
-1.16657
-1.21683
-1.22877
-1.2788
-1.31327
-1.37476
-1.32211
-1.27387
-1.31411
-1.39148
-1.31632
-1.32398
-1.38587
-0.917636
-1.03937
-0.985918
-0.834783
-0.805827
-0.9926
-1.02608
-1.05725
-1.01245
-1.10624
-1.11519
-1.03936
-0.639763
-0.610913
-0.538922
-0.57356
-0.553615
-0.474833
-0.493696
-0.124132
-0.120521
-0.185221
-0.212625
-0.208074
-0.153172
-0.14941
0.0296446
0.0626983
0.0451667
0.125903
0.105985
0.0955169
0.0846298
0.067947
0.0729093
0.0215048
0.0020677
0.00171585
0.0485482
0.0503148
0.186032
0.165121
0.189985
0.177646
0.185293
0.198787
0.204589
0.123199
0.0931742
0.130675
0.146333
0.114284
0.141989
0.136086
0.163172
0.15557
0.153234
0.185425
0.180661
0.340792
0.324882
0.337682
0.362273
0.346823
0.335046
0.351804
170.624
196.072
169.655
185.031
185.185
195.724
159.249
158.926
169.967
169.478
151.959
164.756
138.677
186.604
160.657
152.437
165.676
138.998
160.285
186.652
167.456
194.329
155.026
168.096
167.713
142.102
0.204684
0.232151
0.202178
0.1769
0.204953
0.159694
0.188553
0.0886076
0.0911098
0.058939
0.13448
0.105984
0.116724
0.0884692
0.207877
0.234821
0.206434
0.235179
0.208081
0.041882
0.0719906
0.0864716
0.162894
0.19224
0.20526
0.246473
0.246673
0.21972
0.191577
0.462519
0.428168
0.427463
0.412352
0.384015
0.401079
0.429408
0.273992
0.315234
0.315448
0.301734
0.357576
0.328694
0.479145
0.430344
0.441776
0.582651
0.617347
0.451364
27.4579
17.5595
47.1084
56.6852
30.1412
84.7235
53.8391
132.291
105.75
144.98
105.937
132.179
131.755
158.123
196.715
170.046
170.339
184.384
184.448
197.503
170.871
158.094
145.043
158.158
158.199
111.038
136.612
149.685
162.812
136.779
196.323
170.05
170.583
131.835
103.779
144.371
157.667
131.858
103.317
131.017
50.5969
32.0456
17.9724
61.1155
85.7518
57.9448
36.2043
-0.143157
0.00353655
0.162737
0.336476
1.20386
0.560495
0.541347
0.498144
0.596053
0.570118
0.508862
0.451395
0.608068
0.399353
0.488493
0.545305
0.559182
0.238317
0.264565
0.26394
0.297757
0.269582
0.284186
0.256404
0.369156
0.401145
0.376013
0.343292
0.366905
0.386194
0.361515
0.292845
0.271683
0.264214
0.313236
0.323929
0.246761
0.219891
0.226193
0.202836
0.229766
0.199137
0.22267
0.347222
0.323325
0.323412
0.330391
0.352778
0.340487
0.318538
0.242884
0.241109
0.26707
0.254954
0.249483
0.268894
0.277854
0.288461
0.276556
0.271255
0.269376
0.276377
0.280402
0.290036
-1.17185
-1.18638
-1.31097
-1.12402
-1.02755
-1.10336
-1.20282
-1.9534
-1.93438
-2.06962
-1.91101
-1.80117
-1.8778
-1.97955
-1.51338
-1.54532
-1.43636
-1.5751
-1.65914
-1.58319
-1.5113
-2.09499
-2.09832
-2.17739
-2.0878
-2.00442
-2.12324
-2.0441
-2.32173
-2.27031
-2.27307
-2.26493
-2.20935
-2.2334
-2.28453
-2.04365
-2.09889
-2.05784
-2.10888
-2.05312
-2.12247
-2.06793
-2.36596
-2.30793
-2.34322
-2.31314
-2.28845
-2.33249
-2.35801
-2.38944
-2.37652
-2.41356
-2.43946
-2.39712
-2.40314
-2.44128
-2.53437
-2.56454
-2.52118
-2.50009
-2.47043
-2.53224
-2.56327
-2.52858
-2.50292
-2.44796
-2.49058
-2.49751
-2.448
-2.48521
-2.51128
-2.47865
-2.88607
-2.86947
-2.90047
-2.89759
-2.92349
-2.88664
-2.88452
-2.85153
-2.8936
-2.92949
-2.91794
-2.88196
133.806
159.478
162.01
194.817
167.756
159.501
185.793
194.841
168.395
192.263
191.334
205.211
165.827
165.078
159.449
171.269
146.778
121.227
145.258
157.377
144.271
118.813
-2.87753
-2.83861
-2.88301
-2.87281
-2.84178
-2.82877
-2.87664
-2.82932
-2.89032
-2.85917
-2.93637
-2.91015
-2.90519
-3.56667
-3.45308
-3.34601
-3.1541
-0.711112
-2.42144
-3.19536
-398.492
-441.725
-298.755
-431.955
-519.68
-214.205
-265.269
-107.621
-89.8695
-82.103
-92.5518
-63.2689
-135.863
-36.5181
-2.86696
-2.90265
-2.91456
-575.504
-348.638
-497.979
-791.182
-794.224
-774.993
-782.232
-756.986
-766.86
-750.392
-703.111
-758.269
-776.004
-770.883
-768.352
-750.168
-757.231
-788.207
-787.573
-762.421
-784.299
-720.769
-794.399
-792.6
-807.82
-773.758
-812.685
-795.412
-812.243
-800.503
-784.883
-735.028
-778.551
-790.207
-796.429
-847.869
-793.962
-773.418
-776.738
-793.642
-805.061
-809.709
-810.885
-810.551
-887.109
-803.848
-722.435
-179.838
-5.70826
-92.8321
-102.294
-113.219
64.4771
-97.9765
-358.645
-250.084
-198.434
-234.364
-243.544
-256.415
-272.253
-410.242
-284.595
-4.24078
-4.56833
-5.2038
-5.59444
-3.67622
-3.36236
-5.07338
-490.081
-416.123
-511.859
-304.336
-375.98
-325.284
-447.307
-266.679
-218.89
-391.528
-2.83489
-3.85993
-3.52137
-2.87722
-2.83923
-2.87426
-2.91696
-2.88884
-2.92879
-2.88479
-2.87315
-2.91544
120.589
147.209
149.828
184.035
157.918
147.208
173.512
184.045
157.78
168.397
168.567
194.623
104.817
131.28
144.504
-2.87352
-2.81383
-2.85567
-2.93501
-2.90093
-2.8984
-3.09234
-3.09319
-3.15413
-3.18515
-2.4219
-3.34503
-4.14525
-3.13816
-3.17803
-3.06868
-3.04499
-2.99513
53.8274
4.63196
5.89577
-4.27953
-9.88024
-8.64716
-4.68804
-7.76795
0.205414
0.169184
0.0935123
0.0769022
-5.40466
-2.16428
-4.69084
-2.75174
-2.44626
-2.39247
-2.51933
-2.46943
0.316799
0.339731
0.638051
0.556124
-5.80868
-5.73365
-4.77037
-5.47814
-0.413774
-0.424926
-0.318804
-0.330068
-1.55931
-1.52458
-1.68662
-1.64939
-0.0442235
0.023234
0.145063
0.182966
-1.98147
-1.97574
-1.91102
-1.87806
-1.9529
-1.91482
-2.05626
-2.0185
0.192756
0.127225
0.152653
-0.846045
-0.575231
-0.967721
-0.764397
0.249446
0.261151
0.253565
0.26575
-0.164931
-0.0986228
-0.0565072
-0.00103561
-1.17033
-1.15142
-1.28367
-1.26455
-1.26778
-1.26913
-1.17876
-1.15983
-2.43259
-2.20486
-2.18465
-2.01272
-0.246438
-0.239861
-0.331406
-0.324392
-1.70821
-1.53589
-1.6275
-1.47916
-2.76574
-2.7344
-2.815
-2.79404
0.139517
0.0940097
0.122496
0.0739391
0.462089
0.472482
0.509525
0.521988
-2.30663
-2.22614
-2.15862
-2.08735
-0.36234
-0.424949
-0.36126
-0.424207
-0.688927
-0.718123
-0.585857
-0.617227
0.598486
0.594977
1.08136
1.20765
-1.40109
-1.39895
-1.30984
-1.33073
-2.24376
-2.22721
-2.36187
-1.53275
-1.52997
-1.60138
-1.61816
0.732116
0.512487
0.44844
0.427849
39.4657
79.3828
22.7134
65.4335
-1.84766
-1.82252
-1.94494
-1.92193
1.27103
-1.24503
13.3552
26.2597
0.405759
0.366826
0.445375
0.387337
-0.292672
-0.350959
-0.27959
-0.336978
-2.53865
-2.57742
-2.50722
-2.54992
-2.71527
-2.71298
-2.7803
-2.77544
-2.56783
-2.6242
-2.55671
-2.61014
-2.63907
-2.72276
-2.84928
-2.86358
-0.436968
-0.494361
-0.434881
-0.491068
1.41934
0.495536
-0.743281
0.903086
-2.51417
-2.58092
-2.59178
-2.67386
-2.12483
-2.07161
-2.06141
-1.1832
-1.26902
0.306201
0.330763
0.28091
0.316813
0.434873
0.420888
-2.87227
-2.88521
-2.89936
-1.16475
-1.18492
-1.28708
-1.26349
0.142972
0.167795
0.179694
0.336929
0.337012
0.355729
-4.8319
-0.636648
-2.98444
0.481345
0.511528
0.538391
0.510804
0.483945
-2.0187
-2.03359
-2.14409
-2.11491
-2.18432
-2.23067
-2.15361
-2.22251
-2.12299
-2.16783
-0.0791011
-2.47484
-1.48551
-2.39434
-2.31374
-2.00155
136.88
-1.35703
71.1319
-0.0580257
-5.7903
0.743776
0.120288
-0.18927
-1.97316
-0.710379
-1.47042
-3.05703
-0.376208
69.0035
59.5531
-1.46414
-2.10949
0.544175
-2.56734
0.528564
-1.61196
-2.75283
-3.41193
-1.42976
-1.77868
-2.00921
-3.07911
-1.5471
148.752
0.126209
-0.326685
-2.04103
37.5138
-1.45304
68.7277
-2.18781
1.69358
11.6776
37.3816
-2.64838
187.67
126.101
57.4696
0.62521
77.3437
0.932818
73.6705
0.566304
15.3441
60.6397
32.0771
0.296026
0.242929
0.157065
1.01219
0.148906
0.266396
0.271489
0.39945
0.410774
0.406982
0.235782
-2.62206
0.56106
0.501395
-2.84751
0.566939
0.396546
0.478201
0.535014
-2.89189
0.16906
0.423981
0.0939265
0.487759
0.407607
-0.803408
0.239891
0.159457
0.19913
0.196428
-1.72863
0.115965
0.259976
0.129878
0.147859
0.797904
0.381023
0.617422
0.301147
0.441901
2.76781
0.355321
0.312582
0.319858
0.322745
0.170755
0.274535
0.387131
0.499396
0.373634
0.383165
0.697672
0.223025
0.127439
-0.554506
0.494044
0.446878
0.472302
0.409988
0.296185
0.345453
0.371382
0.0813751
0.372909
0.39802
0.323469
0.349053
0.34949
0.516495
0.455622
-2.48032
-2.74059
0.494344
-2.41789
0.45227
34.0142
0.251741
72.4167
3.3378
1.31884
1.56079
-2.37574
37.1948
1.52685
0.596555
0.491904
0.0746407
30.2848
0.31793
124.917
140.639
-1.2277
127.363
-2.24889
0.723958
39.35
0.430686
3.95342
-1.87567
-2.75676
-2.3729
0.466441
-0.0901044
-0.427117
-1.03056
-0.328837
57.9378
31.622
53.898
0.250907
-0.436119
-2.43539
0.198004
0.248596
-2.16108
138.788
-2.60011
148.141
2.12986
66.2112
68.8458
0.903602
1.11392
0.722394
0.667402
1.2035
-3.11443
0.396807
0.279729
0.257492
0.563822
0.232186
0.495817
0.456452
0.443081
-2.60161
-2.37717
0.517713
-0.584361
-2.89066
0.424904
0.50352
0.634259
57.6548
-0.659184
0.414996
-1.61262
0.488806
0.537314
0.476552
0.586988
126.028
-0.65887
0.686988
0.751175
-0.266095
0.527163
0.53522
0.56718
-0.677452
0.657298
0.833735
0.564461
0.336528
0.383523
-2.62517
0.402213
-1.82115
0.551344
0.545533
0.448504
0.491352
-2.10464
-2.595
0.414271
0.480669
0.525469
0.550123
0.546463
0.422566
0.580575
0.598061
1.33072
0.56516
0.25208
-2.86409
0.59347
0.671012
0.893459
0.640463
0.427469
36.2834
20.135
1.62844
0.635498
1.58511
0.463435
0.506589
1.52571
0.504851
72.3141
32.5699
28.5795
-0.331572
-1.32977
136.523
-0.639174
0.455458
-2.36036
58.9644
1.31887
20.4723
21.9228
63.7563
4.88052
32.4456
0.0271763
72.6804
0.205774
-0.398851
-0.247296
-0.31976
-0.436989
-0.253363
-1.95638
0.0231603
0.0851875
-0.0738764
-0.203379
-0.546804
0.181022
0.0319906
-0.333761
0.0741968
0.414695
-1.63141
0.182145
0.215104
0.285211
0.260332
0.366879
122.029
0.260714
0.448437
0.273617
0.440909
0.308644
0.259585
0.296899
0.303703
-0.39474
0.231501
0.268682
0.314785
0.279283
-2.30498
0.303453
0.274683
-2.018
0.534904
0.319704
0.315437
-0.17543
0.388399
0.292831
-2.98514
0.277461
0.209897
0.228976
0.532895
-2.04235
0.374562
0.221596
-0.803342
65.0099
0.34202
0.299419
0.265935
-0.0697415
-0.178063
0.234226
0.173266
0.201453
-0.0656271
0.272641
-0.567742
0.26339
-2.85255
-1.97184
-2.44912
60.2019
0.436439
54.5529
-2.80725
-0.600735
74.3768
0.254634
-0.567663
0.229357
-0.710358
0.277954
-0.491308
-2.07595
0.268582
0.340848
0.572642
0.569987
-1.02909
0.309037
0.398177
0.321972
0.163069
0.240632
0.490245
0.113784
0.0154499
-0.119153
1.25964
0.852905
-0.0258187
-0.10185
-1.66444
-0.598106
-0.333474
-0.0463972
0.346892
-0.25632
-0.106884
0.0418768
-0.0662356
0.153426
0.505975
-0.00914826
-0.451246
1.0834
-0.719224
-0.436395
0.156666
-3.75295
0.321649
-0.75626
-3.09783
0.668735
-1.8056
-0.83968
-0.79795
-0.980551
-0.959153
-1.06974
-0.334745
-2.23113
-0.533333
-2.80696
-0.391866
-0.176528
-0.450281
0.754533
-0.944922
-0.686991
2.02041
-0.973192
-1.05879
-0.392521
-0.589703
-0.520102
-0.883692
-0.409983
-0.874141
-1.4312
-0.86207
-0.932817
0.0664454
-0.892209
-1.07536
-1.14601
-0.0387924
-0.00807032
0.0933795
0.0750373
-2.85954
-2.84378
-1.56129
-1.06222
0.122912
-0.14345
0.157666
0.0410397
-1.13293
-0.205765
-0.169258
-0.170675
-0.0642327
0.0946362
-0.184665
-0.25477
0.2222
0.171165
-0.270589
-0.0960617
0.105498
-0.449782
0.026278
-0.52206
-0.257103
-0.709966
-0.17251
0.275558
-0.0950767
-0.214435
-2.41927
-2.43628
0.283639
0.398591
0.0430214
-0.132599
-0.0356111
0.0241961
-0.090447
-0.0456821
0.504444
-1.12978
-0.0236751
0.221541
-0.115787
0.295504
-0.160633
-0.022491
-0.649928
-0.279076
-0.271679
0.436279
-2.84129
-0.4154
-0.432193
-0.254878
-0.494176
-0.468142
-0.337751
0.288765
-0.301544
0.696751
-0.201899
-0.189071
-0.445452
-0.718737
-0.481172
-3.53749
-0.057519
-0.386166
-0.0446946
-0.358956
-0.0111192
0.00998298
0.357737
0.222783
-0.611445
-0.9694
-0.793859
-0.909109
-0.805656
187.72
0.37001
-0.740077
-0.632959
-1.13409
-0.960146
-0.920193
-0.639433
0.459376
-0.593949
-0.575316
-0.975529
31.5603
0.799867
0.466051
-0.576357
-0.934251
-0.93006
0.518324
-0.751566
-1.07264
-1.7361
-1.15512
-1.09259
-1.13527
0.132278
-1.7376
0.705409
-0.993693
-0.680629
-1.09254
-0.823763
-2.724
-1.08941
-1.48936
-1.42937
-0.984631
-1.30299
-1.26443
-0.757368
-1.26515
-1.59536
-1.31487
-0.770906
-0.393471
-1.76569
-1.30812
-1.78643
-1.57788
0.618354
-1.58789
-2.71451
0.55513
0.367427
-2.04156
-0.406398
-1.88362
-1.7866
-1.40857
-2.30915
-1.88313
-1.93977
-2.10132
-2.35012
-2.33688
-2.39972
-0.164903
-1.41432
-2.18152
-0.651915
-2.25404
0.529718
-2.52691
-2.09409
-2.38598
-2.35634
-2.28895
-2.29884
-1.91302
-0.709989
-1.75538
-2.22854
-2.27204
-1.97636
-1.92858
-2.7433
-2.37417
-2.37733
-2.49475
-2.45669
-2.1427
-2.22741
-2.29359
-1.47649
-2.40459
-2.55041
-2.54249
-2.46068
-2.42468
-1.9737
-2.56165
-2.5965
-2.67704
-1.94808
-1.91841
-1.86816
-2.17167
-2.18471
-2.85319
-2.39699
-2.26469
-0.352936
0.311117
-0.370636
-1.53358
-0.303496
-1.3348
-0.785603
-1.2616
-1.33287
-0.949742
-1.31203
-1.24502
-1.33655
-1.24322
-1.26227
-1.44997
0.322179
-2.04711
135.761
-1.73712
-1.67991
-2.40893
-2.12898
-1.60918
-1.91017
-0.905827
107.519
109.841
-1.71502
-0.951757
-2.86482
-2.74977
-2.66891
-2.7916
-1.43036
-0.509028
-1.46051
-2.65942
-2.72948
-2.78826
-2.63722
-2.68
-2.79702
-2.57123
-2.64826
-2.59157
0.353919
-2.77564
-2.3995
0.357633
-2.3775
-2.41623
0.329066
39.3141
-2.85044
-1.3535
-1.32902
-1.32698
-2.6277
-2.32723
-2.38615
-2.6135
-2.2374
-2.68224
0.389249
-2.5577
-0.699712
-2.49472
-2.51282
-2.01546
-2.66907
-2.61006
-2.57159
-2.64318
-2.53664
-2.45975
-2.68377
-2.73252
0.0672076
0.00785759
-2.45998
-1.77058
-2.60312
-2.44155
-2.82713
0.43402
-2.72743
-2.18991
-1.49173
-2.76255
-2.89163
-2.57424
-2.87924
-2.90373
-1.07465
-2.89615
-4.01972
-2.84133
0.414826
-2.00399
-2.90354
-2.84049
-2.74857
-2.78845
-2.82359
-0.805711
-2.88965
-2.85129
-2.83279
-2.61656
-0.0233244
-2.85996
-2.69708
-2.88663
-2.59512
-0.972617
-2.85716
-2.85546
-2.88146
-2.86065
-2.82999
-2.81485
-3.10633
-2.93315
-2.75304
-2.83715
0.0766419
-3.19257
-2.78958
1.29314
-6.58223
-2.84151
-2.16815
-2.88644
-2.80691
-1.58241
-2.90494
-2.84367
-2.77136
-2.83287
148.458
18.8797
-1.97495
-2.54863
-3.74863
-9.07658
-1.75002
-0.0144959
141.37
-1.62595
-2.01857
-2.78879
-2.8175
-2.89266
-0.693707
-2.35209
-2.7659
148.067
-2.89108
-2.45389
-2.77337
-1.1225
0.675403
15.4589
-251.23
-2.11907
-2.61644
42.9092
-1.659
-1.89184
-2.4342
-1.23938
-1.30822
-1.24693
-2.53038
-1.23466
-1.18789
-0.930641
-0.041031
-0.299004
0.010977
-1.59518
-1.98011
-2.87323
-2.83259
-2.63513
-1.23411
-1.83233
-1.87492
-2.66992
-2.63691
-2.27983
-2.33453
-2.24419
-2.5281
-2.60547
-2.78516
-2.7585
-2.82034
-2.49371
-3.30727
0.282915
-3.16964
-3.03414
-2.77065
-3.04164
-2.18331
-2.66476
-3.22218
-4.17722
-3.09959
-3.28972
-2.83791
-2.70191
-3.43198
-4.46862
-3.94459
-2.42135
-4.08197
0.493591
-2.78968
-3.08394
-2.34043
-0.132921
-4.19925
-5.33338
-7.45822
-1.90516
-5.30627
-3.2701
-2.81256
-3.68155
-2.92911
0.702413
-9.78362
-4.18682
-6.96516
-6.4868
0.147186
-0.0615968
-3.30713
-1.63331
2.61425
-3.50517
-6.51785
0.162725
-0.942306
-2.98116
-1.40196
-0.766936
-4.69449
-2.55091
-0.201456
-2.48554
-2.32757
-1.47237
2.20815
-9.70462
-0.477866
-0.202585
-0.558381
-3.57386
-0.713309
123.559
0.0778931
-2.0603
0.536688
1.87678
-2.99937
-5.55551
-4.313
-6.14971
-2.7134
-1.67871
-5.2286
0.735628
-3.75096
0.359105
1.24793
-3.55441
-2.87155
1.57818
1.32992
0.790204
0.581316
-2.69499
0.992324
-0.694941
-2.95536
-0.625542
-0.126592
0.24423
-1.44829
-2.03937
-0.559648
0.440478
-0.290291
0.018753
2.22828
2.10532
-0.0974808
-2.48983
-0.271062
-1.66793
2.37136
-1.6457
2.84751
2.09752
-3.20534
0.403348
0.246389
-2.49696
-2.0187
2.47492
-0.229612
-7.28616
-2.76779
-7.21991
-11.1501
-2.51262
-3.75782
-6.42243
-2.15167
1.73041
-0.75451
-10.314
-4.30627
-11.9785
-1.974
-4.31792
-3.11928
-3.12641
-3.69782
-4.73047
-3.64156
-3.26838
-3.9157
-0.531757
-2.89186
-2.4687
-3.55573
-4.12671
-3.17297
-1.94814
-2.06331
0.247772
-4.98385
-2.56439
-0.852756
0.628467
-2.58453
-2.76896
-4.62682
-2.29467
-2.27826
-2.50593
-2.11536
-2.00119
-2.29433
-2.6587
-4.33022
-3.47017
-5.37535
-2.78777
-2.65479
0.511982
-2.72602
-2.48537
-2.59563
-2.17229
0.153732
-2.4864
-2.3747
0.296466
-0.0978933
-1.767
-1.65448
-1.72149
-1.49675
-1.64149
-2.61059
-1.94168
-2.62426
-2.90135
-1.30203
-1.33311
-0.822034
-0.755545
-0.750327
-0.979353
-0.979229
-0.890066
-0.331002
-1.11086
-0.403245
1.51186
33.0458
-2.01029
-1.4837
-1.1889
-1.24224
-1.31741
-2.2945
-604.709
-1.61259
-2.84747
-0.717522
-2.82205
-2.93273
-0.588183
148.717
11.6347
-4.05429
-2.81741
-2.88258
-2.92023
-2.24877
-2.41402
-2.6923
-2.66937
-2.80573
-3.09903
-2.94721
-2.07465
-1.83504
-3.00077
-6.42475
-0.407739
-0.692661
-4.38639
188.16
0.0277958
-4.21961
8.63517
0.289444
2.09051
0.488109
0.0857606
-4.24931
-1.83099
-3.08921
9.25227
-15.3071
-3.67937
16.607
-2.98518
-3.57028
-10.121
-5.34969
-2.47904
19.4598
-0.254849
-3.93721
-2.70165
5.01782
-2.25525
-2.88683
0.326927
0.289494
-1.73322
-0.327607
-2.57757
-2.24787
-1.83517
-2.67014
-2.71678
-0.107626
-3.23943
-2.75246
-3.44737
-2.7229
-2.71859
-2.84877
0.349298
-2.96104
-2.78735
-1.44254
-1.33219
-2.86003
-2.86738
-2.8922
-2.88663
0.326118
-2.81843
-2.93404
-0.611622
-2.87315
-106.091
-2.85241
-2.90639
-2.87916
-347.573
-2.86532
-2.85632
-493.349
-1.47174
-2.72885
-2.64775
-1.76844
-0.948527
-2.86014
-2.57036
0.544608
-2.78929
-1.65742
0.352678
-2.67044
-2.75021
-2.87626
-2.84842
-2.65763
-0.0683857
-2.7436
-2.86287
-2.87991
-1.88086
-2.36754
-2.68366
-2.84369
-2.54183
-2.79649
-2.32496
-2.55565
-2.33979
-1.7564
-0.753084
-2.51655
-2.57086
-2.45547
-2.84647
-2.46037
-2.56035
-1.2629
-2.4125
-2.47198
-2.25633
-0.728458
-2.61714
0.0621642
-2.75972
-2.74274
-0.124632
-1.65664
-2.57947
-2.85683
-2.43539
-2.70555
-2.23579
-1.10248
-0.00600946
-0.360919
-1.34483
-2.68879
-2.49254
-2.4164
-2.41853
-2.85876
3.36673
-2.48701
0.312718
-1.35558
-1.51353
-2.83748
-1.62829
-1.54208
-2.9142
-1.13896
-1.07019
-1.08569
-1.15542
-1.10305
-1.06048
-1.1183
-1.13421
-1.26846
-1.24695
-1.04664
0.379313
-1.16637
-0.885412
-1.25218
-1.65766
-2.85026
-1.11459
-1.56887
-1.96072
-1.54811
-0.819992
-0.95535
-0.925446
-0.817313
-0.88287
-0.735472
-0.966432
-1.84983
-2.08639
39.0846
-2.28986
-2.32099
-0.0892731
0.474213
-1.16752
-1.61979
-1.81523
-2.0901
-1.62337
-1.80571
1.28754
-1.67773
-1.78833
-1.8749
-1.44947
-2.48524
-1.76255
-2.92103
-1.72987
-1.69772
-1.83883
-2.02836
-1.96526
-1.79752
0.451056
-2.54545
-1.52478
-1.9748
-0.293061
-2.39352
-1.83881
-1.91613
0.328682
-0.532226
0.102069
-1.69913
-2.62484
-2.18955
0.339238
-2.65393
-2.42617
-2.08072
-0.453574
-1.43115
-1.64811
-1.75213
-0.165459
-2.14052
-2.70475
-1.09763
-1.26567
-1.12448
-1.35333
0.312429
-0.928086
-0.962443
-0.951369
-1.22959
-0.903849
-1.01417
-1.10449
-1.10433
-1.66348
-1.1268
-2.26644
0.344178
-1.43628
-0.877936
-0.704037
-1.32513
-0.969313
-1.46317
-0.259451
-0.803038
0.296602
-0.417743
-0.557664
-0.580393
-0.525063
-0.531505
-0.67393
-1.60655
-0.534682
-0.586349
-0.381101
-0.584659
-0.431116
-0.952119
-0.706806
108.107
-0.480767
-0.507866
-1.12766
-1.48957
-0.842339
-0.829203
-0.785961
-0.55984
-0.542076
-2.69751
-0.546969
-1.44349
-0.820938
-1.2889
32.7007
-1.4657
-0.5795
-0.574161
-0.810864
-0.76478
-0.914549
-0.664887
-0.632618
-2.83495
-2.83055
-0.814345
-0.784974
-0.793293
-0.379265
-0.371901
-0.333909
-0.822214
-0.480214
-0.517576
-0.303536
-0.304322
-0.255367
-0.343128
-0.215153
-0.218583
-0.468238
-0.44097
-0.00238929
-0.643195
-1.77337
-0.483824
-0.537367
66.0261
-0.6954
-0.748983
-0.441169
0.0917325
0.0539804
0.089092
0.190534
0.224926
0.0517397
0.0227726
-0.727697
0.121251
-0.022113
-2.83158
0.12106
-0.354124
-0.137721
-0.134675
0.0860646
-0.0898386
-0.120991
-0.269243
0.0671724
-0.114497
-0.0782844
-0.0715153
0.00616393
-0.020332
0.0275172
-0.212385
-0.17838
-0.243008
-0.126897
-2.15181
-0.639336
-0.0353967
-0.0249683
0.10629
-0.155211
0.0223476
-0.0114935
-0.0887783
-0.652418
0.550859
0.138543
-2.6335
-0.484498
-0.113013
-0.313823
-0.260879
0.0474722
-0.344286
-0.260206
0.147644
-1.62855
-0.626997
-0.133179
0.195736
-0.286939
-0.35909
-0.264584
-0.635079
-0.239728
0.184297
-0.136302
0.175739
-0.173145
0.223664
0.118836
-0.798579
0.120716
0.303638
0.181083
0.108032
0.308017
0.295791
-0.623933
-0.0970364
0.232319
0.342825
-0.142139
-0.975399
0.332312
0.410003
0.410243
0.4363
-0.262388
0.480592
0.455274
0.437468
0.424098
0.227182
0.210303
0.35079
-1.48807
0.401539
0.421356
0.0943825
0.337113
57.254
0.114299
0.485666
0.486173
0.071725
0.576527
3.06523
134.19
120.937
135.511
109.4
-0.21196
0.192394
0.435636
0.478524
0.599098
0.502934
-1.33028
0.445018
-0.0345281
-0.947695
58.7515
0.509599
1.34981
1.81598
0.0750744
0.877789
0.426247
108.761
162.311
-1.44211
68.7498
59.4638
20.729
0.541165
0.717765
0.493646
0.732164
52.5693
-2.32981
135.943
0.704254
0.685121
17.8136
0.24173
0.247949
0.285311
0.27213
0.26333
0.527861
0.340758
0.459954
0.472517
0.278789
0.435759
0.219935
-2.46268
0.178452
0.362774
0.499309
0.251089
0.172583
0.393378
0.418791
0.556993
0.367319
0.487886
0.473476
0.30277
-2.35872
0.267127
0.685523
0.344181
0.199321
0.464229
0.527811
0.454157
54.9771
0.232551
0.408205
0.422236
0.426331
0.429983
0.355745
0.330426
26.1867
0.290164
0.574216
0.599985
0.286747
0.405256
0.461973
0.607824
0.52771
0.606186
0.449299
0.648191
0.496405
0.3887
0.289041
0.59403
0.57352
0.642084
0.965499
0.25594
0.620431
0.4396
0.4062
0.349803
0.523544
0.519464
0.566317
0.51848
0.391794
0.418382
-2.01884
76.0794
124.854
137.855
0.321061
0.361627
0.589265
0.900627
38.3612
0.293008
-2.54823
0.923177
-1.93688
0.769866
137.761
0.627638
22.1885
63.0249
138.995
0.42114
0.513803
142.664
16.8669
76.4916
1.71455
0.435762
130.006
143.589
79.1449
0.350591
1.51376
135.346
-0.96868
1.66887
0.543215
-0.391909
1.08628
0.91689
22.7664
0.444211
0.446427
143.875
0.714538
0.779197
39.5654
0.571215
0.29878
128.417
-2.81581
-0.377975
129.649
137.709
0.651406
-2.58274
0.761499
130.109
0.698525
-2.21734
-6.48489
-1.65221
0.386002
0.464419
0.625
0.642617
0.652286
0.630618
0.347998
0.544539
0.641463
0.620223
0.644939
0.625687
0.55025
-2.52994
0.459607
0.549565
0.534813
0.741758
0.731855
0.526051
0.850002
0.550552
0.743814
0.739326
0.696662
0.738598
0.713693
-2.13823
0.62621
0.355344
0.596448
0.746409
0.518287
0.526274
0.121538
0.376685
0.418799
-0.620056
0.420335
0.446422
0.239593
0.751323
0.29758
0.206841
1.04427
0.547488
0.744423
0.238115
0.312232
1.1212
-2.57974
0.527742
0.505785
0.627103
0.300918
-2.76487
0.40147
0.172772
0.542756
0.393486
0.203942
0.26234
0.26661
-0.362966
0.0598219
0.223871
0.253335
0.273819
0.523551
0.609601
0.26631
0.222421
0.16213
0.245472
0.254186
0.288683
0.267239
0.289231
0.0610901
0.260891
0.107852
2.12521
-0.328386
0.355456
0.274832
0.0261929
0.312121
0.347625
0.306268
-1.20428
0.0302362
-0.0155555
0.058081
-0.869547
1.56978
0.163515
0.340242
0.26088
-0.0251374
0.332528
0.277029
0.181248
-2.9446
0.536111
-0.0547337
0.214335
-2.69112
-0.0610015
-0.201528
-0.234453
-0.160025
0.250667
-0.324137
-0.411691
-0.372282
-0.13316
-0.120065
0.206086
0.244936
-0.10993
-0.632276
-0.622054
-0.577978
-1.56801
-0.470825
-0.576932
-0.24049
-0.45901
0.395614
-0.49033
-2.8299
-0.823602
-0.363155
0.27121
-2.8576
-0.393938
-0.688706
0.018925
-0.0216559
-0.178807
0.0566084
0.0971804
0.121227
0.0526531
-0.048187
-0.223145
0.0133215
-0.467233
0.0144275
-0.259852
-0.032865
-0.275529
-0.299633
-0.514491
0.163451
-0.0920564
0.197837
0.457608
0.567604
0.569635
0.272923
0.246673
148.055
-1.44226
0.238899
0.329208
0.300771
0.258325
-2.75406
0.327861
-0.255614
-0.175177
-0.347337
-0.468027
-1.32544
-0.204339
0.259836
0.0457518
0.125263
70.96
-0.0216388
-2.20085
0.263374
-1.08893
0.00720813
-0.137739
-2.25313
-0.105938
0.14424
-0.252009
-0.273298
0.0738932
-0.0823969
0.808486
-0.132618
-0.252658
0.228532
0.234049
0.531646
0.159543
-0.869051
-0.698022
-0.539421
-0.195061
-0.754078
-0.243707
-0.602506
-0.335322
-0.969247
0.054815
-0.716951
0.155581
-0.099478
0.0302586
0.103109
-0.733578
0.127011
-0.10229
-0.078073
-0.0852844
0.209086
0.969215
0.297338
0.199607
0.0820246
0.263843
-0.373499
0.0756765
0.321735
-0.387069
0.103994
0.271875
0.362057
0.398195
0.332129
0.291405
0.533154
-1.47836
0.48191
-2.19636
0.908128
0.412855
143.629
-0.13845
0.806132
142.687
-0.0595334
0.55019
1.09515
78.5648
65.4787
0.772267
1.13774
0.938166
129.416
22.9506
0.228093
0.260878
-535.675
0.470417
140.472
61.8958
39.1926
0.989592
0.537275
1.56223
36.7387
0.45127
22.5105
0.634797
0.324479
59.6264
0.543415
-2.69005
0.461288
0.501787
-1.57399
0.296582
0.167979
0.254803
-0.0529133
0.117983
-2.64527
0.486009
0.424181
0.485563
-0.12267
0.31924
0.323915
0.41081
-0.216235
0.28977
0.0313609
-2.18849
0.300962
0.263008
0.113811
0.386358
0.297419
123.277
0.420441
0.424186
0.672315
0.497001
127.97
-3.95916
-2.07481
0.713161
122.804
125.724
0.515879
-1.58036
1.28618
0.427756
-0.828819
2.70741
135.052
63.9949
0.855008
12.5571
30.2318
0.240254
0.362299
0.460662
-0.31248
-1.51828
0.527144
107.737
0.328386
135.937
54.395
0.146667
0.407527
0.140459
-1.15832
-1.59112
17.3595
0.668049
-2.32273
0.0779795
0.399476
-0.0203862
-0.179489
0.903278
0.00910128
-0.152243
-0.169244
0.253161
2.5406
-0.00106902
-0.228521
0.570493
-0.137536
0.189692
-0.0938167
0.161526
-0.0484836
-0.0607693
0.040258
0.381848
0.0664411
-0.384752
0.347748
-0.538032
0.21955
0.418723
0.0968656
-0.279477
-1.35106
0.224366
-0.58962
-0.641192
-0.510329
-0.487817
0.409423
-0.726868
-0.667903
-0.53309
-0.49482
-0.656064
-0.603028
-0.286554
-0.118831
0.0653194
-3.9399
-0.194676
-0.460626
-0.78929
-0.158388
-0.773603
-0.213866
-0.657737
0.369659
-1.77423
-1.99099
-1.80259
-1.26337
-1.29266
-2.01845
-1.61924
-1.58884
-1.83658
161.967
-1.83257
0.741129
0.222129
-1.72997
-0.564458
0.372221
-2.66062
0.285686
-1.24054
-1.80177
0.107628
-2.34165
-2.14868
0.589348
-16.9394
-3.31144
-0.126549
-2.89393
-0.392802
0.355398
-3.32935
0.139826
0.381143
-0.00249552
0.957367
126.218
-2.83557
-2.2455
-2.51715
0.547944
-2.78245
0.417435
-1.65534
0.467017
-1.47464
-2.87214
-2.76654
0.408619
-2.81216
-1.46561
0.274681
0.596048
-2.19059
-2.76929
-0.00309062
-0.100471
-3.60474
-2.80085
-1.70757
-2.87471
-2.91395
-2.84212
-2.66267
-2.79201
-3.05533
-0.324191
-2.82735
0.0434251
-3.23031
-1.6491
-1.23428
2.42285
0.99518
-5.02048
-2.91904
-1.46966
-3.23647
-0.798713
-2.94967
-3.41527
-7.3169
0.543338
-2.62452
-1.5288
-8.78302
-2.83825
-2.86602
0.603239
-1.93604
-2.82026
-3.67773
-4.05309
-219.808
-2.70065
-3.17079
0.00806028
-2.37301
0.73793
16.3742
-0.748199
-3.07081
0.350085
-2.16641
-1.72972
-1.68064
-2.70714
-155.886
-0.522316
0.302455
-2.89668
-0.878896
-2.75078
-2.7892
-3.21959
-2.04637
-2.36657
11.4583
-437.545
0.643004
-3.57842
-2.84868
-5.48827
0.0234541
-1.76195
-0.313642
-3.62475
-2.61436
-3.07586
-2.93362
-1.09327
-6.08791
-2.86301
-2.52274
-2.87028
-2.75134
-2.87195
-2.67883
-2.47974
-2.83971
-2.39346
-2.81615
-2.3641
0.134303
-2.8045
-1.52821
-2.77047
-2.66319
-2.78757
-0.751095
0.532772
-2.64969
-2.61306
-501.969
-1.31257
-1.47947
-1.78613
-1.30897
-2.20029
-0.882068
-2.63939
3.0843
-1.10891
-2.99148
-0.56472
-0.516505
-0.818176
-2.8501
-2.37957
-2.05557
-2.05153
-2.90657
-1.57533
-1.12826
-2.47765
0.614226
-1.90187
-0.592145
-1.09584
-1.02372
-1.30831
-2.50177
-1.28471
-1.51897
-2.10993
161.097
-0.749765
0.0698904
-2.01058
-1.15516
-2.26804
-1.91856
-0.743752
-1.96233
-2.23755
-1.26389
-0.777787
-2.72531
-1.04058
0.0972051
-2.21979
-1.04558
-1.47815
-0.502946
-0.0861036
-0.812655
-0.641578
-0.291648
-0.912839
-0.730846
-0.690154
-1.80388
-0.358764
-2.9385
0.240521
-0.504632
-2.73685
0.478086
0.0684146
0.14523
-2.87394
-0.146818
-2.16247
0.641576
-0.0974916
-0.14547
-3.46088
-2.43254
0.0321183
0.00917957
0.0397185
-0.42126
-0.108532
-0.0014638
-0.151503
-2.47248
-0.135369
0.200783
0.433278
-0.730577
-0.38734
0.550516
-0.126881
0.305112
-1.31383
-0.658493
-0.309705
0.0144645
0.604345
-2.59634
73.665
-0.55137
-2.18379
-2.07241
-0.462538
-0.355523
-0.0224978
-0.387266
-1.75089
0.254573
-1.8292
-0.711544
-0.246982
-0.794473
-0.662095
-4.15468
-0.800344
0.174608
-6.05126
-3.38943
-0.122313
-2.46655
0.0309623
-2.97779
-2.90669
0.573007
-0.677625
-0.899688
-0.341842
0.304914
0.454764
-1.72698
-0.545001
0.325868
-598.96
0.0403818
0.133493
-1.15245
0.478919
0.411162
-2.38071
-2.84359
-2.88306
140.472
0.580725
-0.910297
0.716405
0.570862
-0.249745
124.87
-2.52881
0.602541
76.6298
0.632228
0.650966
0.175521
134.579
0.476642
-2.16116
0.461908
0.933052
-2.77963
-0.383499
123.306
-0.257151
0.616505
70.4472
15.0693
0.524668
0.319334
0.540156
0.464921
-0.990546
0.308476
-2.7212
0.709452
0.569097
161.587
0.673658
0.572315
0.31601
1.54414
-0.164998
0.716461
79.3243
71.0274
0.844764
-2.05293
1.38904
-2.19756
0.52131
0.277309
-1.68275
0.469708
0.396014
0.231269
1.97281
0.362493
0.453692
0.414761
0.0899709
0.594794
74.8933
0.507178
-1.08589
0.462529
-2.27883
-4.1743
-2.97915
0.343618
-0.753155
-0.122816
-2.88207
0.433018
0.271273
-2.67701
0.0191172
-0.179186
-0.850556
16.4002
-0.344924
-1.01295
-0.126894
0.198818
-1.63208
-1.95634
-6.21629
0.858806
-0.312178
0.361704
140.517
0.621581
1.48756
-0.0649706
0.481921
0.541178
0.820483
-0.209798
-0.96765
-2.83091
65.231
0.705759
0.63984
0.222315
0.489348
-1.89331
0.543674
75.0512
-1.6147
0.123805
0.377882
-2.03357
14.6731
-0.154449
0.985761
-2.36774
0.365194
0.39109
-0.219565
0.263453
0.456141
0.51757
0.207906
-1.43885
-1.6503
-0.895466
0.0482456
-0.819474
0.10711
-1.40998
-3.41437
-3.23168
-1.94103
-2.08801
-2.24261
0.477759
-1.23793
-1.24098
-0.96293
0.198859
-1.05465
0.290803
-3.49182
-4.39477
-2.86033
0.505491
0.266628
-1.12701
-0.963703
-0.239197
0.284737
-2.91497
1.31746
-0.542434
-2.6949
-0.0346444
-0.886846
-1.98608
-3.15375
0.362766
0.0418097
-2.86982
-1.82968
-0.379302
-1.1015
-1.77098
-2.26037
-0.501636
0.666573
0.397197
-1.985
-2.91949
-2.94656
-2.57251
0.51902
-0.05438
-1.35232
-5.20065
-0.516711
0.193977
0.569552
-0.691698
-4.27126
-0.289711
0.397096
0.441412
-0.159222
-2.03226
-6.01197
-2.23314
-0.219026
-2.61238
-2.3597
-0.948368
-2.9052
0.122516
-0.0111906
0.23787
-2.73509
-94.0977
-0.16746
0.211583
-2.08406
-0.942482
0.0235805
-2.92997
-2.13235
-1.60408
0.224389
-0.166771
0.0185817
-2.83629
-1.3243
0.0469485
-0.536512
-0.775232
0.21057
-3.96621
-0.402513
-2.57467
-0.934394
-0.0584829
1.99794
-0.419742
0.387377
-2.19851
-1.27125
-2.87668
-0.385662
-2.2642
-618.342
-0.892544
-0.486848
0.644361
-2.32683
-0.269311
-1.31538
-0.658438
-2.16007
-0.437739
-2.83275
1.41998
-0.210696
-0.454745
0.418038
-3.65519
-0.0461399
-1.34675
-0.861281
-0.011672
-0.224791
0.438399
0.181812
-2.53822
0.352283
-0.1331
79.3243
0.330195
-2.25561
0.599508
0.331349
0.0123783
-2.85972
-1.64028
0.040867
-0.0303464
0.305867
-0.238305
-2.27774
0.530584
-1.54702
-1.96388
-0.174033
0.0176258
-2.00016
-0.418746
-4.68808
-2.26185
)
;

boundaryField
{
    FrontBackPlanes
    {
        type            symmetry;
    }
    wallz
    {
        type            calculated;
        value           nonuniform List<scalar> 
97
(
-592.709
-628.966
-677.3
-427.544
200.515
50.7339
-1.12626
206.121
208.329
-2.42211
-2.72445
-2.57414
0.382609
0.521904
0.719415
206.452
207.96
206.069
-1.95468
-2.10808
-2.26898
-0.0320435
0.11184
0.250564
206.16
204.625
205.859
-1.46647
-1.62889
-1.79381
-0.475103
-0.321645
-0.174676
203.854
202.166
-1.14583
-1.30907
-0.955354
-0.792486
-0.632462
203.628
202.483
-0.991352
-1.44559
-1.28036
-1.11509
205.886
208.974
207.915
-0.551835
-1.9243
-1.76636
-1.60803
209.312
208.228
209.072
-0.280866
-0.414876
-2.20792
-2.07363
206.408
204.772
203.574
-0.0294831
-0.152352
41.1203
2.5327
-2.75472
-2.62635
201.327
201.855
203.088
0.204088
0.0890992
0.315448
0.427717
0.580018
201.97
202.196
201.578
211.78
160.005
-2.88593
-573.068
-766.517
-807.944
-262.622
199.878
147.131
-2.87615
-0.697241
200.808
-2.36403
200.858
201.298
-2.49218
-0.83674
)
;
    }
    outlet1
    {
        type            calculated;
        value           nonuniform List<scalar> 
31
(
-2.943
-2.943
-2.943
-2.943
-2.943
-2.943
-2.943
-2.943
-2.943
-2.943
-2.943
-2.943
-2.943
-2.94301
-2.94422
-2.94432
-2.94304
-2.943
-2.943
-2.943
-2.943
-2.943
-2.943
-2.943
-2.943
-2.943
-2.943
-2.943
-2.943
-2.943
-2.943
)
;
    }
    inlet1
    {
        type            calculated;
        value           nonuniform List<scalar> 2(-797.515 -814.624);
    }
}


// ************************************************************************* //
