/*--------------------------------*- C++ -*----------------------------------*\
| =========                 |                                                 |
| \\      /  F ield         | OpenFOAM: The Open Source CFD Toolbox           |
|  \\    /   O peration     | Version:  v2012                                 |
|   \\  /    A nd           | Website:  www.openfoam.com                      |
|    \\/     M anipulation  |                                                 |
\*---------------------------------------------------------------------------*/
FoamFile
{
    version     2.0;
    format      ascii;
    class       volScalarField;
    location    "0.05";
    object      p_rgh;
}
// * * * * * * * * * * * * * * * * * * * * * * * * * * * * * * * * * * * * * //

dimensions      [1 -1 -2 0 0 0 0];


internalField   nonuniform List<scalar> 
6576
(
2575.19
2517.21
2530.24
2550.91
2589.75
2611.29
2544.67
2542.44
2595.25
2569.17
2671.55
2633.63
2599.71
2627.75
2529.37
2553.37
2460.7
2533.04
2533.93
2656.09
2495.37
2644.36
2651.36
2526.42
2608.77
2681.32
2821.93
2594.8
2512.57
2510.64
2569.69
2455.65
2563.4
2622.19
2604.7
2662.06
2603.3
2668.71
2566.37
2618.94
2536.22
2498.03
2577.47
199.413
158.007
193.16
89.2916
198.282
197.635
199.864
200.087
198.63
0.0049677
0.00261169
0.00151445
0.00737832
0.00301873
8.64071e-05
0.00532513
0.00461442
0.00729016
0.00930763
0.011384
0.00606008
0.00241838
0.00885244
0.0268776
0.0208384
0.0204678
0.019481
0.0220568
0.0128074
0.0201994
1.36592
1.36411
1.3975
1.38366
1.38135
1.41007
1.41481
1.27783
1.26533
1.25795
1.3031
1.3046
1.28907
1.28728
0.854775
0.878615
0.901349
0.887011
0.871943
0.869955
0.793763
201.924
201.922
203.264
151.797
198.184
201.259
198.39
202.044
201.745
202.026
202.02
202.105
202.195
202.176
200.474
200.405
200.515
200.293
200.813
200.233
-0.000893455
-0.00634433
0.0198387
0.0316869
-0.0843098
0.0533236
-0.0260512
1684.34
2501.42
2203.42
2544.89
2565.6
2709.78
2810.25
0.0552432
-0.0614942
-0.0643617
-0.553775
-0.109413
-0.800752
-0.210418
0.540855
0.545699
0.528539
0.554812
0.570805
0.565716
0.547386
0.422355
0.435419
0.450826
0.434668
0.469879
0.47133
0.441702
0.295063
0.307101
0.273418
0.360218
0.337512
0.313422
0.330565
0.269929
0.224434
0.266287
0.279832
0.231768
0.266186
0.317293
0.252742
0.305268
0.136618
0.107206
0.119158
0.197223
0.185035
0.155078
0.162491
0.0545688
0.00516445
0.0280237
0.0791567
0.0275087
0.0614273
-0.0157288
0.0340522
0.0976039
-0.419629
-0.452842
-0.52424
-0.447796
-0.493661
-0.621578
-0.567
-0.517866
-0.568963
-0.437227
-0.423387
-0.394625
-0.386919
-0.434587
-0.372859
-0.424436
-0.589556
-0.518598
-0.547501
-0.625228
-0.629365
-0.537999
-0.557279
-0.508117
-0.543441
-0.490266
-0.523418
-0.448496
-0.50302
-0.561774
-0.0434973
0.167453
0.0164317
0.0339566
0.0479133
0.0641648
0.179505
-0.175533
-0.174907
-0.212325
-0.183085
-0.158002
-0.171312
-0.201713
-0.18486
-0.194808
-0.223722
-0.21302
-0.204342
-0.244734
-0.247678
-0.277924
-0.266756
-0.223729
-0.300193
-0.34584
-0.308837
-0.271451
-0.078782
-0.12478
-0.0921382
-0.144396
-0.129454
-0.107024
-0.0923749
0.0423888
0.0844874
0.0878957
0.00590839
0.000467656
0.0278971
0.0215749
0.064636
0.0670221
0.210176
0.251897
0.243252
0.201
0.193515
0.233148
0.226547
0.464462
0.458937
0.47401
0.490602
0.475322
0.472189
0.485821
208.345
207.574
208.332
208.7
207.84
208.987
209.936
208.02
209.315
206.602
211.772
210.095
206.723
204.457
200.354
128.723
0.91005
1.04346
1.02802
0.943307
0.979507
1.04632
1.11226
1.1518
1.15784
212.602
208.349
211.126
0.648009
-0.566644
1.23202
0.488823
-0.00451119
-0.890524
-1.76547
0.900277
0.923228
0.905475
0.909161
0.891002
0.890142
0.906976
2.8797
2.64359
2.54592
2.87665
2.64395
2.9555
2.45898
2.58857
2.90389
1.04218
1.05588
1.0451
1.02708
1.01591
1.0352
1.02413
0.740002
0.833623
0.788672
0.88361
0.834063
0.801627
0.879478
0.591749
1.02799
0.612771
1.40737
1.30285
0.894251
1.13443
0.884465
0.956553
0.757466
0.719547
0.831022
0.5846
0.768573
0.606346
0.539762
0.67245
0.325104
205.862
206.338
206.121
205.88
206.036
206.127
206.255
209.158
208.045
208.329
207.132
207.299
206.843
206.562
207.996
209.768
213.563
220.222
211.264
207.93
208.533
209.666
209.568
2.39883
2.39955
1.86043
0.510941
1.06978
1.58738
4.59544
1.07928
1.0853
1.06853
1.10145
1.09166
1.09634
1.08672
1.07524
1.08512
1.18232
1.20943
1.19978
1.20771
1.19036
1.19959
1.17957
1.34331
1.32399
1.29942
1.35693
1.31884
1.35108
1.31634
1.30714
1.34396
1.98126
1.89341
1.97623
2.13674
1.97061
1.91094
2.02076
2.07224
2.10999
2.22665
2.01389
1.95998
2.01932
2.07958
0.119909
0.0959828
0.0978092
0.131364
0.134207
0.107672
0.106224
0.129695
0.107487
0.122125
0.120793
0.137598
0.137792
0.120232
0.195358
0.181809
0.174422
0.197932
0.202703
0.187705
0.179766
0.226913
0.214517
0.234773
0.233593
0.223604
0.246649
0.258117
0.239974
0.249222
0.187045
0.174644
0.19134
0.192899
0.197941
0.178
0.188138
0.152996
0.175396
0.158316
0.154023
0.140031
0.165424
0.15365
0.148717
0.14508
0.133394
0.157447
0.170196
0.15815
0.148639
0.0614885
0.0671268
0.0796148
0.0607571
0.0481138
0.0614891
0.0758097
0.115726
0.10577
0.102337
0.105242
0.0921121
0.0867402
0.0997933
0.0398627
0.0608762
0.0541402
0.111985
0.106079
0.129233
0.00860855
0.0189039
0.0153386
0.0175974
0.00792212
0.0141804
0.0200363
0.0173413
0.0151061
0.00422484
0.0368251
0.0248083
0.0259343
0.0181794
0.0110327
0.00150378
0.0201537
0.0183487
0.0313785
0.0239108
0.0074176
0.0144373
0.0112417
0.019467
0.0265133
0.017571
0.00242294
0.00756742
0.00934049
0.00894295
0.0141102
0.0184915
0.0313451
0.0203295
0.0116719
0.00903522
0.00530794
0.00231474
0.0144251
0.0168491
0.0109078
0.0122028
0.047555
0.0619158
0.0655306
0.0408164
0.0388909
0.0479184
0.04461
0.056226
0.0584811
0.0513474
0.0535612
0.0436548
0.0280857
0.0289184
0.0326627
0.0356487
-0.014142
-0.00472018
0.0177053
-0.0152645
-0.0300209
-0.0147402
0.00301381
0.0303139
0.0222279
0.0395963
-0.00859512
-0.0030303
0.0125266
0.00573232
0.0491538
0.0664978
0.0188155
0.0318683
0.0682385
-0.0491691
-0.0473575
-0.0750413
-0.129108
-0.11208
-0.110384
-0.0949301
-0.0797015
-0.117947
-0.165607
-0.21845
-0.248315
-0.185223
-0.159298
-0.76256
-0.858862
-0.951634
-1.10603
-1.28879
-1.05608
-0.925895
0.606637
0.575168
0.459077
0.715049
0.624034
0.573355
0.691842
0.701073
0.647129
0.735325
0.754598
0.69293
0.750338
0.684806
0.664018
0.740672
0.934015
0.919592
0.864769
0.886337
0.890909
0.836041
0.837214
0.885844
0.869523
0.87154
0.872244
0.855333
0.860726
0.875888
0.832466
0.826001
0.846772
0.842642
0.839049
0.859343
0.854015
0.838273
0.824149
0.821749
0.8044
0.820486
0.827465
0.81407
0.901617
0.894183
0.909139
0.909505
0.903702
0.92047
0.913721
0.940918
0.944878
0.93582
0.930997
0.923875
0.943198
0.939244
0.937087
0.931872
0.92061
0.929724
0.932081
0.939115
0.932585
0.932459
0.9259
0.928205
0.921385
0.962786
0.967662
0.959648
0.960434
0.955113
0.959072
0.963115
0.954058
0.958268
0.951783
0.960685
0.966976
0.960832
0.959823
0.954687
0.949883
0.996584
0.995954
0.994875
0.991412
0.980599
0.986572
1.19485
1.32143
1.38303
1.16098
1.0975
0.872339
1.00109
1.04057
0.504494
0.728929
1.00172
1.16434
1.38073
1.39264
1.13951
0.879327
1.26102
1.64278
3.93103
7.06853
0.640514
1.06411
0.787234
1.83578
0.769634
0.364762
0.537949
4.80828
1.88866
1.15217
0.686148
1.11502
207.612
204.33
204.97
201.419
116.609
197.274
206.327
205.849
205.429
206.562
204.956
205.328
205.689
205.925
206.25
205.941
206.071
206.395
206.395
206.292
206.442
206.209
205.719
206.181
206.105
206.358
206.377
206.452
206.66
208.178
207.648
207.96
208.025
208.21
208.28
207.804
207.943
208.3
205.967
205.957
206.069
206.42
205.907
206.648
206.803
205.965
205.92
205.427
206.114
206.689
206.078
205.663
206.11
205.767
205.288
207.856
209.784
208.383
207.667
208.029
209.674
208.804
198
211.814
153.938
210.365
206.832
199.497
208.199
205.75
182.612
209.226
205.508
207.112
201.066
208.402
1.28583
1.33043
1.26787
1.28328
1.26911
1.27143
1.25102
1.09005
1.09077
1.08171
1.07905
1.03044
1.06561
1.07504
1.1049
1.09913
1.10936
1.1025
1.11423
1.12965
1.10356
1.08519
1.07965
1.08263
1.06727
1.05295
1.07496
1.06616
1.07951
1.08292
1.09043
1.09515
1.0868
1.08525
1.07953
1.08596
1.08232
1.09216
1.08768
1.20221
1.18793
1.19992
1.21098
1.19705
1.21753
1.20004
0.427641
0.417243
0.463959
0.35978
0.402457
0.429063
0.398833
0.421499
0.462007
0.379089
0.38299
0.417152
0.360348
0.318301
0.227265
0.204677
0.265953
0.325398
0.302159
0.316014
0.303539
0.287176
0.32577
0.346353
0.322116
0.311593
0.312457
0.329574
0.325022
0.330862
0.340237
0.321903
0.312273
0.365687
0.379842
0.354546
0.364272
0.352987
0.335777
0.349999
0.305095
0.327739
0.312822
0.305462
0.289651
0.316575
0.305684
0.307106
0.299001
0.280964
0.327327
0.312506
0.312424
0.300367
0.230567
0.2568
0.254595
0.253327
0.274955
0.268646
0.257402
0.24667
0.275439
0.254293
0.250263
0.261044
0.270726
0.201015
0.178715
0.200405
0.205762
0.219471
0.190757
0.220865
0.20628
0.149447
0.154902
0.137374
0.14818
0.137858
0.16259
0.12009
0.131652
0.147284
0.138088
0.0393478
0.0486865
0.0523032
0.061194
0.0723838
0.0604287
0.0540701
0.0491407
0.0463081
0.0356
0.0527995
0.0648459
0.0547298
0.0458331
0.0171034
0.0125817
0.0219682
0.047603
0.0391368
0.0553833
0.0292244
0.03659
0.045981
0.0414509
0.0145436
0.00815479
0.00133148
0.0153463
0.0113993
0.0106271
0.00933957
0.000623482
0.010477
-0.00295949
0.00183306
0.00313835
-0.00340663
-0.00487397
-0.00340023
0.00528965
0.00298381
-0.00105982
0.00959759
-0.00315932
0.00108126
-0.00653866
-0.00279319
0.00317043
-0.0123573
-0.0123443
-0.00315528
-0.00920157
-0.0103225
-0.013365
-0.0134112
-0.00417157
-0.00940463
-0.0144819
-0.0129698
-0.0622282
-0.0536763
-0.0482477
-0.0498927
-0.0386295
-0.0411909
-0.051855
-0.267708
-0.265279
-0.230186
-0.33344
-0.286553
-0.297371
-0.260684
-0.501846
-0.417206
-0.482079
-0.513926
-0.580867
-0.642506
-0.734131
-0.740311
-0.808343
-0.714105
-0.754969
-0.676284
-1.04521
-1.12621
-1.43811
-0.844037
-0.798845
-0.959365
-0.871754
-1.05171
-1.22714
-1.20646
-0.904093
-0.964648
-1.12725
-0.86656
-0.977984
-0.769026
-0.806604
-1.0408
0.44818
0.44149
0.480283
0.495162
0.461494
0.463927
0.502572
0.559209
0.523855
0.585092
0.601524
0.624282
0.58659
0.564809
0.685007
0.697516
0.657818
0.667099
0.681001
0.614088
0.636325
0.649502
0.631704
0.70578
0.69992
0.728089
0.673948
0.697642
0.710761
0.690185
0.833393
0.823827
0.823064
0.813175
0.823544
0.805539
0.818281
0.860997
0.867129
0.875177
0.861024
0.853728
0.852036
0.858532
0.858811
0.86558
0.848675
0.861347
0.869966
0.861647
0.860438
0.85325
0.847771
0.890675
0.900472
0.900589
0.900087
0.908804
0.905232
0.914885
0.884425
0.900126
0.89513
0.933744
0.944936
0.93759
0.960481
0.97204
0.963894
0.748089
0.937294
0.840431
0.765787
0.584643
0.647765
0.809416
207.37
208.173
208.461
206.386
206.01
207.207
204.769
204.873
206.845
205.73
206.16
207.089
206.433
204.735
204.468
204.625
204.406
204.739
204.579
205.028
204.866
204.489
204.152
203.798
204.362
203.792
203.076
203.515
203.806
203.418
205.279
205.859
205.847
205.467
205.919
206.135
147.51
199.8
206.709
204.067
206.987
204.478
200.362
202.321
170.581
204.296
201.069
204.079
193.333
204.085
1.11809
1.13529
1.09253
-0.220444
1.19145
4.53326
3.66585
1.18949
1.04656
1.19721
1.26936
1.18504
1.15059
1.19011
1.15796
1.16259
1.1618
1.17202
1.16332
1.17113
1.16315
1.23241
1.22266
1.2386
1.2364
1.24564
1.23472
1.22544
1.27446
1.26641
1.29225
1.30206
1.31435
1.2881
1.28069
1.35222
1.36749
1.33032
1.33319
1.34291
1.31669
1.3069
1.29221
1.29697
1.32491
1.34037
1.3455
1.30547
1.30953
0.527323
0.538471
0.524846
0.498917
0.52058
0.520068
0.498027
0.455949
0.448335
0.4265
0.462668
0.486076
0.46501
0.450374
0.455878
0.437872
0.456493
0.458695
0.466773
0.439324
0.453233
0.44743
0.463865
0.463217
0.465022
0.472824
0.461468
0.449041
0.454954
0.470596
0.468642
0.469704
0.477158
0.452849
0.465145
0.394543
0.415097
0.419276
0.4034
0.421181
0.428231
0.442396
0.433338
0.419157
0.477976
0.500778
0.484242
0.47868
0.462099
0.491163
0.477602
0.47819
0.470915
0.454859
0.483196
0.498827
0.482631
0.471918
0.421272
0.437488
0.420666
0.421372
0.405538
0.393952
0.411103
0.344678
0.361114
0.360848
0.384046
0.368823
0.373252
0.360541
0.420911
0.444691
0.43033
0.338075
0.360581
0.353039
0.283145
0.299681
0.305011
0.22192
0.236627
0.242246
0.248447
0.238
0.264919
0.250602
0.236768
0.236491
0.218394
0.236938
0.255411
0.170838
0.17853
0.183549
0.194701
0.206491
0.192757
0.184291
0.21892
0.244755
0.234454
0.212296
0.22275
0.237154
0.229004
0.153504
0.168008
0.171582
0.154441
0.169075
0.165571
0.148719
0.0505761
0.0553829
0.043715
0.0508208
0.059051
0.0173697
0.0232178
0.027732
0.0196833
0.0233592
0.0290044
0.0307514
0.0341729
0.0428064
0.0195668
0.016926
0.0132261
0.0296281
0.027141
0.0184115
0.00896494
0.0078691
0.0138023
0.00519181
-0.00142316
0.00781467
0.000164371
0.00603504
0.00213261
0.00342953
-0.00572621
-0.00550098
0.00289724
0.00299005
-0.00592234
-0.0105736
0.00585851
-0.00435511
0.00540379
-0.0106137
-0.0134705
-0.0191978
-0.0114753
-0.0186981
-0.0222772
-0.0169786
-0.00901232
-0.00565391
-0.00268473
-0.0111514
-0.014389
-0.0129851
-0.019648
-0.00658807
-0.0125314
-0.0118929
-0.00907107
-0.00871878
-0.00433443
-0.0180033
-0.0194291
-0.01677
-0.0192776
-0.0247684
-0.0408209
-0.0255697
-0.0389827
-0.027128
-0.0234914
-0.0286838
-0.0177208
-0.0301795
-0.0293762
-0.0147734
-0.0260646
-0.0329105
-0.0223771
-0.0858353
-0.0658813
-0.0828643
-0.0714611
-0.0937168
-0.0673393
-0.0832449
-0.632056
-0.719548
-0.797016
-0.611912
-0.47771
-0.619007
-0.720593
-0.944045
-1.10207
-1.15362
-0.934209
-1.20194
-0.892747
-1.09187
-0.591797
-0.562707
-0.474073
-0.577039
-0.499572
-0.536834
-0.456108
-0.754422
-0.725507
-0.882706
-0.610481
-0.638376
-0.606318
-0.671591
-0.754801
-0.675249
-0.727912
-0.678764
-0.659798
-0.770297
-0.88018
-0.829878
-0.76608
-0.356338
-0.367084
-0.46895
-0.274383
-0.344443
-0.307389
-0.38697
0.166501
0.21331
0.161465
0.168895
0.119573
0.144014
0.0996606
0.172254
0.129266
0.213596
0.16978
0.186635
0.270272
0.251757
0.251382
0.23263
0.192722
0.210041
0.381504
0.34751
0.350544
0.363195
0.336248
0.379868
0.353189
0.523591
0.531745
0.548543
0.51078
0.492022
0.512563
0.527023
0.509161
0.514166
0.490719
0.542586
0.525564
0.510903
0.525317
0.633941
0.641193
0.654844
0.62307
0.609164
0.625308
0.636613
0.60469
0.621368
0.622417
0.618478
0.604969
0.629899
0.619858
0.677133
0.662376
0.68528
0.691948
0.704407
0.689957
0.679019
0.790144
0.782097
0.783907
0.791524
0.784137
0.779499
0.787759
0.746681
0.735142
0.733602
0.713284
0.726714
0.734107
0.722668
0.794768
0.781955
0.780029
0.765688
0.795789
0.777108
0.839854
0.828924
0.823819
0.828114
0.839148
0.823801
0.817822
0.805903
0.828228
0.818863
0.876415
0.866428
0.861913
0.460809
1.20368
5.35054
0.829113
1.17201
1.72939
7.94728
204.028
203.688
204.558
202.907
202.624
204.413
203.452
203.854
204.085
204.726
202.48
202.165
202.166
201.807
202.141
202.085
201.609
202.702
202.105
202.173
202.455
203.422
200.307
199.778
201.833
199.408
72.6262
201.956
200.115
192.024
192.942
201.907
199.452
77.0546
1.14329
1.12605
1.13924
1.1553
1.14413
1.13586
1.14638
1.15627
1.16367
1.15083
1.14797
1.15432
1.14538
1.13537
1.14343
1.13486
1.20398
1.18959
1.19145
1.20608
1.19446
1.19693
1.18766
1.18539
1.1935
1.17685
1.17754
1.18242
1.16347
1.16532
1.16931
1.1654
1.20237
1.20538
1.18741
1.19451
1.19632
1.17109
1.1717
1.17923
1.17891
1.20666
1.20119
1.18509
1.19294
1.18824
1.17569
1.16843
0.583901
0.564032
0.581875
0.565426
0.578764
0.579677
0.592237
0.579922
0.564519
0.581317
0.565919
0.576898
0.578828
0.59029
0.566469
0.588766
0.582888
0.589473
0.601505
0.589455
0.576058
0.517923
0.531332
0.533012
0.544456
0.530521
0.539732
0.554625
0.588375
0.601998
0.588406
0.592152
0.604241
0.51742
0.53072
0.530267
0.527471
0.513972
0.607252
0.590573
0.60843
0.598577
0.58664
0.512203
0.528029
0.534424
0.523023
0.509432
0.479165
0.454276
0.471385
0.42149
0.394219
0.411901
0.441305
0.430857
0.494788
0.478976
0.471763
0.466347
0.476692
0.477677
0.490337
0.344387
0.358853
0.350074
0.376934
0.362395
0.373019
0.361242
0.372465
0.385453
0.393835
0.385041
0.375356
0.394477
0.403855
0.255259
0.268363
0.276668
0.302003
0.291059
0.285588
0.276787
0.0953965
0.0706338
0.087403
0.096618
0.0769887
0.098987
0.0816593
-0.0889385
-0.106461
-0.117884
-0.140477
-0.112955
-0.109625
-0.132392
-0.0147378
-0.0198295
-0.0236427
-0.0233518
-0.0117299
-0.0287028
-0.040434
-0.0263736
-0.03781
-0.0568996
-0.0182735
-0.00475976
-0.0319807
-0.0133908
-0.00785394
-0.00360432
-0.0183129
-0.0187953
-0.0114875
-0.0113387
-0.0224461
-0.0190872
-0.0287771
0.00202499
-0.0424498
0.0282217
-0.00303824
0.00931645
0.0433268
-0.224311
-0.0107722
-0.0354909
0.347713
-0.00276204
1.45448
0.383192
0.440951
-0.170621
1.30658
631.266
1935.5
2671.86
2701.82
2704.5
2709.05
2838.8
-0.31527
-1.38491
-2.84808
-2.10864
-2.64369
-3.71983
6.39026
2.45244
15.6213
-2.74981
-1.76102
-2.17784
310.961
-2.52427
-0.0813508
-0.199995
-0.0139168
0.0309374
0.0741441
0.482383
0.138649
0.400919
0.27095
0.139991
-0.516915
-0.319872
0.532735
0.208868
-0.485897
-0.425691
-0.438863
-0.453965
-0.393672
-0.373423
-0.438475
-0.21092
-0.240655
-0.229141
-0.248897
-0.224542
-0.201696
-0.227424
-0.233454
-0.205067
-0.38683
-0.341115
-0.381723
-0.401868
-0.355237
-0.33766
-0.383585
-0.305212
-0.263602
-0.248469
-0.260709
-0.230683
-0.22924
-0.198603
-0.076685
-0.1076
-0.102356
-0.0964973
-0.0673672
-0.110794
-0.0736783
0.176297
0.167827
0.201484
0.20001
0.174285
0.180058
0.207742
0.44173
0.425372
0.451594
0.458362
0.47478
0.456078
0.442192
0.52813
0.514697
0.513716
0.514021
0.49844
0.48787
0.507066
0.577815
0.589457
0.568425
0.567948
0.557862
0.565883
0.57582
0.554908
0.564578
0.550992
0.568669
0.58249
0.568993
0.567538
0.55608
0.548242
0.611647
0.626899
0.627108
0.6262
0.640018
0.64854
0.634847
0.62643
0.602077
0.617836
0.695243
0.682493
0.681349
0.669259
0.682002
0.659513
0.673764
0.679266
0.685236
0.66489
0.695534
0.706457
0.692621
0.683779
0.682469
0.702893
0.689931
0.735366
0.754069
0.740945
0.737722
0.74306
0.756116
0.732576
0.71831
0.732275
0.744439
1.16155
1.097
1.12117
1.11961
1.13799
1.14092
1.1859
1.51408
1.46555
3.24725
6.0225
1.15704
1.61764
1.18637
202.404
204.511
202.472
197.323
171.941
201.041
202.345
200.754
199.696
199.346
201.519
202.342
201.773
201.088
203.659
203.328
203.628
204.058
203.615
204.317
203.67
202.445
202.483
202.182
202.905
202.415
202.502
0.698771
0.679088
0.692971
0.692084
0.67772
0.699503
0.688139
0.686417
0.670409
0.683998
0.68195
0.669994
0.690236
0.680179
0.66572
0.679556
0.679599
0.677721
0.685659
0.676661
0.666045
0.682405
0.67869
0.665355
0.686429
0.699429
0.688004
0.678335
0.623535
0.637993
0.637775
0.656127
0.643804
0.648378
0.636839
0.637764
0.615682
0.630911
0.632481
0.617917
0.631311
0.629545
0.639875
0.618759
0.629146
0.634371
0.619361
0.634827
0.642486
0.631282
0.619693
0.631027
0.62395
0.642237
0.638997
0.647987
0.635614
0.637653
0.624157
0.660143
0.67577
0.685296
0.637681
0.65145
0.661756
0.670551
-0.122293
-0.111637
0.00510319
-0.178592
-0.0199872
0.0304558
-0.108978
-0.27841
-0.270731
-0.450632
-0.356605
-0.34352
-0.500229
-0.522519
-1.25605
-1.03227
-0.966472
-0.940793
-0.808165
-1.64328
-2.0054
-1.74463
-1.77229
-2.40485
-2.01887
-2.33257
2135.05
2020.32
2493.44
2254.07
2185.9
726.433
2403.26
-2.45015
-2.88613
-3.44998
-1.88255
-1.92155
-3.2319
-3.15583
-0.806134
-0.701304
-0.466877
-0.15961
-0.277833
-0.34552
-0.349428
0.0983177
-0.143551
-0.00307825
-0.0128178
-0.0313461
-0.00305322
-0.00789427
-0.00821381
-0.0132244
-0.000932566
-0.0364657
-0.0279115
-0.0259647
-0.00827207
-0.00664134
-0.000250457
-0.00933585
0.00175521
-0.00287047
-0.0087158
-0.00228577
-0.00717174
-0.0103816
-0.0124386
-0.0131309
-0.0143181
-0.0848921
-0.104906
-0.0782282
-0.0727737
-0.0870155
-0.0694992
-0.0563687
-0.0649533
-0.0606618
-0.0915302
-0.0337991
-0.0528829
-0.0677528
-0.0499255
0.00888517
-0.0105297
0.0162934
0.033713
0.014973
0.00803378
0.0272372
0.0894456
0.0868004
0.112056
0.0914937
0.0746666
0.0757477
0.0952988
0.183889
0.202903
0.183877
0.186722
0.163076
0.189745
0.168487
0.197494
0.177971
0.2
0.208367
0.21659
0.202434
0.210409
0.223533
0.220371
0.390096
0.398164
0.415188
0.370093
0.386342
0.384987
0.398952
0.429176
0.452303
0.445992
0.409587
0.394536
0.393751
0.380367
0.393951
0.369332
0.385515
0.476673
0.455077
0.46119
0.453878
0.474068
0.429329
0.520837
0.51404
0.537885
0.505189
0.489966
0.514672
0.519141
0.536409
0.520988
0.507637
0.57728
0.569499
0.591532
0.561568
0.54836
0.5645
0.573157
0.56245
0.560733
0.548017
0.708312
0.725611
0.702293
0.699928
0.680944
0.71374
0.697508
1.07953
1.0881
1.08502
1.09286
1.0859
1.09341
1.08289
1.08202
1.07821
1.07676
1.08038
1.08404
1.11731
1.09353
1.08919
1.09728
1.09064
1.09421
1.10494
1.07474
1.07896
1.06384
1.07999
1.08367
1.01267
0.93822
1.21106
0.94182
0.902035
0.967179
0.989357
1.27946
1.19051
1.15603
1.11126
1.1301
1.18219
1.25315
22.9248
2.385
4.76284
9.22715
1.38057
0.850124
4.44958
203.725
203.197
203.512
207.916
208.149
207.791
207.584
207.076
207.435
207.898
205.727
204.816
205.886
205.419
206.609
206.229
208.944
208.709
208.974
209.02
208.929
209.1
209.202
208.345
207.915
208.288
0.762006
0.76953
0.761195
0.757036
0.746697
0.753064
0.761727
0.761975
0.766715
0.774803
0.747004
0.736066
0.735993
0.738375
0.749579
0.732959
0.745846
0.881234
0.888603
0.878641
0.906989
0.901882
0.893374
0.895608
0.857203
0.857924
0.876223
0.862819
0.847328
0.855866
0.870825
-0.0958447
0.0531014
0.230132
0.344148
0.46906
0.376282
0.0753977
-0.63855
-0.728427
-1.10875
-1.07891
-0.99283
-1.85287
-1.35029
-2.18955
-2.52828
-2.21601
3.16205
-3.19132
-1.1882
0.757949
-1.29175
-0.315215
-1.77994
-0.7978
3.80073
-1.45611
-1.79612
-0.349589
-0.259309
-0.424568
-0.17461
-0.235304
-0.466819
-0.415825
-0.351217
-0.293672
-0.375244
-0.323604
-0.260648
-0.40048
-0.486081
-0.381244
-0.333473
-0.0901114
-0.0426834
-0.079365
-0.183067
-0.136999
-0.00792682
-0.0651751
-0.0439907
-0.0668478
-0.0437141
-0.0771385
-0.10215
-0.0675755
-0.0637098
-0.0153714
-0.017718
-0.0108747
-0.0121443
-0.00691342
-0.0158168
-0.00775825
-0.0145074
-0.0146171
-0.0223073
-0.00998799
-0.00333572
-0.0143678
-0.0166875
-0.0157174
-0.00364086
-0.0208391
-0.0137854
-0.0147904
-0.00896169
-0.0014456
-0.00408241
-0.00437302
-0.00706306
-0.00764963
-0.0100995
0.00296361
0.000466611
0.00628094
0.00620999
0.0034319
0.0161887
0.0168957
0.011576
0.0140107
0.148385
0.137465
0.134051
0.148849
0.132847
0.137386
0.150953
0.189299
0.203439
0.186668
0.201385
0.191051
0.194445
0.183256
0.245805
0.231895
0.230366
0.218545
0.232654
0.208332
0.222301
0.269579
0.284012
0.284857
0.29727
0.282583
0.289929
0.304076
0.259929
0.283195
0.274321
0.336419
0.358001
0.332667
0.343321
0.327962
0.313849
0.400959
0.394651
0.415903
0.424722
0.440448
0.443742
0.422375
0.438787
0.450517
0.436231
0.781604
0.790504
0.811322
0.805935
0.800374
0.828734
0.822712
0.854582
0.852083
0.832228
0.842545
0.83986
0.816797
0.82251
0.919552
0.907701
0.905167
0.938303
0.947392
0.930032
0.927129
0.973395
0.95682
0.956318
0.969844
0.946617
0.977794
0.958843
1.06195
1.04826
1.05509
1.0425
1.04883
1.05974
1.05333
1.1248
1.12847
1.13397
1.12782
1.1391
1.1412
1.13087
1.07013
1.08298
1.08575
1.10193
1.09061
1.13967
1.13968
1.12943
1.13701
1.14666
1.14225
1.13302
1.10407
1.1058
1.11348
1.09719
1.10708
1.10768
1.11062
1.11655
1.10569
1.11019
1.11843
1.12336
1.1121
1.10631
208.87
208.763
208.532
209.059
208.877
208.995
209.116
209.033
209.11
209.053
209.235
209.122
209.312
209.198
209.429
209.213
208.252
208.449
208.228
207.875
208.233
207.606
208.242
208.777
209.072
209.155
0.857671
0.866249
0.865961
0.866457
0.873204
0.862079
0.868789
0.822656
0.828518
0.822113
0.816278
0.82249
0.81144
0.818853
0.794247
0.794375
0.78623
0.805447
0.798198
0.800666
0.793971
0.822733
0.826269
0.832524
0.781055
0.789926
0.793829
0.784736
0.796215
0.793931
0.797552
0.791675
0.792172
0.784253
0.815302
0.817481
0.80669
0.799369
0.793128
0.8055
0.801478
0.815134
0.81168
-2.07754
-2.16429
-2.64854
-2.89987
-2.76519
-2.42778
-2.02939
-2.01763
-1.64479
-1.70159
-1.7611
-1.46934
-1.71078
-1.41412
-0.1406
-0.133591
-0.165872
-0.175034
-0.18629
-0.151675
-0.14832
-0.0103514
-0.0151689
-0.0151719
-0.0320035
-0.0372453
-0.039355
-0.026623
-0.0220157
-0.0333055
-0.0338462
-0.00474644
-0.000978694
-0.00658978
-0.00797026
-0.0159095
-0.00522464
-0.00290575
-0.0060274
-0.00987399
-0.00408082
-0.000767408
-0.0053081
0.00036609
-0.00193811
-0.00026383
-0.00094239
-0.0011078
-0.000592487
-0.00280699
-0.0055552
-0.00352829
-0.0031049
0.00176615
-0.000506001
0.00391085
0.00151073
-0.00206824
0.00167086
0.00178151
0.00211704
0.00191604
0.000190742
0.004717
0.00395089
0.00118698
0.0731855
0.0640012
0.0666014
0.0636018
0.0699121
0.0710816
0.0617797
0.149736
0.166033
0.156962
0.154831
0.144085
0.129477
0.186148
0.200916
0.184396
0.181887
0.172772
0.19238
0.179656
0.168958
0.241757
0.23222
0.252468
0.254164
0.237775
0.254388
0.258132
0.243721
0.236088
0.252732
0.257667
0.249509
0.267907
0.270516
0.274785
0.253875
0.26416
0.329839
0.317699
0.324845
0.307443
0.323011
0.306394
0.320897
0.312594
0.314937
0.322366
0.302954
0.291932
0.29606
0.306524
0.359026
0.378881
0.385818
0.411697
0.39179
0.377958
0.39424
0.336886
0.35907
0.357816
0.333434
0.354774
0.367813
0.34984
0.53147
0.566029
0.549536
0.500987
0.520949
0.545406
0.530628
0.600054
0.585569
0.567467
0.550531
0.565064
0.592299
0.577087
0.663977
0.651301
0.630639
0.643583
0.631948
0.599246
0.618569
0.656815
0.686269
0.655807
0.660269
0.621138
0.821399
0.824712
0.864277
0.899767
0.905387
0.834825
0.837743
0.886617
0.883759
0.7826
0.80817
0.786406
0.806617
0.768824
0.765063
0.791829
0.784922
0.754273
1.00354
0.98961
1.01986
1.04285
1.06401
1.0214
1.03503
1.13344
1.14486
1.14936
1.15284
1.17469
1.17319
1.15299
1.09697
1.07352
1.08265
1.07638
1.065
1.082
1.09576
1.15035
1.13493
1.13653
1.12923
1.14351
1.13889
1.15214
1.16029
1.16939
1.18372
1.20045
1.19289
1.18056
1.1743
1.15156
1.14354
1.15507
1.14409
1.15571
1.15186
1.15981
208.181
208.338
208.562
204.731
204.423
204.702
204.755
205.259
205.065
204.706
206.495
207.144
206.408
206.693
205.677
206.243
204.279
204.772
204.666
201.211
201.795
201.308
200.955
201.386
201.19
201.291
204.179
204.425
203.71
202.841
203.574
203.992
204.052
203.393
203.963
195.24
201.191
204.904
205.435
177.739
204.096
198.979
201.044
196.878
123.118
187.179
197.336
140.149
1.65724
1.03029
0.997886
1.10871
0.569341
15.5363
6.71494
0.396581
1.14122
0.958714
0.970064
0.998033
0.949354
1.01992
0.986277
0.904331
0.899864
0.967022
0.926399
0.935003
0.934568
0.893504
0.928829
0.920661
0.928662
0.921051
0.929941
0.925148
0.925777
0.921226
0.92509
0.92086
0.895885
0.890904
0.891107
0.898767
0.90105
0.893561
0.893446
0.886068
0.88975
0.886461
0.886092
0.881406
0.883649
0.88747
0.868337
0.861241
0.868156
0.871822
0.866598
0.869212
0.873793
0.856655
0.863207
0.863495
0.863395
0.866384
0.860085
0.863447
0.861575
0.857531
0.863907
0.869024
0.865867
0.839869
0.845246
0.846143
0.844969
0.849239
0.849022
0.853316
0.836889
0.843757
0.845002
0.841863
0.836796
0.865959
0.866716
0.860449
0.86785
0.871934
0.868694
0.864672
0.895306
0.893748
0.898757
0.894968
0.89277
0.892113
0.895695
0.904433
0.904675
0.907201
0.901155
0.901068
0.902539
0.903547
0.930482
0.872702
0.897674
0.917269
0.902161
0.87284
0.913658
198.777
199.076
198.521
4.81571
5.20203
5.54667
1.29012
0.770829
12.8606
20.3206
2.40844
2.45364
1.30635
41.3425
167.289
190.538
191.783
198.059
191.234
179.019
0.931551
0.940498
0.936851
0.941854
0.933234
0.93158
0.934953
0.931543
0.944628
0.926981
0.935484
0.928817
0.925061
0.930015
0.933005
0.933868
0.936489
0.928793
0.931942
0.93213
0.933997
1.18702
1.20439
1.17459
1.16424
1.17667
1.19724
1.18369
1.1937
1.18629
1.21053
1.20054
1.19352
1.21578
1.22109
1.31114
1.33028
1.28854
1.26153
1.24159
1.30472
1.32357
1.26647
1.28329
1.39958
1.39623
1.44141
1.42303
1.38263
1.40274
1.44225
2.53953
2.42942
2.70323
2.33486
2.27273
2.39502
2.49112
2.57423
2.77312
2.51164
2.3587
2.31563
2.45395
2.3885
3.0975
3.08843
3.63913
3.07162
2.93042
3.22037
2.9628
2.82241
2.97179
3.16117
2.43054
2.55055
3.30122
3.62861
3.08519
3.50265
3.02083
2.80953
2.30333
-1.70327
-1.85132
-1.46215
-1.35597
-1.81048
-1.74341
-1.37032
-0.98602
-1.26361
-1.17186
-0.69656
-0.723607
-0.236759
-0.22256
-0.19745
-0.185412
-0.226909
-0.21732
-0.179643
-0.176153
-0.139082
-0.147592
-0.0990944
-0.122879
-0.140902
-0.120599
-0.15208
-0.129112
-0.123722
-0.130653
-0.112483
-0.10011
-0.120542
-0.0111556
0.00134934
-0.014659
-0.0186405
-0.0285775
-0.0184838
-0.00893645
0.00738537
0.00963506
-7.69409e-06
0.0162539
0.00744604
0.0128829
0.0185303
0.0112507
0.0144835
0.0200335
0.0183235
0.0128575
0.0072008
0.00460266
0.00378894
0.0083377
0.00466922
0.00476194
0.00687473
0.000478936
0.00229564
0.00406613
0.00629677
0.00982321
0.00566583
0.00263611
0.00551837
0.00344576
0.0072929
0.00948976
0.00472186
0.000903414
0.00158138
0.000765334
0.00423403
0.00583894
0.0124443
0.00900788
0.00512853
0.000762357
0.00102792
0.00606772
0.00453293
0.0366641
0.0228374
0.0296233
0.0342615
0.0261542
0.0306484
0.03563
0.0306223
0.0236865
0.0318415
0.0310218
0.040513
0.034612
0.0417435
0.0306068
0.0184862
0.0254973
0.0571102
0.0689629
0.0538643
0.0595919
0.0514067
0.0434725
0.0691462
0.0774181
0.0781436
0.0894901
0.0798946
0.0665985
0.0743517
0.0818257
0.0759457
0.0812565
0.0910177
0.0788807
0.0782637
0.0706775
0.0832387
0.0770776
0.146634
0.122274
0.125173
0.109406
0.124625
0.129995
0.112763
0.161142
0.154718
0.157679
0.137301
0.140839
0.142474
0.148154
0.129985
0.156105
0.144821
0.146878
0.125756
0.146801
0.124252
0.208053
0.181537
0.201684
0.159513
0.164599
0.236901
0.240328
0.223639
0.221253
0.242152
0.234434
0.215252
0.208242
0.216796
0.221147
0.189024
0.183022
0.192191
0.199342
0.262243
0.286256
0.292144
0.32171
0.297565
0.303318
0.283098
0.221617
0.185623
0.225875
0.217655
0.261761
0.257304
0.286722
0.303664
0.247771
0.226626
0.26406
0.278315
0.347951
0.356179
0.332411
0.321717
0.348531
0.34115
0.315889
0.299738
0.251105
0.305924
0.313654
0.281171
0.244526
0.291559
0.404321
0.442022
0.469957
0.529176
0.5052
0.493252
0.469503
0.435028
0.399816
0.429635
0.451598
0.424498
0.386543
0.435425
0.427763
0.392147
0.711484
0.629163
0.65634
0.781198
0.783879
0.627762
0.607417
0.589389
0.634187
0.56667
0.557722
0.607282
0.923666
0.92624
0.985093
0.963594
0.957263
1.00977
1.01718
1.14588
1.17577
1.12421
1.10994
1.08822
1.14312
1.1206
1.32593
1.37212
1.36773
1.42219
1.376
1.39181
1.35464
1.23286
1.26409
1.22583
1.21953
1.1929
1.23973
1.21522
1.43415
1.38696
1.39869
1.37321
1.40713
1.36807
1.40015
1.3319
1.28874
1.29996
1.36817
1.3624
1.285
1.25282
1.26677
1.24603
1.26997
1.24961
1.27112
1.23418
1.25768
1.24421
1.21625
1.22707
1.24157
1.23206
202.155
201.327
201.187
201.672
201.826
201.855
202.166
201.843
202.374
201.885
201.883
201.543
201.74
201.494
201.823
201.486
201.586
201.185
201.451
201.541
202.491
203.088
203.199
203.131
202.748
203.413
0.887317
0.888508
0.887157
0.885809
0.887586
0.884088
0.88667
0.877769
0.877643
0.874376
0.881599
0.87938
0.879609
0.87763
0.887773
0.888441
0.887268
0.888798
0.887977
0.872209
0.876042
0.877384
0.884551
0.88762
0.887502
0.889301
0.8895
0.888824
0.886957
0.908338
0.900263
0.902186
0.900213
0.898152
0.89945
0.901503
0.891482
0.89331
0.893524
0.892948
0.896238
0.893632
0.910074
0.900688
0.898981
0.948576
1.44293
0.810327
195.339
169.569
204.428
200.911
192.619
202.906
197.582
202.361
202.096
201.912
202.283
202.248
201.825
201.917
201.97
201.578
201.871
202.215
202.278
202.196
201.84
202.201
202.287
202.265
202.306
203.004
202.303
202.237
202.227
202.469
201.578
201.581
202.115
201.905
200.124
201.303
201.46
201.928
199.663
201.087
207.784
193.512
198.69
205.573
203.841
201.582
196.067
0.132783
0.465556
0.434432
0.909196
13.6739
0.930872
0.948789
0.879313
0.966183
1.01894
0.890372
0.860322
0.976423
0.75442
0.819419
0.937146
0.966843
1.17112
1.17109
1.15733
1.15173
1.14983
1.16444
1.16293
1.15744
1.15001
1.15116
1.17099
1.16833
1.16134
1.16294
1.18623
1.17821
1.19702
1.19349
1.1779
1.20584
1.20525
1.22469
1.21447
1.21512
1.23704
1.2343
1.19682
1.1992
1.21242
1.20626
1.20237
1.21636
1.22069
1.25889
1.2834
1.26994
1.27096
1.29177
1.2849
1.26759
1.34826
1.36264
1.37047
1.38173
1.36246
1.36648
1.34984
0.562368
0.56098
0.462668
0.597065
0.667257
0.617727
0.544541
0.00416713
0.0100562
-0.0857714
0.0202865
0.103844
0.0534953
-0.0219746
0.312813
0.294011
0.363559
0.27737
0.219603
0.269281
0.314894
-0.0323099
-0.0487783
-0.0884375
-0.0514021
0.00570441
-0.0605631
-0.00769549
-0.0225598
0.00259131
-0.0133117
-0.0183119
0.0109954
0.0132195
-0.0116282
0.102247
0.0732767
0.101192
0.0895746
0.119054
0.0759821
0.104241
0.0427088
0.0613243
0.0391703
0.0692538
0.0676676
0.0499065
0.0506585
0.0849275
0.0847085
0.073946
0.0743269
0.0903861
0.0843712
0.0725099
0.0548096
0.0509156
0.0548574
0.0628111
0.066193
0.056939
0.0521871
0.0606009
0.0599846
0.0833461
0.067004
0.0732092
0.0833113
0.0723748
0.0725813
0.0789402
0.00700396
0.0104597
0.00574106
0.00332065
0.0036971
0.0063918
0.00558967
0.0123025
0.0073106
-0.00229629
-0.00155676
0.00815448
212.823
212.218
212.122
212.084
211.3
212.241
212.257
212.108
211.938
211.97
211.041
211.78
211.81
211.062
212.002
210.683
212.468
213.194
210.948
212.557
212.589
213.405
0.0056178
0.0182587
0.0045133
0.0103343
0.0150857
0.0178795
0.00942084
0.0173311
0.00888163
0.0137499
0.00137447
0.00131905
0.0062757
-0.638597
-0.551337
-0.45208
-0.273458
35.8288
0.506637
-0.293618
2618.32
2550.54
2690.85
2560.53
2448.2
2738.92
2712.32
2821.53
2812.68
2807.64
2783.95
2839.76
2714.64
2840.41
0.0444414
0.0350804
-0.00306583
2418.43
2682.09
2508.38
2504.67
2526.2
2513.48
2502.15
2502.82
2528.99
2570.03
2605.84
2526.11
2478.85
2508.54
2515.17
2529.26
2497.62
2483.03
2508.24
2519.73
2461
2524.53
2511.51
2537.88
2498.09
2486.05
2471.7
2493.06
2508.18
2495.34
2499.5
2573.93
2541.87
2505.64
2483
2406.98
2489.56
2481.43
2502.69
2477.59
2490.75
2520.78
2495.03
2495.36
2358.19
2478.31
2522.86
2330.05
1258.5
2792.35
2796.21
2758.92
2936.86
2748.04
2618.86
2703.04
2791.63
2759.99
2775.18
2696.98
2705.51
2559.66
2709.72
-1.31271
-1.66658
-2.30981
-2.71379
-0.769249
-0.434284
-2.17163
2532.78
2582.26
2482.25
2677.51
2630.34
2673.16
2575.55
2729.05
2813.53
2640.87
0.10284
-0.948518
-0.609958
0.0158513
0.0249304
0.0161838
0.0102727
0.0121146
-0.00155484
0.0161602
0.0172922
0.00128129
199.417
199.762
199.753
199.801
199.959
199.76
199.788
199.81
199.821
199.928
200.098
199.878
199.411
199.598
199.683
0.0142971
0.0345646
0.0190027
0.00273162
0.0105397
0.0130662
-0.122252
-0.460883
-0.416542
-0.804049
0.0411119
-0.666805
-1.74785
-0.149314
-0.565766
-0.480511
-0.307966
-0.338318
2418.66
2325.48
2237.32
2292.51
235.454
186.552
1470.99
464.084
1.63746
1.56182
1.5387
1.48267
14.829
1.86468
-1.00237
-0.0633703
-0.0551301
-0.014474
-0.0625007
-0.0257361
1.95905
1.94257
2.29344
2.1721
-2.46074
-1.77482
1.27241
-0.305558
0.991999
0.967709
1.02128
0.996877
0.411407
0.433001
0.349785
0.373875
1.49293
1.52097
1.69535
1.69384
0.246594
0.252324
0.269911
0.289735
0.22803
0.25297
0.19036
0.21498
1.16497
1.15199
1.13801
0.914452
1.14585
0.779638
0.943549
1.44501
1.44358
1.38344
1.38249
1.26712
1.29401
1.38868
1.40474
0.590176
0.595945
0.542527
0.548504
0.545281
0.543925
0.581743
0.58754
-0.461883
-0.273568
-0.227085
-0.094564
0.883437
0.876876
0.864159
0.858035
0.157389
0.290295
0.224963
0.333895
-0.0592733
-0.0410684
-0.0428262
-0.0350081
1.12487
1.11878
1.09471
1.08557
1.13213
1.12939
1.11388
1.1132
-0.230821
-0.189745
-0.0959453
-0.0640863
0.833226
0.810032
0.821168
0.797636
0.703711
0.687654
0.741091
0.722859
0.959255
0.941765
1.37518
1.48762
0.398832
0.400974
0.43753
0.429783
-0.075969
-0.0462819
-0.128393
0.346001
0.348786
0.316789
0.31315
1.08713
0.909814
0.790247
0.809091
210.261
210.764
194.321
209.952
0.333275
0.345283
0.301686
0.311562
1.63876
-0.323525
143.596
158.958
0.970743
0.971178
0.997175
0.978551
0.79779
0.778918
0.797734
0.77976
0.0233108
0.0239539
0.0416038
0.0383149
-0.00878397
-0.0196327
-0.00811715
-0.0163988
0.0992478
0.0822891
0.0972236
0.0832109
0.0542874
0.0362957
0.0148876
0.0137259
0.745462
0.727483
0.747549
0.730776
7.99437
0.785903
9.63003
1.17927
-0.33325
-0.413141
-0.358309
-0.427255
0.161219
0.175027
0.17208
0.577304
0.544038
1.10762
1.10591
1.09547
1.09196
1.14433
1.13034
-0.0606946
-0.0210695
-0.0220741
0.582617
0.575589
0.53912
0.549572
1.22029
1.17943
1.20446
1.25659
1.25668
1.23598
-2.06411
2.22848
-0.106366
0.81768
0.874139
0.91414
0.899691
0.925385
0.248783
0.247035
0.202227
0.218271
0.175132
0.160476
0.179567
0.155503
0.210187
0.191628
1.05077
-0.543526
0.458932
0.154483
0.0642626
0.0742728
202.57
0.50858
202.463
1.26892
-3.17705
1.16774
1.86765
0.835501
1595.57
0.721675
0.38206
-0.613363
0.950738
213.522
204.072
0.348907
0.137141
1.09597
-0.176214
1.09351
0.332488
-0.479954
-1.13899
0.396445
0.362841
0.276831
-0.484926
0.31851
201.304
1.21667
1.38126
0.0347891
207.481
0.478264
213.239
-0.269657
40.6773
104.357
185.755
-0.165285
200.808
204.929
201.989
1.04302
208.712
2.62787
204.856
1.05252
131.367
205.153
162.989
0.95293
0.939248
0.919075
1.45451
0.910915
0.936439
1.25684
0.964388
0.962574
0.971921
0.932101
-0.12582
1.02084
0.962185
-0.154205
1.0543
0.886033
0.977453
1.2859
-0.553324
0.931069
0.988923
0.908488
0.992816
0.959444
0.707473
0.949348
0.934604
0.961139
0.971575
0.228935
0.917389
0.956295
0.931302
0.949282
1.18052
0.972237
1.07725
0.971189
0.836157
30.7434
0.959674
1.23225
0.9899
0.979649
0.972178
0.970853
0.978345
0.959229
0.833583
0.987517
1.04059
0.932482
1.00769
0.772441
1.05898
1.05123
1.06352
1.0012
1.00564
1.0155
1.02829
0.895937
1.04295
1.05492
1.03293
1.04537
1.05895
1.01574
0.954869
0.0816468
0.0578825
1.04614
0.0389532
1.14859
175.398
0.961197
203.798
23.6806
1.67404
1.85003
0.107392
167.842
1.80294
0.953557
0.886047
0.363909
198.28
0.909144
203.745
206.329
0.598493
206.191
0.10285
1.0132
186.03
0.995623
37.6869
0.265848
0.015424
0.110237
0.821484
1.42077
0.899829
-0.782142
1.07694
202.457
160.63
198.013
1.02605
0.917103
-0.188786
0.999427
1.01061
0.172097
204.478
0.0932398
200.693
14.0988
210.73
199.758
1.28092
1.39303
3.77705
5.05092
1.50021
-2.60463
1.06685
1.05488
1.05891
0.944826
1.04675
0.981926
1.00825
1.0343
0.0523316
0.105963
1.08265
0.703173
-0.302476
1.12122
1.10787
1.09411
202.174
0.680903
1.11131
0.331833
1.09316
0.986749
1.04149
1.07367
204.857
0.733769
1.11732
1.13828
8.83827
1.01327
1.03447
1.06643
0.754601
1.03962
1.23368
0.939767
0.901465
1.15867
0.0419026
1.17736
0.215257
1.14256
1.14988
1.14482
1.08256
0.0368719
0.0720763
1.18942
1.15071
1.12982
1.11506
1.09826
1.18457
1.06668
1.09731
7.2066
1.06441
0.948399
-0.210246
1.07958
1.11771
1.27457
1.10042
0.808865
201.194
176.488
3.3791
1.03046
1.83704
1.15975
0.953313
7.13361
0.898994
203.695
177.257
160.345
0.969097
0.522707
202.214
0.753464
0.802289
20.233
203.442
10.2404
177.691
191.945
208.27
2481.47
182.54
1.24902
203.925
1.53272
1.25654
1.36868
1.21739
1.1133
1.19182
0.271686
1.36324
1.41213
1.52896
1.43888
0.74073
1.48169
1.46404
1.17712
1.46683
1.92557
0.326174
1.79812
1.50263
1.61215
1.79748
1.77265
200.858
1.56138
1.94617
1.77135
1.9912
1.71441
1.48142
1.26912
1.28906
0.800827
1.34824
1.39856
1.65487
1.26464
-0.0320797
1.31508
1.28631
0.11038
1.09984
1.22623
1.95769
0.849341
1.18982
1.5935
-0.633432
1.35478
1.43174
1.31944
1.13725
0.225128
1.18912
0.891639
0.694402
209.529
1.24855
1.16653
1.35639
0.915615
1.22771
1.24586
1.29
1.27877
1.23504
1.38938
0.943135
1.16992
-0.0804006
0.195955
0.139125
204.566
0.896272
199.062
-0.00878526
0.699937
205.758
1.2794
0.759285
1.62199
0.721695
1.19762
0.809363
0.204666
1.46415
1.2211
1.07194
1.0205
0.626311
1.18929
1.1996
1.01829
1.04332
1.12088
1.14715
1.03345
1.13219
1.11583
3.00712
1.15165
1.06464
1.01489
0.293145
0.807669
0.94092
1.03093
1.14831
1.13632
1.07554
1.02723
1.12933
1.59861
2.01685
1.27838
0.954528
1.36208
0.778516
0.864275
1.02378
-0.889016
0.926001
0.741481
-0.643295
1.85269
0.270228
0.697475
0.752342
0.622294
0.656829
0.572524
1.0973
0.120603
0.911855
-0.113627
0.895666
1.37376
0.837251
1.11557
0.605374
0.718785
3.85595
0.642797
0.557195
0.803046
0.750382
0.767432
0.666602
1.0352
0.63674
0.439527
0.635674
0.604341
0.946697
0.618673
0.540626
0.509393
0.946564
0.964148
0.960493
0.994703
-0.0873779
0.109339
0.370005
0.540631
0.990026
0.986425
1.03792
0.960706
0.522468
0.884696
0.921203
0.946061
0.9474
0.974888
1.14228
0.967071
0.997347
0.985726
0.846149
0.928709
1.01203
0.772061
1.15615
0.778611
0.833359
0.722088
0.852262
1.15581
0.89028
0.862889
-0.0412609
-0.518067
0.953682
0.898994
0.923273
0.852759
0.870918
0.904448
0.881772
0.873985
2.04159
0.512482
0.987957
0.98355
0.86957
0.991823
1.35024
0.884038
0.966053
0.811386
35.1032
1.1326
-0.0822655
0.780166
0.763374
0.822446
0.740805
0.753701
0.792126
0.893117
0.788918
1.15725
0.822872
0.822563
0.750116
0.726454
0.740671
-1.304
0.862148
0.927641
0.861834
0.770921
0.869133
0.877097
1.22485
1.02421
0.715503
0.56776
0.638195
0.601773
0.639536
200.858
1.17143
0.6657
0.693989
0.508171
0.577013
0.59069
0.700654
0.922967
0.693586
0.712219
0.574769
2636.06
1.28381
0.966989
0.724315
0.576633
0.580823
0.907212
0.641074
0.530215
0.129501
0.500281
0.523402
0.506991
0.907425
0.233114
0.981591
0.556605
1.06673
0.523448
0.68712
-0.0700794
0.526581
0.376255
0.396834
0.565667
0.44438
0.456663
0.648409
0.455946
0.335944
0.537597
0.634872
0.894061
0.270722
0.439256
0.24998
0.340295
1.06544
0.343424
0.0576743
0.891465
0.958642
0.225923
0.776032
0.244763
0.276095
0.404492
0.147701
0.24526
0.228034
0.171595
0.106735
0.106832
0.0965497
0.846731
0.398738
0.157086
0.675035
0.137117
1.13407
0.0744722
0.178822
0.070872
0.087368
0.0890712
0.0923196
0.21536
0.722065
0.281039
0.123203
0.10598
0.165158
0.212944
0.0288857
0.016984
0.000675473
-0.0116277
-0.0129844
0.10393
0.0454908
0.0581423
0.375991
0.157373
-0.0672903
-0.046233
0.0224442
0.0584501
0.154678
-0.117957
-0.139664
-0.12824
0.114607
0.117994
0.15511
-0.0301577
-0.0563359
-0.252539
-0.1241
-0.0312091
0.868905
1.21764
0.824931
0.318895
0.918345
0.425707
0.659588
0.459492
0.42764
0.587417
0.435334
0.46294
0.423955
0.464733
0.458818
0.376227
1.24184
0.0155687
201.452
0.286163
0.277676
-0.0572053
0.0388108
0.322125
0.165659
0.591918
199.486
201.807
0.321389
0.874428
0.0124857
0.0224179
0.0375838
0.0200097
0.382701
0.831056
0.365688
0.0339356
0.0295741
0.0233527
0.0298555
0.0264953
0.0145854
-0.00927568
0.0450998
0.0623684
1.16848
0.0228294
0.0442
1.13278
0.105635
0.0274732
1.11735
210.109
0.013728
0.512114
0.523459
0.525495
0.0262379
0.116484
0.0969813
0.0404325
0.140626
-0.0151714
0.755728
0.0436787
0.837443
0.00154423
0.0491459
0.252024
0.0242825
-0.0481111
-0.022779
-0.0418067
0.012175
0.0365172
-0.082406
-0.0391788
1.15767
0.88811
-0.0688412
0.27898
-0.242954
0.0152857
-0.0286685
1.14348
-0.165493
0.0961339
0.37389
-0.0692145
-0.0143295
0.0139958
-0.00194118
-0.0264306
0.528203
-0.031996
-1.83881
-0.148015
1.17683
0.137516
-0.0262485
-0.0683125
-0.081512
-0.121394
-0.051413
0.626344
-0.01235
-0.0396924
-0.126326
-0.0677477
0.988308
-0.0615048
-0.108859
-0.0224698
0.0588239
0.643372
-0.308378
-0.267264
-0.319544
-0.259324
-0.176095
-0.252923
-0.649528
-0.436927
-0.0465618
-0.0386949
1.37731
-0.733302
-0.0831594
1.72136
3.53023
-0.187618
0.178164
-0.398232
-0.047871
0.33576
-0.343014
0.776197
-0.186628
-0.3366
201.011
2171.08
2279.42
38.3911
2607.04
2229.79
0.286396
0.865756
207.06
1.19593
-0.0610053
-0.0166336
-0.0585076
0.00785438
0.738346
0.45761
0.0335584
200.619
-0.0269206
0.00295142
0.0251006
0.585447
1.13542
2918.48
2715.57
0.127548
-0.55377
198.144
0.206605
0.0263152
-0.397808
0.481711
0.452283
0.500429
0.270325
0.473291
0.533193
0.790443
0.931187
1.02794
1.73206
0.257287
0.0431504
-0.0616421
-0.664815
-0.0863584
0.473838
0.0989653
0.0826501
-0.397037
-0.258914
0.177021
-0.166752
-0.115817
-0.255211
-0.214338
-0.433453
0.000543598
-0.429217
-0.155126
-1.06068
1.08434
-0.791671
-0.761267
-0.313828
-0.164407
-0.00238342
-0.207936
-0.936172
-1.91219
-0.614111
-0.937993
-0.184039
-0.573548
-1.29046
-2.28657
-1.7093
-0.240429
-1.9402
0.979711
0.0218646
-0.586216
-0.277756
0.852436
-2.12578
2132.05
1920.48
0.157521
-2.55427
-0.581773
-0.145547
-1.32397
-0.367205
1.08348
1730.46
-2.21213
-0.533763
2166.62
0.922334
1.75146
-1.13936
0.219154
7.55127
24.428
-0.572248
0.964148
0.870747
-1.02106
0.45065
0.849045
-2.56403
0.11617
0.889005
-0.527972
-0.054689
0.353816
4.04881
16.898
0.757116
0.99298
1.0576
-1.1081
0.942085
202.388
1.73329
47.0722
0.983383
4.0196
-0.45606
-3.07836
2.90448
2.46908
-0.0463384
0.383981
1728.6
2.37788
-1.13266
2.06705
2.96901
-1.2136
-0.900764
3.33869
3.03786
2.43246
0.943928
0.011492
2.64772
1.11811
-0.459152
1.13495
1.59449
1.46607
0.611402
0.406489
1.26654
2.26737
1.32569
1.63473
7.16542
30.1605
28.148
-0.529534
1.43688
0.197665
4.27271
0.28559
4.92662
3.91184
-0.649158
2.01933
1.84923
-0.263486
-0.0480021
4.39091
1714.42
-0.223961
0.0044014
195.742
562.17
0.0887541
-1.49816
1439.68
0.239492
1552.33
0.677543
2218.68
-2.12478
2014.8
0.0624075
240.307
-0.990919
-0.772997
-0.984917
1.72073
-1.56567
-1.20567
-1.73108
0.795191
-0.816054
-0.116971
-1.42136
2164.81
-0.489585
0.0225658
1525.33
1.95572
1.58724
-0.396619
1.01328
153.099
-0.548123
1791.72
-2.13596
-0.27142
-0.215589
-0.272464
-0.0395488
0.0614816
-0.152829
-0.306991
-0.494492
-0.536423
4.44904
-0.541168
-0.276805
2.16737
-0.334906
-0.199355
-0.138805
-0.00450805
0.928878
-0.134687
-0.0229831
1.3081
0.887463
0.256257
0.408215
0.249215
0.421404
0.316079
-0.547926
0.094714
-0.180584
-0.615341
0.550434
0.532495
0.820225
0.847299
0.865655
0.768008
0.781269
0.817881
1.41636
0.715326
1.23901
6.00186
208.435
4.04642
0.329351
0.637288
0.610225
0.548195
0.188629
2570.96
0.318699
-0.141018
0.793356
-0.128756
-0.475927
0.843868
201.269
2876.1
-1.69669
0.046747
0.000127896
-0.144513
-0.278063
0.384285
0.0675415
0.131329
0.0151827
-0.399392
-0.273573
0.598069
0.877136
-0.164869
-3.09516
0.814104
0.726254
-1.76819
201.298
1.45984
1653.33
2550.65
0.959487
19.9574
0.947942
0.992288
-1.37199
0.139717
-0.0234059
2673.3
2570.05
2259.59
2667.48
44.7359
2185.48
1299.42
126.967
0.0829275
2449.22
1.59962
-1.43541
2552.48
2562.09
0.312308
-0.32492
1.77211
1.11719
0.29006
0.789132
-0.322161
-0.0144027
0.201226
-0.121346
-0.154848
0.864593
-0.221744
-0.151122
-0.796956
-0.0558426
-0.130383
-0.0766016
1.12444
-0.265041
-0.0940222
0.475627
0.520285
-0.0615803
-0.0974259
-0.119793
-0.0748929
1.12754
-0.111972
-0.266952
0.794153
-0.00778853
2809.55
-0.05173
-0.0290343
-0.133098
2656.14
0.0119842
0.00784419
2608.62
0.380742
0.0433335
0.0587354
0.281119
0.654323
0.0171608
-0.0215542
1.00444
-0.0171096
0.273882
1.21979
0.0229067
0.00883124
-0.0121005
-0.0368323
-0.00371116
0.903833
0.0285877
-0.103858
-0.0157589
0.181818
0.0761576
-0.0166048
0.0204745
0.0464034
0.00197438
0.171303
0.00629446
0.143339
0.266881
0.639556
0.0716875
0.0830698
0.106487
-0.153152
0.141015
0.106729
0.458197
0.136322
0.116257
0.200524
0.716734
0.0893582
0.942416
0.0518847
0.0557278
0.887001
0.392913
0.0876059
0.0204724
0.126575
0.0666393
0.207922
0.658024
0.900519
1.24192
0.52078
0.0702611
0.108842
0.0667199
0.143429
0.0185454
2545.6
0.061804
1.28494
0.510029
0.444048
0.0266855
0.394982
0.428632
-0.378578
0.608407
0.637765
0.635404
0.605089
0.618037
0.660609
0.629066
0.626293
0.557735
0.566108
0.66131
0.94425
0.646686
0.835673
0.57401
0.37875
-0.091243
0.606506
0.401848
0.207065
0.409463
0.795992
0.686912
0.716815
0.785532
0.75939
0.775408
0.846616
0.173429
0.0945332
209.013
0.0618605
0.0175903
1.02746
0.960323
0.698079
0.403485
0.326293
0.182801
0.399899
0.322671
2.53622
0.384959
0.340048
0.306033
0.468689
0.102996
0.313274
-0.345989
0.345954
0.364965
0.289547
0.257687
0.281364
0.330856
0.910889
0.108485
0.301413
0.298112
0.823677
0.102752
0.302709
0.317368
1.11697
1.00493
1.2188
0.376693
0.068507
0.201606
1.24576
-0.0657099
0.122645
0.257886
0.899648
0.487019
0.414584
0.284289
0.846174
0.237496
0.0543026
0.610321
0.547395
0.596612
0.512288
0.916781
0.6879
0.653544
0.664618
0.583469
0.712136
0.641231
0.603468
0.603625
0.386065
0.594299
0.177274
2.30578
0.389919
0.672361
0.728017
0.527347
0.646675
0.37617
0.96239
0.694707
1.1243
0.8041
0.769284
0.759693
0.775609
0.769167
0.731847
11.641
0.76599
0.753738
0.801328
0.755427
0.790727
0.650731
0.738385
200.073
0.806766
0.792806
0.593437
0.36291
0.707956
0.707955
0.724921
0.780246
0.798009
-0.00417422
0.779979
0.382706
0.689944
0.537298
181.25
0.37364
0.826275
0.818476
0.726294
0.746101
0.688298
0.780303
0.812571
-0.181065
-0.242358
0.696537
0.752183
0.757001
0.855715
0.849941
0.887932
0.728081
0.846733
0.822508
0.918306
0.930658
0.979612
0.957541
0.980412
0.963843
0.832433
0.885977
0.877863
0.854545
0.249904
0.92195
0.894683
196.998
0.815479
0.788173
0.898914
0.958846
0.960508
0.969343
0.991957
0.986934
0.971405
0.942438
0.770044
0.988364
0.963243
-0.0331222
1.00131
0.841442
0.979016
0.9952
1.00573
0.921794
0.903779
0.860632
0.934286
0.897136
0.907072
0.900703
0.912692
0.899334
0.934045
0.904352
0.938357
0.834315
0.85846
0.121087
1.18687
0.884269
0.88156
0.907713
0.856422
0.902599
0.895035
0.88344
0.753358
1.1158
0.91369
0.0729931
0.855586
0.872344
0.960571
0.934686
0.914586
0.838142
0.856531
0.909653
0.329038
0.805055
0.878454
0.970882
0.829799
0.823338
0.825878
0.770697
0.850734
1.27476
0.849055
1.50268
0.917316
0.998811
0.880845
0.699165
0.882725
0.894852
0.890539
0.883179
0.899231
0.900143
0.768705
0.993424
0.889224
0.894624
0.882632
0.666863
0.89725
0.896113
0.896352
0.896133
0.828074
0.861763
0.798424
0.884163
0.923345
0.897224
0.906622
0.90259
0.338125
0.900786
0.907465
0.895806
0.888913
200.948
0.889446
0.881086
0.932868
0.886286
0.957532
25.1762
199.881
199.765
201.194
201.367
1.19381
0.888712
0.895469
0.823147
0.944207
0.883943
0.522195
0.891713
0.872
3.68988
203.27
0.890604
1.62571
18.6719
0.876498
1.1671
0.785192
200.727
201.725
0.476058
200.039
203.983
167.762
0.896227
1.00683
0.91794
1.50848
194.959
-0.1883
201.633
0.980154
1.02671
150.877
0.951187
0.944267
0.942215
0.929034
0.933372
0.923064
0.931972
0.919787
0.919212
0.948831
0.935006
0.916254
0.0861507
0.94046
0.927711
0.880313
0.921131
0.947729
0.958316
0.904902
0.937997
0.958533
0.882033
0.86763
0.959674
0.111269
0.963446
0.961587
0.948533
0.961329
0.950338
0.97294
0.914295
198.159
0.92887
0.999419
1.02659
0.97813
0.99492
1.05206
0.934777
171.587
0.64491
0.957064
0.994176
0.628378
0.957055
0.909317
1.0677
0.974425
0.987208
0.790905
1.0427
0.95624
1.05874
1.05105
1.09328
1.05963
1.10192
1.35991
1.03109
0.971778
0.938876
0.780135
1.01984
1.12789
1.11068
1.02617
1.07028
1.08811
1.1147
0.122678
207.438
203.683
203.545
0.991103
1.07108
16.6999
1.39721
189.681
1.06815
-0.275353
1.22155
-1.68021
1.06169
203.45
1.11375
191.893
207.51
204.686
1.1306
0.907946
208.355
164.841
207.872
2.66513
0.918518
208.834
209.279
210.526
0.941804
4.31974
201.036
4.20577
6.14938
1.04246
0.935036
1.36366
1.20868
194.494
1.10111
1.11647
209.566
1.07466
1.12261
210.36
0.965357
0.655295
207.245
-0.0173898
0.935832
208.477
203.399
0.994065
-2.34387
1.12004
208.937
0.991354
-1.85539
-0.201763
0.31851
0.937801
1.06877
1.11111
1.08931
1.11212
1.12986
0.912936
1.03065
1.08816
1.10633
1.10477
1.12493
1.11519
-0.454128
1.12965
1.10136
0.929671
1.12311
1.126
1.11726
1.20861
1.11549
1.08884
1.09974
1.0908
1.11986
1.10783
-0.521947
1.0729
1.15677
1.04316
1.03803
1.1095
1.13063
0.896685
1.17811
1.18081
0.772581
0.881277
0.806387
1.22495
1.02951
1.32235
1.33671
1.32137
1.09929
1.0889
1.15778
1.29759
1.4071
0.255423
1.11896
1.11014
1.12635
1.28627
-0.0978701
1.83352
1.25009
1.10769
1.20805
1.43892
1.39221
1.35707
0.872014
1.15028
1.30119
1.4489
1.5088
1.11476
1.10885
1.44874
1.40485
1.50221
1.48045
1.37092
1.2609
1.59418
1.314
1.25665
1.49587
2.00966
28.784
1.32701
1.7875
1.56236
1.24803
1.823
1.77967
1.63321
0.608774
1.68563
1.5216
1.56896
0.877814
3.31726
1.45104
1.20735
1.3382
1.4726
1.7383
1.72221
1.40309
-0.395845
2.25719
1.27221
1.33107
0.0679265
1.16084
1.09914
1.10563
1.16692
1.32799
1.08164
1.12546
1.17801
1.15437
1.27257
1.11261
1.53247
1.19074
0.904878
0.928237
0.919761
0.389567
0.961224
1.17043
1.29666
0.986177
1.8408
1.00741
-0.281124
0.68728
1.08203
1.57188
0.00656078
0.906732
0.756484
1.03056
1.10822
0.951067
1.04196
0.911742
0.92265
1.02487
1.04227
0.867317
0.985539
0.964817
0.999783
0.922575
1.08387
0.841209
0.830243
0.773043
1.06998
1.10351
1.07809
1.15393
1.05371
1.01633
1.14004
1.1532
200.607
0.475908
1.11915
1.13063
1.11533
4.8528
0.044406
1.10301
0.874261
1.37511
0.940194
1.04285
0.527026
1.0175
1.06126
1.17563
1.04493
202.334
1.00313
0.150895
1.07793
0.65843
1.09767
1.0841
0.124893
1.07649
1.11646
0.838453
1.15875
1.09866
1.04748
2.42446
1.20746
1.07429
1.6343
1.10116
1.09658
0.974104
0.746933
0.85227
0.997733
1.03992
0.743665
1.14893
1.03975
1.17555
0.75184
1.13214
0.938443
1.02269
0.977844
1.14699
1.08846
0.90868
1.36199
1.53996
1.3277
1.3599
1.70682
2.67716
1.63742
1.18496
1.63231
1.80099
1.12424
1.04789
1.03119
0.953014
0.905418
1.49371
5.44101
1.19962
1.23866
0.987724
1.08495
0.4398
1.04685
0.0896681
1.28929
1.188
209.32
0.95201
1.20027
208.377
0.952099
1.10199
1.3734
209.946
209.997
1.05138
1.41599
1.22947
208.244
194.189
1.02952
0.917782
2578.55
1.02222
206.163
206.045
209.976
1.56882
1.10221
5.84943
198.146
1.04248
193.768
1.13404
1.08649
204.133
1.09521
-0.0361227
0.908045
0.948482
0.344176
1.098
1.08764
1.01681
0.932443
1.12961
-0.0570422
0.927449
0.98912
0.97172
1.11231
1.01556
0.980819
0.96261
0.91364
0.999226
0.898474
-0.811176
0.905314
0.972465
0.928372
0.99071
0.967461
202.106
0.709489
1.09423
1.13215
1.08821
206.798
2439.27
-0.19348
1.06789
201.632
204.553
0.974261
40.8292
1.57522
0.874451
1.04255
17.2661
200.742
195.376
1.1442
141.332
153.725
1.22561
0.966651
1.15698
0.817396
-0.826675
0.88195
199.704
0.893324
201.628
198.914
0.908677
0.906774
0.902468
0.694144
0.432158
122.452
1.08192
0.120985
0.879403
0.898723
0.951831
0.845282
1.19239
0.876215
0.0862536
0.908079
0.910065
28.1931
0.918597
0.848802
0.964635
0.939786
1.00425
0.930953
0.923535
0.923734
0.964001
0.92051
1.03875
1.07807
1.0473
1.00465
0.867742
1.55963
1.07563
1.06908
1.02119
0.514548
1.03893
0.855568
0.869686
0.816618
0.904819
0.974361
0.718323
0.93494
0.912097
0.792713
0.775988
0.789609
0.843321
0.853387
0.879881
-1.68352
0.882647
0.826907
0.708454
0.866382
0.72414
0.863457
0.734901
1.11853
0.367289
0.263358
0.338927
0.549693
0.533542
-0.0871545
0.417175
0.434439
0.344362
201.381
0.348368
1.28998
1.65418
0.293311
1.0778
1.06854
0.0458726
1.31045
0.467415
0.274045
1.2375
0.115203
2039.9
1.04918
1866.91
-0.523047
0.950774
-0.0954992
0.82904
1.11741
-0.347635
0.941249
1.14315
1.07483
1.25012
205.046
-0.0765649
0.0930863
-0.49389
1.40527
-0.0759741
1.07434
0.197119
0.966272
0.456658
0.00585837
0.0450677
1.18377
-0.329066
0.465691
0.944724
1.0953
0.147999
-0.273054
0.877162
1.50237
0.0113728
-0.0943789
0.368259
0.00258749
-0.535968
-0.713766
-0.100725
-0.138103
-0.527409
0.871375
-0.160303
1.12075
-1.24954
0.321625
0.591909
4.32641
2.70391
-2.72453
-0.330862
0.461641
4.6108
0.843543
-0.492862
-0.699237
45.6015
2.08049
-0.0757277
0.389354
552.8
0.025916
0.00882642
1.08935
0.310591
-0.376583
1295.9
-2.0285
2590.28
-0.256961
-0.832234
1.82128
0.110112
2061.97
2363.19
0.802094
-0.732256
1.74272
-0.195701
0.293561
0.290082
-0.224037
2614.75
1.19877
2.04981
-0.13768
0.973578
-0.464763
0.0092655
-0.828453
0.187125
-0.0279773
2685.85
2627.55
2.24584
-1.3975
-0.155375
-3.27709
1.03509
0.156205
0.816234
-0.723889
0.0527155
-0.933788
-0.358574
0.548996
2118.26
0.0011521
0.078638
-0.00611542
-0.570435
0.00535279
-0.182581
0.0822221
-0.159552
0.102808
-0.00455007
0.0927493
0.948864
0.00710962
0.44251
0.0279986
0.0433025
0.0240411
0.969989
1.12399
0.0436693
0.0540203
2575.39
0.52677
0.373007
0.237139
0.438398
0.0463338
0.615677
-0.405932
29.0322
0.533355
-0.600361
1.09067
0.810442
0.837219
-0.0297955
0.0641402
0.191069
0.0768459
-0.042433
0.342841
0.632236
0.123727
0.989976
0.239652
1.1158
0.717209
0.697369
0.531026
0.0601922
0.567755
0.412329
0.176115
200.511
0.695425
0.976418
0.170348
0.500243
0.188809
0.222961
0.648888
0.218615
0.140469
0.457201
0.654267
-0.0188336
0.562271
0.898629
0.118813
0.701786
0.334905
1.11303
1.00436
0.619399
0.685371
0.89078
0.584907
0.661793
0.741897
0.271952
0.771113
-0.402881
1.42295
0.73035
-0.188051
0.977334
0.935528
0.959792
-0.1675
0.864816
0.215544
2.40207
0.914141
0.839887
-0.845604
0.0637301
0.899233
0.889432
0.946246
0.761169
0.863687
0.983892
0.873268
0.0894733
1.29668
1.01534
0.90363
0.714613
0.795089
0.997211
0.89789
0.962016
0.433541
0.747282
0.820171
0.920993
0.985349
0.0970116
205.046
0.749301
0.154818
0.16107
0.864408
0.984561
1.21248
0.847714
0.180412
2070.41
0.128362
0.681095
1.0931
0.742682
0.940748
-0.860102
0.710535
1.58038
35.6059
-0.601366
1.21777
0.0822631
1.00318
-0.41589
-0.252814
1.13794
0.859528
0.755707
0.893138
1.06692
1.16422
0.335707
0.860773
1.14043
2613.57
1.22281
1.32906
0.502951
1.97666
1.85635
0.115549
-0.163417
-0.110909
206.163
1.07997
0.913586
1.00809
1.0307
0.985234
203.699
-0.0457001
1.08865
208.011
0.975282
1.09774
0.950668
200.269
1.14668
0.0723299
1.11881
1.22441
0.0319711
0.91717
202.134
1.50335
1.01065
201.828
152.941
1.07647
1.08134
1.0107
0.951043
0.664854
0.965381
0.0378495
4.26489
1.05521
201.001
1.36106
0.880613
1.28823
1.92846
1.05684
1.61473
210.705
202.398
1.29081
-1.81407
5.27873
-0.774412
0.810652
1.03932
0.393079
1.07406
1.10547
0.940726
3.93632
0.966845
0.952939
1.01911
1.07533
35.7793
206.274
0.863557
0.62206
1.02747
0.164875
-0.333906
-0.390977
1.00052
0.797138
0.849403
-0.280754
0.984818
0.98073
-0.0230786
0.886232
0.832447
0.909941
135.025
1.04771
0.694999
53.4145
1.49949
0.404334
0.119467
1.49109
1.20326
0.80456
0.966056
206.207
1.01583
3.30091
0.854696
1.13882
0.987873
1.44416
0.814974
0.687749
-0.0718897
209.75
1.08491
1.02198
1.24708
0.989002
0.235081
1.00351
206.432
0.30347
0.938367
0.969096
0.220773
133.716
0.830908
1.28444
0.128523
1.91548
0.982304
1.27817
1.23567
1.1656
0.964265
1.23268
0.37421
0.320423
0.602279
0.91536
0.625719
0.921672
0.40308
-0.258641
-0.864645
0.226771
0.158626
0.0959866
1.13466
0.470023
0.466976
0.587366
1.11852
0.705854
1.68344
-0.309946
2687.57
-0.0487382
1.05729
1.60671
0.528394
0.744246
0.838126
1.57227
-0.221677
2409.02
1.06041
-0.0409845
1.14778
0.76855
0.286828
-0.589204
1.11164
1.38189
-0.0582373
0.324982
0.803126
0.606454
0.357406
0.0782258
0.785897
1.11327
1.10665
0.195935
-0.305032
-0.332104
-0.233941
1.01827
1.02294
0.513294
1606.72
1.03358
1.06109
1.12135
0.806043
-1.59566
0.99782
1.1591
0.927521
1.03634
27.1917
1754.13
-0.157329
1.0685
0.0941095
0.0314401
0.654478
-0.0410698
1.02904
0.908476
0.894774
0.0264985
2715.39
1.01497
1.13125
-1.0676
0.660367
1.04835
-0.22355
0.15368
0.419192
0.933845
0.910552
0.885695
-0.129852
0.436207
1.28193
0.856125
0.932714
0.920026
-1.35932
0.832467
-0.0784273
0.721004
0.966287
28.1521
0.815239
1.20194
-0.0701458
0.594349
-0.0125506
1.00697
0.126956
2594.19
0.710303
0.800685
2.2472
0.116887
0.808013
0.497666
0.734201
0.12598
1.06
-0.0211506
1.71133
0.971731
0.780236
1.18005
-1.36131
0.873526
0.51887
0.741565
1.0131
1.27295
0.990199
0.943821
0.115717
0.956635
0.839119
210.705
1.72283
-0.232351
2.1498
1.14591
0.932044
-0.0744214
0.330432
1.06564
0.88932
3.15958
1.20688
0.11342
1.13494
0.371132
0.264185
1.58646
1.41026
0.285883
1.1841
-1.85191
0.0241892
)
;

boundaryField
{
    FrontBackPlanes
    {
        type            symmetry;
    }
    wallz
    {
        type            fixedFluxPressure;
        gradient        uniform 0;
        value           nonuniform List<scalar> 
97
(
2595.25
2460.7
2510.64
2662.06
200.515
208.349
-0.566644
206.121
208.329
0.152996
0.0608762
0.106079
0.960685
0.994875
1.38303
206.452
207.96
206.069
0.305095
0.2568
0.201015
0.861347
0.900126
0.933744
206.16
204.625
205.859
0.477976
0.420666
0.360848
0.733602
0.781955
0.823819
203.854
202.166
0.588406
0.530267
0.568669
0.62643
0.681349
203.628
202.483
0.637775
0.393751
0.453878
0.51404
205.886
208.974
207.915
0.761975
0.230366
0.283195
0.336419
209.312
208.228
209.072
0.822733
0.793829
0.156962
0.186148
206.408
204.772
203.574
0.863907
0.846143
198.777
5.54667
0.0306068
0.0538643
201.327
201.855
203.088
0.887268
0.877384
0.893524
0.900688
0.948576
201.97
202.196
201.578
211.78
212.557
0.0045133
2418.43
2519.73
2478.31
2729.05
199.878
199.683
0.0142971
0.721675
200.808
0.105963
200.858
201.298
0.0829275
0.68728
)
;
    }
    outlet1
    {
        type            fixedValue;
        value           uniform 0;
    }
    inlet1
    {
        type            fixedFluxPressure;
        gradient        uniform 0;
        value           nonuniform List<scalar> 2(2537.88 2520.78);
    }
}


// ************************************************************************* //
