/*--------------------------------*- C++ -*----------------------------------*\
| =========                 |                                                 |
| \\      /  F ield         | OpenFOAM: The Open Source CFD Toolbox           |
|  \\    /   O peration     | Version:  v2012                                 |
|   \\  /    A nd           | Website:  www.openfoam.com                      |
|    \\/     M anipulation  |                                                 |
\*---------------------------------------------------------------------------*/
FoamFile
{
    version     2.0;
    format      ascii;
    class       volScalarField;
    location    "0.3";
    object      p;
}
// * * * * * * * * * * * * * * * * * * * * * * * * * * * * * * * * * * * * * //

dimensions      [1 -1 -2 0 0 0 0];


internalField   nonuniform List<scalar> 
6576
(
-413.087
-437.983
-403.815
-412.312
-420.225
-399.647
-399.467
-385.038
-406.859
-404.561
-401.46
-394.23
-380.979
-396.771
-305.753
-324.36
-360.281
-354.554
-326.986
-318.032
-363.824
-390.382
-398.461
-470.19
-298.835
-254.899
-181.757
-440.249
-444.842
-439.657
-432.706
-421.836
-383.612
-285.037
-267.551
-282.676
-311.195
-307.546
-301.325
-303.773
-341.173
-385.637
-334.138
1353.61
1222.29
1406.48
1269.79
1330.25
1436.7
1424.07
1331.08
1392.81
-2.91113
-2.91468
-2.93225
-2.87169
-2.88268
-2.90436
-2.88974
-2.91382
-2.87653
-2.86349
-2.84094
-2.88203
-2.91594
-2.8722
-2.63354
-2.6837
-2.70078
-2.72092
-2.67772
-2.76081
-2.71569
18.4711
17.6335
17.8868
17.8018
18.4912
17.31
17.1086
18.876
18.9788
18.7138
18.2085
18.38
18.5934
18.3016
31.3771
34.3963
31.3786
23.7919
30.7295
33.7415
34.8462
70.3441
53.7203
78.4904
40.1157
45.1385
71.7254
79.0293
731.07
1081.97
756.575
793.917
802.979
645.141
770.715
1550.33
1513.15
1495.07
1436.18
1487.99
1555.86
-3.02036
-2.97809
-3.07403
-2.98981
-3.22094
-3.06456
-3.05996
-20.9011
-69.9393
-161.765
-98.4507
-80.2873
-22.683
20.1856
-2.6836
-2.88468
-2.69614
-3.23034
-2.86408
-3.47046
-3.40626
10.3209
10.543
10.3107
10.0766
10.2593
10.4026
10.2205
9.11455
9.16194
9.43721
8.92212
9.19366
9.32865
9.07155
8.17314
8.33187
8.08947
8.85325
8.71074
8.3783
8.47487
7.84653
7.65472
7.6921
7.91663
7.62667
7.53967
7.98526
7.57508
7.96134
6.86895
6.57416
6.67499
7.53278
7.04947
6.69936
6.95465
6.36906
6.12772
6.42126
6.53684
6.2716
6.55654
6.30735
6.47128
6.76605
3.00369
2.73431
3.30654
3.20946
2.88079
3.5434
3.84613
3.72719
3.35617
1.7503
1.8481
1.45188
1.95567
2.37624
1.79455
2.11584
1.69119
1.68858
1.31521
1.98706
2.29734
2.04174
1.70705
0.989189
0.768481
0.865603
1.02596
0.789855
0.752454
1.2216
-1.55961
-2.50758
-2.10323
-0.377461
-1.64609
-2.17689
-3.09284
-0.566444
-0.669805
-0.447825
-0.215577
-0.648297
-0.578805
-0.230616
0.166201
0.00631443
0.447648
0.181448
0.421054
1.02665
0.58676
2.20088
2.72918
2.24471
1.88978
2.01184
2.52585
2.21724
3.63796
3.59342
4.32911
3.36702
3.01845
3.60388
3.11136
5.35682
6.21046
5.56355
4.9781
5.10786
5.09328
5.50783
5.97676
5.34316
7.28052
7.83261
7.5836
7.17417
7.14146
7.72312
7.51842
13.0683
12.883
12.3872
13.5538
13.6894
13.3216
13.0264
1409.9
1368.15
1309.65
1447.68
1325.28
1309.57
1436.8
1294.68
1441.25
1259.29
1290.4
1244.18
1241.95
1185.44
1213.41
1149.78
857.83
878.895
927.883
906.909
951.172
885.821
844.743
892.855
874.361
1308.8
1257.04
1276.07
1029.29
1065.43
962.749
1111.15
1069.61
1000.73
1056.22
-2.54998
-2.37155
-2.52791
-2.50953
-2.64396
-2.7047
-2.57819
3.13332
-2.51707
-2.73437
1.38888
-1.40401
-1.56243
-1.52962
-1.73721
-1.51007
-1.71995
-1.65748
-1.65027
-1.81047
-1.83095
-1.77625
-1.7893
344.782
300.53
318.442
322.047
240.735
252.384
304.8
629.228
571.74
437.908
636.878
556.078
678.382
598.388
576.997
659.804
924.577
998.854
960.003
921.59
997.747
883.94
977.966
988.025
889.067
1160.09
1320.4
1175.62
1237.94
1294.8
1177.49
1354.38
1492
1446.83
1512.47
1477.86
1381.34
1232.03
1378.17
1403.9
1495.03
895.854
447.289
637.339
687.335
827.245
709.194
1005.84
168.629
94.4454
151.014
130.589
198.546
124.485
193.681
-0.866329
-0.597072
-0.784342
-0.491484
-0.48066
-0.581374
-0.558885
-0.722971
-0.767505
-1.12742
-1.17883
-1.0174
-0.977501
-0.917882
-1.10068
-1.05563
-1.31231
-1.26087
-1.33967
-1.22302
-1.12108
-1.245
-1.17406
-1.26905
-1.31209
17.9077
23.9515
20.8699
11.7468
17.6136
18.0844
13.6979
18.2584
7.1398
-4.14829
28.4351
6.56464
12.5827
16.9418
2.73582
2.50523
1.84006
3.28495
2.74872
2.45745
1.75461
1.02826
-0.666121
-0.206947
-0.197471
0.965213
-0.170875
-0.931792
3.78254
2.82619
1.95931
4.01544
4.05515
2.78199
1.85436
4.79753
3.29613
5.23225
4.87178
3.80709
5.77536
5.61547
5.1481
5.24779
2.28852
1.4514
2.70946
0.163721
0.886909
-0.0875851
1.87592
2.04024
-1.52324
0.00770283
3.79594
-2.26803
1.32752
0.186363
0.564807
0.133267
-0.470387
-0.212132
-2.78587
-0.906086
-0.493451
-1.12235
-0.856941
-1.42561
-0.582385
-2.37304
-1.00833
-0.110029
-2.86712
-0.552184
-1.52794
-1.29015
-1.91181
-1.2972
-0.762413
-3.24968
-0.519009
-1.34502
-1.20283
-1.13527
-3.10664
-3.45536
-3.24131
-3.37009
-2.71816
-3.78121
-3.90494
-3.64825
-3.46552
-2.65929
-2.57356
-3.64523
-3.64447
-3.326
-2.97397
-2.11817
-3.20502
-2.83191
-3.33377
-3.33175
-3.61691
-3.03281
-3.55879
-3.26473
-3.3646
-3.41098
-3.36887
-2.97562
-3.04641
-3.28555
-3.66157
-3.48458
-3.3686
-3.44459
-3.56663
-3.51535
-3.23303
-2.96889
-2.93719
-4.01065
-3.58764
-3.51686
-3.93191
-6.68895
-6.3568
-5.88634
-6.99119
-6.91668
-6.90665
-7.16249
-6.62874
-6.15969
-3.22043
-2.33684
-3.54676
-3.81632
-4.60172
-2.77322
-3.8397
-3.10492
-3.63732
-3.78465
-2.36354
-2.55641
-3.0883
-2.98635
0.711615
0.583695
-0.427448
0.594862
-0.0739239
-0.827428
0.218503
5.60822
6.29106
5.58619
4.9494
4.95318
5.38877
5.66974
5.14176
4.77967
4.59493
5.14083
4.93979
5.97404
6.20251
6.05075
5.60173
5.83757
5.82796
5.4951
6.63552
7.15064
7.6919
6.72222
8.37017
7.05565
6.02195
-1.97325
-1.99307
-1.97961
-1.98551
-2.00453
-1.99235
-1.97092
-2.09904
-2.08453
-2.0554
-2.11864
-2.14798
-2.09693
-2.13369
-2.09683
-2.06881
-2.00094
-2.03316
-2.08014
-2.06983
-2.04751
-2.12656
-2.10238
-2.89351
-3.06741
-2.97172
-2.93499
-3.03807
-3.12523
-2.96602
-3.5036
-3.33196
-3.23931
-3.46113
-3.37231
-3.17237
-3.19136
-3.44167
-4.00537
-3.62063
-3.96082
-3.70035
-3.76505
-4.10117
268.243
200.117
318.068
376.641
285.454
410.164
328.374
620.615
673.194
680.463
784.676
646.043
720.183
666.367
806.965
710.257
760.536
875.428
1028.54
960.586
1106.7
970.298
911.541
828.646
674.308
812.574
723.044
886.533
878.82
868.582
788.965
883.149
742.953
804.215
840.592
871.033
808.684
888.434
850.664
895.085
802.562
856.764
815.913
887.581
852.458
820.03
830.623
971.516
941.759
954.814
904.134
904.78
804.082
728.668
788.51
856.144
786.21
880.154
808.007
952.848
939.814
902.204
917.686
933.547
1059.46
1114.83
1075.79
710.098
837.908
818.663
781.741
893.931
948.626
836.768
1040.63
1014.98
966.583
880.985
840.185
1267.96
1223.91
1198.52
1203.36
1072.51
1182.04
1258.21
1292.26
1327.76
1463.81
231.638
561.229
444.783
520.949
457.797
603.181
315.438
1262.37
970.654
1076.56
1021.12
1072.3
903.666
611.805
1009.37
900.091
1376.75
1132.26
1094.66
50.0841
206.254
-12.5666
192.524
174.428
124.65
146.321
188.342
130.064
668.563
627.479
628.726
686.177
646.927
588.932
372.95
908.874
735.66
627.583
107.262
94.154
43.5176
233.88
121.103
87.7067
183.988
290.34
200.775
236.84
208.541
129.893
115.75
253.422
147.63
161.337
77.8976
181.032
195.451
186.953
198.71
6.42744
9.37569
25.1079
16.499
9.29733
15.3683
39.0506
15.618
15.3434
15.0984
15.2662
15.055
14.7613
14.6577
15.1432
16.6549
16.1892
13.9463
17.3599
16.8485
15.6234
14.9731
13.524
13.9607
11.9425
14.9143
13.5673
12.3142
6.36172
8.26407
10.9612
4.94383
6.87947
7.68848
9.4454
10.2107
7.01186
0.184014
1.49016
3.33152
4.58811
1.23344
3.25091
-0.223347
1.21078
-0.101031
0.202144
0.36096
0.111648
0.00765555
0.156435
-0.121771
-0.0204362
8.54235
8.52604
8.80381
8.26523
8.63886
8.7946
8.47735
8.29735
8.31144
8.04222
8.13908
8.24726
7.87561
7.77418
7.40458
7.54692
7.76234
8.14995
8.03031
9.67132
8.98903
8.5329
10.0133
10.3376
9.63192
9.49433
9.06111
9.87294
9.89857
10.0832
10.0882
9.64134
8.68143
10.1981
9.55292
10.6302
10.5411
11.687
9.57472
10.5264
8.18222
23.6147
9.24481
6.02805
-3.14408
-1.12293
0.627377
9.64461
8.13575
-0.770636
18.7602
10.8492
7.64542
4.82671
-0.361651
15.3153
14.1392
11.2318
24.2046
-1.75588
2.74325
11.4462
15.9274
9.72937
5.56468
10.6421
-3.73992
-2.19626
-12.9993
-10.9421
-0.764302
13.0743
-7.89912
-1.15778
-1.29904
-0.371391
2.70877
-3.17029
-0.550623
-0.802007
-0.344274
-1.82278
-1.29246
-0.691178
-1.18715
-3.31253
-3.72864
-3.61039
-3.16349
-3.29467
-3.39572
-3.11764
-4.54727
-4.23048
-4.04448
-4.82134
-4.50781
-4.49509
-4.56148
-3.84779
-3.66463
-3.63669
-5.63264
-5.51691
-5.79836
-4.94633
-5.58547
-5.65027
-5.26701
-3.87572
-3.76383
-3.15062
-3.99592
-3.90407
-3.87335
-3.843
-3.095
-3.85779
-3.6521
-3.79875
-4.03572
-3.36312
-3.03466
-3.03815
-3.4322
-3.50003
-3.43497
-3.37956
-3.16463
-3.23151
-3.29862
-3.28826
-3.32129
-3.37272
-3.23505
-5.05132
-5.31941
-4.07942
-3.61498
-3.85364
-4.69795
-4.82893
-3.81303
-3.90804
-0.576067
-0.922024
-0.0175877
-1.67802
-1.99759
-1.38133
-1.42389
2.08152
1.91788
1.71536
1.78639
1.46152
1.78277
1.373
3.23246
3.46602
3.96883
2.71279
3.19683
3.1658
3.67272
3.469
3.17587
2.73897
3.20549
2.60489
4.48333
6.23103
4.96408
4.07984
4.30391
4.24545
4.76703
5.68075
4.73832
-1.85945
-1.91031
-1.93592
-1.8948
-1.92225
-1.95727
-1.91481
-1.92037
-1.93815
-2.33316
-2.30362
-2.27441
-2.38055
-2.3822
-2.35139
-2.35638
-2.49251
-2.41753
-2.44454
-2.43323
-2.50243
-2.51141
-2.45012
-2.66756
-2.77303
-2.77696
-2.69938
-2.8078
-2.74746
-2.90796
-2.86839
-2.74674
-3.59942
-3.39805
-3.46276
-3.36638
-3.31773
-3.48068
-3.58747
182.438
318.856
178.067
82.8599
139.162
-62.6023
112.708
198.045
154.725
44.3676
359.131
155.565
-219.342
45.767
70.7895
273.074
10.2546
266.018
250.26
283.475
177.126
142.312
-119.515
385.567
692.571
608.068
541.825
626.05
583.047
548.299
201.611
627.252
466.559
1104.7
906.285
959.394
946.957
893.179
937.959
191.09
267.718
352.804
263.354
250.34
151.534
213.504
539.032
177.846
302.774
133.504
108.777
142.858
67.5399
26.3052
37.7711
87.1281
217.224
167.339
154.068
43.5602
51.0524
20.3455
8.6681
-6.64575
9.34156
73.8128
192.085
30.5672
57.8715
48.7229
8.71204
19.0395
65.1071
52.9228
59.6967
102.083
75.8715
38.0087
75.0885
11.6873
26.5113
29.5474
14.9257
15.3085
15.4511
13.6645
14.1163
14.5038
13.7675
16.7831
17.226
13.5686
14.1029
14.1553
16.073
15.9708
14.261
13.2841
14.2721
13.0841
15.4456
13.6118
14.8392
5.90695
3.75416
5.82132
6.1962
7.26533
6.01431
7.46372
15.5484
1.79028
38.5831
2.77238
32.8837
-2.58298
2.18139
29.5692
-111.602
77.7071
21.6417
23.8769
42.9058
-67.2225
20.4435
20.5461
20.4592
20.4011
19.6373
20.4026
20.8629
18.8539
18.4172
18.832
18.0103
17.8459
18.7267
19.2171
17.8195
17.8432
17.5505
17.2956
17.4888
17.7895
17.616
10.2475
10.1749
9.93604
10.2233
10.4999
10.2783
10.044
11.8454
11.4222
11.5773
12.034
12.0524
11.6067
11.7822
12.3543
12.6288
13.3349
13.1639
13.2863
12.6818
12.8879
13.0416
14.1242
13.4191
15.1342
14.2957
13.5516
13.1575
13.7338
16.061
16.1617
16.7586
14.7393
13.2692
14.6112
10.6043
15.1532
11.918
11.4913
14.1995
13.0915
12.0273
12.8436
12.6793
5.7761
25.0163
10.3467
4.63352
8.47829
11.1338
9.08454
17.3319
16.9301
15.7841
13.2926
17.7396
14.7328
13.4723
26.7702
36.347
28.4388
23.6923
18.7285
11.1304
19.713
0.236216
11.6535
2.29049
20.9552
10.2505
12.5512
5.19776
25.2608
24.4105
23.059
24.7097
16.881
15.9278
13.8214
6.80188
-1.85478
3.86025
4.93384
6.74584
5.88547
5.28644
6.37095
6.79332
4.71208
4.67405
2.94287
5.4249
5.49408
0.486309
1.32516
1.70229
1.99199
1.90334
1.86218
1.85503
5.3934
5.52553
5.77003
4.59607
5.16527
5.47364
5.12051
-0.660799
0.262659
0.908086
-0.164184
0.302028
0.30105
-0.896336
-6.95812
-6.79292
-6.90175
-6.70798
-6.11016
-4.97047
-5.77654
-5.51782
-5.07691
-5.59082
-5.61511
-5.68013
-5.3741
-6.58032
-5.49255
-5.67129
-4.90509
-6.15761
-5.09059
-5.73102
-4.74658
-5.22836
-5.42194
-4.75512
-4.97527
-5.34177
-3.43308
-3.69823
-3.48224
-3.37149
-3.07979
-3.31345
-3.49071
-3.29639
-3.35561
-3.70134
-3.35411
-2.95646
-3.39003
-2.95947
-2.89074
-2.92581
-2.93181
-2.83349
-2.87161
-2.9429
-3.00246
-2.93574
-2.96065
-2.95208
-2.86844
-2.86009
-2.80488
-3.16332
-2.93896
-2.96048
-2.82313
-2.87453
-2.8646
-2.67148
-2.71321
-2.66667
-2.71795
-2.71818
-2.53869
-2.62872
-2.38312
-2.60757
-2.64388
-2.49122
-2.70232
-2.53562
-2.52052
-2.70926
-2.5332
-2.41702
-2.54666
-1.81441
-1.99749
-1.81169
-1.9588
-1.69951
-2.06349
-1.80951
-2.73263
-2.75647
-2.73111
-2.73985
-2.75626
-2.74564
-2.75757
-2.81542
-2.84392
-2.72529
-2.792
-2.83163
-2.83134
-2.80325
-2.85034
-2.90083
-2.86478
-2.81148
-2.91293
-2.86315
-2.97901
-2.16967
-2.26324
-2.24511
-2.32373
-2.41008
-2.27258
-2.34381
-2.25116
-2.20356
-2.0659
-2.02554
-2.04461
-2.16807
-2.05834
-1.97908
-2.03685
-2.11086
-2.14384
-2.09776
-2.15467
-2.16172
-2.12402
-2.12368
-2.16969
-2.19853
-2.17134
-2.17131
-2.17776
-2.17522
-2.17322
-2.1751
-2.16608
-2.18105
-2.16664
-2.16937
-2.23323
-2.17681
-2.20977
-2.18007
-2.17019
-2.18122
-2.33946
-2.30607
-2.28571
-2.32932
-2.3003
-2.35934
-2.31564
-3.49714
-3.63557
-4.25199
-3.58075
-3.32754
-3.50746
-3.85838
-4.10975
-4.8692
-3.82079
-6.02225
-5.36041
-4.19745
-4.74208
-11.4817
-10.9241
-9.79949
-12.7276
-14.6529
-13.6998
-12.1986
-13.6163
-12.5387
-11.5759
-13.0541
-13.3826
-11.4033
-11.259
-8.54716
-10.2316
-8.33541
-7.71516
-7.33588
-6.96245
-8.40818
-48.7539
-16.7036
-23.2281
-56.9972
-24.8044
-11.7459
2.20499
2.31188
0.796958
10.8321
-31.8644
-8.78008
-7.69308
-27.2903
-88.4716
-49.5804
4.02559
-35.4259
-182.254
-5.75427
120.691
217.612
310.023
60.3302
-64.5157
-35.0463
-9.32506
-112.218
9.14451
51.8626
253.558
400.407
366.846
12.7946
13.0304
11.9145
13.2517
12.3506
11.9606
11.7002
63.8616
79.6071
17.6305
33.1826
22.5243
13.9248
54.0176
71.7707
60.5781
14.7369
62.8735
145.545
163.025
72.4807
35.7804
84.1135
126.048
79.5344
81.2249
40.39
4.70949
5.17503
4.77382
4.73211
6.57119
5.97121
4.08833
8.03399
8.29923
6.38675
5.4014
6.40805
6.93689
5.18278
22.2616
22.4725
22.5288
21.4379
21.9336
22.2802
22.183
20.8198
22.0426
22.3166
22.8543
21.1337
23.3588
23.0736
23.2315
22.9011
20.3088
20.061
20.4339
21.9735
19.2922
16.5462
19.3301
19.3048
20.5987
20.3645
20.0464
20.3837
21.4458
20.704
20.4863
20.9377
20.0818
19.9108
20.0171
20.1098
19.9093
19.9089
20.1572
19.93
20.1456
19.3183
19.0088
19.1865
19.1674
19.0058
19.2001
19.0372
14.6014
14.6458
16.754
15.2181
14.9859
18.4322
17.2149
19.5719
17.81
19.6663
18.024
18.7299
20.0664
20.1297
25.8037
33.9868
22.484
13.1882
37.7936
12.4745
6.82991
18.3433
11.3588
12.3254
25.4228
18.8989
15.9109
25.6876
-28.2382
14.6533
2.2397
1.20533
25.7583
15.8331
18.1265
15.8751
20.5748
20.155
4.82729
-43.1797
-6.64964
-18.4491
-1.28295
25.2659
23.5367
21.0322
16.0304
17.1817
7.18372
21.6779
13.1012
13.3211
10.5781
13.0247
13.0682
15.8287
14.5466
15.0964
14.4908
13.7655
14.1211
14.3774
14.4575
10.8728
10.6574
11.381
11.2425
11.1442
10.795
10.7786
11.1411
11.6603
12.0024
11.7516
11.0084
11.6094
12.074
6.28864
7.50288
8.00401
8.08339
8.29302
8.19754
7.7093
-1.24822
-1.88403
-0.196282
-0.814261
-1.29447
1.03124
0.0350776
-1.48482
-1.16639
-0.775738
-0.718875
-1.10215
-1.03945
-0.523334
-2.78812
-2.70515
-2.65378
-2.55036
-2.7042
-2.48324
-2.37228
-2.52156
-2.37524
-2.19427
-2.64043
-2.83596
-2.47594
-2.62857
-2.67337
-2.87265
-2.40726
-2.43439
-2.47179
-2.48828
-2.51322
-2.38675
-2.33714
-2.46005
-2.94305
-2.28863
-2.45265
-2.28242
-2.36486
-2.93813
-2.46039
-2.31021
-4.42179
-3.36779
-2.42824
-2.76045
-0.321455
-3.17268
-1.99782
-1.2638
-152.265
-22.3276
-40.2543
-10.7193
-49.5339
19.5484
-4.60981
-5.28508
-5.19704
-6.26319
-5.77699
-4.25521
-0.602876
-5.71561
-6.87673
-6.11455
-4.57033
-5.607
-3.95256
-6.10116
-2.70653
-3.35619
-3.09418
-3.07016
-3.03377
-3.17234
-2.93013
-2.99857
-3.28426
-2.97193
-3.54428
-3.54636
-3.49921
-3.57533
-2.73318
-2.73439
-2.78937
-2.73951
-2.77256
-2.89824
-2.8447
-2.94876
-2.92319
-2.88089
-2.79657
-2.80407
-2.91093
-2.89969
-2.81952
-2.833
-2.43235
-2.4422
-2.48209
-2.52194
-2.57042
-2.48225
-2.45334
-2.42448
-2.39316
-2.422
-2.42465
-2.38795
-2.44315
-2.38987
-2.27422
-2.32004
-2.27242
-2.28211
-2.24654
-2.26232
-2.23961
-2.09487
-2.11487
-2.12075
-2.04061
-2.08288
-2.10736
-2.10512
-1.15729
-1.23729
-1.85393
-2.1663
-2.02765
-1.649
-1.54479
0.235191
-3.58713
0.938654
-1.54053
-1.02148
2.75708
0.567268
-8.50689
-5.49191
-4.50837
-8.72005
-3.53357
-10.7226
-8.36122
-4.50335
-1.72916
1.94499
-3.94878
-8.31052
-3.08494
-3.78852
1.54431
1.09952
-17.4881
-7.38552
-13.8471
-8.6774
-3.3675
-12.1571
-9.99388
-4.22253
-18.7613
-9.36914
-14.2732
-5.80072
-15.4078
-7.14957
-8.35437
-16.2706
-12.6861
-8.40051
-8.08708
-9.27058
-7.08674
-7.43312
-7.60908
-8.01527
-0.95165
-18.4953
-3.83301
-20.3827
-30.2699
-13.2598
-6.34127
-5.92301
-5.40121
-6.22689
-7.3081
-6.45557
-5.51489
13.9243
12.7519
14.5306
13.7688
14.9819
14.0942
14.4327
11.1147
12.9011
11.1758
11.164
7.88245
12.7367
10.385
10.3836
18.5229
9.16312
16.8139
12.2449
8.07502
10.7441
26.5509
7.50805
-3.72829
4.61264
10.9735
6.56214
9.67
840.662
450.94
904.308
360.097
515.574
441.728
746.888
-38.0931
-214.335
-33.2602
96.4187
130.974
51.1252
19.7603
19.0841
20.6075
19.9079
20.1222
21.1199
22.2013
22.6938
22.5825
22.7929
22.7537
23.4263
22.9988
23.7245
18.1596
30.9579
24.5692
44.067
24.2578
23.2481
17.3951
36.2729
43.7139
35.6843
26.272
34.1779
23.3114
29.3791
2.57077
17.7997
8.15046
10.5202
-9.2386
18.3613
1.74665
22.4226
8.78009
10.5301
20.6209
12.2925
25.3541
21.7179
16.033
-8.31207
6.73531
22.9076
21.0298
22.4332
23.5123
24.3284
21.4291
21.6245
16.8397
17.2118
18.5267
19.4424
21.082
17.4768
17.9435
15.1135
14.0476
15.6962
13.7001
15.3009
12.7457
14.7109
6.93926
7.13478
7.17925
8.25261
7.77627
7.84089
7.58347
6.52323
6.20566
6.30261
6.39356
5.95729
6.09121
6.59369
4.47309
5.04626
4.11285
5.90551
5.24036
3.76444
5.28742
4.48821
4.75127
8.38557
3.35314
5.29153
76.6683
-8.24063
42.1604
33.162
-4.59078
-8.58209
15.0098
-6.74737
-6.63809
-5.9425
-5.3015
-5.28774
-6.82915
-6.73916
-3.76217
-3.47367
-3.50343
-3.16812
-3.45053
-3.54933
-3.41218
-3.02575
-3.38509
-3.08872
-3.00437
-2.98839
-2.98168
-2.85135
-2.9963
-2.92146
-3.01274
-3.0203
-2.96109
-3.00429
-3.01464
-2.9961
-2.96897
-3.02007
-2.97613
-2.90101
-3.01416
-2.95587
-2.95549
-2.99144
-3.00894
-2.96699
-3.01993
-3.0786
-3.04679
-3.03803
-3.11273
-3.07281
-2.9795
-3.00073
-2.41739
-2.45256
-2.46544
-2.40515
-2.46198
-2.4492
-2.404
-2.27696
-2.28522
-2.24371
-2.22214
-2.28058
-2.27103
-2.22858
-2.09435
-2.10493
-2.06924
-2.08954
-2.13339
-2.12434
-2.08623
-1.88989
-1.83637
-1.84998
-1.78857
-1.87002
-1.7982
-1.8711
-1.82457
-1.881
-1.54858
-1.55524
-1.44281
-1.51421
-1.49084
-1.39373
-1.40947
0.471526
0.0684734
1.11569
-0.0144903
0.269144
-0.106892
0.341035
1.1307
-0.0528498
0.140981
0.426826
0.316122
0.0590283
0.552237
0.372388
0.386921
0.271066
2.77383
-0.16089
-0.0854008
1.44767
2.59944
0.633511
-3.92097
-4.61036
1.60531
-1.11257
5.5425
2.76439
-2.74907
-2.06578
-6.96053
-0.297325
-7.59764
-1.8874
-14.5248
-12.6981
-9.32342
-11.4799
-12.11
-11.6029
-11.8397
-10.203
-6.14626
-5.55723
-6.13605
-5.81771
-6.29735
-5.62652
-6.12251
-0.393158
-0.194858
0.160294
1.95829
4.9656
12.1101
11.6943
12.0411
11.2598
6.25406
10.5167
11.7277
1.60259
1.92325
2.56453
3.29397
2.26079
3.03136
2.55952
9.96673
11.4096
8.38935
7.08568
6.24287
3.54706
3.60302
3.65381
4.15607
4.07183
4.08572
4.00046
6.18128
4.09664
5.27174
2.25069
5.20039
4.46856
5.83427
4.62726
4.3089
4.69897
4.51483
3.97574
4.65986
5.20996
407.615
247.081
355.242
3340.11
1728.65
2726.66
2753.19
2568.64
3401.63
2825.46
2594.16
497.465
3267.61
1983.01
2738.58
2941.72
1455.79
994.239
961.831
710.103
890.886
87.9825
649.961
929.335
4111.75
2930.69
95.4479
92.6243
91.63
80.7472
71.3707
79.5517
88.1256
91.2992
94.0066
91.1495
22.9444
22.9752
22.7175
22.9639
22.9623
22.3897
22.589
15.5319
15.6602
15.5862
16.4548
15.5017
14.6043
15.0523
17.9373
17.9686
17.6296
17.1923
18.2644
17.712
17.1813
12.5964
12.8748
12.3598
11.368
12.6962
13.126
12.4979
10.0702
9.415
10.2936
12.6303
13.3786
14.692
13.8531
11.999
13.9194
13.0916
13.0833
13.2145
13.1538
12.514
10.662
10.604
12.4135
10.2172
11.0773
10.6238
10.5567
-3.12409
-2.85722
-3.30237
-2.83313
-2.92473
-3.54399
-3.28982
-3.30711
-3.18446
-3.20204
-3.18029
-3.24638
-3.16479
-2.91265
-3.09701
-3.19517
-3.39313
-3.32102
-3.33625
-3.39161
-3.34791
-3.38756
-3.36823
-3.10896
-3.14339
-3.18941
-3.15506
-3.21793
-3.23424
-3.17477
-2.96724
-3.02051
-3.01619
-3.01313
-2.97682
-2.999
-2.94604
-2.98011
-2.96163
-2.98092
-3.00331
-2.94965
-2.95373
-2.93737
-2.93641
-2.93911
-2.92312
-2.96013
-2.93784
-2.94075
-2.9393
-2.93613
-2.92184
-2.92072
-2.91652
-2.91778
-2.6618
-2.63612
-2.60451
-2.6392
-2.61405
-2.54224
-2.56764
-2.56585
-2.59076
-1.83196
-1.91154
-1.92471
-1.83478
-1.91724
-1.88878
-1.80592
-1.59867
-1.46718
-1.59296
-1.44848
-1.54884
-1.52488
-1.60247
-1.06152
-1.21681
-1.19976
-1.28742
-1.19384
-1.33646
-1.25291
-0.871625
-0.809891
-0.750937
-0.650615
-0.801369
-0.723521
-0.520221
-0.948016
-0.821955
-0.88174
-0.147329
0.225433
-0.385281
-0.14819
-0.386529
-0.430203
0.437796
0.661661
0.832964
-2.07452
-1.98096
-2.40405
-2.20176
-2.27907
-2.58383
-2.35173
-2.92074
-3.03359
-2.89065
-2.9895
-2.91797
-2.87294
-2.81251
-3.0138
-2.94568
-3.11156
-3.03273
-2.96704
-3.10531
-3.16633
-2.32047
-2.36807
-2.43318
-2.20721
-2.14888
-2.2397
-2.2655
-2.01726
-2.10333
-2.13151
-2.02687
-2.16799
-1.97887
-2.10286
-0.897957
-0.724577
-0.746716
-1.20562
-1.16386
-0.858935
-0.900167
-0.410659
-0.306447
-0.496056
-0.0733738
-0.198823
-0.301387
-0.237671
-0.718623
-0.547473
-0.656305
-0.588159
-0.77567
0.635072
0.508969
0.557127
0.888579
0.763641
0.716951
0.848582
1.80309
1.97759
1.87316
1.51244
1.38572
1.37432
1.35305
1.85141
1.84427
2.2789
1.72457
1.61415
1.97436
2.16813
1503.46
1073.21
680.236
411.105
285.389
645.106
25.0921
163.267
132.388
124.252
-460.269
122.779
360.926
107.709
153.405
-178.292
6.85731
179.002
98.2839
-93.4647
116.75
-16.7206
112.855
-55.76
135.981
49.0038
26.9503
35.6417
29.8449
31.2232
32.4616
20.7785
27.5342
101.431
109.734
105.581
102.398
105.306
103.761
105.272
107.598
101.857
95.4728
103.748
101.545
110.362
104.007
102.603
105.471
110.553
90.4481
104.744
111.923
71.3946
54.9859
121.59
116.585
100.348
82.3768
75.4598
22.4251
41.792
36.37
30.3866
44.8731
93.8408
51.4731
23.3177
17.5044
-2.24414
-2.30829
-2.21261
-2.0627
-2.17345
-2.19413
-2.24787
-2.33346
-2.50758
-2.25369
-2.35429
-2.50569
-2.2289
-2.35882
-2.77399
-2.71363
-2.75021
-2.74079
-2.80877
-2.80008
-2.74586
-2.91241
-2.9016
-2.92927
-2.80369
-2.76671
-2.80285
-2.80683
-2.76784
-2.75483
-2.78994
-2.90387
-2.92505
-2.8925
-2.87842
-2.85547
-2.90142
-2.92502
-2.90642
-2.88211
-2.91886
-2.9376
-2.91452
-2.93609
-2.92674
-2.92318
-2.90411
-2.90491
-2.89351
-2.89406
-2.90642
-2.88779
-2.87403
-2.89998
-2.93233
-2.883
-2.86726
-2.90114
-2.89683
-2.92089
-2.88918
-2.87766
-2.91949
-2.88173
-2.85569
-2.88944
-2.33085
-2.38692
-2.3345
-2.35665
-2.30883
-2.33836
-2.39127
-1.80784
-1.67212
-1.79811
-1.76941
-1.83919
-1.90712
-1.53808
-1.39049
-1.53798
-1.6117
-1.6418
-1.50143
-1.57923
-1.63454
-1.14807
-1.21024
-1.01241
-1.55584
-1.55022
-1.43825
-1.55854
-1.63512
-1.60522
-1.52603
-1.35436
-1.31232
-1.19456
-1.12156
-1.12833
-1.24994
-1.24873
-1.07301
-1.20268
-1.0495
-1.03059
-0.84447
-1.11784
-0.9782
-1.42119
-1.31003
-1.40433
-1.58486
-1.51327
-1.45496
-1.51504
-1.528
-1.45616
-1.72614
-1.88947
-1.78638
-1.5689
-1.55211
-2.15326
-2.11881
-2.22354
-2.19474
-2.20763
-2.27133
-2.22991
-3.13328
-3.36241
-3.11198
-2.9357
-3.11154
-3.18408
-3.00075
-2.6734
-2.55769
-2.65399
-2.65314
-2.74098
-2.71828
-2.63445
-3.1854
-3.02774
-3.1214
-3.12234
-2.98481
-3.02296
-3.14169
-2.92771
-2.87182
-2.78413
-2.64869
-2.69619
-2.28136
-2.32425
-2.21483
-2.16191
-2.14637
-2.22373
-2.25499
-2.15891
-2.18396
-2.6177
-2.55561
-2.50079
-2.39591
-2.47265
-2.63464
-2.56515
-2.47046
-2.53329
-1.91887
-1.94391
-1.87803
-1.78843
-1.77317
-1.8397
-1.82934
-1.51873
-1.46199
-1.53465
-1.33229
-1.37677
-1.45152
-1.41763
-1.28646
-1.40588
-1.27213
-1.49516
-1.47777
-1.35659
-1.36659
-0.660606
-0.767632
-0.603405
-0.86301
-0.942465
-0.716151
-0.774401
-0.636997
-0.490089
-0.607301
-0.528258
-0.650396
-0.44572
-0.577248
15.848
0.878054
21.7035
10.1138
15.8208
5.13588
5.98389
-127.188
38.431
-13.1951
215.177
53.2739
163.932
114.397
61.9953
254.625
131.001
159.66
137.728
29.5189
81.6721
-101.621
42.7032
-49.486
213.421
107.414
113.615
91.2989
154.531
73.9916
85.8374
26.2078
-32.2487
34.7936
0.798105
54.8083
16.6732
22.8396
-73.4343
-25.746
44.1288
27.7586
28.115
29.059
26.9092
26.9526
27.1669
28.4959
30.944
30.9363
30.4976
30.7638
31.5516
30.9274
30.6394
29.0371
28.6098
30.3365
29.6233
28.8135
30.1157
32.5274
30.8219
30.112
25.1405
27.7211
26.7331
25.0676
24.8637
28.5849
26.859
26.3547
27.2015
100.455
62.7993
108.574
82.4112
113.507
53
84.349
242.487
191.84
215.616
203.814
219.839
180.52
188.315
72.6019
44.1407
37.2264
62.0614
52.172
43.8129
74.3014
184.107
256.003
230.268
166.992
88.0918
134.043
194.851
21.6854
-16.0666
112.912
46.8697
54.011
102.383
5.38808
104.949
109.235
110.182
101.632
140.923
88.8231
113.582
105.477
101.968
99.4106
127.192
120.257
92.0853
80.4651
87.8044
80.8751
95.2415
85.2755
108.385
88.0725
63.0231
85.4127
68.8642
100.447
57.6222
90.479
64.8586
110.63
110.834
121.379
106.546
351.296
272.252
253.304
370.259
346.098
297.226
307.69
264.911
225.837
222.637
232.416
199.841
265.14
215.922
942.479
901.74
919.46
856.909
890.393
894.246
832.728
1422.73
1447.15
1455.12
1082.35
1234.99
1269.59
1174.01
1195.43
1242.69
1223.92
1163.07
1002.81
1131.96
1173.02
1267.96
1324.54
1405.66
1369.79
1372.51
1346.49
183.317
163.068
223.875
192.084
199.633
259.887
224.354
88.3801
136.879
106.757
58.2412
70.337
125.085
91.1494
89.3172
86.592
72.5078
97.4011
124.292
95.8986
97.0348
17.615
17.9116
17.7668
17.8021
18.0453
18.0046
17.793
18.9053
18.6332
18.6469
18.7219
18.5056
18.3478
18.6092
18.1399
18.1271
17.969
17.9138
17.858
17.9497
17.8314
18.0145
17.9763
17.7356
18.1554
18.0226
17.0523
17.553
17.3532
17.086
-15.3617
-14.8194
-17.4112
-18.6873
-53.2221
-3.37041
22.1677
6.18609
-2.01932
22.762
10.744
-13.5227
5.97957
0.617772
-6.69625
-8.30985
-18.8461
16.425
-2.21668
9.15649
16.754
-0.0046681
-4.17018
-0.813767
-1.79355
-2.38481
-2.10669
1.56665
-1.70682
-1.38547
-1.79148
-1.78108
-2.12224
-1.93384
-1.94824
-1.88762
-1.93794
-1.92454
-1.90757
-1.8785
-1.90772
-1.88066
-1.97324
-1.92599
-1.91736
-2.28022
-2.29664
-2.25617
-2.30461
-2.35851
-2.30708
-2.26867
-2.43262
-2.39522
-2.3913
-2.38277
-2.44491
-2.45929
-2.4116
-2.57284
-2.59479
-2.53689
-2.55552
-2.57411
-2.51903
-2.51481
-2.56842
-2.51455
-2.52839
-2.51875
-2.56229
-2.57989
-2.53386
-2.60328
-2.55413
-2.60448
-2.60232
-2.65362
-2.71312
-2.65548
-2.70534
-2.72566
-2.68379
-2.6525
-2.69698
-2.84398
-2.87844
-2.86269
-2.80391
-2.84413
-2.84337
-2.80663
-2.93544
-2.90309
-2.89579
-2.86095
-2.79982
-2.84605
-2.90988
-2.87009
-2.89132
-2.85065
-2.82038
-2.86387
-2.91292
-2.91004
-2.93235
-2.8896
-2.86973
-2.79772
-2.83756
-2.86437
-2.88571
-2.9335
-2.8891
-2.89422
-2.59885
-2.67752
-2.65139
-2.63972
-2.68901
-2.64509
-2.59656
-2.66345
-2.71358
-2.64468
-2.66534
-2.60799
-2.63314
-2.58604
-2.67396
-2.75842
-2.69999
-2.47395
-2.37553
-2.46604
-2.4421
-2.49548
-2.55806
-2.35601
-2.30768
-2.29031
-2.21136
-2.27395
-2.36268
-2.31149
-2.27031
-2.31942
-2.27688
-2.19888
-2.28825
-2.30678
-2.35019
-2.2618
-2.3112
-1.9412
-1.99964
-1.991
-2.03678
-1.98394
-1.96983
-2.02252
-1.78634
-1.81847
-1.80532
-1.91081
-1.90472
-1.88646
-1.86606
-2.02045
-1.94912
-2.01069
-2.01282
-2.0512
-2.00202
-2.05147
-1.7906
-1.83342
-1.74956
-1.90485
-1.90682
-1.78326
-1.80009
-1.85727
-1.77589
-1.69003
-1.76334
-1.82701
-1.94674
-1.90438
-1.94109
-2.00962
-1.99363
-1.96963
-1.98714
-1.97915
-1.9427
-2.0349
-2.09587
-2.0616
-1.97297
-1.99137
-2.1855
-2.1651
-2.15788
-2.18567
-2.22803
-2.15713
-2.1283
-2.2172
-2.14334
-2.11874
-2.0968
-2.14766
-2.28406
-2.3144
-2.27751
-2.25621
-2.24641
-2.28617
-2.26299
-2.2179
-2.22296
-2.24766
-2.22214
-2.20208
-2.21166
-2.23431
-2.20569
-2.22712
-2.19195
-2.19963
-2.16961
-2.18381
-2.16312
-2.20722
-2.18062
-2.34363
-2.33757
-2.3096
-2.27555
-2.25411
-2.29451
-2.30121
-2.09849
-2.11246
-2.14561
-2.04821
-2.08417
-2.26609
-2.24324
-2.30711
-2.18779
-2.20348
-2.25208
-2.22092
-1.97918
-1.99902
-1.94959
-1.96997
-1.97818
-1.92986
-1.92543
-1.58615
-1.60545
-1.68108
-1.72137
-1.72517
-1.63912
-1.62835
-1.53226
-1.50417
-1.52673
-1.47981
-1.40699
-1.47706
-1.42125
-1.22271
-1.26989
-1.32854
-1.37382
-1.34118
-1.28282
-1.2385
-1.29905
-1.25515
-1.19321
-1.22618
-1.21502
-1.15182
-1.16568
-1.2339
-1.25872
-1.12417
-1.27364
-1.31586
-1.0563
-1.02187
-0.949257
-0.944305
-1.01509
-0.821099
-0.93447
20.7049
25.978
29.6813
19.5341
20.9212
19.8081
23.1385
95.9934
10.3286
13.8268
229.693
44.1877
169.448
-92.1152
49.8625
-67.8899
69.6603
-74.6928
76.9638
17.338
129.015
75.7873
127.693
354.557
166.705
81.6641
114.886
91.0774
83.2639
224.055
112.635
68.2345
101.376
905.582
512.398
724.907
509.308
589.418
187.412
538.536
271.357
154.107
116.273
53.3691
161.951
233.985
156.985
804.276
810.5
887.05
452.47
596.907
101.821
145.173
292.558
280.78
528.224
699.692
639.007
597.028
692.075
553.391
812.865
824.816
787.624
779.823
775.152
767.882
799.672
583.846
770.696
770.362
730.709
775.458
786.32
849.66
835.44
809.961
873.05
943.193
895.277
292.467
256.887
548.831
524.723
553.942
770.066
857.95
667.391
377.588
863.371
497.539
634.503
1044.37
933.457
899.831
1300.52
973.884
282.881
183.535
353.177
375.836
121.35
139.005
396.126
575.407
121.847
242.21
289.538
681.943
600.695
80.296
94.5231
180.45
69.6155
61.2786
80.5366
91.5843
88.2897
68.6895
103.756
60.9054
48.8074
52.3837
46.6891
59.1209
58.0592
51.4692
32.3164
27.2867
29.6348
30.3219
30.6021
25.7572
25.9198
26.4771
29.8125
26.4177
27.2623
26.3975
26.9937
26.3111
27.0941
25.8596
26.6207
19.4548
19.7095
19.6363
19.8133
19.6467
19.8207
19.6265
20.7065
21.0496
20.7121
20.4036
20.5748
20.7262
20.5535
20.0363
19.8106
19.8028
20.2001
20.2562
19.6684
19.4693
19.5183
19.3979
19.5381
19.3087
19.4563
20.4319
20.2819
20.5095
20.4306
20.6248
20.277
20.3966
19.3688
19.3941
19.7348
19.5329
19.4903
20.0697
19.997
66.0494
47.0005
52.6056
28.4428
9.43309
52.3822
-4.01114
-2.00338
-2.00041
-2.02136
-2.03812
-2.01557
-2.01277
-2.04324
-2.10355
-2.08955
-2.0953
-2.08004
-2.10022
-2.10193
-2.09424
-2.16152
-2.17006
-2.19357
-2.18798
-2.16544
-2.17078
-2.19048
-2.15856
-2.14765
-2.16597
-2.14163
-2.1498
-2.15392
-2.15035
-2.26811
-2.22104
-2.23144
-2.22689
-2.20133
-2.19313
-2.23314
-2.11077
-2.14183
-2.10775
-2.12207
-2.07447
-2.14312
-2.10729
-2.25787
-2.18855
-2.24431
-2.1783
-2.16797
-2.22461
-2.24161
-2.19272
-2.17735
-2.23711
-2.24578
-2.17883
-2.19906
-2.25974
-2.39257
-2.42223
-2.3579
-2.32667
-2.28728
-2.38062
-2.41531
-2.36095
-2.33243
-2.23504
-2.30729
-2.30872
-2.23235
-2.2921
-2.32334
-2.27518
-2.86621
-2.84138
-2.88349
-2.88293
-2.90977
-2.86253
-2.85803
-2.81215
-2.86956
-2.92464
-2.91149
-2.85416
1391.12
1489.18
1466.76
1479.71
1486.6
1463.05
1493.33
1498.96
1467.25
1476.17
1475.29
1497.88
1459.91
1479.26
1452.45
1463.12
1438.47
1354.55
1452.53
1466.56
1436.55
1340.65
-2.8559
-2.78511
-2.85721
-2.84193
-2.7966
-2.78412
-2.85297
-2.77995
-2.86711
-2.82354
-2.9321
-2.90395
-2.88915
-3.67053
-3.74139
-3.92206
-4.22173
-2.61173
-2.5241
-3.82312
-228.19
-238.525
-174.26
-230.434
-257.153
-133.216
-156.029
-67.9191
-46.7006
-47.4473
-33.6916
-34.1657
-66.9323
-25.6041
-3.46715
-2.91362
-3.22694
-293.606
-218.201
-269.145
-548.543
-565.197
-538.178
-539.829
-513.548
-539.783
-548.157
-523.495
-529.873
-514.851
-532.083
-532.079
-523.237
-509.869
-531.948
-546.845
-530.325
-511.481
-490.852
-555.825
-570.489
-561.135
-519.428
-550.5
-545.658
-571.958
-551.762
-539.612
-535.587
-558.832
-548.473
-540.469
-542.995
-541.512
-515.497
-532.916
-533.823
-553.497
-577.041
-562.275
-562.042
-551.639
-545.717
-490.553
-90.1492
6.09294
-22.8738
-48.6192
-36.0878
-3.7022
-72.639
-198.2
-130.44
-135.862
-151.915
-169.365
-122.13
-155.277
-195.399
-166.434
-3.83175
-3.48272
-3.44164
-3.74616
-1.19111
-2.18033
-3.69451
-266.378
-217.915
-258.298
-168.976
-214.72
-186.084
-248.729
-152.395
-169.123
-233.048
-2.96149
-3.18087
-2.1661
-2.31584
-3.09813
-3.02181
-2.62605
-1.84236
-5.36929
-2.84911
-3.27738
-5.63264
1502.2
1581.26
1548.56
1578.1
1540.09
1577.48
1609.79
1617.24
1566.24
1560.5
1571.76
1596.66
1469.37
1560.33
1583.43
-4.3265
-2.97478
-3.65783
-3.29202
-2.00645
-2.94597
1.61203
2.01102
2.2901
2.88005
3.32909
2.36135
1.77975
2.57294
0.707744
0.409736
-0.086113
-0.142632
17.8596
-5.72265
6.59192
-1.85467
-3.0889
-1.81664
-5.78474
-6.62895
17.703
17.0266
18.2069
18.5129
-1.57516
-1.77924
-1.91063
-1.81668
3.04726
3.29972
1.78465
1.80236
-1.79975
-1.86495
-0.244334
-2.47939
-2.00813
-2.09343
-2.21224
-2.06052
15.2097
15.513
15.3318
15.9594
9.37975
9.8755
9.11671
9.59131
-1.81394
-1.77183
-1.77856
-1.78517
7.00678
7.07963
7.87735
8.53642
7.0698
7.56962
5.89316
6.3495
19.253
18.9167
19.0292
-1.89794
-1.90026
-1.90999
-1.92938
-1.20299
-1.11334
-0.513115
-0.188088
-1.73032
-1.66241
-1.70394
-1.64201
10.8801
11.2475
10.9684
11.2726
11.8649
12.3805
12.0406
13.0149
-1.93664
-1.93989
-2.01403
-2.00752
16.0404
15.8837
16.8879
17.4993
-2.03737
-2.01288
-2.07514
-2.06643
-2.19313
-2.55955
-2.67229
-2.99821
-0.77081
-0.951925
-0.90988
-1.09284
1.57814
1.5882
2.35246
2.63248
-2.1148
-2.09675
-2.14388
-2.1286
-3.10803
-3.25444
-3.36038
-3.55356
-3.81903
-4.15945
-3.85897
-4.18695
4.49382
4.40032
4.25513
3.99339
-2.27887
-2.23552
-2.5177
-2.36752
-2.20734
-2.20722
-2.25652
-2.01734
-1.9244
-1.92531
-1.81997
15.2363
15.1146
14.7594
15.5015
24.9096
26.8613
22.0502
24.0955
10.3143
10.5403
8.20259
8.37046
29.225
30.0751
29.5276
30.5199
262.421
271.013
337.694
363.118
-4.08035
-4.3844
-2.8713
-3.68254
-2.43683
-2.48179
-2.38351
-2.43414
-2.66843
-2.67046
-2.74725
-2.74506
-2.89859
-3.60395
-3.68028
-4.33264
-2.49144
-2.61924
-2.81031
-2.82962
-11.6275
-17.2827
-6.13198
-7.30935
1076.93
850.195
611.716
403.009
-2.17823
-2.13909
-2.2443
-2.26531
-1.76487
-1.66275
-1.73767
25.217
19.1664
-0.24614
0.193988
-0.326349
0.588167
1.23048
1.21922
-3.15009
-3.06614
-3.01712
7.68402
19.661
13.9517
17.057
-0.916361
-0.655877
-0.700088
17.1755
0.948294
-0.0116723
-4.07247
-2.54894
-3.51634
50.5847
58.5342
86.2653
49.735
42.751
6.66942
6.43645
4.32149
4.96682
3.49524
2.40107
4.01275
3.16643
4.54815
3.69175
-1.55057
-1.89795
12.0853
-0.136445
2.57587
-2.14895
84.7238
13.059
99.0529
-1.5817
-2.04505
4.5199
-1.92984
-3.56018
3.70814
47.857
-0.44222
-2.77385
-2.04475
177.341
31.1438
-1.98061
-1.9336
23.1991
3.25054
3.36866
-0.695201
4.79293
-2.37584
-1.04505
9.83458
7.11544
-3.87912
-2.27417
128.682
18.7996
-1.88435
-2.15889
1182.03
14.848
1252.44
-1.92072
1078.12
1083.43
1013.22
1.93086
-171.351
1345.83
1177.24
558.226
1099.38
338.305
210.599
6.63575
254.651
269.395
187.666
444.874
440.11
337.462
171.701
645.025
816.631
20.0004
699.839
784.134
549.629
660.365
1.38358
227.393
310.927
-3.23939
209.165
69.8514
562.241
40.9651
-2.49772
225.618
372.423
196.452
544.973
132.054
20.5944
219.181
165.841
96.9285
80.4504
8.77029
189.033
192.132
131.57
81.1823
20.8442
496.892
24.2218
136.785
15.4373
214.43
564.316
20.3765
48.6251
92.7049
48.4898
124.215
56.1751
23.5453
39.4643
52.7139
14.6078
489.424
-1.88094
-3.22829
16.9064
14.3071
12.4044
42.0441
56.4261
22.5455
16.3861
274.956
-7.00544
-9.98703
26.8747
6.18953
2.65407
25.8929
31.2011
-2.26266
-1.46986
24.387
-2.30245
22.3519
1141.08
151.16
14.2856
20.8107
25.7706
17.9862
-2.07345
13.9262
13.3929
18.9129
18.2287
14.4407
15.6686
314.947
22.0359
28.9437
8.86193
27.1482
-2.06997
14.107
415.157
39.7075
15.3272
7.90858
-5.74555
-2.05949
15.4558
-1.78561
-2.23751
13.7389
-1.84192
18.6319
13.609
9.67914
2.56121
-2.11563
4.92081
12.4198
1.46064
3.95443
42.0318
-2.96819
-22.468
16.3263
16.2974
8.51731
14.8533
15.5651
770.479
12.3514
15.0377
12.9387
1.75227
-0.0434877
-0.229313
17.5523
-0.394237
25.7688
31.1268
24.8297
-2.45802
-2.06511
11.7697
-6.84833
0.323239
1.44773
2.64669
15.0056
13.6508
-7.4555
1.21056
-0.398058
2.68571
7.57667
2.71714
3.93112
595.76
57.8307
9.77281
15.1823
857.1
3.51431
3.3134
8.80793
21.065
4.34892
3.99562
3.98082
454.01
0.782167
-2.50504
1.0427
-1.98782
2.9868
2.19279
1.20827
2.45662
-2.16937
-6.09463
-51.6247
1.4389
21.9746
4.21325
21.9184
-7.32652
7.16698
5.47156
9.39126
3.65725
296.067
-3.30229
3.7741
4.11498
4.71543
5.10929
18.8492
523.977
238.802
199.981
7.73803
104.478
1.2496
11.1736
5.40621
16.3909
5.19262
13.2571
7.74847
-2.0072
11.9512
23.8911
22.9594
36.0267
4.20297
11.4532
4.26951
9.62987
571.048
1017.04
20.9975
60.5494
-1.36319
12.9718
-1.4827
-1.89373
-1.86658
-1.84949
-1.88774
-1.78314
7.38045
-1.56304
-1.51385
-1.86196
-1.88856
-4.46836
-1.43835
-1.65921
-1.84258
-1.59683
-2.14256
-0.564409
-1.80742
-1.41415
-1.60694
-1.8884
5.22142
33.9804
-1.85213
-1.24823
-1.74429
-1.63721
-1.70264
-1.15406
-0.189275
-0.945046
109.037
-1.08746
4.45707
-3.14561
-0.44809
-2.25145
-5.46052
-0.553777
-2.1141
2.65496
0.050019
16.0288
83.8578
0.921483
7.06873
-2.60859
-2.58963
-1.22087
-0.938212
-0.775054
6.0373
0.779929
478.85
11.9797
22.668
90.5323
0.0287283
-1.28665
-2.70329
-1.71881
-0.60268
-1.00107
-0.89047
-1.55199
27.1243
14.098
-0.158592
-3.21247
-1.70224
-1.69788
591.618
798.221
1397.29
-2.78642
-6.67932
28.9993
-0.641746
36.9783
-1.55616
27.7294
-0.114881
22.1648
5.46276
18.1206
0.102212
3.79669
3.87206
-1.08743
0.141127
0.86863
19.2672
-1.07009
-0.292495
2.60698
-1.58488
-1.24934
-1.57766
18.8495
14.9245
-1.41915
-1.74205
-1.83902
-2.46916
-2.09804
-1.61658
0.535371
-1.77304
-1.57347
-1.51394
-1.46553
-1.60642
-1.08983
-1.49664
-2.0178
24.3695
-2.2934
-2.46512
-1.55935
-1.69586
158.167
-2.43389
2.31645
57.5679
-1.05335
-2.45464
-2.2206
-2.39819
-2.22854
-2.39542
-1.8384
3.4396
-2.06884
-2.8665
-2.31471
-1.83026
-2.7063
21.2776
-3.19995
-3.26555
11.6376
-10.6804
-2.88653
-3.62275
-3.471
-3.6764
-2.54168
-1.90237
-3.23778
-1.83901
-3.64713
-3.57699
13.4934
-3.88722
-3.30468
-3.1065
-2.36523
-2.34667
-8.54534
-2.14991
-2.97464
-0.0336753
8.28933
-3.65956
-3.10144
-1.90997
19.1211
-1.24566
-2.74527
-2.82468
-2.44498
-2.16466
-2.31221
-3.30917
-1.69099
-2.01923
17.1725
53.756
-3.2183
-2.49152
-1.81323
-4.22574
-1.21113
-3.36196
-3.51137
41.319
-3.0183
-0.0734585
-0.875085
-3.08836
-2.34486
-1.87016
346.551
44.4451
44.9101
-3.96693
4.91084
69.7926
-1.51474
7.102
-1.60921
-3.41105
-1.90293
58.5409
0.436669
56.7232
18.6133
31.2262
14.0832
-4.29354
-0.630209
21.4843
-2.9264
-4.22981
-4.85872
-4.14261
-5.36698
-4.95692
-4.48829
651.882
-3.24806
4.13028
-2.99548
-2.63894
-5.18793
22.4388
-5.50287
-2.30391
4.72534
-2.12109
5.29952
-3.58033
141.569
44.7642
-0.130965
19.6368
-4.77281
-10.7245
-7.39557
-4.8763
-5.82003
1252.92
0.690166
-5.49569
-6.56802
-4.7302
-6.40229
-7.56945
-5.25395
710.427
-7.32174
-6.16152
-4.7856
18.5207
14.2352
159.454
-4.9735
-13.9874
-15.1173
139.837
-11.0286
-6.39766
-1.92282
-3.39456
-5.57859
-4.74996
526.776
-2.15149
115.41
-11.244
14.6214
-8.63276
17.6412
-2.70988
-4.52702
-0.195226
-0.371907
-7.01605
0.0145564
-2.63666
-7.75317
-2.63664
-0.913901
9.12077
-11.2891
18.3929
-1.48765
-1.77175
-1.72912
-1.13182
434.254
-0.179342
-3.81278
24.9907
727.072
6.03844
-4.53902
-1.12078
-0.895443
-0.630869
0.146106
-1.22252
-1.31115
-1.69677
-2.07582
-2.07306
-2.15304
-3.77347
-1.89131
-1.73829
-8.89238
-1.88202
22.5977
-2.33288
-1.6332
-2.22316
-2.15393
-2.12512
-2.11392
-1.66173
45.3888
-1.18487
-1.97935
-2.04424
-1.97859
-1.62276
-2.66159
-2.29103
-2.302
-2.41558
-2.37557
-2.06083
-2.17047
-2.18586
-1.66145
-0.544507
-2.48563
-2.47573
-2.35618
-2.28143
-2.01496
-2.48823
-2.51805
-2.64686
-2.13746
-2.15034
-2.14047
-2.18909
-2.19041
-2.16823
-2.29459
-2.2277
-2.67691
20.2865
22.9314
-2.27837
-2.2837
-2.38005
-4.24482
-2.71125
-2.532
-4.37579
-2.52044
-2.87065
-2.5095
-2.63555
-2.45275
-2.27081
0.049661
-2.16426
1148.63
-1.06391
-2.0384
-2.33388
-2.17273
-1.53597
-2.06383
-13.2745
1000.58
862.019
8.30403
13.2035
-2.83331
-2.67144
-2.56285
-2.73108
-2.33897
-2.53367
-2.3334
-2.55356
-2.64138
-2.72376
-2.5382
-2.59349
-2.74794
-2.49665
-2.52793
-2.41827
0.510328
-2.70768
1.22462
20.1078
-2.09776
-2.31209
0.11892
22.6703
-2.81272
12.4827
12.076
15.72
-2.53315
-2.01931
-2.14326
-2.49358
-1.87022
-2.63158
803.644
-2.43482
12.0089
-2.40792
-2.38075
6.16
-2.58373
-2.55827
-2.50399
-2.59234
-2.44265
-2.34366
-2.65515
-2.70576
18.5113
31.4354
-2.38169
-1.03791
3.11044
1.02661
-2.81896
21.549
-2.71251
-2.07767
-0.883045
-2.76038
-2.89671
-2.48502
-2.86804
-2.93004
-7.0234
-2.96164
-2.12431
-3.02217
1.08711
7.04883
-2.94546
-2.89156
-2.74933
-2.81976
-2.84138
-12.8247
-2.88504
-2.87046
-2.92889
-2.56652
18.2328
-2.92603
-2.67776
-2.89538
-2.43056
29.0845
-2.942
-3.04339
-3.01901
-3.17147
-3.03133
-2.85815
-2.75804
-2.90886
-2.73665
-2.84842
17.7943
-2.75097
-3.36143
14.3588
-2.05795
-3.17109
3.8885
-2.67703
-2.81061
-1.37688
-3.10677
-1.74712
-3.43748
-2.97032
1095.95
9.78178
-7.74242
-3.59573
7.6726
-7.37061
-0.874389
107.313
982.766
-3.03818
-2.07413
-3.21884
-3.26048
-3.07068
22.1259
-3.01635
-3.17431
-15.5192
-2.91253
-2.36535
-2.69928
-2.06981
3.28472
5.01088
-144.506
5.66074
-1.97167
33.8688
-2.10446
-2.06714
-2.00381
-2.21711
-2.11925
-2.084
-3.22508
-2.606
-2.10613
-1.94194
-2.3248
-1.86959
-1.85913
-2.14879
-2.15998
-2.92366
-2.09199
-2.67028
-2.53468
-2.12945
-2.1481
-2.30848
-2.46872
1.27734
-2.20397
-2.18364
-2.30779
-2.46564
-2.46585
-2.71587
-2.57072
-2.37326
-2.32394
-0.20111
-2.70668
-2.31287
-2.65676
-2.04502
-2.19316
-2.5725
-2.4202
-2.17968
1.69374
-2.69878
-3.31796
-2.05882
-2.01439
-2.02691
-2.18647
-2.2024
-2.00917
478.099
-3.15129
-2.73888
-2.08592
53.0898
-1.91896
-6.04154
-7.60693
-2.09584
-2.00843
2.68345
-3.31921
-2.62072
-3.05898
23.1814
-4.9631
-1.94682
-2.40898
-3.51358
248.798
-1.73708
-2.11467
-1.90585
-5.16846
-2.00775
-2.06608
19.3632
-1.84421
-1.93468
-1.8496
-1.99286
-1.99048
-1.30526
16.7153
-1.89169
5.0937
-1.92242
13.6143
-2.36343
-4.5845
-1.89584
-1.91802
-2.7295
-1.9386
61.7717
-1.7915
-2.24671
778.391
-1.61298
-2.35941
-2.01866
-1.19346
-2.03157
-2.68795
11.1712
-11.0124
-6.99592
-1.79365
-1.87313
23.2835
-2.61719
-1.93139
19.9505
37.6922
13.5593
88.6703
-5.42318
7.75019
14.0321
1.58172
14.8635
15.4516
16.1608
12.1221
12.0782
13.7075
14.6056
16.8964
16.8966
11.8138
14.5672
10.816
10.9508
15.8632
-1.8784
7.79959
11.8893
8.66362
18.8111
-2.66507
16.3893
16.4551
-2.2634
10.5792
-5.29783
1.0811
-2.96257
-2.72645
10.9564
-1.41051
-5.00946
5.19398
-0.716048
5.62775
13.639
-3.85809
1.21036
11.3252
-0.773372
-2.16102
4.00679
-1.99469
3.73232
-4.20827
10.457
14.4252
14.0096
10.8119
22.6674
8.48246
-2.37792
11.4851
14.4948
2.20405
-2.12489
5.6737
14.8441
12.4506
5.6635
13.5299
1.3836
8.99541
12.8467
11.4573
8.93435
7.26844
5.17754
6.57237
6.7189
6.16917
3.62362
-2.04442
2.90725
11.7772
5.11244
3.35928
14.7638
2.97957
4.53768
2.23407
6.27093
33.4974
3.792
3.81817
0.527294
-7.31183
7.53618
12.2506
7.86691
8.21445
7.83537
7.63376
6.97302
2.49357
4.39221
8.66223
8.55263
10.77
11.3792
11.5613
10.3922
10.85
10.9815
15.3403
10.9432
16.7068
23.5507
71.3126
-1.24575
-2.1516
9.51383
9.87722
9.00947
-5.70956
-403.646
9.70877
-3.1502
-2.23527
-3.35726
2.31266
16.0551
95.9803
10.9776
-2.33959
-1.92395
-2.58446
-0.393876
11.3031
-2.01025
-1.11037
-1.72016
-1.82085
1.27018
2.92912
2.20959
0.753148
1.25378
-2.26764
25.6459
39.3871
-1.37319
289.059
18.5193
2.47872
10.8795
211.641
11.2856
177.204
19.5396
-3.67012
8.70858
0.360175
44.1782
4.27999
-4.02581
11.2768
-2.71882
-1.49679
-0.732085
-2.55993
-2.27958
28.1096
13.6873
1.86178
-25.1551
4.69983
2.96032
0.643157
-1.34475
-0.19183
-0.975326
-4.40269
12.4693
5.68455
7.29358
0.349735
0.409642
26.6359
2.60075
-0.0497491
2.76216
-1.98896
-0.0783364
-1.9512
0.42607
-0.516954
-1.4224
11.2285
11.1442
-2.23672
-1.14393
-1.3165
-1.81288
0.270536
-1.27627
-0.308769
18.6112
-2.20968
-60.1824
-1.7316
-2.33747
1.28009
-200.795
-4.27366
-4.26723
-309.343
-1.22304
-5.89425
-6.24862
-0.890972
25.0485
-4.3662
-1.49294
857.755
-4.18787
-2.17132
20.2174
-6.50047
-5.29809
-3.36026
-2.76669
-4.1049
-3.12871
-5.98648
-1.54774
-2.96589
6.98523
0.672781
-3.64669
-4.21071
-4.29266
-2.76335
0.768155
-2.40482
-0.352592
-1.5634
-10.2927
-4.70612
-5.4257
-3.92292
-0.822967
-0.99521
-2.21119
-1.34764
-1.50828
-2.46786
2.03978
36.3127
-2.40131
18.1684
-2.59561
-2.67818
-2.35921
11.535
-4.70583
-2.63106
-2.01262
-1.41788
0.660812
9.57117
44.9927
17.3632
8.84198
-1.16862
-3.38464
-0.815424
-0.657981
-3.88483
-4.54913
-3.00574
-0.0170052
10.8163
10.9389
-3.87595
10.6834
10.4303
1.07487
10.5555
10.6556
10.4897
10.3696
11.1145
10.1388
10.1185
9.92039
9.63886
9.88514
10.2706
48.6439
9.33195
11.3958
9.1485
10.0695
-3.15562
12.8523
9.06758
7.16483
8.95197
10.6555
10.9155
10.4802
10.7863
10.3542
13.3398
12.793
7.21995
6.6317
334.875
3.31914
3.97629
18.1939
749.784
12.6957
11.3791
9.88922
5.32969
11.3083
9.44937
27.3825
11.0563
10.3491
9.28301
10.2432
-4.46834
8.50698
0.530675
9.53001
10.1286
8.33916
6.79357
8.25854
9.85721
330.698
-2.37792
-2.09609
8.55339
130.196
-2.10941
8.79137
8.21693
0.236684
-1.93488
-1.07106
11.2652
-5.93122
3.87184
1.14753
-1.00558
-3.01145
7.32124
-2.18481
13.2883
18.9912
-0.931507
87.8278
5.12676
-5.23591
14.2056
15.0934
15.4647
15.1828
255.298
11.9786
18.0166
16.3851
9.41272
10.9337
15.9083
21.2036
-7.75502
11.0093
25.3836
1.11878
-1.76806
-1.97135
13.9279
23.2012
14.1474
22.6993
-2.06103
18.3618
22.3931
0.03896
31.1872
24.0016
22.7054
27.4835
41.8662
26.5766
16.2241
92.2494
67.9757
99.574
15.6147
102.445
-4.71927
21.5223
24.0812
22.9561
24.197
19.4167
-2.08188
16.3667
18.2796
18.2076
23.3176
21.9479
-4.24651
23.8
-2.17466
24.0529
16.1581
114.037
-2.09431
17.2786
18.0114
14.9567
15.2097
13.1486
17.361
15.8763
-3.24482
0.190216
22.7025
12.8225
11.8768
17.803
18.9435
16.9115
13.3709
17.9343
19.1043
17.7044
18.2276
18.2983
17.9308
18.2598
18.0824
19.082
18.5763
32.176
13.2943
-1.82487
16.1385
15.6289
30.2055
12.7303
11.8902
18.294
19.2784
19.1928
19.2639
19.8644
19.8808
19.3268
18.1794
14.4994
19.5314
18.753
-3.1836
19.4522
18.7836
17.6255
17.9105
19.2202
16.6243
17.7849
16.0113
17.7274
19.0854
15.3374
10.9281
19.3227
2.91579
17.7172
15.4504
16.5823
108.492
37.6891
5.09661
-1.79851
31.0451
29.8534
70.188
36.7657
26.3597
29.9941
33.2509
22.4684
22.8851
76.0952
-5.03862
18.1643
30.1694
-2.02256
17.7758
24.2699
18.1583
12.7627
91.1352
-0.537035
16.7057
-10.7143
20.2379
114.022
33.7116
106.173
21.2643
14.482
18.9788
80.9343
16.2474
15.3805
20.2706
187.61
23.3858
229.161
639.131
376.002
170.29
474.981
551.143
22.0792
17.8786
569.308
527.359
30.7097
11.9359
619.739
699.868
544.442
671.488
110.111
279.573
248.647
386.356
310.268
334.608
191.352
366.389
-2.24914
478.306
363.77
326.884
686.917
53.5996
177.705
203.343
225.128
93.9664
165.639
6.69371
1563.18
1420.81
1492.51
5.79939
17.9511
488.631
499.217
866.965
620.408
792.205
14.7611
566.787
29.2429
108.746
208.368
583.206
83.0279
334.815
72.6305
325
147.477
41.0221
260.16
11.5418
56.058
49.8921
44.602
498.036
51.3051
28.2425
29.4828
30.1623
-2.17944
40.4395
42.9554
120.02
128.786
26.3472
36.8386
60.1738
103.611
84.9118
723.201
109.534
28.6845
25.1994
21.0236
31.9753
142.79
-2.23295
9.94553
180.687
22.7631
141.132
17.3523
25.7542
26.5034
23.5968
29.4573
860.836
475.105
40.469
-2.05367
33.9918
55.9808
46.5984
19.11
28.5952
27.4787
26.1872
58.9899
87.1544
23.7018
25.8968
24.9564
24.9043
22.363
87.3183
55.6719
23.8927
24.4492
23.5735
25.4729
16.9802
25.2609
21.4329
22.1922
22.049
22.4555
21.5181
28.2123
22.7852
18.2665
21.2693
20.8093
20.6026
20.8872
20.0594
21.2479
26.1948
21.9407
29.5955
23.9737
23.4522
24.3515
22.4169
21.7815
21.4914
-2.08331
27.752
46.2627
46.5026
36.6244
21.5881
26.7614
24.3415
26.9808
19.3682
4.62034
22.4305
23.014
22.0727
144.771
22.266
22.019
25.7593
92.5259
20.8883
26.7123
134.875
25.6723
23.804
22.0356
127.69
34.4109
69.1605
22.7348
62.577
25.5857
38.7964
25.7378
21.3095
21.6582
17.9895
22.8166
23.4323
30.3553
21.8384
21.8648
76.743
23.3049
22.9413
95.4304
16.209
16.3378
2519.33
-3.18704
-2.10805
655.685
487.192
5.75489
210.328
25.3883
134.927
3.4654
32.582
-2.08284
-0.75587
54.6929
24.0911
23.4953
23.1429
23.2265
23.0212
319.233
22.3054
23.4138
23.2219
23.391
23.2763
23.061
-2.02884
21.8751
23.2093
27.855
23.7031
23.7128
23.0198
22.4474
24.3527
23.8927
23.7921
24.8956
24.3752
23.3684
24.3502
23.345
20.4212
20.5927
71.1169
24.7169
23.1642
123.75
20.6785
8.26518
-2.75223
28.0964
32.2961
-0.472446
989.665
21.5685
-1.00293
19.3721
3.02884
24.2966
-0.278949
5.27909
98.6853
-3.21961
22.8676
23.969
3.77626
21.0302
-3.34114
5.7189
19.1638
23.9433
-52.5091
15.6871
19.272
19.6602
16.3535
-1.11205
19.2659
19.0891
2.0625
23.2769
23.3357
44.3259
-1.14007
-1.49698
-1.07502
18.6429
20.3617
17.1167
21.0185
18.053
17.7861
10.9462
44.4356
16.4229
-1.61701
-0.659621
18.033
17.5244
23.2527
9.68727
9.04272
16.3001
18.0349
17.9153
12.6198
29.5964
16.9084
0.309738
18.5274
18.2693
22.3432
18.3594
17.1171
-2.91535
16.2678
18.0413
18.859
-2.5574
17.5132
15.8814
15.6612
17.0776
-0.926813
16.2659
18.5293
18.7421
16.9582
18.2518
19.1667
15.0588
17.4587
12.9614
13.5369
13.7747
8.23231
15.0885
-1.8759
18.5257
15.056
13.7048
15.7574
0.836191
17.4915
16.8758
17.0834
-3.96567
18.6576
19.8473
18.6455
18.0769
16.9698
18.7535
48.4117
37.9268
18.8748
18.3652
13.6988
19.0873
-1.99257
18.6942
17.4202
18.1519
32.6652
76.7957
53.172
18.8546
17.5388
18.9188
23.1936
22.7148
26.3321
19.6307
19.5161
1202.61
12.1266
19.2869
19.8481
19.5798
-1.53178
-4.84064
19.5666
-2.86738
18.0586
18.4514
16.8467
9.63913
17.8229
18.9569
18.3437
18.9348
31.2331
18.3644
-1.78249
19.265
9.75575
18.3443
17.2772
-1.95365
17.7078
18.9754
125.573
18.1669
18.745
18.1022
-12.7418
17.5494
15.3108
18.1991
19.266
71.8031
19.8011
10.5914
12.015
15.5707
17.3195
16.7761
17.1791
15.6997
19.2173
10.0281
18.49
13.3117
19.2602
17.5105
18.2728
18.8363
12.5215
17.3582
16.3685
18.4961
18.42
17.3788
32.3076
15.5107
19.3348
17.5646
17.2577
18.3941
-1.30817
25.1627
17.1322
280.95
50.3568
80.6951
8.83271
20.6264
29.5627
17.22
8.49576
23.1522
4.71892
21.8435
-0.628357
487.729
16.8277
22.5549
2254.62
17.9472
23.041
27.2527
25.0252
42.593
8.07664
21.5619
25.8117
66.2625
19.9768
0.075641
179.027
-342.043
23.4376
76.8227
30.5083
21.5941
24.2699
22.8681
25.8028
22.8538
23.9598
49.5534
22.949
19.128
29.6275
23.4561
-2.65057
26.9304
28.1499
-0.336947
19.394
18.943
20.5681
18.0392
18.8685
-2.60189
144.624
25.925
25.1169
17.0418
29.4665
26.5658
24.623
15.5268
26.9612
33.4426
60.0705
398.392
32.3835
7.40483
28.5682
56.622
70.0848
37.8042
22.1153
22.2969
23.6223
48.8496
8.81418
22.207
150.595
36.7068
27.9561
23.2906
28.2239
61.0038
746.238
-1.75729
49.4412
12.7055
1092.83
88.849
50.0131
991.513
19.6227
27.117
22.6438
112.141
58.6099
887.679
14.9801
741.99
88.0492
1368.06
575.068
640.363
111.603
12.339
12.6628
1202.98
4.54361
-1.96678
86.1704
751.582
18.7238
85.1023
1087.63
42.6351
1091.36
15.7634
218.37
1142.64
14.8114
24.5897
167.275
16.449
19.7262
17.2974
61.1592
17.0308
17.8843
24.0505
26.0727
18.6944
16.116
28.961
16.9195
14.7729
20.5926
18.7816
16.0787
9.36199
18.9703
15.3642
12.9782
19.9779
16.7928
55.5338
25.6694
13.379
14.9621
24.2555
18.6309
19.9877
12.2043
80.2002
89.1309
5.29649
16.3986
20.1532
21.6789
25.1076
19.6843
10.1913
31.1399
0.513576
10.2017
6.93604
10.3338
17.1797
13.5738
-2.03308
12.3078
17.4572
9.88242
1360.51
14.1795
11.1483
-1.56793
-0.755832
-1.91791
1.44924
-2.53377
-0.569817
-0.958336
7.97127
18.5969
-2.03652
-2.25037
4.02167
-9.73601
-2.48069
-2.17029
-1.72752
21.2113
19.6298
0.930458
25.8501
20.656
18.3697
24.3306
1138.77
-3.28321
3.6446
-1.95989
756.604
-2.79547
1.19667
-1.99554
670.025
9.85499
-3.02557
-3.88929
18.858
-2.74877
11.76
497.017
14.7956
3.92123
-2.70338
40.6469
16.9237
-2.21284
-2.83945
10.6175
-3.82656
-2.61718
7.02652
-2.62663
-2.84937
-2.52318
-2.69855
-2.95275
-1.16354
-1.86142
-0.406285
-1.86315
7.04139
15.1802
2.29137
-3.087
10.7407
-0.955703
-1.98054
-2.77823
1.32844
-2.21256
45.4907
-0.128829
9.17198
2.43309
-3.61376
-3.03701
5.02158
8.27014
-2.68586
15.139
-1.93895
-106.782
-2.5812
-2.61504
14.006
-1.21621
0.720303
10.7929
-2.11609
3.80447
16.8773
-2.03157
-0.69615
-1.72098
-2.63293
-59.442
15.6651
15.0908
-1.32007
13.5819
-2.34009
-2.742
-2.79571
-1.60163
-2.30262
5.22486
-269.165
-21.2492
-2.15291
-3.2442
-2.03649
-1.51112
-2.15194
106.409
-3.71636
-2.4768
7.5175
0.519686
-2.58369
8.30199
-2.84521
-4.8004
-2.85905
5.95625
-2.85376
-2.61756
-2.25813
-3.32849
-2.11478
-2.79095
-2.14078
20.9109
-2.76923
11.7467
-2.69126
-2.54713
-2.71901
13.9337
2.85992
-2.51194
-2.45982
-303.566
12.6767
-1.85872
-1.9317
-2.58238
-2.16548
-4.52312
5.24689
13.4705
-2.88874
-2.70886
15.9966
-2.78133
11.0914
-1.16993
-2.23378
-1.50507
-2.14836
-2.26527
-0.494527
-1.94494
-1.85351
67.7997
-1.20612
15.2992
10.6799
9.85639
11.5628
-2.34164
8.85227
8.10112
-1.64658
1473.44
-3.19755
-2.47645
6.81539
-3.85788
1.64067
-1.42372
-9.74973
-1.32482
-1.84182
-2.61828
-4.93052
-3.93483
-3.03198
464.79
-1.98743
9.63188
-2.22598
16.9822
-1.77038
-9.75269
-7.78053
-2.56612
-12.5428
-6.50645
-2.79026
-0.980167
-5.36688
0.984936
15.388
-5.94681
-2.72573
772.559
43.4631
53.952
-0.878377
-2.72536
4.4694
16.554
-2.72252
-2.54697
-2.37291
-2.27525
91.1207
65.8315
3.76438
-4.95544
-3.46206
-1.97187
-2.59007
-3.45777
18.5861
1.90395
87.4982
-2.94822
-3.89174
21.2983
-2.86171
303.284
-2.43993
-2.90192
-3.69273
21.127
16.4698
-2.04531
25.3067
-3.98853
-1.77698
5.99274
-2.38394
-1.96318
-1.434
-2.82031
-2.18256
9.13434
9.63244
-4.7824
-1.77033
-2.28104
-1.95408
3.15777
-2.51734
-1.56121
10.2995
1.32384
-1.63644
-3.0275
-1.83094
0.788924
-0.318898
3.20471
-2.06069
-2.01724
-2.42641
-0.324442
1.66122
9.09319
-2.22876
0.350462
-423.844
18.1249
17.3178
-3.7401
37.2541
-4.44436
-1.52192
-3.17019
-1.58743
2226.71
14.6176
9.2584
36.4392
16.9443
-1.93365
160.428
1.02189
23.4137
1022.38
22.3061
4.28519
112.128
1341.9
5.77441
-2.12939
21.9962
22.0134
-5.55865
-2.20479
9.71724
-1.86237
4.33129
15.8895
8.68666
14.5459
0.126425
10.1747
34.4994
11.2535
178.837
-5.89626
5.5165
23.7371
-73.3619
5.00925
69.9736
2.82752
8.60372
-1.69035
4.5446
192.996
224.868
15.1248
26.3635
29.3758
36.4424
14.7784
-2.35984
11.4814
10.185
1.36572
336.153
7.19759
392.804
27.3104
35.3059
-1.0869
15.3108
500.377
14.0088
11.6972
29.0441
0.83798
14.69
0.255348
43.6306
11.5473
-3.66038
-3.20222
41.6633
87.3045
-2.62794
74.4853
-3.12805
13.0437
18.3056
15.459
10.0065
423.516
15.7841
12.2753
6.77406
-2.08516
21.7321
-4.32271
92.6296
1250.26
38.7675
14.0752
16.2572
29.1614
17.5695
811.561
-2.93805
10.5908
-2.0818
245.519
13.2391
19.0164
19.3991
333.716
-1.33216
21.8844
1219.53
-2.10254
96.6528
212.119
6.17421
13.4184
-3.03245
9.0955
-1.50296
17.4772
24.8797
18.8951
-0.320777
15.8109
19.4203
-0.687655
-2.35601
-0.544505
-6.47993
74.3713
-9.58475
141.813
-1.39903
1.26758
3.76282
-1.24457
-1.81671
-2.08789
22.6635
-2.70209
-2.82082
-3.78496
-0.518956
9.65077
19.8646
2.22777
-7.95227
-2.89387
2.38728
-1.25835
-2.63226
10.0152
122.459
25.8216
-0.669887
5.60532
16.4828
-2.49626
17.7826
10.3153
7.65995
2.1957
0.572383
18.4796
-2.11477
9.95991
111.251
18.077
10.4071
-2.13592
23.8813
21.5735
22.7952
-1.65583
0.0828389
0.122397
3.89278
24.2093
18.2397
11.5811
-0.920587
16.4858
18.9632
4.33269
13.4489
13.2352
17.0564
0.936594
30.8354
17.9075
35.0518
-0.714917
6.81616
15.9851
-1.19334
2.45948
-2.29328
-2.22351
19.1742
19.8843
405.095
-3.23176
-49.1465
18.1328
19.2464
21.1912
20.5053
18.6148
-0.74784
4.91883
12.2872
64.4954
-2.58608
30.5721
-3.33009
-0.702267
17.9815
17.4584
13.4007
115.46
-0.045483
20.6587
0.967193
10.3216
-2.0995
-3.4807
22.6334
0.620571
6.42626
10.5055
-3.0574
-1.93541
-1.9448
-432.182
11.3672
-3.11737
0.444608
-1.99791
-4.06814
-1.90825
57.2796
-1.97484
-1.88961
-2.81831
1019.26
-2.0016
-3.83834
20.8761
4.06783
29.5014
14.4258
10.8076
-1.71332
-1.79769
476.14
148.454
-1.98929
655.904
-0.86387
756.292
-0.8714
-2.06269
-10.279
20.102
13.9951
-3.14227
7.74359
-1.25981
27.5882
10.3578
18.5686
-2.02686
22.9221
10.8872
7.17867
14.7145
19.2282
7.47351
-1.89012
3.76332
-2.21165
)
;

boundaryField
{
    FrontBackPlanes
    {
        type            symmetry;
    }
    wallz
    {
        type            calculated;
        value           nonuniform List<scalar> 
97
(
-408.498
-358.646
-440.534
-284.316
1503.82
1254.42
1067.11
1181.61
1519.03
2.03566
-0.51607
-1.14323
871.843
887.581
952.195
1136.24
-9.30326
631.65
8.10199
15.304
-2.22648
266.437
627.922
1103.67
219.853
23.5873
42.4902
5.73915
28.521
2.20926
10.8607
-49.6055
309.707
74.3976
166.11
2.08567
15.9635
-3.93469
-4.19399
-15.3903
909.938
-206.976
8.03537
0.0607806
1.44767
-4.61585
3275.98
967.681
4116.77
91.273
-1.19801
-0.819327
-0.147329
369.256
104.124
140.99
102.584
111.98
-1.79811
-1.53714
37.8173
218.307
34.0624
99.3515
87.7651
1420.11
1267.89
-2.67133
-2.46604
13.8632
173.602
89.1999
885.723
293.043
770.362
833.257
870.671
903.357
356.357
83.8576
1504.45
1469.18
-2.86013
-291.17
-534.42
-549.812
-148.338
1601.92
1586.05
-4.32922
48.0204
-160.535
-2.05197
1261.5
299.875
-2.29272
17.2869
)
;
    }
    outlet1
    {
        type            calculated;
        value           nonuniform List<scalar> 
31
(
-2.943
-2.943
-2.943
-2.94344
-2.94307
-2.94314
-2.94306
-2.94305
-2.943
-2.943
-2.943
-2.943
-2.943
-2.943
-2.943
-2.943
-2.95681
-2.94587
-2.9486
-2.943
-2.943
-2.943
-2.943
-2.943
-2.943
-2.943
-2.943
-2.943
-2.943
-2.943
-3.05904
)
;
    }
    inlet1
    {
        type            calculated;
        value           nonuniform List<scalar> 2(-575.404 -581.955);
    }
}


// ************************************************************************* //
