/*--------------------------------*- C++ -*----------------------------------*\
| =========                 |                                                 |
| \\      /  F ield         | OpenFOAM: The Open Source CFD Toolbox           |
|  \\    /   O peration     | Version:  v2012                                 |
|   \\  /    A nd           | Website:  www.openfoam.com                      |
|    \\/     M anipulation  |                                                 |
\*---------------------------------------------------------------------------*/
FoamFile
{
    version     2.0;
    format      ascii;
    class       volScalarField;
    location    "0.3";
    object      p_rgh;
}
// * * * * * * * * * * * * * * * * * * * * * * * * * * * * * * * * * * * * * //

dimensions      [1 -1 -2 0 0 0 0];


internalField   nonuniform List<scalar> 
6576
(
2772.67
2746.9
2756.49
2761.16
2777.82
2785.23
2760.84
2764.43
2779.47
2769.47
2811.89
2794.55
2783.23
2792.01
2758.58
2764.53
2731.07
2758.88
2761.9
2810.14
2739.8
2800.04
2804.24
2757.09
2788.39
2820.04
2868.63
2783.69
2742.23
2747.42
2766.66
2728.38
2766.6
2790.69
2783.61
2805.35
2779.29
2807.5
2764.58
2786.7
2750.94
2743.34
2770.26
1526.64
1421.3
1566.75
1467.12
1499.92
1568.2
1581.72
1514.89
1547.14
0.0152223
0.0116809
0.00461678
0.0283876
0.0173994
0.0062336
0.0208506
0.0142887
0.0252976
0.0304522
0.0398715
0.0250538
0.0121704
0.0296272
0.112373
0.0884881
0.084546
0.0775487
0.0944661
0.063939
0.0827743
21.1042
20.4276
20.6038
22.1311
21.4393
20.155
21.5364
21.963
21.1004
20.1587
21.4052
21.5036
21.1738
20.1449
56.867
85.013
83.0748
76.1952
49.738
68.5412
49.4466
77.1703
74.0462
95.1296
48.24
47.8029
77.0725
87.1141
741.061
1109.6
789.487
819.132
812.97
679.52
794.838
1583.55
1561.26
1503.82
1497.45
1523.01
1590.87
-0.109802
-0.0412295
-0.163468
-0.0634716
-0.294603
-0.164528
-0.159928
766.948
2271.36
2534.57
2613.17
2485.31
2749.16
2816.93
0.242727
0.0416496
0.240715
-0.330335
0.035925
-0.559925
-0.495734
12.1559
12.3648
12.1588
11.8984
12.0548
12.1982
12.0423
11.0678
11.102
11.3642
10.849
11.0943
11.2293
10.9985
10.2358
10.3814
10.1784
10.8634
10.7472
10.441
10.5113
9.90922
9.74368
9.74165
9.96618
9.70249
9.57607
9.99539
9.62462
9.98461
9.0236
8.76822
8.84278
9.64802
9.19098
8.86714
9.09616
8.53591
8.32083
8.57496
8.67741
8.43844
8.67082
8.44792
8.61184
8.88034
5.38166
5.13856
5.67137
5.57429
5.2719
5.89509
6.17155
6.06575
5.721
4.23337
4.31804
3.96123
4.41248
4.80676
4.27763
4.57264
4.16111
4.17165
3.82455
4.44384
4.72785
4.49853
4.19011
3.55984
3.35226
3.4231
3.55719
3.34737
3.30996
3.75283
1.26498
0.290713
0.681978
2.3683
1.12597
0.621422
-0.320822
2.10935
2.01912
2.21482
2.42079
2.01436
2.08385
2.40575
2.7544
2.62079
3.02271
2.76964
2.98298
3.56229
3.14867
4.66645
5.15534
4.69714
4.36848
4.46427
4.95201
4.66967
5.98967
5.95827
6.65455
5.74501
5.42272
5.95559
5.48935
7.61657
8.43079
7.81016
7.27726
7.38075
7.37931
7.76758
8.21023
7.60291
9.43079
9.94346
9.72074
9.3113
9.30487
9.83397
9.65555
15.06
14.8468
14.3147
15.491
15.6988
15.2566
14.9359
1430.55
1415.07
1363.14
1481.46
1385.34
1402.48
1503.43
1374.45
1494.74
1415.91
1420.9
1402.94
1398.39
1368.36
1385.27
1347.97
1235
1234.42
1268.7
1243.01
1301.89
1252.18
1236.12
1234.78
1226.83
1424.41
1411.95
1417.59
1305.36
1317.85
1262.53
1345.98
1319.52
1284.11
1316.6
-1.40259
-1.25042
-1.41991
-1.38841
-1.49656
-1.58357
-1.48333
330.252
80.8094
-0.884827
183.747
7.69084
0.385118
0.33387
0.112337
0.369128
-0.511245
-0.461916
-0.480983
-0.562353
-0.609106
-0.554405
-0.593735
667.666
627.381
540.935
576.687
345.943
351.179
644.428
949.657
935.263
779.013
1015.14
959.861
1030.84
977.023
928.823
985.705
1174.07
1222.14
1222.7
1184.28
1234.17
1185.85
1251.91
1250.49
1177.36
1176.35
1336.66
1181.61
1277.42
1333.75
1204.64
1373.86
1511.7
1466.54
1519.03
1510.44
1427.3
1323.99
1443.86
1456.45
1534.44
1058.27
634.675
787.243
823.541
896.438
861.911
1115.42
188.03
115.794
177.392
155.646
214.2
144.165
211.182
0.25199
0.406312
1.13019
0.412386
0.382325
0.323838
0.317372
0.787819
0.187767
-0.0104986
-0.0356836
0.0863261
0.113182
0.151194
0.0167169
0.0361199
0.326694
0.01233
0.08697
0.125187
0.105545
0.62076
0.0775771
0.0453434
0.677627
60.7442
64.7092
247.433
345.3
63.2192
19.6141
160.445
1508.58
1510.27
1524.72
1416.14
1455.78
1444.52
1519.98
5.10661
4.8879
4.24911
5.64126
5.13266
4.84039
4.16627
3.45796
1.78989
2.26223
2.25721
3.39396
2.28457
1.55038
6.15644
5.21192
4.3728
6.40177
6.41587
5.166
4.268
7.17568
5.70098
7.59828
7.23679
6.19838
8.12739
7.94108
7.51313
7.58652
4.7812
3.96843
5.18474
2.65215
3.34904
2.42798
4.36853
8.77765
40.6217
10.7518
10.2254
6.03353
7.82931
12.7278
3.17872
2.7217
2.34782
2.79494
0.266281
1.65621
2.63774
2.10344
2.3712
3.16624
2.56124
0.955608
2.18472
3.11895
2.22876
2.58541
1.53791
3.45149
5.01676
3.79487
2.20787
-0.14569
2.59905
1.51441
3.05062
6.97422
5.05488
-0.531259
-0.34353
-0.476573
0.17962
-0.85715
-0.998334
-0.76799
-0.575298
0.234327
0.347322
-0.795628
-0.76859
-0.458876
-0.0805685
0.790424
-0.270337
0.0498102
-0.44423
-0.481628
-0.740514
-0.110422
-0.662681
-0.355474
-0.481635
-0.547723
-0.479299
-0.0391202
-0.123005
-0.362221
-0.751376
-0.587466
-0.478122
-0.593529
-0.689165
-0.611661
-0.306528
-0.042326
-0.00018064
-1.11019
-0.687045
-0.605789
-1.02118
-4.00302
-3.68403
-3.23991
-4.2974
-4.19485
-4.22586
-4.45419
-3.9428
-3.50014
-0.657965
0.199196
-0.970346
-1.22793
-1.98586
-0.21113
-1.25076
-0.52501
-1.01804
-1.1919
0.202948
0.0361904
-0.469419
-0.393714
3.17284
3.05805
2.06005
3.08235
2.43984
1.68646
2.70604
7.86797
8.51139
7.8328
7.24857
7.22607
7.63537
7.89007
7.40151
7.05255
6.89409
7.38743
7.21267
8.1462
8.34839
8.20977
7.80016
8.00973
8.00011
7.69353
8.80767
9.29659
9.85106
8.92064
10.5425
9.22783
8.22037
-0.0568709
-0.229936
-0.134594
-0.290514
-0.273032
-0.229703
-0.244416
-0.469921
-0.415995
-0.413145
-0.528933
-0.532
-0.494086
-0.50457
-0.441433
-0.439693
-0.494446
-0.552934
-0.560504
-0.589609
-0.541014
-0.620058
-0.569603
-1.82931
-1.97693
-1.8681
-1.81824
-1.89502
-2.00848
-1.87555
-2.38599
-2.18879
-2.13484
-2.37034
-2.25537
-2.10798
-2.10071
-2.37716
-2.91433
-2.51534
-2.81606
-2.58295
-2.67426
-2.98397
915.567
888.821
896.635
1120.99
1056.01
1129.9
1073.07
1281.28
1291.92
1319.18
1462.9
1349.85
1348.94
1326.98
1459.78
1367.46
1278.24
1557.61
1298.42
1254.25
1375.6
1375.23
1190.72
1333.01
1198.13
1224.84
1214.16
1308.39
1347.75
1314.7
1255.72
1398.9
1294.6
1332.9
1296.97
1149.09
1148.96
1165.33
1359.46
1184.56
1248.7
1208.22
1199.09
1246.06
1210.93
1239.84
1287.88
1291.76
1265.23
1282.21
1249.02
1235.06
1126.38
1073.77
1139.65
1179.92
1134.16
1230.16
1174.88
1271.74
1265.94
1262.77
1267.68
1253.78
1318.78
1334.85
1321.84
1011.55
1112.7
1080.34
1057.49
1143.42
1171.54
1086.16
1288.91
1238.26
1227.1
1156.25
1141.3
1386.17
1368.38
1355.67
1373.84
1269.27
1352.79
1402.68
1341.05
1388.94
1499.75
290.03
604.385
479.406
532.897
486.782
631.852
349.892
1295.32
983.721
1115.47
1050.69
1085.36
952.516
680.536
1034.23
938.61
1395.37
1136.24
1113.11
61.081
214.274
-9.30326
219.794
201.696
134.236
155.906
217.717
159.112
678.275
637.206
631.65
706.741
667.712
603.798
400.399
927.424
767.839
659.202
114.711
114.762
68.0576
241.332
142.888
120.6
202.947
329.959
229.594
268.024
227.182
164.258
173.194
294.664
159.43
174.992
92.8202
191.59
205.661
198.982
209.123
28.2272
9.77798
61.2709
16.9594
36.7256
15.7174
48.3231
17.4215
16.0756
19.0866
18.1718
15.841
17.6618
16.5502
25.698
27.9171
28.2738
17.5254
28.4606
37.0794
20.5788
20.6679
23.3497
37.454
36.5619
38.2347
27.0447
36.4541
27.1826
64.3806
30.8892
44.8979
30.6478
30.0785
28.0447
29.6959
39.6159
28.2989
2.86994
89.2238
54.086
86.8652
59.9791
39.232
14.6384
20.9911
1.0871
1.22156
1.00981
0.919026
1.04838
0.816017
0.890934
10.4736
10.4705
10.7088
10.2491
10.5964
10.7259
10.4349
10.2287
10.2165
9.98665
10.0967
10.1786
9.83318
9.75803
9.46726
9.63588
9.81189
10.1601
10.0667
11.826
11.157
10.727
12.1548
12.4529
11.7735
11.6621
11.2596
12.0321
12.0708
12.2556
12.2346
11.8136
10.88
16.9497
15.1035
13.4306
15.0822
16.3547
12.307
13.8222
111.585
139.085
126.113
109.531
101.592
113.224
118.317
44.6256
28.7772
72.4892
134.21
127.809
120.344
123.155
105.218
100.52
99.3506
130.863
110.158
106.607
98.3037
118.049
135.525
130.787
54.5674
49.1389
115.297
77.3018
51.1039
49.6403
101.229
124.552
38.7844
110.342
110.974
5.7406
8.91149
5.1695
2.01686
1.77864
2.19687
0.796462
1.29762
1.8749
1.40666
-0.487722
-0.930101
-0.825014
-0.391254
-0.548707
-0.623461
-0.319124
-1.7619
-1.43197
-1.21964
-2.04904
-1.76168
-1.72286
-1.76258
-0.954673
-0.758381
-0.756637
-2.85762
-2.72966
-3.04658
-2.11966
-2.7821
-2.87216
-2.46776
-0.980831
-0.855769
-0.216314
-1.11392
-0.996058
-0.965265
-0.934989
-0.160708
-0.949774
-0.744089
-0.903876
-1.15399
-0.436763
-0.108294
-0.101283
-0.532042
-0.599897
-0.524372
-0.468946
-0.240607
-0.333678
-0.405218
-0.364236
-0.423508
-0.492484
-0.32855
-2.27766
-2.57242
-1.29313
-0.815552
-1.02781
-1.89849
-2.05573
-1.01352
-1.0823
1.98587
1.65306
2.51807
0.936475
0.590626
1.18062
1.16433
4.54271
4.3922
4.20283
4.27385
3.97526
4.27023
3.88674
5.59729
5.81772
6.29425
5.11704
5.57479
5.54815
6.02879
5.83821
5.55821
5.14758
5.58783
5.01351
6.74306
8.45136
7.21075
6.37898
6.57678
6.53145
7.02676
7.9142
6.99804
0.38005
0.387702
0.755458
0.254478
0.389499
0.232626
0.75456
0.399593
0.237989
-0.60331
-0.560636
-0.557696
-0.69012
-0.665492
-0.634679
-0.665947
-0.850244
-0.748992
-0.815422
-0.817246
-0.912722
-0.89543
-0.807859
-1.15668
-1.28843
-1.25294
-1.17536
-1.31006
-1.18403
-1.3708
-1.34437
-1.19644
-2.19364
-1.97914
-2.08326
-1.90805
-1.88568
-2.0749
-2.15541
393.551
436.046
295.566
204.209
477.276
204.605
473.977
472.253
420.369
647.489
770.964
481.399
150.849
580.77
107.47
871.845
363.981
487.639
464.614
504.458
398.177
369.53
239.394
593.539
893.218
813.16
742.663
892.679
1012.48
1088.76
504.048
828.969
1076.55
1372.22
1376.47
1447.14
1223.01
1357.96
1450.41
243.709
333.867
435.673
324.258
289.598
249.807
319.401
556.157
208.751
341.811
156.685
138.895
161.751
86.7655
47.6521
59.8033
124.197
219.853
184.027
170.758
52.3592
59.8516
23.5873
31.2264
16.0469
26.4475
90.947
208.166
56.9648
67.5188
56.1644
25.6042
39.0702
79.9852
83.9849
80.2741
109.525
93.7974
42.4902
99.7366
28.9572
55.9058
46.7171
15.3915
16.1152
15.8379
14.0598
25.1089
14.843
14.1661
17.695
18.975
14.115
14.6041
17.5501
17.1815
16.3528
16.5563
17.5735
16.1398
13.9584
16.2297
15.1077
15.7173
10.3276
10.7613
10.8954
7.76668
8.71997
8.06516
9.03479
239.107
2.99204
646.72
112.58
672.513
-1.18302
321.42
574.982
642.251
897.591
817.506
856.017
779.188
708.447
21.7277
21.8041
21.7577
21.7206
20.9911
21.9585
22.1537
21.0134
20.6842
22.1254
20.4151
20.0626
21.9691
22.3928
19.1997
19.4523
19.0033
18.8473
19.2296
19.494
19.919
12.0912
12.0056
11.7929
12.1064
12.3568
12.1352
11.9272
13.7901
13.3798
13.5613
13.9656
13.9587
13.538
13.7398
14.3163
14.6512
15.3726
15.2149
15.2248
14.7185
14.85
15.0795
16.0994
15.4809
17.1228
16.2578
15.6134
15.1983
21.976
21.4174
18.7814
39.0034
35.9685
25.4854
17.3343
18.7888
25.2643
21.4516
15.6308
18.3944
20.6042
17.1782
17.17
18.3201
46.7468
64.9805
56.5127
71.9877
50.4659
54.158
65.6875
42.8733
42.4204
52.8225
66.1747
49.867
76.7808
81.2307
122.982
131.325
124.774
107.826
115.268
74.1923
79.8065
113.728
123.471
102.118
85.9233
113.283
110.59
117.239
83.7006
90.0705
80.2966
139.024
129.097
128.827
133.153
125.267
101.729
6.26779
7.31298
9.12376
8.2375
7.66523
8.7008
9.14613
7.0771
7.0534
5.34762
7.77677
7.81979
2.99809
3.80953
4.17293
4.44948
4.33457
4.32005
4.34269
7.75394
7.84665
8.11742
6.96994
7.51365
7.79485
7.46799
1.85423
2.74174
3.39581
2.32862
2.76462
2.7887
1.61914
-4.27675
-4.09382
-4.17899
-4.03976
-3.46717
-2.14031
-2.97221
-2.72676
-2.2459
-2.78404
-2.80896
-2.89767
-2.73632
-3.91649
-2.81559
-2.98094
-2.24103
-3.49385
-2.45282
-2.9278
-1.91739
-2.4386
-2.61895
-1.92591
-2.17234
-2.56515
-0.539929
-0.818242
-0.575971
-0.4781
-0.160152
-0.424475
-0.623536
-0.402995
-0.479711
-0.851724
-0.446106
-0.0222199
-0.508256
-0.0348681
0.00758135
-0.0361268
-0.0334872
0.0385502
-0.0213451
-0.066357
-0.0744759
-0.0077615
-0.0221576
-0.0503804
0.0332557
0.052121
0.0810497
-0.257116
-0.0458976
-0.0805546
0.10322
0.051825
0.0722678
0.22859
0.186861
0.243918
0.192636
0.154736
0.307944
0.257336
0.463506
0.265344
0.255317
0.381687
0.221701
0.362111
0.372836
0.214757
0.364532
0.463187
0.35983
0.988399
0.831602
0.977981
0.844023
1.07702
0.765605
0.993307
-0.25046
-0.297359
-0.294246
-0.25057
-0.246541
-0.257909
-0.292914
-0.409424
-0.435797
-0.330512
-0.378817
-0.425934
-0.41937
-0.409847
-0.351726
-0.420198
-0.299371
-0.345509
-0.420618
-0.36778
-0.44339
0.148402
0.0418343
0.325388
-0.0357749
-0.0719991
0.0221742
0.189696
0.169955
0.0250634
0.544121
0.400851
0.182919
0.230482
0.337534
0.265326
0.198656
0.000334604
0.00644604
0.039793
-0.0175436
0.00168922
-0.0131527
0.0134467
-0.237455
-0.292567
-0.225966
-0.212799
-0.192973
-0.216706
-0.188427
-0.242866
-0.207566
-0.236614
-0.182782
-0.211793
-0.328204
-0.245507
-0.291605
-0.235634
-0.199474
-0.236779
-0.543921
-0.471119
-0.463894
-0.507506
-0.452208
-0.563802
-0.493824
-1.86801
-2.01958
-2.66227
-1.93848
-1.659
-1.86519
-2.24239
-2.46574
-3.23656
-2.14961
-4.43016
-3.71006
-2.54749
-3.12488
-9.85552
-8.81331
-8.32299
-10.7364
-12.6037
-11.116
-9.93539
-11.5651
-10.5114
-8.26716
-11.3593
-11.6568
-9.73983
-7.75409
-4.34087
-8.06882
-6.26161
-5.69699
-3.16425
-3.92881
-6.78748
-20.6868
11.8613
5.55018
59.2435
5.55611
26.988
47.8631
21.611
20.5253
30.6033
5.14447
27.9561
26.2419
-7.10242
64.6529
-20.0524
141.796
15.6193
-31.9024
9.79971
479.535
584.169
429.597
425.031
246.971
-22.2381
-7.60068
4.11791
126.454
419.072
464.364
853.37
587.148
13.3041
13.5668
12.3704
13.8149
12.9673
12.5237
12.2097
85.7525
108.063
43.0157
68.1793
63.8389
20.7177
89.0404
74.3976
76.3395
28.8083
71.2236
153.891
166.11
94.0151
57.3739
100.462
141.667
91.5802
106.233
59.6819
4.89409
5.34466
4.9732
4.97209
6.77171
6.17059
4.3173
8.21864
8.49895
6.61641
5.60098
6.57773
7.14745
5.41235
22.95
23.1212
23.204
22.173
22.6353
22.9555
22.8846
21.6353
22.9037
23.3113
23.6143
23.401
24.0795
23.7927
24.1455
23.5905
21.1411
20.867
21.2269
60.0062
58.5524
471.428
156.077
20.2368
21.4256
21.1604
25.7484
21.1843
22.2228
21.4783
21.288
22.0004
20.9894
20.8763
20.9106
21.0033
20.829
20.7893
21.0112
20.8234
21.0128
20.3344
20.0511
20.1894
20.1834
20.0481
20.1898
20.0533
16.3561
16.4317
18.5015
16.9991
16.7406
20.1868
18.9433
21.3412
19.6114
21.4254
19.8209
20.5321
23.0132
21.8764
90.1849
96.4682
85.5737
97.6267
157.491
86.6212
97.6071
74.8197
67.106
67.9169
80.2174
47.4849
43.9543
53.7818
66.979
58.2592
93.5808
124.363
146.039
72.5604
62.0619
71.6739
37.31
74.2255
47.3455
19.7567
111.259
103.98
121.878
65.1803
28.0222
34.291
19.9754
47.4695
74.6035
65.68
80.9759
16.9093
14.7751
16.486
18.7117
21.0376
16.4666
17.1103
16.4627
15.8171
16.1418
16.3608
16.4414
13.0402
12.8135
13.5332
13.3546
13.2824
12.9467
12.9161
13.266
13.731
14.101
13.8847
13.1597
13.7895
14.2265
8.58786
9.77587
10.2638
10.3038
10.5397
10.4442
9.98225
1.23761
0.626039
2.27686
1.64613
1.19118
3.46484
2.49222
1.17784
1.50942
1.86065
1.94378
1.58679
1.62322
2.11305
0.118089
0.187912
0.22614
0.342991
0.215435
0.405733
0.494786
0.371789
0.50059
0.65527
0.267524
0.0982831
0.405729
0.297779
0.252982
0.0642133
0.492799
0.465668
0.438785
0.422289
0.39298
0.506298
0.542767
0.447881
-0.00881656
0.606162
0.455291
0.599217
0.543066
-0.0450974
0.445779
0.569637
-1.65417
-0.623956
0.352536
0.00715647
2.41987
-0.405127
0.796015
344.667
1731.36
2758.15
2753.43
2756.72
2660.88
2694.01
-1.79192
-2.38804
-2.38941
-3.43435
-2.73222
-1.45891
342.124
3.9175
46.7995
-3.24629
-1.71969
-2.73106
421.695
8.91095
0.184376
-0.509485
-0.208178
-0.171012
-0.160923
-0.325824
-0.0573064
-0.226236
-0.491716
-0.155204
-0.707534
-0.740597
-0.667601
-0.251134
-0.193116
-0.243686
-0.28429
-0.151362
-0.248457
-0.323963
-0.227839
-0.285883
-0.221187
-0.304673
-0.259771
-0.237238
-0.292172
-0.304367
-0.256444
-0.241751
-0.106873
-0.0904681
-0.11723
-0.143948
-0.166153
-0.104256
-0.101623
-0.0771391
-0.0720959
-0.0615179
-0.0773069
-0.0668846
-0.0695358
-0.042529
-0.00132702
-0.0208664
-0.0126665
-0.00922047
7.34256e-05
-0.0157081
-0.0192668
-0.0497062
-0.0828443
-0.114993
-0.0085837
-0.0245706
-0.0753316
-0.0993614
0.600636
0.538419
-0.117373
-0.443376
-0.184916
0.0744553
0.203391
5.96323
-0.412546
4.06851
1.59684
2.86957
6.0525
3.73501
-4.82119
4.81951
-0.522883
5.70168
5.36332
-8.56142
8.71525
12.9916
15.5149
18.8987
8.77591
8.5623
9.76328
13.4245
15.6979
18.4363
-1.44861
8.09182
1.66162
7.71066
12.7173
3.7479
6.21219
11.2207
-2.26745
6.09544
0.249799
7.53669
-2.30911
8.36233
14.2107
-0.674413
-0.101303
-6.79264
-6.09481
-7.63323
-5.23524
-4.35776
-5.68036
-6.59502
12.6282
18.3374
31.2722
-0.65206
-6.64884
20.6498
-4.70494
-2.58252
-2.71563
-4.58502
-4.26876
-2.08343
-3.25633
18.802
32.2134
26.6354
26.7622
16.9118
20.4962
19.3184
15.3262
17.4146
16.132
15.437
10.5884
17.3363
13.0642
10.9662
19.18
19.1418
17.5305
13.085
8.80313
11.2617
32.8552
7.70918
0.734553
10.0815
11.8845
6.88432
28.8651
855.943
466.221
909.938
399.506
554.913
471.509
768.729
-22.5099
-206.976
-5.66339
125.925
171.448
102.637
21.3035
20.6535
22.1374
21.4568
21.693
22.6408
23.7443
24.2366
24.1517
24.3234
24.2966
24.9955
24.5162
25.2673
61.0865
152.534
26.112
166.69
131.066
24.791
42.1083
55.1797
165.98
84.4313
47.6363
52.6263
97.3102
50.9309
53.0429
42.5502
115.066
34.6009
100.169
42.7129
61.2699
62.854
49.9962
56.5618
67.6833
87.9796
69.607
139.689
132.571
112.136
125.291
24.5426
22.7182
24.0996
25.134
27.7446
23.118
23.2958
18.5167
18.8594
20.1668
21.0673
22.7346
19.1312
19.6198
16.7464
15.6638
17.2865
15.3726
16.9453
14.39
16.3276
8.99755
9.17994
9.21126
10.2846
9.78201
9.84663
9.61549
8.63407
8.34278
8.45287
8.5044
8.0944
8.2546
8.73084
6.74595
7.30599
6.41199
8.12582
7.48695
6.0705
7.54985
6.76344
7.01781
10.6118
5.62997
7.53834
1594.41
1491.01
2479.34
1960.96
1592.42
183.163
2102.84
-3.57015
-2.96843
-2.35068
-1.68895
-2.12968
-3.96395
-3.09088
-0.546239
-0.793292
-0.729988
-0.448339
-0.756999
-0.882063
-0.526009
-0.145914
-0.478946
-0.195704
-0.102584
-0.0602935
-0.0877642
0.0767508
-0.0945105
-0.014182
-0.131979
-0.108869
-0.0233489
-0.0928546
-0.105336
-0.0788461
-0.0209738
-0.134522
-0.0336789
0.0176437
-0.0861687
-0.016135
-0.0273729
-0.0758263
-0.0140987
-0.0636768
-0.100071
-0.14232
-0.0866808
-0.0616268
-0.0960417
-0.0843452
0.0372805
0.044386
0.00879403
0.0130406
-0.0129796
0.0473066
0.0167559
0.00325476
0.0221862
0.083536
0.062132
0.077368
0.125214
0.0930482
0.076325
0.0924921
0.16542
0.141692
0.151112
0.183367
0.165787
0.14856
0.1604
0.25163
0.278873
0.304677
0.379229
0.324051
0.356462
0.309841
0.303817
0.273656
0.649879
0.61694
0.716235
0.684252
0.681343
0.752176
0.762712
2.31105
1.89477
2.92609
1.86435
2.12177
1.74567
2.16745
2.95786
1.77397
2.10941
2.23968
2.15513
1.90063
2.41779
2.21645
2.26797
2.1264
6.93762
1.97683
2.48332
3.28089
4.94537
2.58265
3.16089
-1.21683
18.3955
6.43673
12.569
11.1414
8.11722
15.2433
6.00375
2.85738
9.45372
10.9894
2.21591
-7.00289
-5.0795
-5.83644
-10.2971
-9.50791
-9.43579
-8.03693
-4.8411
-4.27961
-4.81676
-4.48406
-4.92861
-4.32526
-4.78372
15.4452
14.9313
18.0942
13.9562
68.1776
30.461
30.7378
76.5815
84.2957
60.1881
30.4449
38.3586
2.67354
8.963
7.64475
4.80767
3.11119
4.08879
3.30437
66.7
30.4517
33.4945
53.8808
66.8959
4.0975
4.1009
4.16606
4.62523
4.56971
4.65974
4.82027
7.61802
4.92357
8.93677
6.30841
8.99632
5.5866
7.39624
4.89156
4.65219
5.30148
4.81082
4.30723
5.13711
5.88986
453.458
278.066
374.561
3354.31
1767.97
2773.51
2812.59
2602.94
3415.86
2864.78
2640.16
529.67
3275.98
2024.4
2772.04
2974.59
1471.67
1010.12
967.681
751.05
931.833
118.093
672.755
957.816
4116.77
2956.46
108.509
105.42
104.713
158.524
93.1867
92.87
101.189
104.339
108.168
103.81
24.322
24.3784
24.1791
24.367
24.3457
23.8436
24.037
17.0378
17.15
16.8644
17.7919
16.8591
15.9654
16.5259
19.2582
19.2979
18.9362
18.7283
19.6225
19.0083
18.4515
14.9225
14.894
14.4348
13.389
14.6736
15.0928
14.6422
12.3276
11.449
12.7759
15.6942
15.4778
26.0267
15.9117
39.4318
20.5247
29.5621
48.8119
15.2965
16.8173
39.1226
13.3837
13.1253
14.7471
12.508
13.6388
12.9716
12.876
-0.53531
-0.261222
-0.632872
-0.292344
-0.356262
-0.945203
-0.727552
-0.717405
-0.567167
-0.625677
-0.590794
-0.63037
-0.601562
-0.375702
-0.533786
-0.605665
-0.707878
-0.594524
-0.624907
-0.693704
-0.67623
-0.66344
-0.670373
-0.100734
-0.303642
-0.239581
-0.199489
-0.418768
-0.275491
-0.157315
-0.0727782
-0.128114
-0.108649
-0.106584
-0.0438407
-0.100353
-0.00900691
-0.0351147
-0.0451304
-0.00982518
-0.0711216
-0.00631698
0.0774374
-0.0294106
-0.0415941
-0.00487267
-0.0414402
-0.0521754
-0.0298865
-0.0143936
-0.0024354
-0.00977264
-0.0112561
-0.0101286
-0.0164492
-0.0176997
0.0578335
0.0572296
0.075698
0.0672863
0.0661609
0.0985513
0.0994341
0.0880782
0.0894531
0.489124
0.448959
0.422651
0.512584
0.456405
0.458585
0.51517
0.643588
0.748795
0.662434
0.767495
0.693411
0.717377
0.666061
1.06599
0.936975
0.956658
0.892644
0.959945
0.859372
0.916647
1.20508
1.24054
1.29687
1.37354
1.24906
1.31114
1.48817
1.14358
1.23023
1.18358
1.79712
2.13055
1.55917
1.78312
1.57106
1.55366
2.27178
2.49914
2.71128
-0.296496
-0.229212
-0.665432
-0.423734
-0.527314
-0.858356
-0.599977
-1.56752
-1.70664
-1.57684
-1.68883
-1.59102
-1.59855
-1.51184
-1.8445
-1.75011
-1.90286
-1.83713
-1.7452
-1.85719
-1.94449
-1.11612
-1.15059
-1.24199
-1.04229
-0.957675
-1.0485
-1.10058
-0.953056
-0.999688
-1.04103
-0.9101
-1.02497
-0.888392
-0.986113
2.59853
1.56343
3.13152
2.6304
1.24017
2.9887
6.57172
0.559912
0.672064
0.447312
0.832917
0.731253
0.617183
0.66171
2.12069
0.470035
0.345057
0.348737
0.184153
1.60487
1.49501
1.51067
1.80962
1.76697
1.88111
1.85642
3.95246
4.69191
2.98394
4.25722
3.02275
13.6678
3.30686
2.8628
3.69588
3.20285
3.08098
3.37842
3.6728
3.25698
1551.09
1133.37
715.333
425.298
324.628
691.859
59.3189
221.552
146.581
163.491
-414.453
156.101
369.256
166.021
173.974
-147.284
22.7099
194.855
104.124
-52.5815
157.634
14.012
137.232
-25.7046
140.99
72.7946
84.8215
42.3664
323.75
46.9232
38.8823
60.5568
30.4655
123.659
130.935
127.895
114.311
116.583
123.561
113.208
133.646
115.339
117.509
116.791
114.881
123.618
117.534
110.489
113.202
119.32
103.247
131.698
138.433
316.567
376.375
172.073
373.459
143.947
403.982
276.959
109.615
260.739
124.519
300.375
234.225
410.282
146.889
402.147
308.205
0.0810026
0.0492217
0.300905
0.471935
0.794133
0.139292
0.0510722
0.0176597
-0.155049
0.203644
-0.0404218
-0.17894
0.139632
0.00435678
-0.153676
-0.119283
-0.168845
-0.1688
-0.212888
-0.179167
-0.149763
-0.019345
-0.0216692
-0.0230589
-0.0227456
-0.0251863
-0.0350516
-0.0127439
-3.76738e-05
-0.0133124
-0.0221429
-0.00441495
0.000683352
-0.000937448
1.14209e-05
-0.00332363
-0.00197144
0.000711193
-0.00171358
-0.00368153
-0.00739341
0.000141995
-0.00305289
0.000777792
-0.000388004
0.00317312
0.00647861
0.00567464
0.00656527
0.00602082
-0.000216252
0.00528196
0.00589599
0.00798206
0.00191377
0.0118191
0.0144201
0.00682307
0.0111295
0.00722353
0.0126475
0.016283
0.00862336
0.0201026
0.0251151
0.0176439
0.261768
0.231982
0.244987
0.235971
0.257511
0.254265
0.227634
0.557047
0.653343
0.566776
0.582333
0.53883
0.497176
0.722629
0.830811
0.72273
0.662152
0.658327
0.746141
0.694623
0.665585
0.990828
0.941792
1.10021
0.49809
0.543126
0.62882
0.482256
0.431947
0.488132
0.541044
0.712713
0.781033
0.859376
0.945513
0.912463
0.843408
0.818347
0.862677
0.759286
0.899323
0.957651
1.1175
0.870398
0.983765
0.527637
0.651939
0.531357
0.377101
0.47497
0.533281
0.446928
0.350752
0.396321
0.113196
-0.0895439
0.0398175
0.283582
0.274095
-0.270129
-0.261957
-0.37982
-0.311609
-0.350776
-0.440757
-0.373055
-1.50415
-1.7727
-1.49599
-1.26716
-1.46928
-1.56809
-1.35849
-1.08807
-0.946081
-1.02925
-1.01525
-1.12938
-1.13295
-1.02285
-1.7008
-1.51686
-1.59738
-1.61146
-1.44765
-1.45952
-1.60453
-1.41683
-1.38721
-1.26012
-1.11154
-1.13276
-0.822095
-0.891256
-0.794979
-0.78147
-0.739659
-0.764468
-0.822001
-0.725922
-0.777243
-1.21099
-1.17517
-1.08094
-0.962923
-1.01339
-1.20165
-1.15844
-1.03747
-1.07402
-0.596301
-0.647623
-0.568605
-0.518418
-0.476883
-0.569688
-0.53305
-0.296888
-0.253284
-0.28653
-0.162999
-0.181204
-0.229676
-0.222061
-0.195949
-0.30227
-0.207767
-0.352114
-0.361006
-0.265885
-0.249659
0.339544
0.232294
0.362235
0.149914
0.09848
0.28904
0.267961
0.368858
0.509224
0.460449
0.470711
0.367186
0.529857
0.446158
73.9862
116.837
109.229
142.358
135.672
428.363
189.449
-79.6304
98.5042
21.8567
229.016
91.5458
209.54
168.576
95.4199
268.467
169.27
205.301
170.951
37.8173
139.761
-68.9893
66.8772
-20.1804
218.307
130.937
123.63
118.987
187.521
87.277
107.42
53.8882
-22.2339
43.7281
2.17621
55.7751
35.6384
34.0624
-41.9869
9.85444
62.8125
27.9381
28.3382
29.2532
27.0747
27.2248
27.3934
28.69
31.199
31.1257
30.6921
31.0009
31.748
31.1228
30.8641
29.4036
30.0032
34.3669
30.0058
30.8314
30.5108
35.5154
33.6766
30.5975
33.0083
34.2986
34.515
25.9493
31.1653
29.2004
29.1403
27.0906
27.8379
569.922
545.326
616.783
507.457
564.686
464.355
561.74
780.029
720.066
764.652
760.576
783.444
755.317
774.785
119.445
77.9735
392.874
635.754
124.034
360.384
855.1
800.394
998.193
474.678
862.11
342.843
669.431
963.083
29.005
136.18
321.697
258.547
212.433
641.771
705.344
144.42
176.276
130.653
168.475
173.535
114.764
133.79
125.941
123.129
119.439
146.334
139.99
137.288
101.981
114.664
124.914
132.873
128.617
147.905
106.666
76.5773
105.425
108.447
131.74
189.64
114.585
108.391
130.81
261.053
277.901
126.936
996.062
975.861
931.678
1043.52
1024.83
1017.78
1005.43
904.026
877.574
861.855
896.859
889.194
922.115
880.178
1266.69
1233.88
1253.98
1240.8
1270.3
1256.19
1188.72
1576.93
1585.38
1570.63
1362.48
1489.73
1521.79
1434.96
1426.4
1461.64
1470.34
1419.5
1300.89
1408.63
1369.77
1438.48
1481.86
1550.03
1487.91
1516.87
1517.1
665.56
598.989
671.091
624.015
691.484
719.518
560.236
532.949
608.801
615.532
355.578
515.896
555.133
568.563
659.377
669.707
630.87
628.666
682.463
654.285
629.229
18.8631
19.1334
18.9755
18.9977
19.2146
19.2001
19.0149
19.9695
19.7237
19.7505
19.8124
19.6224
19.4917
19.7259
19.5608
19.582
19.2819
19.1873
19.2035
19.3235
19.4298
19.4468
19.649
19.0605
19.5036
19.4024
18.3637
18.8458
18.7989
18.4365
1398.78
1372.5
839.384
493.893
1028.81
1573.88
971.018
1436.99
1202.71
880.707
855.534
1113.16
1522.13
1577.86
1164.61
1063.79
1380.48
1697.34
1044.42
1666.12
367.819
16.941
596.695
1.10509
0.0433945
6.78225
24.4842
435.728
0.179217
0.489012
0.0541581
0.118466
-0.249703
0.349343
0.374445
0.276722
0.247236
0.182588
0.374115
0.393659
0.69568
0.282573
0.268029
0.377699
0.376413
-0.0336127
-0.0368857
-0.0358385
-0.0317164
-0.0593493
-0.0341886
-0.0220548
-0.0502392
-0.0259778
-0.0351971
-0.00039207
-0.036249
-0.0506356
-0.0292239
-0.0853477
-0.0810251
-0.0625339
-0.0680287
-0.0603455
-0.031537
-0.0535941
0.050472
0.0780609
0.0510816
0.0475855
0.0303246
0.0390038
0.0587542
0.0769271
0.0866622
0.062589
0.0910273
0.066008
0.0678233
0.0860499
0.0624683
0.0684263
0.0840159
0.0890276
0.0708298
0.0289434
0.0207636
0.0233732
0.0427378
0.0287963
0.0295486
0.0400179
0.00230218
0.00837268
0.015672
0.0285504
0.0502644
0.0303194
0.0124694
0.0259805
0.0178969
0.0322858
0.0428448
0.025633
0.0103663
0.0132503
0.00408457
0.0205491
0.0272874
0.0533057
0.0397424
0.0260703
0.0178721
0.00424866
0.0223613
0.0172433
0.142681
0.103427
0.116417
0.128091
0.105082
0.122723
0.144975
0.12276
0.0989055
0.138897
0.120868
0.151942
0.137304
0.158121
0.114002
0.0689538
0.101106
0.206268
0.265273
0.214179
0.224977
0.197881
0.161571
0.259453
0.281505
0.285737
0.325267
0.288953
0.252776
0.277688
0.292597
0.26976
0.285091
0.336805
0.286855
0.281468
0.264328
0.300169
0.27704
0.279153
0.246988
0.26877
0.2624
0.288968
0.276801
0.250384
0.464669
0.445679
0.471966
0.392751
0.37257
0.417106
0.41123
0.178006
0.223055
0.148349
0.133076
0.120972
0.170154
0.146985
0.32464
0.32124
0.391965
0.289226
0.260976
0.270676
0.2407
0.209795
0.317456
0.377044
0.303734
0.266332
0.107194
0.162688
0.0996967
0.0574479
0.0997119
0.123717
0.0799293
0.00470392
0.0148854
-0.0904577
-0.190839
-0.130291
-0.041663
-0.0337905
-0.241063
-0.181247
-0.200297
-0.254365
-0.32301
-0.212685
-0.196996
-0.312169
-0.185763
-0.134887
-0.139218
-0.216354
-0.440341
-0.483823
-0.420661
-0.373085
-0.389555
-0.429317
-0.379865
-0.374191
-0.339833
-0.390815
-0.391569
-0.345232
-0.328535
-0.377461
-0.431107
-0.478815
-0.456788
-0.503878
-0.447589
-0.461786
-0.414814
-0.458921
-0.40604
-0.591886
-0.612103
-0.570994
-0.497525
-0.502363
-0.542769
-0.523192
-0.469373
-0.44393
-0.503349
-0.432229
-0.494463
-0.64573
-0.609737
-0.660466
-0.541151
-0.530564
-0.579167
-0.574284
-0.415748
-0.461864
-0.425576
-0.432816
-0.467303
-0.445255
-0.414554
-0.316134
-0.309164
-0.371653
-0.398808
-0.428876
-0.342832
-0.358339
-0.232962
-0.191698
-0.197519
0.307922
0.685573
-0.0107938
-0.0149537
-0.0577301
-0.0770382
-0.124221
-0.156287
-0.149994
-0.091369
-0.0735829
0.966496
0.352331
0.402995
0.122859
1.36946
0.736588
1.36239
0.224839
-0.0218709
0.0953587
0.877277
0.881533
0.0889726
0.0952705
0.154547
0.146315
0.102091
0.243246
0.168375
21.7909
52.9217
64.8941
190.329
21.8017
71.6283
576.835
117.194
13.8632
30.1431
240.968
55.463
173.602
-63.0368
78.939
-45.9289
90.7847
-40.8685
101.883
58.5375
139.106
103.687
160.935
378.894
208.851
109.563
124.977
114.821
89.1999
256.703
136.365
91.9783
142.928
1438.48
1155.76
1205.15
910.438
1068.19
739.418
1151.8
516.659
335.208
327.281
630.578
588.79
823.835
342.391
1188.99
1277.16
1272.3
1094.57
1191.59
189.132
222.261
438.399
837.875
1026.85
1086.27
1211.47
1228.97
1349.91
1204.8
1204.64
1217.06
1182.05
1262.72
1249.07
1182.03
1258.15
1129.68
1224.96
1224.63
1309.01
1246.02
1309.72
1261.73
1226.3
1258.51
1203.67
1263.2
1244.06
309.683
313.154
626.443
593.581
639.293
825.92
926.215
713.322
440.606
900.609
551.258
667.235
1077.12
953.7
903.357
1318.86
988.467
294.938
194.408
356.357
396.822
149.943
177.799
426.016
603.933
151.067
286.724
308.85
708.548
644.063
83.8576
115.893
201.82
97.9221
72.3217
108.044
112.992
101.912
118.897
151.245
62.7013
52.624
62.197
48.3054
68.974
60.3741
56.7126
38.3132
28.4638
29.9261
30.5982
30.9213
37.0682
28.4034
26.899
43.6237
27.0282
27.6837
26.8575
27.421
26.7181
27.4575
26.2811
27.0131
20.3879
20.6162
20.5299
20.6677
20.5283
20.7015
20.5344
21.4957
21.7985
21.4873
21.2314
21.3767
21.5014
21.355
20.9301
20.7172
20.7358
21.0805
21.1102
20.6275
20.4547
20.5169
20.4096
20.5343
20.9514
20.9819
21.2817
21.1579
21.3994
21.3066
21.4746
21.1531
21.2989
21.7058
20.7713
21.0465
21.8186
22.6007
22.3941
21.1737
891.179
550.832
1068.31
1056.5
828.549
1056.38
975.479
-0.269101
-0.242775
-0.243236
-0.317031
-0.320756
-0.290837
-0.295809
-0.145983
-0.145117
-0.111449
-0.148745
-0.195199
-0.170634
-0.136672
-0.335324
-0.330727
-0.393649
-0.335514
-0.286693
-0.318311
-0.364287
-0.0958845
-0.0981057
-0.0770168
-0.105225
-0.139674
-0.0912411
-0.113951
0.0310681
0.051859
0.0283187
0.0197342
0.0190101
0.0534927
0.039758
0.0351287
0.0303376
0.0512844
0.0763771
0.0977021
0.0553334
0.0648878
0.150803
0.180708
0.13808
0.204093
0.188151
0.15778
0.167064
0.28165
0.283878
0.250401
0.268003
0.308675
0.288446
0.254044
0.196612
0.193223
0.218144
0.236229
0.249339
0.208563
0.200152
0.228228
0.230468
0.296263
0.250292
0.262
0.29896
0.265485
0.260519
0.282408
0.0268642
0.0385546
0.0227238
0.0179831
0.017419
0.0305016
0.0320811
0.051682
0.0313488
0.00254977
0.00489645
0.0359498
1470.13
1541.92
1516.87
1496.97
1530.15
1515.79
1519.79
1516.23
1510.79
1495.88
1495
1504.45
1505.9
1525.24
1505
1502.53
1504.16
1446.52
1518.22
1521.71
1504.86
1435.24
0.0272406
0.0717558
0.0303134
0.041209
0.0602633
0.0625225
0.0330943
0.066696
0.0320945
0.049381
0.00564365
0.00751778
0.0223157
-0.742458
-0.839639
-1.02812
-1.34108
0.295243
0.403976
-0.921371
2788.71
2754
2815.61
2762.08
2710.99
2820.03
2821.59
2861.25
2856.08
2842.32
2842.96
2868.89
2783.58
2851.35
-0.555741
0.0241122
-0.315532
2700.6
2812.56
2737.24
2747.3
2755.22
2750.3
2744.55
2746.26
2756.06
2772.26
2785.46
2754.51
2740
2747.34
2751.44
2756.19
2744.98
2739.29
2748.96
2751.83
2733.81
2754.44
2750.09
2760
2744.78
2740.38
2733.88
2742.82
2748.46
2744.09
2744.77
2773.37
2761.59
2747.37
2738.96
2711.86
2742.01
2739.36
2746.51
2737.41
2742.31
2753.44
2743.64
2743.87
2693.66
2736.44
2754.74
2099.38
836.432
2862.5
2850.08
2836.16
2868.9
2773.54
2779.32
2822.71
2854.22
2842.44
2849.36
2831.3
2822.52
2774.56
2827.89
-0.903672
-0.580978
-0.547655
-0.865514
1.71586
0.747748
-0.792764
2756.51
2780.6
2735.94
2812.98
2791.6
2812.4
2774.13
2843.46
2863.31
2799.35
-0.023756
-0.269463
0.745306
0.81767
-0.00270593
0.108832
0.544459
1.18115
-2.20945
0.163607
-0.276893
-2.52327
1581.03
1633.8
1598.48
1593.86
1582.13
1630.03
1636.07
1633
1608.28
1592.04
1603.29
1601.92
1563.87
1628.49
1638.56
-1.32805
-0.0172879
-0.675924
-0.238443
0.905676
0.0780412
4.06962
4.45479
4.68299
5.25804
5.78598
4.80511
4.17096
5.0109
3.30903
2.9979
2.58088
2.51122
2379.22
2316.29
2178.23
2330.91
12.5359
219.304
1780.45
1669.33
19.1458
18.4439
19.6577
19.9266
1.36441
0.582683
0.100286
0.153765
5.4384
5.67772
4.24148
4.24605
0.0871745
-0.0294692
17.5871
7.65116
1.3547
1.19103
0.402655
1.13524
16.9368
17.2239
16.9782
17.5896
11.3505
11.8331
11.1531
11.6146
0.294467
0.119975
-0.00283437
0.297669
9.23486
9.3077
10.0583
10.7044
9.25073
9.73742
8.13978
8.58298
20.2252
19.9414
20.0146
0.26267
0.52603
0.748829
0.485769
0.928471
168.981
31.4433
311.582
-0.297638
-0.269234
-0.216079
-0.235687
12.6408
12.9952
12.7949
13.086
13.6782
14.1956
13.8041
14.7664
1.06044
1.0904
0.696781
0.656162
17.2207
17.0545
18.1639
18.7585
-0.109038
-0.174269
-0.222288
-0.253376
0.513341
0.133785
0.0998852
-0.23917
0.234458
0.074158
0.0636861
-0.081034
3.2439
2.67821
3.32824
4.02441
-0.0389906
-0.0603552
-0.0812001
-0.105339
-1.91242
-2.01946
-2.17795
-2.33171
-2.42639
-2.75367
-2.53203
-2.84686
4.88097
4.86483
4.57114
4.32144
-0.478943
-0.435599
-0.77033
-0.607007
-0.0395544
-0.0262934
-0.0230458
-0.138585
-0.0456455
-0.00714409
0.111339
16.151
17.1343
16.2627
18.6361
25.1164
28.9869
22.3627
24.3414
12.4967
12.7083
10.4496
10.6041
29.5038
30.3368
29.7313
30.7089
790.966
844.886
882.929
940.083
-2.52181
-2.76491
-1.50985
-1.09773
0.125128
0.119582
0.165308
0.154094
0.0380577
0.022892
0.024937
0.0139843
-0.230909
-0.897113
-1.02458
-1.63838
0.201921
0.139815
0.0538599
0.0476889
9.18684
8.59645
-4.13869
-1.95481
1325.66
1139.06
835.704
677.148
0.0027021
0.0287872
-0.0108256
-0.0140568
0.521181
0.58388
0.495826
139.129
66.8983
0.600346
3.54122
0.496794
21.6932
2.99388
3.02606
-0.118468
-0.0976272
0.0662747
46.9609
65.1894
21.6407
27.2391
0.161147
0.39951
0.327372
866.015
320.396
314.004
-1.2226
0.314994
-0.575715
130.075
239.544
459.721
249.82
323.382
8.93837
8.71769
6.67073
7.30198
5.85493
4.79339
6.34615
5.54642
6.88536
6.05265
-0.420608
0.876624
14.0298
2.41497
4.95395
-0.0731285
96.8066
14.9359
117.847
-0.254176
0.541435
5.11564
-0.0698824
-2.15743
1331.22
65.672
1.41086
-0.325419
-0.7178
192.384
31.3055
0.189963
0.313029
24.014
5.64167
20.4731
1.24925
7.0658
-0.00456158
0.782003
13.5208
9.40177
-0.984224
-0.408564
171.942
19.8955
0.303949
-0.0830655
1365.79
16.8599
1396.82
1.08877
1312.01
1266.05
1182.11
4.41396
-160.535
1421.88
1320.23
935.527
1215.96
548.426
229.912
19.6602
267.547
296.518
199.677
1075.9
1091.73
1080.56
205.097
1352.3
1299.15
21.3802
1249.71
1284.26
1109.91
1284.76
3.87982
326.104
735.738
-0.380543
606.823
149.496
1051.49
86.4567
0.00363347
976.262
933.019
998.865
995.462
503.49
22.124
880.465
925.444
847.566
839.994
10.7279
978.503
843.487
921.04
870.648
21.2437
1083.58
24.6937
557.333
17.097
274.927
1164.04
21.3173
274.144
288.257
837.885
733.518
88.9724
31.5051
59.2796
60.6224
16.2068
1173.52
1.18987
-1.90135
30.2761
59.5905
96.7265
74.2919
720.722
430.794
553.642
933.536
533.358
324.878
610.848
263.472
66.3932
30.8746
38.1207
0.299306
1.35486
50.1783
0.154393
23.0535
1311.79
767.747
16.7447
25.6202
48.5735
19.2202
0.409679
14.2747
13.9561
24.1221
22.2393
15.0635
16.8707
903.285
32.8473
56.4549
10.6881
65.1953
0.281773
14.697
499.932
47.018
16.9618
10.0501
-2.97294
0.423646
16.6008
-0.144164
-0.91056
14.2216
-0.436145
19.1354
14.7296
11.6677
249.581
-0.762413
7.16742
327.727
608.654
6.28761
76.0565
-0.274263
-14.224
18.5487
16.6433
10.0432
20.7072
17.281
1037.89
13.7761
19.8076
13.7671
207.894
4.83766
3.4594
19.1918
3.36955
30.003
38.1953
167.289
0.195916
0.418022
26.8646
-5.48055
2.91142
3.22015
3.40716
16.946
14.0302
-5.95518
2.5879
1.54639
23.888
29.2465
3.61463
14.2676
635.005
77.4752
14.7473
16.7456
1089.5
5.09675
4.21429
28.495
22.5345
4.999
6.05582
4.46336
1017.95
1.99145
0.162036
1.93821
0.0485888
4.50608
3.64878
2.13296
3.20056
-0.0278599
-3.42186
656.16
2.22349
565.56
95.4659
221.913
406.358
269.213
161.364
10.6489
4.64692
980.974
-0.645749
5.23882
5.08513
19.5324
117.421
253.324
647.867
299.277
418.579
132.587
153.027
2.43208
236.874
6.53736
20.1409
8.61844
13.6551
7.94898
-0.706535
13.8037
57.1345
24.3634
214.084
4.47152
11.6209
4.55286
11.0498
716.823
1149.73
2496.63
70.8333
-0.121887
13.5297
0.243232
0.439819
0.411262
-0.299509
-0.337453
-0.337952
9.60854
-0.169055
0.118365
0.0405757
0.0608077
-3.18082
0.613971
0.353328
-0.331654
0.222708
5.66696
1.39318
0.0430389
0.396686
93.0503
0.30695
1261.91
50.3667
-0.025787
212.216
0.336356
17.2613
0.318833
99.4361
3.13647
44.9338
424.986
1.57443
1048.93
1221.62
1.43088
0.0214499
929.091
2.43244
0.0142742
4.12223
1.1347
17.9371
95.0817
3.40118
1192.74
0.0693815
275.486
0.494808
1.01874
183.342
8.30714
1.78566
1147.75
85.6636
24.2768
753.023
1.0741
1.08396
-1.71792
-0.313013
0.587777
0.198878
0.47365
-0.25129
1060.27
15.6272
0.775111
-0.223333
0.465559
0.895417
634.029
1255.58
1538.07
0.01204
-5.36347
30.4304
1.97897
293.615
0.446137
144.456
0.810572
23.5363
7.74338
1049.24
3.22993
4.76199
12.39
97.8759
1.0812
462.507
671.159
6.76839
0.594675
14.4791
3.56869
-0.132484
-0.342681
88.0128
15.4881
-0.328448
-0.625257
0.118567
-1.06339
-0.823648
-0.539198
1.7459
-0.380403
-0.391038
-0.31653
-0.269962
0.431491
1325.18
-0.20565
-0.612027
24.685
-0.795663
-1.16445
6.42384
1.16808
760.251
-0.93615
4.7601
62.5194
1.02248
-0.917484
-0.670307
-0.795345
-0.612553
-0.753163
-0.406353
5.79147
-0.62365
-0.150254
-1.02718
0.298662
-1.41876
22.1752
-1.64965
-1.85978
1585.21
101.718
-1.27054
-2.42718
-2.13091
-2.38886
-0.991389
-0.45718
-1.7269
0.195379
-2.14938
-2.03983
861.999
-2.37634
-1.68869
-1.4511
-1.37985
-1.28993
502.229
0.755032
0.0138036
2.65957
10.2206
-2.05671
-0.0753927
-0.780072
20.0366
0.670975
-1.08987
-1.73421
-1.35451
-1.04791
-1.30056
46.0718
-0.364048
-0.797387
776.004
747.515
-2.10138
-1.46671
0.228625
-3.00389
-0.0811695
-2.06129
-2.42059
99.347
6.00286
0.859225
116.033
-2.01102
0.0331491
0.39391
987.246
65.4414
912.033
7.91152
161.33
936.916
256.257
496.989
16.6797
-1.76878
-0.891283
808.796
151.63
704.186
20.1384
667.674
15.6992
-3.15951
59.0023
23.7549
-0.114507
-3.03258
-3.62723
-3.06471
-4.12097
-3.73437
-3.35545
1243.05
-1.77932
5.13026
-1.8183
-1.44336
-3.23439
23.8858
-4.27008
0.234874
54.0711
-0.807285
35.5554
-2.07754
388.363
293.222
21.0105
20.4395
-3.44584
-6.42358
-5.96145
-3.36455
-4.37444
1261.5
1.51169
-4.08816
-5.12825
-2.82759
-4.85164
-5.29184
-3.91221
1167.14
14.9134
-4.83829
-3.2353
2381.51
20.1259
405.522
-3.67224
-11.1944
-8.41492
255.235
-9.38541
-3.29899
1.00444
-0.0415997
0.721061
-0.148266
1150.79
-0.18077
257.858
-4.38309
16.3824
0.172026
88.5271
-0.0559561
-2.91063
1.67039
1.45752
-5.13605
1.89858
-0.91522
-6.25158
-0.915538
1.01744
10.9732
-9.63244
19.6857
0.548762
-0.0241472
0.307293
0.786358
871.787
1.75198
-1.04047
41.2965
1255.5
8.30713
-3.35589
1.0076
1.16725
1.18839
2.60585
0.905871
0.856654
0.576137
0.381029
0.370651
0.343233
-2.08213
-0.0782434
0.600319
-0.821498
0.509139
24.7651
0.268505
0.639709
0.233694
0.289783
0.252894
0.277239
0.466656
63.1547
0.851551
0.372393
0.333779
0.16293
0.518765
0.110601
0.10012
0.0760101
0.0675443
0.068131
0.185799
0.102434
0.165875
0.191029
2.0177
-0.00251181
0.0205273
0.126942
0.2017
0.113421
-0.0445346
-0.0612173
-0.0980524
-0.0747749
-0.113933
-0.117201
-0.0475764
-0.0620411
0.792604
-0.0216924
0.00578342
-1.45507
21.2084
81.0166
-0.425903
-1.06185
-0.619545
-2.79963
-0.990158
-0.771491
-2.83862
-0.773073
-1.16265
-0.748998
-0.923308
-0.731665
-0.44461
2.83123
-0.101579
1179.5
0.95937
-0.0808149
0.0178515
-0.00493924
0.395341
0.0119972
-8.04342
1051.63
905.467
10.3405
15.0798
0.0439945
0.100748
0.143639
0.0805315
-0.525905
-1.19359
-0.507205
0.139795
0.117666
0.0878501
0.128876
0.112999
0.0636636
0.0653058
0.165426
0.235672
1.34537
0.0907881
3.66835
21.2273
0.385368
0.131616
1.44797
22.9223
0.0514471
14.3535
13.9306
17.5899
0.120784
0.424403
0.339871
0.160357
0.507804
0.0354925
1158.18
0.166562
13.546
0.0883431
0.181215
8.43133
0.109627
0.00368571
0.0448276
0.00903037
0.106172
0.152604
-0.0537898
-0.0124132
19.6018
51.5366
0.0094545
1.01165
5.46248
3.48353
-0.0204941
22.3607
-0.15057
0.208377
0.98296
-0.0670434
-0.0194135
0.103214
0.0092618
-0.052111
0.940129
0.0743733
0.531741
-0.240988
3.00043
9.19033
0.156223
-0.119187
-0.0822702
-0.15252
-0.0692026
-10.6707
-0.00774046
-0.058858
-0.123165
-0.0177126
19.3423
-0.0994989
-0.0895287
-0.031218
0.223381
63.2442
-0.342842
-0.318922
-0.323967
-0.40543
-0.351167
-0.279587
-0.295335
-0.295491
-0.0301702
-0.0499596
19.4317
-0.290781
-0.544763
14.9388
2.40777
-0.368484
6.2364
-0.19147
-0.0515691
0.541286
-0.544486
1.17063
-0.920245
-0.472713
1139.79
1889.61
1988.79
15.0078
2198.28
2202.87
1.16203
127.207
1021.19
-0.23984
-0.115441
-0.391025
-0.436924
-0.193424
23.5623
-0.257141
-0.375916
27.7418
-0.048375
0.0914897
0.0991921
-0.361859
6.41086
2908.01
2822.32
7.90736
0.788398
34.5191
-0.23886
-0.148986
0.0839332
-0.496018
-0.358748
-0.336628
-0.452981
-0.898051
-0.38504
-0.218319
-1.35257
-0.542643
0.389458
-0.296326
-0.136714
0.107305
0.0847391
-0.0892485
-0.826728
-0.198152
-0.190522
-0.0355415
-0.0907248
3.73432
-0.0361844
-0.0552675
-0.0348938
-0.0745068
-0.0932059
0.043173
-0.164887
-0.0346801
0.247668
5.2215
-0.143422
0.275326
-0.199678
0.832214
-0.0122292
-0.11567
0.176489
0.310905
4.1768
-0.337875
-0.409221
0.110154
0.246898
0.695883
0.163882
-0.0214777
0.634259
959.779
-0.315704
-0.24101
-0.0219566
150.457
0.469361
1728.24
1522.75
-0.0331589
0.711835
5.17423
-0.401289
-0.25641
-0.394167
25.0016
1796.87
0.0775901
2.32428
1515.15
1011.57
0.191774
0.166391
0.735173
1473.86
4.51336
0.0123139
20.1665
0.517016
0.0787713
0.563626
-0.376882
0.681954
1.41426
17.8546
1.11252
7.36659
0.942996
1307.39
2.4437
-3.34935
-0.700275
-0.301396
-0.335383
-0.282566
91.4953
0.250016
78.9474
1212.31
31.7842
0.0987648
0.0732361
61.8327
0.581534
-0.0208846
13.2339
1768.09
10.4078
0.902138
0.078861
860.347
-0.25522
0.250392
1409.77
1706.76
36.7713
295.743
-2.7153
1548.86
15.8876
4.07793
16.6646
17.239
17.3973
14.4138
31.2895
15.5762
32.412
19.0501
18.9257
1635.8
1422.05
154.706
13.5367
17.6939
0.480385
1823.65
13.9048
1888.78
1790.79
-0.220031
49.855
18.2117
-0.0299242
12.6049
1469.31
915.001
1.43418
0.045739
483.87
1833.05
-2.40253
21.3545
935.914
113.244
609.932
-2.42604
2258.48
20.8287
2021.98
-0.124615
2051.25
0.236011
6.08401
-0.748399
48.1438
16.501
16.0723
12.9799
24.018
10.5583
-0.0262
13.6137
2177.28
4.56433
-0.154178
1124.96
16.6179
14.4966
7.83128
15.4393
1998.73
11.0318
1627.83
13.6392
10.9576
9.33111
7.411
8.64818
8.78158
8.31067
5.97533
0.311293
5.32596
14.0693
7.35904
5.73726
16.6968
5.37069
6.8237
4.69089
8.43871
792.978
6.14371
6.16989
400.651
684.604
9.55944
14.315
9.83762
10.1326
9.79294
9.69645
9.00942
4.93725
6.67821
10.5147
10.4182
12.4123
12.982
13.1772
12.1396
12.6105
12.6894
17.1699
12.7729
18.3646
23.8664
83.8934
1.56557
-0.338542
11.34
11.7297
10.8751
41.9223
2772.03
11.6414
-0.394159
-0.724397
-0.420074
4.76946
17.4872
111.195
2828.91
0.0385607
0.940111
0.292797
2.31251
13.8261
0.788092
1.64855
1.0782
0.990664
3.96338
5.58292
11.4978
5.71006
3.92074
0.0809691
44.3782
122.777
1.04943
299.875
19.9568
2155.38
2551.97
835.663
1943.83
463.673
20.4577
-0.792779
10.6793
3.014
2710.42
2591.77
1768.46
2664.42
18.6575
2216.62
2111.75
157.816
0.282384
2451.89
16.0463
4.35808
2529.04
2509.97
5.52233
3.20506
12.4943
0.743485
1.04795
-3.18358
14.505
7.91802
9.32998
2.89853
2.97157
36.3314
5.09923
2.55159
5.35008
0.678097
2.50987
0.820968
1.39653
2.17632
1.27093
13.1467
12.9969
0.561731
1.61503
1.45564
0.998671
1.14165
1.43019
2.35824
20.0184
0.654432
2855.88
1.0668
0.539805
3.98643
2802.93
-1.39588
-1.40284
2792.62
0.629463
-3.11614
-3.53634
1.15858
26.6527
-1.48681
1.0559
1298.88
-1.41553
-0.240019
21.0848
-3.80669
-2.53852
-0.495941
0.0449023
-1.45006
53.1093
-3.21023
1.21128
-0.101729
9.04791
3.11672
-0.979628
-1.34538
-1.7039
0.0351134
3.26538
0.157268
2.13584
0.459878
-1.36421
-2.11439
-2.7661
-1.35549
1.87035
1.60629
0.459878
0.727761
1.04176
0.121671
4.50167
102.486
0.306367
19.0516
0.216037
0.120326
0.719493
13.5846
-2.03439
0.358446
0.553096
1.35435
3.10543
11.3317
810.134
19.1174
10.7076
1.68629
-0.779783
1.66942
1.90547
-1.00675
2460.96
-0.456418
391.12
12.682
12.8965
-1.01175
12.7067
12.4011
3.61049
12.3029
12.3635
12.2108
12.1301
12.8359
11.8599
11.8659
11.6809
11.4651
11.6982
11.9786
535.392
11.145
13.117
10.9747
12.1059
-0.335015
14.5775
11.0383
9.33262
10.9096
12.2715
12.5579
12.1224
12.3892
11.9965
14.8507
14.6282
9.24321
8.81262
443.235
5.67087
6.31487
19.3109
1188.53
14.6127
13.4024
12.0308
7.60261
13.3316
11.5778
27.7819
13.119
12.4775
11.464
12.1614
-1.87457
10.5828
3.10572
11.6058
12.1913
10.4675
9.07992
10.5057
11.9856
721.689
0.278216
-0.269902
10.8275
188.634
0.386859
10.9329
10.4543
1.91327
-0.397731
0.0461803
13.341
-3.23212
6.26342
25.1713
1.58264
-0.457185
9.66077
-0.831586
44.7071
79.0811
1.10491
96.0206
7.50569
-2.47544
15.9165
16.9127
17.1887
17.0646
837.287
13.5953
19.6403
18.0019
11.2258
12.5505
17.5646
22.9304
112.444
13.0589
113.523
3.56415
0.168471
-0.145148
36.4678
24.635
17.7962
24.3166
-0.221692
19.5847
63.9025
0.904701
125.723
25.3367
25.7097
102.081
295.784
35.0903
18.3285
191.074
251.519
148.093
147.469
138.581
110.559
22.987
69.7128
24.2538
25.5062
21.1757
-0.229406
17.9174
19.8183
19.7213
24.6665
23.3811
-1.55203
25.1355
-0.348463
25.5654
17.9999
120.984
-0.254967
18.6845
19.404
16.4938
16.7207
14.7517
18.807
17.3215
-0.435668
2.77841
24.2166
14.3596
13.4271
19.3305
20.2908
18.4019
14.9212
19.2612
20.4574
18.9596
19.4637
19.537
19.2656
19.4556
19.265
20.6461
19.904
96.2444
14.7921
0.198401
17.7561
17.0612
30.4811
14.2413
13.4274
19.637
20.1482
20.1218
20.1469
20.6671
21.9723
20.2605
19.1106
15.9972
20.4019
19.7958
-0.385143
20.3339
20.1762
18.7587
19.0459
20.146
17.8
19.7442
17.6882
21.3668
44.4487
21.6882
173.998
779.06
650.125
18.6352
16.6259
17.9489
116.089
52.4894
7.36951
0.576121
33.5604
32.3328
440.924
99.4847
568.332
170.58
461.625
23.8851
24.5087
826.306
-2.32883
19.5056
32.8682
-0.748168
18.9905
826.011
25.1339
62.5652
846.256
1.42055
18.1377
476.573
28.8696
477.246
130.995
113.863
22.769
460.45
21.493
124.317
17.5852
16.6857
21.0471
686.072
24.8853
938.644
1205.41
1083.44
935.51
1065.19
1152.93
23.5276
18.9824
1215.22
1078.22
337.644
13.5806
1182.95
1179.78
1029.3
1130.97
117.8
653.839
555.065
823.202
774.175
1001.29
859.353
913.119
-0.422942
976.664
844.944
939.683
1227.94
58.4722
936.056
518.577
426.274
717.925
238.516
7.37209
1628.72
1494.96
1557.92
60.4012
19.3657
1096.82
958.114
1208.37
960.793
1172.67
16.6524
1013.11
36.4415
122.698
269.449
963.716
95.3714
472.949
189.936
579.719
329.4
75.2076
292.606
13.46
59.4412
58.2189
47.4711
845.035
56.8032
28.5624
29.7882
30.3224
-0.0379304
58.3834
55.7398
161.562
146.313
600.615
715.197
712.307
758.05
752.44
1117.13
698.53
43.3945
177.825
659.219
141.671
833.19
0.315882
605.722
740.388
89.7861
808.66
257.317
63.9318
27.0927
103.995
567.301
1252.05
867.682
585.494
0.416323
328.974
61.3511
644.3
24.5611
33.4685
27.8914
26.6958
61.2524
772.956
70.5807
42.6079
25.5721
25.5361
95.9846
689.025
58.3363
24.783
24.9019
24.2117
25.986
193.42
25.7563
21.9898
22.9319
22.8722
23.4476
21.9438
30.7256
76.0309
53.8917
21.7927
21.3785
21.0847
21.3004
60.4656
21.8711
26.7833
22.5873
134.259
35.548
31.0397
25.1096
23.0998
77.4269
57.739
0.0582113
32.8821
80.8741
78.4347
395.394
63.9564
27.1701
25.2343
27.2689
34.82
6.89322
23.3796
23.5723
23.0635
157.03
22.7757
23.9342
38.0451
113.251
31.0728
35.9676
161.009
26.4069
39.2762
22.5319
182.177
64.6745
86.4768
27.7895
651.203
26.4579
56.94
26.2662
21.6818
22.3377
19.3521
23.7637
23.9067
33.1614
50.6081
34.6754
90.7232
23.9565
24.5677
109.246
285.685
87.6744
2594.61
-0.314527
-0.794243
715.72
505.565
17.781
346.183
25.7522
169.65
5.37553
129.088
0.323544
1.21485
602.019
25.7646
27.8366
25.2385
25.0291
25.6005
868.304
23.0503
24.2348
24.0178
23.8675
23.7851
23.632
0.186286
22.7938
28.3258
28.2912
24.2363
24.1295
29.6445
24.1421
29.357
24.2935
24.1562
25.3
25.2865
24.7148
24.6206
24.2578
21.2226
21.0616
322.247
293.67
23.7871
874.959
21.4821
653.931
-1.3596
34.788
339.945
0.517867
1265.38
900.631
0.779131
68.4059
4.5771
24.6471
0.683944
744.229
280.903
-0.408092
23.6286
27.4547
5.7584
48.0217
-0.673916
1403.16
21.4769
24.525
691.265
20.1869
528.869
270.504
17.8813
-0.0198832
21.3083
626.778
962.434
24.1525
23.8484
1138.43
0.972334
0.151755
16.2024
20.5828
21.5151
18.4545
124.94
19.2889
597.104
30.4873
56.9057
18.2712
42.4402
234.769
19.2548
19.0534
30.9331
1282.94
10.8558
18.04
19.9831
19.4868
14.3672
1737.32
18.2066
1.40387
24.0502
19.8596
877.405
19.8161
21.5645
-0.251703
24.5135
19.4158
21.073
0.201815
18.7355
17.246
17.1963
18.4816
1.41037
17.9193
20.0978
20.4937
18.2597
19.6505
20.074
16.3569
18.7593
14.4986
15.0872
15.2726
10.1899
16.6221
0.268762
20.4285
16.7968
832.039
17.3651
3.38496
41.0208
18.6461
706.768
-1.10145
19.9599
21.3212
19.6607
19.2068
18.2306
19.7389
801.201
790.84
19.8472
19.4557
14.8386
20.0918
-0.56052
19.684
18.7049
19.2686
343.757
443.708
302.619
19.7611
18.7344
19.7991
46.6115
162.042
190.517
20.4993
20.4241
1238.67
14.0453
20.1672
20.6495
20.4869
69.0006
-2.04144
25.8907
-1.73749
19.9767
19.7542
18.5678
11.4916
19.0548
20.2969
19.4736
19.8545
31.3804
19.411
0.569257
21.063
11.5031
19.4348
18.5107
0.424368
18.8902
19.9477
480.251
19.7661
19.7697
19.2321
1565.18
18.9109
16.941
19.6529
20.1331
579.933
20.617
12.2074
13.5653
17.1079
18.5618
18.2738
18.5948
17.3428
20.9634
11.7492
19.5674
14.9672
20.1288
18.6756
19.3895
19.8218
14.1638
18.696
18.5572
19.9214
19.8708
18.8889
66.7099
581.192
20.3201
19.4217
18.9423
20.0737
-0.198905
139.342
18.6572
1048.55
1201.19
90.7921
740.521
21.5332
147.511
298.186
10.4139
23.7979
7.00495
22.243
18.1206
511.036
18.1588
23.4339
2306.48
19.1849
23.6971
30.6841
31.8104
45.0947
21.7564
22.6994
26.1083
102.758
20.6438
21.3751
815.465
2772.18
24.0627
102.207
37.7964
22.2388
24.817
23.462
26.1727
23.6618
27.6351
72.6123
23.853
24.5406
29.991
24.3223
0.0033552
27.4244
31.73
1.58122
20.4269
19.8627
39.6624
19.0397
19.8801
-0.0136643
583.602
26.5568
25.6582
18.2812
139.258
381.922
30.128
16.8615
90.3229
186.271
69.6213
1001.72
113.696
730.971
53.5412
612.96
123.505
50.8594
69.9518
22.8066
24.3507
93.1561
2445.99
22.5553
188.869
62.8829
68.0158
24.2238
28.5508
77.98
1191.88
0.145734
53.3453
46.0289
1159.56
116.218
52.8825
1137.29
21.2094
320.317
558.509
120.109
62.299
1239.4
28.092
1301.2
110.663
1502.55
1097.08
1137.61
866.536
14.2007
14.6882
1382.34
4.98054
0.476937
613.678
1245.73
19.7863
99.7777
1374.75
92.4466
1327.68
16.8889
845.026
1391.27
15.7437
362.065
209.946
17.7673
20.5422
18.3757
811.186
18.0163
19.1022
540.105
74.4914
19.706
17.8732
94.686
18.3353
16.124
73.0634
19.7539
17.4915
11.2276
24.8638
16.8095
14.4891
21.4347
18.2342
173.687
27.1163
14.9819
16.4172
25.5514
20.063
21.3944
427.142
113.113
757.946
7.54329
17.5241
21.6225
23.1853
323.026
21.1923
429.913
231.846
1.97128
60.1549
9.19149
12.4821
19.0084
15.4108
-0.0816982
14.4557
74.6095
12.9462
1379.02
117.636
23.1811
0.534747
1.26745
0.116677
39.4064
0.172721
60.3673
1.88972
10.0471
19.8263
0.420331
1966.24
4.55903
1651.42
1.16853
-1.09295
1.0709
22.443
22.4456
3.47919
335.642
21.633
19.447
25.2756
1191.96
-0.361695
5.98322
0.406136
1135.8
-0.0889828
106.311
0.858828
1143.31
11.7863
-0.107748
-1.07765
92.7076
-0.257061
13.6913
1161.81
18.6974
6.26002
-0.206944
229.609
19.0599
0.18244
-0.131218
12.6933
-0.949179
-0.138108
9.15495
-0.0646804
-0.193904
-0.0527553
-1.50298
-0.266078
-0.0860601
0.164946
1.56444
0.378052
1298.41
15.7708
4.57813
-0.250325
12.672
1.45494
-0.337818
-0.122258
3.963
1.78046
1258.12
2.41997
11.0901
306.761
-0.74936
-0.171348
20.3157
10.8423
-0.23355
695.908
0.153456
2704.39
-0.137515
-0.166079
15.8616
1.2687
1814.2
1859.27
-0.565796
6.14303
1353.49
-0.0476827
1.32713
0.249741
-0.149831
2712.3
17.4582
16.9056
1.43893
15.4775
-0.052072
0.0564646
-0.398296
0.631863
0.0359693
2627.82
2795.93
496.033
0.280551
-0.498865
0.187501
-0.4994
-0.233784
114.437
0.134998
0.190274
9.65902
3.09473
-0.94143
1992.31
0.0189503
-2.19364
0.00510719
8.13715
0.0235442
-0.12132
0.303833
-0.390972
0.381488
0.0206576
0.31607
31.5983
0.0423802
13.7174
0.107208
0.159368
0.092599
15.6627
235.56
0.181418
0.207259
2773.79
14.5231
-0.00624454
0.0915703
-0.835007
0.0811482
-3.02538
7.48035
13.98
-1.24648
-0.0406337
17.657
-1.45438
12.7468
1.60217
0.209929
0.741562
-0.0199891
0.598872
1.42364
0.491365
0.749793
121.134
0.93541
17.0339
12.4931
11.5775
13.4022
0.220325
10.7047
10.0324
0.639469
1506.41
-1.75236
0.961008
8.99631
2.47
4.09797
0.717809
-7.65508
0.85612
0.536199
-0.897189
-3.49845
-1.22823
-1.42914
1122.71
0.351173
11.3792
-0.412926
18.5983
-0.679904
-0.769055
-6.3617
-1.38369
-10.7663
-5.1032
-1.35821
1.09567
10.1447
3.52056
16.5888
-4.29048
-0.171272
1251.03
897.643
856.358
1.82807
5.06579
6.84754
18.7372
-1.71084
2.3264
0.607199
0.221014
945.302
881.107
58.7288
-3.7167
99.6712
-0.787418
2.69591
-0.893627
20.0238
13.1869
113.485
-1.50303
-2.70931
24.8871
-1.83693
941.61
-0.69256
-1.49614
-2.56245
528.203
19.5386
0.648087
27.2653
-2.68786
0.561629
8.22622
-1.05699
-0.623098
-0.199017
-1.58533
-0.251264
1665.99
11.59
-3.38976
-0.43025
-0.743888
-0.351237
5.60895
-1.00646
0.16861
12.9542
3.91198
-0.296361
-0.477884
-0.802245
3.35082
2.33498
4.56264
-0.523538
-0.361846
-1.19143
7.96852
2.49283
11.1559
-0.822984
1.34222
2788.69
19.3074
20.2765
-2.08433
1248.43
1109.93
0.976159
-0.440938
1.18472
2282.44
442.995
10.0905
121.208
411.623
-0.698674
177.022
3.505
24.4095
1113.21
111.984
18.1463
859.263
1390.58
617.461
0.104095
25.3595
23.1988
-2.74124
-0.904119
27.583
0.437758
4.76148
16.3448
8.89661
20.3482
17.6793
32.6662
50.0861
12.9096
714.317
-3.13132
6.53674
46.6094
-60.898
5.43017
89.9023
900.505
9.79752
-0.468513
5.21356
204.43
236.523
15.8226
37.0714
29.6319
39.5236
15.3416
31.7273
13.666
84.5906
2.76997
1014.5
253.048
992.199
28.4616
64.5975
-0.0856325
16.7679
585.474
15.3101
13.4077
36.4953
3.28687
15.335
2.84352
274.887
13.0976
1.58466
-0.351123
60.3371
667.245
0.0259848
706.199
-2.04281
14.8071
18.9511
17.1696
11.7145
624.024
18.6968
14.3706
8.84987
0.0485022
22.5391
-3.20305
253.513
1299.42
46.2013
475.951
49.9896
462.196
28.9157
1199.62
-1.21025
12.2463
0.677222
268.657
14.7008
40.9101
21.7599
815.612
0.796229
27.5755
1350.9
-0.184377
899.064
700.552
8.42856
13.9056
-0.00313225
10.3401
0.997677
19.0451
140.053
20.5573
0.721106
663.614
29.0678
0.337502
-0.542947
1.42622
-4.96306
928.552
-7.89732
944.225
0.414036
3.83057
6.10137
0.923237
0.429926
0.250713
23.3255
-0.994134
-1.11287
-2.23467
0.409695
11.4113
21.2686
4.82904
2685.1
-0.0822805
3.29211
15.0476
-0.976861
11.7232
131.107
1238.55
2.02341
2348
18.0856
0.157657
18.965
11.9707
9.93301
4.67875
2.41389
19.9161
0.696812
12.1146
392.209
19.7879
12.5581
0.202675
30.5173
22.0419
79.4611
0.525108
2.69729
2.73685
6.23135
24.799
19.3176
13.4467
703.522
18.0361
19.8303
15.4455
14.9467
15.3846
18.4587
1.78819
454.738
19.1032
46.8655
1243.84
8.89197
17.4314
1.5686
4.85066
-0.690435
0.640622
20.0823
829.748
1060.89
-0.460732
2761.51
19.3153
20.1671
21.6613
22.111
19.6396
1.95858
7.20487
14.4226
771.284
-1.50873
36.0995
-0.445041
1.12097
19.6381
18.8514
15.1094
818.915
7.53359
21.9853
3.46343
11.977
-1.07472
1658.6
25.0009
72.8277
8.55462
12.3721
-0.16738
-0.542772
0.446359
2780.35
12.9708
-1.82984
195.92
0.445802
-2.92118
0.851174
174.95
0.311208
-0.391868
-0.00670653
1290.22
-0.819165
-2.60336
58.4115
6.35419
32.0167
18.2095
12.4104
-0.688536
-0.299092
1023.72
887.945
0.664694
1254.26
0.795072
865.738
205.044
-0.0388247
1231.78
20.9166
262.906
-0.139171
9.7143
-0.234932
854.708
316.954
20.0383
0.364296
23.5311
12.8194
9.40709
16.557
20.6279
9.81676
-0.220816
6.03432
0.074393
)
;

boundaryField
{
    FrontBackPlanes
    {
        type            symmetry;
    }
    wallz
    {
        type            fixedFluxPressure;
        gradient        uniform 0;
        value           nonuniform List<scalar> 
97
(
2779.47
2731.07
2747.42
2805.35
1503.82
1411.95
1317.85
1181.61
1519.03
8.77765
2.59905
6.97422
1149.09
1246.06
1282.21
1136.24
-9.30326
631.65
111.585
100.52
77.3018
487.639
828.969
1372.22
219.853
23.5873
42.4902
46.7468
124.774
102.118
30.6033
-20.0524
429.597
74.3976
166.11
93.5808
71.6739
8.77591
11.2207
-2.30911
909.938
-206.976
115.066
1.90063
3.28089
-1.21683
3275.98
967.681
4116.77
104.339
0.956658
1.23023
1.79712
369.256
104.124
140.99
110.489
138.433
0.566776
0.722629
37.8173
218.307
34.0624
119.439
114.664
1576.93
1521.79
0.114002
0.214179
13.8632
173.602
89.1999
1272.3
438.399
1224.63
1226.3
1203.67
903.357
356.357
83.8576
1504.45
1521.71
0.0303134
2700.6
2751.83
2736.44
2843.46
1601.92
1638.56
-1.32805
65.672
-160.535
0.418022
1261.5
299.875
0.282384
41.0208
)
;
    }
    outlet1
    {
        type            fixedValue;
        value           uniform 0;
    }
    inlet1
    {
        type            fixedFluxPressure;
        gradient        nonuniform List<scalar> 2(1.67366e-05 0);
        value           nonuniform List<scalar> 2(2760 2753.44);
    }
}


// ************************************************************************* //
