/*--------------------------------*- C++ -*----------------------------------*\
| =========                 |                                                 |
| \\      /  F ield         | OpenFOAM: The Open Source CFD Toolbox           |
|  \\    /   O peration     | Version:  v2012                                 |
|   \\  /    A nd           | Website:  www.openfoam.com                      |
|    \\/     M anipulation  |                                                 |
\*---------------------------------------------------------------------------*/
FoamFile
{
    version     2.0;
    format      ascii;
    class       volScalarField;
    location    "0.2";
    object      p_rgh;
}
// * * * * * * * * * * * * * * * * * * * * * * * * * * * * * * * * * * * * * //

dimensions      [1 -1 -2 0 0 0 0];


internalField   nonuniform List<scalar> 
6576
(
2795.41
2773.6
2779.02
2786.44
2800.66
2808.32
2783.77
2784.3
2802.78
2793.18
2830.66
2816.11
2804.32
2814.11
2778.49
2786.19
2753.26
2780.15
2780.31
2825.11
2765.84
2820.11
2822.76
2778.01
2807.52
2833.71
2884.45
2803.07
2770.26
2771.36
2792.5
2751.6
2790.02
2811.51
2805.36
2826.33
2802.39
2827.85
2788.83
2809.03
2776.56
2765.89
2793.15
21.3452
20.0348
17.8895
20.3487
19.5186
17.193
14.3127
12.927
18.3068
0.00830536
0.0060859
0.00238652
0.0156583
0.010324
0.00454627
0.0116794
0.00769045
0.0135895
0.016372
0.0222844
0.0144546
0.007265
0.0162042
0.0664947
0.054003
0.0502599
0.0467252
0.0564333
0.0381996
0.0489612
1.6956
0.182461
3.81084
-0.0561775
2.39618
7.78577
1.35639
-0.374749
-0.573025
-0.577209
-0.369144
-0.179043
-0.368397
-0.448435
10.2338
8.35093
7.66597
7.49477
13.6534
8.27935
9.73703
5.3553
5.40948
7.22548
5.50579
5.46601
8.89805
6.37899
104.476
104.234
104.506
104.613
105.132
104.52
105.585
104.071
104.072
102.133
104.07
102.099
102.851
0.0285772
0.0263168
-0.0464651
-0.111686
-0.442613
-0.16277
-0.147004
474.62
2090.68
2500.51
2602.18
2577.93
2684.11
2582.65
0.052628
-0.0408848
-0.0433855
-0.550232
0.0525608
-0.883516
0.0885565
0.25263
0.271236
0.259851
0.235843
0.249718
0.260762
0.250506
0.228088
0.221811
0.235855
0.209341
0.215024
0.223161
0.218782
0.236796
0.23909
0.239671
0.236529
0.240306
0.240683
0.23697
0.228443
0.231964
0.220764
0.224801
0.228235
0.213436
0.211001
0.219565
0.216116
0.243587
0.246756
0.244931
0.23611
0.239667
0.243221
0.240329
0.249511
0.258188
0.249896
0.24411
0.252089
0.241854
0.251656
0.246985
0.237952
0.357845
0.374532
0.376028
0.362771
0.381773
0.394439
0.372853
0.369494
0.391711
0.382386
0.375662
0.358954
0.359693
0.374629
0.354768
0.377552
0.433575
0.423836
0.462205
0.45215
0.43759
0.430777
0.448822
0.419973
0.414937
0.477847
0.483147
0.444997
0.4814
0.504398
-0.111356
-0.26872
-0.451659
0.0216371
-0.230061
-0.292123
-0.361432
0.160408
0.162475
0.223842
0.204051
0.201045
0.202075
0.221443
0.235896
0.220062
0.257756
0.246798
0.2565
0.28572
0.276176
0.32134
0.31833
0.303619
0.325009
0.34825
0.332316
0.31703
0.269354
0.27802
0.276036
0.284058
0.27428
0.276545
0.26899
0.252366
0.24807
0.245804
0.255821
0.261084
0.253345
0.257176
0.250771
0.248241
0.240178
0.239806
0.242482
0.239693
0.241627
0.238165
0.240884
0.338617
0.333424
0.330173
0.354826
0.350595
0.345021
0.346975
109.168
105.344
106.086
107.474
105.354
81.0884
104.988
100.784
106.556
7.12178
6.11024
8.78132
5.25176
2.44522
10.4177
7.95534
7.08497
6.83116
7.74728
7.67201
7.68592
6.32597
6.95349
7.64032
6.25753
7.81587
6.22147
4.87165
7.11072
7.47467
7.28688
7.5112
6.87588
6.55269
6.5764
-4.48039
-8.02737
-6.58065
-3.54062
-2.27135
-0.119353
-0.322566
153.529
63.796
33.1062
62.6998
38.9721
34.2999
33.5256
30.5998
34.2397
-4.97807
-4.89873
-5.77707
-4.03109
-4.44003
-4.39456
-4.79765
5.49041
5.48741
5.5246
5.25729
5.38372
5.41445
5.32266
5.33959
5.31121
5.42585
5.29112
5.30773
5.36278
5.42078
5.41313
5.34393
6.00592
13.6993
12.1493
5.84131
11.2067
7.01167
9.34059
8.78612
6.32089
108.802
108.446
108.91
109.519
109.643
107.705
109.78
108.265
107.504
109.649
107.938
106.868
81.098
105.713
104.973
107.868
10.6559
7.62628
12.7494
14.4739
19.3863
9.49242
10.9059
6.3686
6.10105
6.47116
7.56959
6.68529
6.88426
6.29072
-8.76119
-8.02747
-10.0496
-6.9112
-7.02582
-7.32821
-8.01489
-9.64777
-8.43231
-4.48112
-4.1687
-4.42449
-4.39666
-4.69701
-4.36736
-4.64806
-3.16612
-3.3338
-3.28566
-2.91936
-3.36706
-2.94648
-3.42999
-3.3504
-3.15777
65.8687
152.696
494.672
155.326
52.2909
31.782
159.421
1442.27
1455.71
1470.94
1346.1
1398.27
1387.07
1475.52
0.216626
0.219663
0.210812
0.218049
0.212147
0.216232
0.208121
0.196173
0.191076
0.182659
0.188939
0.193993
0.185268
0.179184
0.207561
0.205788
0.197763
0.203649
0.210433
0.20529
0.197499
0.207569
0.198274
0.210871
0.211025
0.203499
0.214874
0.224667
0.211907
0.219496
0.170547
0.162116
0.173771
0.171784
0.178253
0.162927
0.171402
0.138121
0.160809
0.144014
0.140017
0.12883
0.149606
0.139677
0.139511
0.135852
0.12519
0.144432
0.154796
0.144411
0.137042
0.0599777
0.0651895
0.0779231
0.0582498
0.0482469
0.0599268
0.0753157
0.107583
0.100358
0.0962531
0.0981243
0.0887074
0.0852383
0.0950739
0.0409712
0.0597377
0.0536472
0.104514
0.100256
0.12343
0.00932313
0.0186486
0.0162352
0.0177754
0.00900331
0.0151388
0.0215085
0.0191119
0.0155058
0.00788656
0.0354691
0.0249539
0.0249865
0.0184663
0.0113195
0.00272766
0.0197102
0.0206762
0.0357401
0.0251565
0.00878522
0.0177649
0.0134013
0.0228888
0.0306258
0.0198455
0.00257097
0.00861208
0.010589
0.0130692
0.018284
0.0217415
0.0364803
0.0256191
0.0139193
0.00930911
0.00764383
0.00242618
0.017337
0.0187182
0.0142243
0.0137489
0.108398
0.111418
0.123335
0.111401
0.0934058
0.113364
0.0990065
0.107678
0.119875
0.164249
0.175545
0.160144
0.160688
0.142843
0.170892
0.157867
0.171578
0.154889
0.164005
0.177281
0.175955
0.158202
0.16548
0.208928
0.208159
0.198824
0.215373
0.200057
0.194105
0.2076
0.25292
0.25218
0.258656
0.250042
0.246565
0.271607
0.269129
0.275314
0.287168
0.283043
0.282167
0.279949
0.266329
0.26649
0.272366
0.288824
0.282614
0.278121
0.282099
0.316869
0.311166
0.317157
0.339995
0.320232
0.327621
0.338873
-0.827594
-0.859303
-0.776604
-0.960319
-0.864059
-0.820529
-0.886771
-0.981213
-0.88042
-0.986257
-1.10037
-0.923538
-1.06895
-0.922933
-0.892807
-1.017
-1.53441
-1.69162
-1.45407
-1.60443
-1.5282
-1.33592
-1.3531
3.53427
2.39514
0.815798
0.384402
0.744221
1.72015
2.32257
2.49853
2.17045
2.51996
2.70303
2.4377
2.90316
2.73162
2.8141
2.71565
2.59528
2.42538
2.53987
2.70884
2.63444
3.68923
3.60575
3.75884
3.76644
3.69929
3.89436
3.8096
4.47147
4.34484
4.22289
4.29824
4.10725
4.55913
4.32686
4.37283
4.11437
4.38911
4.58644
4.42615
4.73672
4.43628
4.9253
4.45355
5.1687
4.62649
7.79785
8.92653
9.19209
6.83951
6.86008
9.00592
8.97447
9.03646
9.04707
6.83212
6.2344
8.59574
6.12199
8.96608
6.66466
9.03001
8.58983
8.07427
7.7453
7.84068
9.11674
9.09525
7.64697
6.27534
6.45754
6.82625
7.13841
6.1128
5.62252
5.42185
6.21989
5.56684
5.63278
5.46508
7.82098
6.30899
5.9887
5.73897
6.88544
6.45144
7.83441
6.67998
5.44189
5.59554
6.28464
5.86738
5.90133
7.54382
6.86156
7.99666
8.43743
6.64735
5.82909
6.44698
6.94014
9.07651
11.1617
7.43761
7.24904
10.9342
6.61387
109.386
108.809
108.045
96.1247
104.321
106.781
107.924
106.341
107.256
106.613
109.079
108.482
108.346
109.809
108.239
107.989
107.649
108.456
108.276
110.866
109.803
110.27
108.007
108.021
108.996
108.408
107.933
107.729
107.944
108.518
107.469
107.929
107.7
107.887
107.748
107.432
106.312
107.294
108.205
107.716
107.254
110.093
108.966
110.114
112.735
110.206
109.643
114.434
106.79
101.899
108.633
107.168
106.876
82.6598
105.997
10.2867
10.5463
9.54547
18.7153
10.1525
16.664
13.826
8.21464
8.41627
7.18494
6.98296
5.63916
8.28203
5.54278
71.9986
33.6349
11.5603
200.588
86.1271
25.39
43.9294
-0.773517
15.7188
-3.78702
12.5439
18.0611
9.04696
8.68609
-2.22443
-4.00256
-4.92941
-2.40065
2.01143
-0.328101
-2.39164
-3.23356
-1.6876
-4.24461
-2.15247
0.430319
-2.48856
-1.16187
-3.55165
-3.2662
-5.00832
-4.5973
-4.4317
-3.84159
-5.24123
-3.97767
-5.14377
-4.34875
-5.05601
-3.87012
-3.90335
-3.97871
-4.00241
-4.04789
-4.06081
-4.13542
0.189789
0.195031
0.190389
0.211067
0.210208
0.203321
0.203045
0.174299
0.153654
0.171683
0.18276
0.165841
0.173324
0.190554
0.221998
0.230603
0.223009
0.215793
0.223819
0.262079
0.256751
0.25208
0.265217
0.271381
0.261825
0.259987
0.259885
0.269692
0.264345
0.270758
0.2748
0.267488
0.263083
0.294908
0.30929
0.289135
0.294979
0.286355
0.274759
0.283717
0.254203
0.278951
0.258224
0.253019
0.242809
0.260664
0.252097
0.254715
0.249338
0.240128
0.271129
0.258735
0.255826
0.2496
0.200764
0.217511
0.2173
0.21254
0.235577
0.229413
0.217972
0.212583
0.236417
0.216552
0.21455
0.219884
0.231753
0.177772
0.165205
0.180299
0.181342
0.193081
0.172537
0.1948
0.18263
0.137855
0.140915
0.13053
0.145095
0.138598
0.156422
0.125135
0.134711
0.145068
0.136557
0.0453002
0.0554869
0.059414
0.0657107
0.0775929
0.0657979
0.0573889
0.06127
0.0555527
0.0452089
0.06625
0.0773422
0.065063
0.0568457
0.0188777
0.0157832
0.024226
0.0678035
0.0611373
0.0796345
0.0463774
0.0576547
0.0681678
0.0591353
0.019246
0.0137266
0.0033789
0.023129
0.0144693
0.0156813
0.0172911
0.00370232
0.0152832
0.0158071
0.0180005
0.0234873
0.00924959
0.00805255
0.00220149
0.0223354
0.0216509
0.0174931
0.0205448
0.0128002
0.0290508
0.0223267
0.0126522
0.0257779
0.0264785
0.0180745
0.0834757
0.0954391
0.0785024
0.0808126
0.0608706
0.0743086
0.0859951
0.0727104
0.0585203
0.201867
0.194627
0.207269
0.172853
0.181811
0.192371
0.187056
0.31511
0.316665
0.295385
0.343334
0.313271
0.322764
0.29762
0.377383
0.353664
0.360514
0.391878
0.405369
0.42031
0.425685
0.434967
0.437961
0.454242
0.439577
0.442337
0.369392
0.355479
0.365014
0.397052
0.370968
0.387784
0.369917
0.36065
0.373189
-0.539205
-0.573169
-0.529942
-0.53601
-0.582037
-0.480169
-0.513048
-0.542856
-0.523564
-0.276351
-0.287847
-0.379023
-0.279935
-0.17641
-0.252074
-0.340291
-0.257709
-0.294311
-0.423489
-0.477427
-0.451468
-0.307233
-0.336037
-0.443461
-0.346612
-0.19981
-0.336908
-0.252674
-0.0496227
0.0109549
-0.0805343
-0.144582
0.586042
0.424732
0.55384
0.423473
0.311819
0.429379
0.515679
3.08094
3.04295
3.00733
2.94629
3.03015
2.89614
2.99804
3.4264
3.44595
3.50085
3.42507
3.33767
3.26923
3.35946
3.38486
3.46326
3.26652
3.3757
3.47034
3.39209
3.38803
3.30533
3.21758
3.74346
3.77038
3.92423
3.80645
3.92551
3.99842
4.18168
3.60314
3.75504
3.69232
4.50724
5.62698
5.30863
6.83113
9.20254
9.06566
5.43508
5.49735
5.52176
5.49252
5.55444
5.58002
5.46288
107.158
107.505
106.531
109.045
108.689
107.392
108.388
91.864
86.3221
108.627
110.685
108.912
109.311
122.576
127.232
130.904
125.566
140.685
132.322
152.057
118.188
128.794
118.559
369.953
348.868
379.324
560.889
377.21
379.226
467.251
278.946
201.001
194.845
167.487
172.53
210.772
10.5455
19.6446
27.5971
22.4001
57.2891
26.7161
13.0347
41.4033
32.1192
85.0234
127.6
234.461
68.4448
87.7642
69.4868
158.738
37.576
139.649
17.0295
232.802
181.57
45.8178
62.3902
187.55
36.0703
303.174
47.7358
66.6253
44.4642
26.6992
273.522
48.955
407.598
54.1621
78.4013
578.405
643.889
768.005
670.21
766.064
771.323
718.429
0.900871
2.003
2.19793
10.808
11.9187
2.33042
2.56461
8.81197
3.32892
1.43532
8.01786
2.10154
0.660328
3.26522
-0.335911
-0.398238
-0.20402
-0.188443
-0.213237
-0.282802
-0.298957
0.252451
0.250718
0.240584
0.260304
0.268724
0.259787
0.252912
0.310176
0.297625
0.300026
0.316921
0.320816
0.305053
0.308596
0.322372
0.322432
0.334082
0.337469
0.34128
0.327479
0.330948
0.341629
0.353935
0.342497
0.356412
0.361833
0.351992
0.347049
0.357207
0.368979
0.360839
0.37444
0.377691
0.360313
0.366294
0.319078
0.330151
0.328772
0.32224
0.33388
0.329763
0.347619
0.342305
0.328208
0.372297
0.41466
0.385644
0.373954
0.362394
0.392583
0.378491
0.385447
0.377513
0.366007
0.387625
0.402511
0.383287
0.377107
0.338488
0.364649
0.344975
0.340235
0.32753
0.320935
0.333915
0.279943
0.291075
0.287068
0.315401
0.293846
0.305165
0.290625
0.338012
0.36366
0.343918
0.285393
0.29542
0.290155
0.242137
0.249727
0.250305
0.198001
0.207985
0.211448
0.215475
0.207836
0.227274
0.216548
0.209585
0.208338
0.199675
0.213092
0.224173
0.16365
0.170754
0.17443
0.179456
0.191322
0.179328
0.170683
0.211984
0.223127
0.213521
0.208507
0.214269
0.22215
0.215269
0.161439
0.172082
0.169321
0.170775
0.176306
0.169425
0.161482
0.110321
0.102077
0.091581
0.11989
0.126044
0.048483
0.0604094
0.0605911
0.047832
0.0583754
0.0565383
0.06527
0.1341
0.123715
0.122002
0.118903
0.133215
0.125375
0.135447
0.0622738
0.0526099
0.0675883
0.0640585
0.0541678
0.0691919
0.0742568
0.0211574
0.0277811
0.0191556
0.0256385
0.0085016
0.0254566
0.0413543
0.0272223
0.0350302
0.0478876
0.021818
0.00240088
0.0359353
0.00606862
0.0246818
0.0231351
0.0263043
0.0350654
0.0488257
0.0340019
0.00751179
0.00713109
0.00182561
0.0239553
0.0266439
0.0246514
0.030948
0.020357
0.0230957
0.0297039
0.00207352
0.00958799
0.000591256
0.0136616
0.0162893
0.0144274
0.011212
0.036073
0.0439553
0.0203386
0.0388743
0.0323095
0.0229106
0.0327137
0.0188251
0.0229184
0.0160074
-0.0234222
0.0187851
-0.0175452
-0.0672963
0.0212675
-0.021275
0.0308976
0.0506401
0.0526894
-0.00285598
0.00796849
0.428032
0.303178
0.337714
0.219428
0.415598
0.433038
0.324513
0.0367897
0.0242897
0.120169
0.316127
0.258263
0.319961
0.149822
0.0636385
-0.00979171
-0.0207556
-0.0262766
-0.044216
0.0439219
-0.0349041
-0.286183
-0.249729
-0.268387
-0.219441
-0.208306
-0.23407
-0.225091
-0.262588
-0.277536
-0.36113
-0.404293
-0.359371
-0.317199
-0.372022
-0.401408
-0.357826
-0.297676
-0.26254
-0.305979
-0.226983
-0.243114
-0.270259
-0.279283
-0.187449
-0.171662
-0.140436
-0.0750335
-0.108842
-0.119058
-0.140413
-0.159847
-0.177736
0.0413127
0.0185534
-0.0293469
0.0546949
0.0989124
0.0320758
0.0758525
0.0339924
-0.0101467
-0.0333318
-0.00756722
-0.0836909
0.0930086
0.0313717
0.0249651
-0.0203362
0.781086
0.795345
0.917954
0.83081
0.761874
0.799082
0.875896
0.934364
0.973873
0.923422
1.09083
1.04605
0.995025
1.01376
1.55842
1.59485
1.7205
1.57022
1.4733
1.54766
1.63687
1.54292
1.58944
1.64174
1.61244
1.56005
1.67561
1.6294
1.93534
1.83855
1.94503
1.98818
2.10365
2.01203
1.93734
2.73669
2.68474
2.69289
2.75138
2.70696
2.66289
2.71347
2.44939
2.33329
2.34166
2.16497
2.2762
2.33751
2.23284
2.79188
2.68795
2.71431
2.54858
2.78258
2.66514
3.16676
3.07255
3.03816
3.06699
3.14225
2.99314
2.97446
2.8608
3.07599
2.99893
3.51542
3.47609
3.40946
6.4055
6.07355
6.04203
7.36668
7.17535
8.6118
7.38357
357.587
341.087
297.535
488.705
286.985
270.445
360.665
387.763
368.269
330.706
598.502
582.654
599.739
697.35
602.609
630.507
766.516
625.595
623.617
584.033
38.765
55.3581
42.5379
28.3928
37.2182
35.7509
18.9009
80.5729
135.158
86.3262
59.9797
73.7202
154.616
127.607
-12.3794
-12.2271
-9.61784
-7.76886
-6.14856
-11.0954
-8.47313
104.535
58.0186
108.796
243.911
20.6088
4.59023
41.8036
6.66866
75.8062
1.87245
3.99771
1.41466
96.8121
30.6893
384.06
154.403
1.76909
-0.72538
-0.316835
0.77993
0.989838
-5.38031
-0.611256
-2.55355
-4.59196
0.281594
-0.577388
-0.916717
-0.425682
-0.508892
-1.98456
-2.24461
-0.325112
-1.63492
-1.19805
-1.48093
-1.89434
-1.67917
-1.70849
-2.24291
-1.97228
0.387953
0.394371
0.411147
0.405143
0.405051
0.420686
0.421605
0.429599
0.431316
0.448519
0.44021
0.442677
0.452577
0.457881
0.472882
0.494925
0.485409
0.492177
0.514726
0.493486
0.472937
0.422535
0.43116
0.432049
0.457384
0.438312
0.441837
0.463419
0.483942
0.523062
0.491028
0.49622
0.518635
0.423284
0.439724
0.437121
0.437678
0.420556
0.525696
0.487764
0.521732
0.492756
0.487675
0.426595
0.439598
0.441381
0.420698
0.414167
0.377848
0.368739
0.377312
0.331667
0.315622
0.322102
0.350327
0.337398
0.380369
0.369382
0.358882
0.354989
0.356052
0.365857
0.372666
0.278884
0.282516
0.282262
0.298702
0.289951
0.294713
0.288393
0.29045
0.291514
0.300806
0.297744
0.293797
0.302145
0.306285
0.229528
0.236474
0.240181
0.256578
0.247167
0.245834
0.238767
0.186505
0.179065
0.192517
0.192335
0.188523
0.202275
0.19762
0.169279
0.174716
0.187033
0.189151
0.161047
0.166948
0.182014
0.0283957
0.0143007
0.0302139
0.0104707
-0.0196534
-0.0188253
0.0219374
-0.00594744
-0.034759
0.00496113
0.0162487
-0.00608961
0.0367
-0.139719
-0.0324069
-0.0611704
-0.155547
-0.170847
-0.177186
-0.106776
-0.11147
-0.0822864
-0.0772684
0.025215
-0.0272427
-0.0136454
-0.0574023
-0.0241758
-0.0257836
-0.163501
0.0236495
0.0435238
-0.713028
-0.376749
-1.09618
-0.868074
-0.39684
-1.99513
-1.10653
931.755
2085.48
2638.77
2689.09
2709.54
2646.78
2723.36
0.620397
-0.599741
-3.25246
4.7656
-1.63792
-3.5878
2.04069
4.44145
48.9614
10.9355
26.8835
1.17759
164.525
17.3009
-0.412255
0.271989
-0.147646
0.00225206
0.155106
0.128148
-0.000628784
-0.0844141
0.217791
-0.613242
0.69554
1.3966
-0.0346126
-0.562422
-0.120725
-0.108776
-0.106941
-0.103861
-0.102088
-0.101969
-0.0970599
-0.096284
-0.0929448
-0.0883785
-0.0885664
-0.0790823
-0.0879629
-0.0925761
-0.0835993
-0.077892
-0.148136
-0.121325
-0.128817
-0.129132
-0.115027
-0.114002
-0.133434
-0.110304
-0.107602
-0.0933472
-0.0996234
-0.0963014
-0.0833647
-0.0701037
-0.0158867
-0.0339656
-0.046745
-0.0329967
-0.0190468
-0.0553799
-0.0415779
0.15122
0.107338
0.151561
0.204604
0.163473
0.143432
0.181115
0.885782
0.836102
0.883638
0.901602
0.980075
0.928757
0.876269
1.24936
1.18192
1.18904
1.19097
1.13891
1.13451
1.17564
1.45229
1.52145
1.41976
1.41779
1.39394
1.40941
1.45772
1.35667
1.41816
1.37158
1.4273
1.5092
1.4257
1.43141
1.37348
1.33455
1.61779
1.6906
1.68734
1.69714
1.79315
1.82012
1.73165
1.70277
1.57624
1.65103
2.08725
1.9925
1.97634
1.92365
1.99737
1.85802
1.93362
1.93319
1.95523
1.83624
1.98754
2.10401
1.98734
1.90974
2.00464
2.12268
2.04403
2.31782
2.46044
2.37072
2.31253
2.35824
2.45992
2.25136
2.18455
2.27551
2.33872
34.267
5.54427
-1.19329
0.846537
7.81288
1.44801
25.3398
244.663
159.206
130.107
241.369
168.99
208.924
257.917
551.13
283.802
451.754
326.802
162.754
506.235
500.188
94.0171
173.142
295.277
113.363
117.648
110.04
296.073
447.012
73.3631
191.922
730.624
392.583
622.309
418.736
304.903
433.872
246.623
323.985
14.2095
189.621
0.469942
0.484571
0.506553
0.495877
0.500266
0.522606
0.523664
0.538875
0.543633
0.569338
0.561556
0.556109
0.586273
0.579183
0.585691
0.609765
0.591299
0.617257
0.626894
0.602873
0.590989
0.63564
0.625312
0.612027
0.636068
0.676994
0.640696
0.626325
0.537713
0.560626
0.559659
0.609122
0.570352
0.583049
0.559018
0.56169
0.537091
0.553329
0.535378
0.517035
0.519425
0.537066
0.546086
0.522666
0.530137
0.499697
0.482017
0.47767
0.514529
0.510528
0.49164
0.494537
0.436298
0.423349
0.454113
0.466955
0.466766
0.446187
0.449156
0.379286
0.367329
0.396941
0.376525
0.389858
0.364022
0.383237
0.237538
0.231965
0.216296
0.234921
0.211968
0.200031
0.223387
0.271265
0.277997
0.29182
0.273993
0.282699
0.299447
0.296012
0.384785
0.378891
0.398171
0.354361
0.358051
0.400599
0.373435
0.381145
0.353857
0.349631
0.411333
0.376412
2343.7
1379.4
2396.3
2012.47
778.874
182.031
2218.67
2.28345
8.51367
0.583171
2.63674
7.31748
12.6352
5.73785
1.28199
-0.310666
0.438363
-0.494205
-0.799137
-0.326802
-0.205102
-0.16846
-0.585185
-0.278515
0.0497599
0.0109296
0.0126749
0.0308171
0.0636534
0.0392848
0.117822
0.0716007
0.0102072
0.0181553
-0.0409384
-0.0344811
-0.00642594
-0.0373961
0.0306236
0.016339
-0.0266372
-0.00141917
-0.00596896
-0.0231648
-0.023331
-0.0268344
-0.0379891
-0.0995862
-0.0897005
-0.0773276
-0.0912327
-0.0861056
-0.0638005
-0.0587997
0.0150867
0.0183138
-0.000274293
0.0400062
0.0238967
0.0135193
0.0265418
0.0780414
0.0599646
0.0824705
0.10807
0.0853375
0.0770506
0.0959729
0.158242
0.150914
0.17879
0.167409
0.151687
0.145377
0.165106
0.26962
0.31006
0.286458
0.308353
0.27534
0.308755
0.275649
0.306945
0.273468
0.367992
0.370474
0.396585
0.378401
0.387052
0.412937
0.407424
0.817916
0.831283
0.899634
0.759622
0.808899
0.791854
0.840158
0.936063
0.984831
0.960613
0.879709
0.827043
0.826777
0.794556
0.831942
0.765805
0.808837
1.08091
1.00646
1.01018
1.00578
1.09322
0.923249
1.21163
1.17807
1.3105
1.16132
1.1267
1.1967
1.21365
1.28032
1.20108
1.17308
1.46546
1.43631
1.54153
1.30751
1.29159
1.35383
1.403
1.37815
1.34459
1.31239
1.82691
1.92351
1.77141
1.63388
1.62566
1.71252
1.68646
-5.73845
-4.6414
-5.23268
-4.04864
-3.33245
-4.37806
-4.76114
-4.56845
-5.14103
-4.37832
-4.83007
-4.69162
-2.38574
-1.84535
-0.871875
0.0927197
-1.45244
-1.3664
-2.17343
-2.15451
-3.93546
-1.10475
-2.81637
-2.90055
0.489691
0.264306
-0.807293
2.59357
-2.62314
3.83939
-0.769994
74.4498
28.5217
117.529
83.1008
59.9424
12.6088
29.9376
66.1144
21.2881
67.4105
27.7919
7.32838
26.983
60.5695
681.157
259.738
388.216
3899.65
2079.65
2826.24
2375.1
1485.62
3672.58
2901.01
1466.77
877.999
1892.74
1276.67
1821.91
1970.08
1486.18
1056.13
907.12
872.9
943.785
128.805
640.989
1664.21
4743.39
3372.23
0.860658
0.899871
0.862482
0.84892
0.822759
0.827254
0.858706
0.856538
0.873282
0.937235
0.702867
0.686047
0.642441
0.679315
0.694887
0.63901
0.638046
0.108637
0.0321536
0.155683
-0.123938
-0.00818305
0.0813313
0.015987
0.163112
0.146216
0.0569843
0.178632
0.226876
0.187541
0.131969
0.592664
0.945384
0.513589
0.980329
0.405471
0.273034
0.44558
0.390925
0.364554
0.488079
0.363995
0.389311
0.30648
0.364228
0.141977
-0.291133
0.482675
2.42686
1.37399
2.56566
3.41043
-0.161831
0.0446045
1.10804
-0.108522
-0.0641721
0.901999
-0.873297
0.535173
0.771459
1.01077
1.43986
3.48349
2.53986
0.502454
0.199891
0.0115873
0.176411
0.0627684
-0.113051
0.0919332
0.135078
0.249568
0.054738
-0.649108
-0.455175
-0.64604
-0.909288
-0.64563
-0.68583
-0.465021
-0.107947
-0.134146
-0.173507
-0.121449
-0.140268
-0.149231
-0.13032
-0.0269502
-0.0557051
-0.0584936
-0.0236269
-0.00886733
-0.0223054
-0.00444
-0.0196029
-0.0143712
-0.0253487
-0.0202657
-0.00203143
-0.0159862
-0.00810545
-0.0109729
-0.00205454
-0.0127873
-0.0120194
-0.009338
-0.00450471
-0.00115029
-0.00270873
-0.0014347
-0.00253109
-0.00339774
-0.00470865
0.0440836
0.0444743
0.0545639
0.0491047
0.0497835
0.0693939
0.0667236
0.062773
0.0611026
0.278646
0.253845
0.248734
0.278413
0.254068
0.260592
0.286044
0.349596
0.381128
0.34554
0.382407
0.357671
0.362912
0.341535
0.481563
0.446003
0.443527
0.424121
0.448939
0.402769
0.429165
0.523866
0.550972
0.554047
0.593656
0.554106
0.569173
0.607061
0.504594
0.554034
0.53551
0.66732
0.739444
0.663156
0.684075
0.648188
0.622604
0.846
0.829159
0.893015
0.758608
0.814748
0.77726
0.72668
0.792088
0.788386
0.715778
-0.423265
-0.338941
-0.967209
-0.536326
-0.649146
-0.80515
-1.20072
0.404776
-1.05776
-0.269207
-0.340107
-0.828561
0.188743
0.0886853
-5.13935
-4.69285
-5.28302
-6.24133
-5.61994
-5.68207
-6.17403
-15.9292
-13.7513
-13.147
-10.3638
-7.75167
-12.743
-9.23889
-10.1058
-11.8898
-9.84196
-12.1603
-11.2964
-10.7655
-10.7418
-5.75497
-5.4862
-5.58956
-5.07524
-5.07922
-5.31523
-5.32956
-9.69932
-7.92402
-8.43002
-7.06453
-7.87385
-4.00584
-4.10407
-4.12494
-3.59806
-3.80323
-3.78034
-3.62569
-3.0355
-3.05272
-2.65043
-3.65265
-3.40432
-2.69225
-2.88712
-2.9403
-3.02661
-2.64725
-2.98827
-2.9921
-2.86588
-2.63537
2027.53
1325.37
1210.4
558.278
758.354
946.068
272.629
397.142
172.612
311.088
-425.508
266.28
748.955
254.852
463.133
71.9717
309.149
606.645
612.055
477.791
478.567
815.658
658.195
511.155
205.364
301.939
1.08893
1.15142
1.09655
1.24923
1.29517
1.19197
1.20717
1.21056
1.25301
1.19433
1.16195
1.20152
1.13852
1.17722
1.01854
1.02427
0.984513
1.10133
1.04319
1.07644
1.02329
1.21622
1.23641
1.32083
0.96006
0.998894
1.02144
0.906068
0.917754
0.957194
0.983437
0.970375
0.939357
0.921968
0.85886
0.931725
0.873382
0.890691
0.8415
0.933163
0.878018
0.969399
0.9049
0.189905
0.130262
-0.196204
-0.343557
-0.0740149
-0.122058
0.145357
0.0671898
0.0472497
-0.0564282
0.064581
0.134041
0.0246067
-0.0740483
-0.0517255
-0.0410418
-0.0574673
-0.0615999
-0.0702007
-0.0605166
-0.0524719
-0.00490446
-0.00657492
-0.00651503
0.00170578
0.00206522
-0.00421323
0.00486452
0.0118194
0.00721042
0.00160284
0.0017345
0.00147425
0.00308443
0.00507743
0.00480939
0.00257401
0.00215135
0.00357782
0.00381315
8.10483e-05
0.000177719
0.000947874
0.000812503
0.00204178
0.00292874
0.00517515
0.00506698
0.00613851
0.00576001
0.00423762
0.00550923
0.00701639
0.00588805
0.00163284
0.00829309
0.0105508
0.00537134
0.0079347
0.00453846
0.00868789
0.0108907
0.00574915
0.012242
0.0159557
0.0120628
0.143615
0.129704
0.138149
0.134695
0.145141
0.142023
0.128689
0.281133
0.319775
0.285828
0.293311
0.274241
0.253034
0.356265
0.390151
0.350267
0.336129
0.327292
0.365231
0.343061
0.327643
0.46322
0.450072
0.49099
0.417739
0.410841
0.441475
0.427175
0.393642
0.399394
0.430883
0.457423
0.455352
0.489091
0.501607
0.50707
0.469393
0.480608
0.605515
0.56814
0.59184
0.571463
0.608209
0.561385
0.597377
0.534978
0.549906
0.55342
0.483135
0.486485
0.505133
0.513028
0.619075
0.67094
0.64904
0.729499
0.658134
0.650856
0.700217
0.392146
0.4455
0.377269
0.354685
0.406983
0.380084
0.325401
0.522874
0.597019
0.469909
0.493234
0.560522
0.538039
0.449832
-0.150408
-0.238833
-0.0998535
-0.0341297
0.0636578
-0.0441997
-0.123119
0.270257
0.109421
0.257273
0.225363
0.113243
0.262663
0.326338
-0.00960197
-0.182866
-0.184554
-0.367864
-0.173578
-1.46363
-1.51211
-1.76856
-2.18263
-1.9962
-1.53587
-1.65163
-1.7818
-1.92295
-1.01642
-1.34853
-1.15996
-1.36164
-1.08462
-0.893929
-1.14575
-1.19641
-0.930872
-3.032
-3.20466
-3.1945
-3.7158
-3.18705
-3.69295
-3.33523
-3.87993
-3.97784
-3.56554
-4.4391
-3.94711
-3.6783
-4.02091
-6.24486
-6.78596
-7.30809
-5.84308
-6.62098
-6.48574
-5.75181
-5.33152
-5.75581
-5.66817
-5.90926
-5.56319
-5.72711
-5.43878
-5.07363
-4.91538
-4.80856
-4.48034
-4.7065
-4.61562
-4.86968
164.984
150.845
79.7675
140.465
55.324
251.083
63.1832
233.169
344.95
526.165
500.449
479.219
488.733
520.032
720.304
659.668
533.56
837.866
909.276
644.022
721.895
760.03
662.27
484.41
586.847
537.408
124.15
157.63
125.689
105.082
104.229
120.99
113.347
346.678
205.07
262.641
222.13
266.306
290.884
400.052
240.123
-12.0662
-36.0721
-24.0026
4.86864
4.282
-22.6359
-16.6339
-19.2198
-21.8842
-27.4699
-19.7591
-8.21524
-14.711
-25.4034
12.737
23.5197
-7.72529
23.8092
20.6085
-17.79
9.54124
11.0932
-12.9869
-4.98905
8.98807
-2.06633
8.87391
12.9405
22.4025
-0.45041
12.409
16.6617
3.11672
3.75778
3.17077
3.70074
3.82291
4.49211
4.16803
3.15828
3.18116
2.92002
2.96192
2.86507
2.80861
2.57166
1.77695
1.70269
1.80305
1.81421
1.67565
1.6493
1.77845
2.01224
2.09689
1.91733
1.87281
1.81335
1.92761
1.98446
1.62048
1.55796
1.67035
1.6991
1.65609
1.73298
1.80643
1.62801
1.71389
1.73266
1.71517
1.76643
1.65028
1.73249
1.74065
1.64867
1.712
1.84227
1.79963
1.39615
1.45247
1.47705
1.44944
1.49162
1.49073
1.5803
1.35325
1.41735
1.42857
1.42238
1.365
1.6602
1.69841
1.59801
1.77894
1.82681
1.74011
1.71971
2.22856
2.15916
2.28356
2.31857
2.2323
2.17426
2.27427
2.57056
2.38727
2.40506
2.2853
2.1205
2.35413
2.21438
11.6636
11.7366
7.72621
6.08209
5.6305
7.47729
8.45137
13.6355
13.3583
16.3426
12.162
11.7803
13.3172
11.0759
11.7185
18.9696
16.2474
11.1238
11.5724
10.7778
14.1468
10.2909
20.9671
22.1747
20.8271
13.7325
18.3129
3.43994
3.99961
3.61879
3.63709
3.43648
3.72716
3.73856
3.80492
4.17515
3.39894
3.75727
4.02857
4.00132
3.9273
2.49624
2.9584
3.49222
3.04623
3.12698
3.14109
2.85095
-0.458143
-0.48676
-0.671158
-0.729171
-0.88207
-0.600015
-0.527157
-1.54442
-1.26789
-0.996301
-1.21433
-1.05857
-0.851705
-0.908568
-0.0894215
-0.0799147
-0.145721
-0.258044
-0.181955
-0.0990984
-0.130741
-0.218541
-0.277051
0.0671769
-0.0105301
0.0734198
0.0511831
-0.0567123
-0.0793763
0.0287973
1550.74
1492.71
1313.42
341.797
1068.26
1535.36
934.047
1492.7
1263.72
716.98
686.331
976.637
1517.09
1529.4
1076.17
817.375
1497.78
1620.18
712.757
1655.38
475.793
17.1073
110.848
39.2393
11.5703
18.2992
79.4016
141.684
2.28205
31.9832
28.4814
3.06859
0.00217366
-0.570525
-0.315532
-0.490073
-0.369088
-0.284686
-0.206636
-0.412833
-0.58985
-0.468616
-0.473879
-0.534228
-0.577763
-0.13352
-0.121854
-0.128013
-0.0896466
-0.101566
-0.106779
-0.0982874
-0.0540355
-0.0388509
-0.0441607
-0.0114898
-0.0248258
-0.0361828
-0.0278131
-0.0382507
-0.0288413
-0.0214144
-0.0275768
-0.0193087
-0.00750672
-0.0190617
0.0459408
0.0601047
0.0456528
0.0452417
0.034258
0.0398595
0.0510757
0.0542317
0.0634525
0.0487169
0.0607371
0.0478206
0.0435102
0.0543177
0.0420509
0.0428788
0.0521641
0.055852
0.0455282
0.0182061
0.0129353
0.0148854
0.0264785
0.0186283
0.0185306
0.0248598
0.00135847
0.0059324
0.00976542
0.0175486
0.0301159
0.0191943
0.00751239
0.0159608
0.0111783
0.0196814
0.0259055
0.0163042
0.00684217
0.00794861
0.00216576
0.0123746
0.0163454
0.0313014
0.0234599
0.0162066
0.0122528
0.00239289
0.0122837
0.00914878
0.0784776
0.0581609
0.0643493
0.0695449
0.0578849
0.0673963
0.0795253
0.0657152
0.052806
0.0728575
0.064927
0.0814378
0.0727899
0.0838413
0.0617712
0.0374507
0.0545836
0.112685
0.138387
0.11581
0.121023
0.10718
0.0872908
0.139665
0.150327
0.154226
0.174523
0.157938
0.137206
0.149074
0.158325
0.146973
0.152549
0.176549
0.152231
0.150146
0.139523
0.159799
0.147114
0.245195
0.211719
0.216116
0.20268
0.221085
0.225691
0.202269
0.291825
0.280332
0.286631
0.253
0.251436
0.262508
0.268568
0.204933
0.236483
0.202029
0.203406
0.176623
0.215802
0.188951
0.329237
0.292836
0.32835
0.261537
0.256692
0.350486
0.354362
0.318205
0.346413
0.380244
0.360294
0.326862
0.267858
0.294492
0.2825
0.213785
0.23342
0.255594
0.24735
0.317951
0.359747
0.325532
0.378027
0.323518
0.375787
0.334586
0.0260774
0.0518985
0.0952671
-0.0363258
0.00951828
0.213709
0.258107
0.237132
0.186064
0.19762
0.245482
0.223156
0.208634
0.198311
0.137099
0.240414
0.287294
0.242464
0.19643
-0.20548
-0.147305
-0.105772
-0.226349
-0.248408
-0.18731
-0.16494
-0.427248
-0.405974
-0.508297
-0.604966
-0.600443
-0.553736
-0.55358
-0.472544
-0.475914
-0.16712
-0.244049
-0.252334
-0.264422
-0.341864
-0.278551
-0.21822
-0.964402
-0.830963
-0.840615
-1.08022
-1.14714
-0.703651
-0.704174
-0.571519
-0.784296
-0.659048
-0.612045
-0.726335
-1.39631
-1.45475
-1.61309
-1.50741
-1.56315
-1.80833
-1.68351
-3.41811
-3.0604
-3.12085
-2.99806
-3.15768
-3.211
-3.48645
-2.96898
-2.71608
-2.81174
-2.76269
-2.99804
-2.89432
-3.08013
-3.92104
-3.50103
-3.68741
-3.63951
-3.87856
-3.72377
-4.0145
-2.98854
-2.79767
-3.19108
-2.88804
-2.96599
-3.22448
-2.84717
-3.04699
-3.45043
-3.40259
-2.83353
-3.01889
-3.68009
-3.98034
-3.87023
-4.06327
-3.77818
-4.06136
-3.83072
349.673
142.019
373.655
287.667
11.7466
44.0006
601.351
181.197
128.759
133.35
93.149
88.0647
89.9174
90.4511
87.4567
92.3391
87.2152
89.2875
96.7028
85.6573
106.409
105.657
106.472
106.598
107.169
106.399
106.44
103.75
100.308
100.462
101.064
96.2775
98.4535
2.41342
2.62565
2.37368
2.43195
2.51282
2.33041
2.44879
2.05533
2.03429
1.93892
2.1845
2.25757
2.12735
2.13108
3.07587
3.60631
2.42228
3.08179
2.77544
1.9266
2.12099
2.05843
2.6675
2.41733
4.23978
4.76319
3.50134
2.85423
2.63553
11.1793
11.7745
11.6259
11.6811
12.003
11.8112
9.3866
6.09949
7.8859
10.5384
3.99454
12.2518
7.98838
9.74313
11.8452
6.62101
11.9288
12.0792
11.0974
6.62788
4.10391
6.16715
7.17832
7.36817
6.14306
7.88944
104.981
96.9565
104.582
97.0801
104.455
103.639
104.438
104.617
104.189
104.663
105.311
105.927
106.615
106.477
106.613
106.801
105.311
105.702
91.3856
104.448
105.097
105.114
104.287
106.155
106.093
104.967
104.094
107.034
106.557
105.834
104.837
105.68
106.584
7.5604
5.62918
9.36854
11.6395
12.4699
9.18574
10.2014
22.4507
9.91137
8.6031
3.1086
-18.9639
21.2227
-4.17473
4.96491
20.8313
13.9669
-23.3896
-18.0145
-27.2677
-26.4089
-2.2794
-24.406
-13.8723
-1.96075
-1.59151
-3.66077
-4.24615
-2.90317
-2.15439
-1.68679
-2.73874
-5.74012
-2.93391
-1.71913
-0.736827
0.10244
0.770298
0.231974
-0.158956
-0.681244
1.10662
-2.02107
-1.22306
-1.35691
-0.994221
-1.04448
-1.00719
-0.951968
-0.811554
1.10141
1.90464
1.80213
0.526559
-0.133411
1.93642
1.25494
0.404274
0.506191
-0.00263679
0.520691
1.44748
0.93689
0.601894
854.266
1013.87
644.998
1025.03
565.831
995.228
894.698
-0.843873
-0.8132
-0.744282
-0.81956
-0.938802
-0.853521
-0.766618
-0.341442
-0.396762
-0.356067
-0.421745
-0.419737
-0.35934
-0.370484
-0.384905
-0.351104
-0.388555
-0.286043
-0.302389
-0.322163
-0.311387
-0.163428
-0.212996
-0.177781
-0.228993
-0.220607
-0.187654
-0.173872
0.0390604
0.058872
0.0320009
0.0234393
0.0418742
0.0610021
0.0425419
0.118883
0.090325
0.12243
0.130737
0.158384
0.110949
0.135454
0.118575
0.139167
0.110504
0.151896
0.147669
0.127609
0.129489
0.169147
0.172911
0.154522
0.160073
0.17945
0.172386
0.154391
0.118565
0.115317
0.13011
0.138414
0.148692
0.124394
0.117897
0.132064
0.135973
0.16644
0.14384
0.146949
0.166452
0.149625
0.145513
0.155972
0.0149003
0.0214977
0.012346
0.0101753
0.00958755
0.0157581
0.0160151
0.028323
0.0162197
-0.000193765
0.00146033
0.0188751
107.208
108.435
109.57
103.908
109.403
107.532
109.566
109.037
106.563
103.998
108.267
108.237
106.233
108.712
105.832
108.207
109.106
90.7428
106.608
106.826
106.089
92.1495
0.0145451
0.0372288
0.015199
0.022002
0.0329709
0.0335472
0.0181819
0.0360156
0.017129
0.0255642
0.00299715
0.00507411
0.0122454
-1.60123
-1.29919
-1.38844
7.20157
17.7972
0.734811
-0.989871
2809.73
2781.93
2837.36
2785.84
2745.49
2853.5
2842.02
2873.88
2867.62
2868.8
2863.47
2878.26
2805.62
2836.83
-0.15008
-0.0220735
-0.0871264
2732.68
2832.08
2766.87
2770.37
2778.21
2773.54
2769.41
2769.43
2779.23
2794.43
2807.32
2778.13
2761.8
2771.86
2774.28
2779.32
2767.62
2762.43
2771.77
2775.82
2755.49
2777.13
2772.95
2782.62
2768.05
2763.39
2758.32
2766.1
2771.62
2766.98
2768.42
2795.64
2784.12
2770.69
2762.51
2735.34
2764.95
2761.83
2769.63
2760.43
2765.31
2776.32
2766.92
2766.97
2717.65
2760.71
2776.7
2416.96
1877.11
2838.11
2853.11
2850.46
2829.67
2745.19
2805.13
2829.76
2869.87
2862.26
2865.47
2848.24
2841.49
2794.3
2843.83
-1.76772
-1.09417
0.885552
0.159992
7.32453
2.00664
-1.69612
2778.7
2797.96
2758.48
2831.51
2812.52
2830.27
2794.04
2854.13
2881.59
2818.1
0.0667338
-0.809358
0.613734
0.0156001
0.0246887
0.0151541
0.00919199
0.0129887
-0.00340429
0.0141445
0.0149968
-0.000334735
109.966
104.725
107.58
105.981
104.104
105.546
101.139
103.883
103.969
99.8682
101.607
105.714
77.7372
101.265
100.724
0.0122378
0.0352004
0.0181771
0.0019716
0.00966934
0.0120084
0.682282
0.57012
0.527633
0.480465
2.28235
0.828788
1.03731
0.710224
0.363078
0.411014
0.228731
0.236853
2329.69
2289.47
2134.22
2218.54
22.1126
19.0743
1760.11
902.521
0.615189
0.641136
0.299161
0.243628
4.32979
3.63563
-0.1218
-0.0755911
0.256197
0.246438
0.241735
0.232839
-0.989796
-1.07369
23.7973
11.8866
4.30048
2.84651
0.819117
0.352293
-0.100898
-0.10857
-0.236883
-0.251073
0.247048
0.258039
0.248906
0.256773
-1.64007
-1.85001
-1.49916
-1.74275
0.240997
0.24079
0.247009
0.252518
0.241422
0.244548
0.235668
0.237007
-2.62619
-2.19653
-2.9996
-0.870369
-0.957228
-0.881163
-1.00575
12.3721
114.952
22.0842
175.705
-2.1692
-2.41808
-2.11714
-2.33451
0.295276
0.317756
0.29344
0.31031
0.338277
0.347263
0.345538
0.365735
-0.577355
-0.627011
-0.527947
-0.580929
0.270498
0.404576
0.318146
0.426752
-0.579416
-0.64459
-0.513961
-0.588829
0.136629
0.137876
0.0976162
0.100792
-6.16551
-6.24184
-7.78242
-7.89409
-3.19189
-3.09088
-2.92008
-2.99578
-0.278561
-0.321454
-0.216234
-0.257455
0.376859
0.527606
1.40358
1.23291
0.818383
0.961717
1.03653
1.18575
-1.03047
-0.486934
3.761
7.64256
0.572138
0.599337
0.620304
0.661292
-0.0777857
-0.0406481
-0.0726149
0.485987
0.514933
0.431894
0.460795
7.39391
12.0336
8.37907
10.8913
46.8065
89.0733
33.2333
62.8176
0.272015
0.277476
0.250254
0.257284
-11.2745
-6.38457
-31.2196
-29.4646
4.82403
4.65136
4.86906
4.68483
2.73312
2.57816
2.77519
2.63651
0.0884957
0.0824517
0.109605
0.0998742
0.0342271
0.0276001
0.0237831
0.0193059
0.107237
0.0913925
0.111901
0.0981169
0.108661
0.0747319
0.0296519
0.026434
2.40313
2.28555
2.39809
2.28552
9.5749
13.43
7.95557
9.34258
-0.220866
-0.260968
-0.188037
-0.203564
0.299082
0.329078
0.310182
0.478174
0.446671
-5.33913
-5.04818
-6.13454
-5.89688
-3.3478
-3.21566
-0.108572
-0.0795782
-0.0479122
0.471688
0.459049
0.431513
0.434379
-4.33138
-4.9527
-4.5869
794.596
181.315
72.0484
-1.70056
24.9224
1.21461
4.93005
5.92199
4.71742
5.55636
4.88642
0.233682
0.23044
0.21449
0.218292
0.210449
0.203514
0.217486
0.208891
0.216516
0.210118
-6.7212
-0.545334
0.320074
0.148055
0.22547
0.00736274
221.659
0.353361
2.9407
-2.81434
-0.492432
8.89959
-0.230808
2.97748
2026.37
0.748645
0.760245
-0.0328136
-2.79595
11.5562
-3.90295
-0.708773
0.243505
33.8114
0.29249
-1.01989
0.635929
0.346333
-0.203578
0.769738
0.293187
0.236533
5.94968
0.0615122
632.367
-1.14888
-1.00507
-0.0602004
12.6017
0.375778
16.8632
-0.626223
6.90832
10.3743
8.74252
0.27037
596.336
95.3354
16.3558
5.4109
17.3753
6.07576
8.34863
4.60477
11.5206
19.6275
10.8397
4.31744
4.12754
3.85424
6.07487
3.87468
6.06042
0.433383
4.67869
6.00065
4.7462
4.13382
0.250506
5.28233
5.21621
-0.139322
5.13635
5.26192
5.02533
5.73295
-0.167055
3.86898
4.80148
3.66161
5.17805
4.96117
0.506902
4.11782
3.77538
3.90596
3.60385
0.14973
3.70422
4.21709
3.73981
4.12333
16.0466
4.60121
32.6627
4.47319
6.73352
6.09887
4.50266
1.25477
4.98063
4.82843
5.61786
4.59491
5.33078
6.23595
5.35006
6.04846
6.16125
4.04438
-3.91777
0.263787
-3.06965
-4.3795
-6.12738
8.33397
4.93091
5.92468
-0.364806
3.64806
-5.63193
-6.67045
-5.51496
-5.89424
-7.28337
10.5161
6.39173
0.158053
0.0550555
4.81167
0.113996
-6.37081
12.7324
4.27342
13.7836
7.79444
7.01
6.51643
0.211366
11.7012
7.06901
5.76946
5.58926
11.0109
22.0312
2.94999
103.16
188.958
0.112385
146.424
0.196429
7.21054
9.45972
5.3924
1.82796
0.245464
0.0756687
0.218286
8.37219
-1.80322
-2.53556
7.58892
-2.29789
377.949
104.348
552.092
-0.791863
-2.49672
0.294207
7.6447
6.63919
0.218688
124.218
0.0977754
665.876
87.9438
42.401
580.806
179.772
80.3144
5.73053
193.149
120.025
186.608
-6.52497
-8.80194
-9.12182
6.00545
-9.40631
8.24594
6.10351
5.29544
0.111159
0.215755
-5.14125
2.00329
0.303866
-3.22736
-2.34258
6.2015
16.1296
1.78367
-3.21262
0.656441
-2.27715
21.3694
-1.64211
4.02383
99.7784
0.790631
67.4098
17.5957
7.46327
-1.68893
-0.334343
6.82937
0.47899
-2.43754
-1.80982
0.542683
3.04679
-3.67792
0.09506
-3.49922
0.260428
-0.207657
-2.73435
-3.21162
-2.36672
0.0205203
0.109285
660.222
-3.06147
498.737
26.3611
59.626
119.383
118.374
107.312
315.491
-3.10242
4.17714
-0.180172
-2.98473
-2.95787
4.49135
39.9034
69.9485
450.639
267.265
439.426
61.3329
143.247
-2.25954
103.058
29.1524
9.39624
98.3323
7.31193
478.694
-3.11711
0.332986
674.503
0.619591
123.473
20.441
88.5113
15.9961
58.7123
683.053
1045.31
2458.83
129.678
-3.49334
27.7764
-2.21185
-1.17442
-1.34941
-1.63573
-1.54276
-2.08244
0.243234
-2.71543
-2.74003
-1.38113
-1.18408
1.54884
-2.76992
-2.14891
-1.73794
-2.37528
10.646
0.638503
-1.28414
-2.41732
142.019
-1.43297
946.663
79.4892
11.9721
80.7848
-1.61775
18.1179
11.3891
162.973
-3.00306
14.3811
0.972813
-2.83649
1026.23
1140.43
-3.68953
0.0228732
885.032
-2.81612
0.115745
-3.03331
-3.84863
0.558424
1.26413
-2.09458
924.437
-0.156626
112.398
-2.45598
-3.27864
107.827
0.233075
-3.51091
2.40273
0.652172
335.525
820.075
-4.29577
11.6131
7.66896
-2.33408
-3.96084
-3.65603
-3.77629
-3.01976
1036.05
0.0205873
-4.44949
-0.146745
0.336258
0.134804
440.557
4.94927
18.7909
0.0162647
1.92818
3.76964
-3.35705
0.818175
-2.06044
0.703842
-4.21401
0.509463
0.229979
824.864
-2.47106
6.35394
21.5215
0.546296
-4.08914
346.216
3.78954
-10.5062
-5.51416
1.27598
-12.6162
-5.27822
-3.8129
115.954
8.81739
-7.00523
-8.45497
0.412071
-1.39833
-3.63241
-9.86852
-4.0642
-2.41797
-4.92889
-13.0799
-4.09647
-2.00953
941.489
-3.05851
-2.13968
12.5248
-1.10431
-2.41308
-11.4327
-1.72906
2.7944
-0.928259
0.477731
5.23076
0.51165
-0.749544
-1.05016
-0.569016
-0.794889
-0.416231
-2.14549
0.221876
-1.77562
-0.0545103
-3.09801
-1.61139
-1.66441
74.86
0.413685
0.25154
1449.66
0.574435
0.271784
1.63668
0.601361
1.03916
-0.529589
-2.01236
0.370467
0.48649
0.6397
0.646375
3.42326
0.758247
0.628201
0.608493
3.66601
-2.64588
5.63613
-11.1797
-0.0689324
0.310471
0.127445
0.783478
3.7844
-9.12607
-5.90785
6.79123
0.200036
3.49391
-3.02263
-7.35649
-2.7553
7.26999
-2.91815
-4.7734
2.63483
5.76556
2.49466
7.67552
-14.5068
1.87343
-4.7205
0.456928
2.71841
0.737992
3.00897
-4.64914
3.65164
3.20469
0.0359886
-0.0422662
4.29679
5.37254
3.20474
3.1166
3.35866
3.34895
3.30951
3.30996
83.0989
0.752717
-17.1608
3.8422
3.14668
5.75138
0.107676
3.33525
0.0345793
2.73957
43.8753
-14.2601
-0.0503697
2.13801
2.27792
2.78799
2.12452
2.11584
2.57055
3.85913
2.72078
-2.72809
2.95962
2.99627
2.33115
0.617945
2.22173
-0.272196
3.31278
-2.89944
3.37422
2.57153
3.4643
3.49776
16.2498
-10.1479
1.45148
1.25674
1.38013
1.04682
1.2241
104.648
-3.68837
1.30882
1.73722
1.04936
1.1428
1.24107
1.52672
5.46222
2.06071
1.89756
1.00251
2659.41
106.039
5.12536
1.62456
1.39779
1.35197
4.31703
1.73065
1.11119
-0.66947
1.05871
1.11701
1.12981
3.75496
0.152218
5.76063
1.26285
-0.197898
1.20102
0.642852
-0.00967466
0.96825
0.761413
0.809278
1.17563
0.938579
0.843888
1.50107
0.693703
0.626514
0.17805
1.6668
-0.0235247
0.453528
0.856168
0.380584
0.622949
5.20823
0.684701
0.0652795
4.65599
5.11055
0.232738
2.28689
0.46919
0.537864
0.815333
0.182019
0.459508
0.426659
0.31856
0.210713
0.209794
0.18925
3.03338
0.65766
0.301039
1.95011
0.263106
-19.0585
0.141389
0.333127
0.152886
0.17877
0.17797
0.185178
0.362383
0.732686
0.506629
0.231826
0.210508
0.228849
0.370916
0.0625095
0.0875598
0.0719877
0.0586543
0.0599741
0.182066
0.113163
0.139931
0.62554
0.144996
0.0122134
0.028248
0.0966665
0.134325
0.205539
-0.0170067
-0.0290738
-0.0313481
0.0528504
0.0202296
0.0649616
-0.0600482
-0.10129
36.518
-0.0522599
0.00705945
-2.74038
0.822719
0.763905
-0.00970413
-4.61982
-0.0603459
0.918685
0.51663
0.506889
0.930657
0.237128
0.805701
0.316839
0.909375
-0.0291355
0.432959
-2.78051
-0.108707
100.698
0.532766
0.303833
0.0206984
0.0426347
0.53951
0.169011
1.34892
100.36
80.1109
0.232067
0.441094
0.024332
0.0593628
0.0834711
0.0470085
0.377181
-1.65388
0.257562
0.0827376
0.0672845
0.0490833
0.0807817
0.0701596
0.0391956
0.0556404
0.0938616
0.125593
-3.89743
0.0518708
0.212441
-7.14903
0.204943
0.102974
-4.64447
55.5447
0.0291373
0.339851
0.334799
0.400413
0.0781855
0.22595
0.191173
0.0960177
0.266064
0.0360797
11.6778
0.104046
0.10005
0.0722281
0.115337
0.234356
0.0698249
0.020591
0.0441815
0.0227403
0.0796974
0.108915
-0.00990235
0.0112785
-1.49513
1.44254
0.0129457
0.522574
1.58986
0.21623
0.000771126
-10.2057
-0.0523205
0.179234
0.716725
-0.0139633
-0.00456172
0.0751844
0.00921513
-0.0170274
1.20358
-0.030243
-0.286208
-0.0932176
-2.41299
0.240387
-0.0302759
-0.03629
-0.02084
-0.0490982
-0.0174299
1.51383
0.00160474
-0.0166114
-0.0733449
0.00728065
-1.77752
-0.039046
-0.0242142
-0.00984578
0.121005
0.542846
-0.0982812
-0.103281
-0.0864283
-0.111187
-0.105306
-0.091302
0.0708727
-0.0857017
0.00159748
-0.011607
-0.130559
0.362344
-0.25917
8.51444
3.80586
-0.126823
0.214264
0.924914
-0.0107852
0.584677
0.346806
5.77183
2.25799
2.21629
102.796
1569.86
2373.7
23.5998
2053.24
1974.55
0.54663
1.83644
104.303
0.175103
-0.405129
-0.213982
-0.237539
0.187918
0.573174
-0.282463
-0.169867
659.843
-0.0155824
0.0762123
0.0542044
-0.785212
29.4672
2883.33
2839.63
0.240649
-0.448641
9.11297
-0.442832
-0.458031
-0.440106
-0.496017
-0.59538
-0.70466
-0.506984
0.202685
-0.700112
-0.931721
12.6776
-2.92617
-0.866367
-0.359922
-0.136569
-0.0486759
-0.329542
4.36178
0.0671804
-0.296582
-0.241404
-0.17562
-0.0913528
0.177816
-0.146007
-0.151471
-0.125229
-0.073019
-0.146093
0.0340738
-0.130909
-0.0513365
-0.277856
-6.5556
-0.107027
-0.233283
-0.100607
0.585142
0.00560273
-0.0646451
-0.220075
0.009218
0.467343
-0.046736
-0.0522808
-0.349782
-0.431062
-0.283215
-0.0487197
-0.175194
-0.450862
5.08343
-0.186936
0.137909
-0.332957
1.41928
-0.212878
1140.11
1990.27
0.134535
-0.265869
1.05537
-0.0665174
0.0027415
-0.083879
3.59077
1886.73
-0.46984
2.1596
1292.68
3.81823
-0.171395
-0.403768
-0.690349
1073.14
20.4005
-0.0305119
-1.17976
-0.596866
-0.0324989
-0.29329
-1.1767
-0.583127
0.107401
0.313709
-0.553396
0.27435
-0.732171
653.254
1.92969
1.93551
-5.35155
-1.28591
0.584944
-1.12654
118.082
-1.07113
24.3746
6.55332
50.4696
1.38383
-0.513169
32.8796
0.418383
0.00747896
0.285539
950.984
74.1969
3.74008
-0.346441
545.114
0.10109
-0.302697
1621.94
1618.35
47.3634
4.81946
0.111849
1542.57
0.703735
0.386452
-0.0771939
0.304153
27.148
1.254
1.10441
0.215667
0.278918
0.045066
1.36581
1809.48
1590.82
379.511
0.631363
0.650541
-0.581123
1781.49
0.478366
1848.82
1724.12
0.675636
1.11029
1.21664
-0.152132
0.36297
1666.81
1289.28
37.2962
0.0349119
1042.84
1886.69
0.132908
1.13771
491.115
0.208324
369.029
0.780648
2227.33
0.286463
1971.65
-0.0914779
2010.85
-0.404312
0.425782
1.51303
3.96788
0.224786
0.317973
0.302648
0.535305
0.32429
-0.0283796
0.252662
2095.56
0.475804
-0.28981
1686.78
-1.09137
1.57415
0.300098
0.482008
1958.47
0.314664
1731.74
0.33199
0.256703
0.242605
0.303809
0.238834
0.224742
0.26911
0.32756
0.734523
0.608163
-0.0449544
0.3434
0.319705
0.483849
0.33634
0.299271
0.266289
0.255228
0.941648
0.286706
0.25532
177.256
0.820338
0.206553
0.315625
0.162277
0.129987
0.156604
0.293718
0.21055
0.287287
0.364033
0.133502
0.121009
0.0891382
0.0824353
0.0706797
0.0441546
0.00989525
0.0504546
0.239354
-0.0466982
-0.0838703
16.0265
10.0389
2.12811
-0.429824
0.0459104
-0.00334926
0.0627892
0.169919
2793.09
0.117666
-0.123766
-1.14236
-0.237792
0.403564
0.122233
480.629
2856.56
0.331894
0.125285
-0.0578072
0.171955
0.438015
-0.399365
-0.0144309
0.0308685
-0.00936068
0.983357
0.968922
3.58298
1.58669
0.6255
30.8393
0.770601
0.733469
3.19549
500.105
0.136417
2123.44
2504.49
4.31163
1895.03
3.86757
-3.24274
-0.380985
0.180378
0.35885
2586.76
2548.76
1424.61
2646.62
18.7572
2180.5
2068.63
30.105
0.150563
2393.65
-0.167562
1.46988
2445.96
2408.73
2.52385
0.318282
19.3396
-5.20867
0.547639
2.63009
2.31165
0.265494
0.210052
0.232768
0.239503
1.33616
0.617463
0.216048
1.15578
0.153009
0.221355
0.093701
-4.30896
0.145878
0.154918
0.294974
0.300701
0.068103
0.0743718
0.015524
-0.00968886
-4.57977
0.154502
0.273155
0.329771
-0.0222844
2850.38
0.014944
-0.114487
0.420934
2821.16
0.0285214
0.0335646
2807.86
0.711939
0.0686115
0.0947905
0.542692
0.532091
0.0279505
0.188502
9.30974
0.0874413
0.180691
1.89851
0.114614
0.0844315
0.0373994
0.0715804
0.138994
5.02862
0.0697594
0.0889406
0.03827
0.220178
0.202519
0.140248
0.0306017
0.153212
0.0271133
0.166519
0.1767
0.172647
0.439597
1.7574
0.145452
0.113483
0.147007
0.18403
0.131914
0.105118
0.968047
0.148444
0.134096
0.180193
0.706749
0.0904518
-0.223451
0.0501907
0.0554077
4.39528
0.291613
0.107429
0.0202333
0.144921
0.0650578
0.184372
0.142956
3.42453
0.00198463
0.164118
0.0682786
0.131254
0.19042
0.145136
0.0256374
2764.91
0.165976
133.602
0.284075
0.285096
0.028124
0.277027
0.273041
0.354904
0.263617
0.272311
0.250105
0.243624
0.309585
0.195789
0.211911
0.193444
0.206898
0.221014
0.215263
6.03901
0.0696002
0.0224468
0.161483
0.26857
-0.119942
0.366747
0.23378
0.241675
0.223113
0.118651
0.264499
0.200568
0.135589
0.140814
0.228984
-0.0648348
0.200376
0.247421
638.841
0.233608
0.246445
-1.35085
6.78073
0.242178
0.294374
0.265159
0.23245
0.291294
0.261057
93.1792
0.284748
0.273219
0.258931
0.26298
0.137084
0.246001
0.340639
0.26136
0.269349
0.249239
0.231801
0.243899
0.263482
3.88385
0.111677
-0.508335
0.248247
1.13589
0.201664
0.254588
0.26044
-4.79349
-1.56103
-4.23833
0.285971
0.0991362
0.202433
9.39653
0.192031
0.151153
0.220817
-2.3456
0.386449
0.33364
0.543028
1.3789
0.206262
0.0706708
0.388788
0.392526
0.415566
0.383842
2.87764
0.321516
0.458025
0.402819
0.176813
0.245514
0.40099
0.471581
0.497777
0.281144
0.481433
0.183225
5.02416
0.602425
0.621109
0.650219
0.416719
0.508438
0.53326
-0.428966
0.648307
-4.86831
0.850623
0.74305
0.753736
0.796125
0.835741
0.721143
19.7252
0.877156
0.834895
1.0561
0.781161
1.0022
0.560519
0.533463
653.809
0.581403
0.660915
0.452929
0.479888
0.399484
0.435197
0.424221
0.607611
0.470894
0.123007
0.662446
0.505088
0.622729
0.405517
5.89364
0.54349
0.194786
0.242843
0.349358
0.328893
0.347763
0.316082
0.197667
-0.142361
0.263161
0.58442
0.257483
0.225721
0.291299
0.385493
0.0401432
0.313829
0.190846
0.30703
-0.180139
-0.233329
-0.470096
-0.251341
-0.606113
-0.556684
0.338326
0.0142042
1.64461
0.0821996
0.35819
-0.0428772
0.016496
-16.0667
0.140352
0.172927
-0.0260491
-0.845593
-1.30014
-0.98886
-4.34771
0.48096
-1.57375
-0.468186
0.265066
-2.60526
-1.03683
0.0795369
-1.88736
0.568492
-0.917709
-1.00225
-3.28227
-0.106486
0.260148
0.588837
0.0608991
0.454217
0.339466
0.56639
0.586709
0.90148
-0.1816
0.0274392
-0.439796
1.20836
1.35143
0.237225
-0.319724
1.27506
1.41291
1.52756
1.26448
1.08177
1.10402
0.996735
0.571776
-17.336
1.52592
0.092888
0.136208
1.14587
-3.67475
-0.301678
0.780315
0.666436
0.704446
1.75612
0.640862
0.242446
0.865808
1.52542
1.05379
0.836016
1.23243
0.460262
0.928161
-0.409552
1.47567
0.303659
-0.124826
-3.03979
2.48223
0.607636
2.14097
3.0313
2.25803
2.05304
2.85756
2.7829
0.514299
-1.21334
2.57051
3.27264
0.707548
0.337089
3.07198
3.95807
4.17595
4.5301
1.20083
5.02582
5.1129
4.04532
3.67016
2.38771
2.16706
3.17831
-0.18546
3.88687
3.66117
3.67212
3.40017
111.014
1.95467
4.46222
3.95344
1.81825
4.56085
77.3786
92.2494
100.657
94.4004
190.526
-0.0552547
2.35665
4.6656
12.5679
9.45635
7.44303
0.3713
5.28552
1.58824
5.42068
6.13745
7.35174
5.0726
6.09357
2.19688
6.29617
4.65133
438.015
555.526
0.304772
10.8095
10.5386
5.42163
7.03902
6.57817
90.0751
-8.7868
-10.0136
-0.180153
81.8922
14.4365
4.73189
6.43144
0.779553
0.614022
1.7502
2.1828
1.99615
7.21738
2.92506
4.51826
5.3245
2.42527
2.45123
2.03095
0.167847
0.569788
3.06151
7.23226
2.28672
0.575585
4.73659
-13.8054
264.189
0.0982984
5.64245
6.84634
2.57799
0.216785
-0.400019
5.31452
2.48856
0.33062
-6.90437
-10.2597
-17.7436
15.0059
1.47614
-15.9976
-16.8974
-16.0799
-16.4481
-18.3345
2.57128
5.5179
34.5023
-23.9682
-2.90874
-13.342
2.73908
-17.5993
-5.49528
-12.5657
-1.572
74.0968
37.4995
-5.83549
-18.3933
-16.1609
-10.5013
-14.7553
-3.7024
24.6054
-13.5305
112.86
-16.7025
219.69
-16.5631
-20.1927
-19.0341
-12.9548
-17.777
-17.4224
-16.6094
0.147732
200.846
92.6959
219.846
-12.3507
-17.9482
17.6643
127.315
24.8118
-13.5047
0.308987
303.451
297.09
264.791
101.061
-9.16502
408.803
516.247
497.5
-14.1488
6.83369
604.048
128.471
464.146
328.892
5.29302
203.484
306.961
122.341
1.66195
118.039
114.227
16.9022
62.7388
-16.313
-0.148396
12.7209
9.91811
71.0075
-17.6382
-17.7967
276.366
6.04042
5.38108
167.239
368.499
59.9826
2044.41
-0.223562
-3.0796
1021.32
355.53
12.3043
226.807
33.4675
308.314
12.7348
324.818
0.20665
0.609386
4.15197
-18.4711
-7.15404
-2.18358
-1.18206
-6.90176
3.30123
-20.6323
1.27269
-0.946235
0.88818
0.332827
-11.5657
-0.392282
-16.2334
-16.4982
-5.12868
4.98933
4.82588
-20.1546
11.0024
-18.0995
7.37332
7.58602
30.215
35.1087
3.6556
19.6286
39.3757
-0.528215
-7.94339
358.703
360.168
36.9248
1.88194
-0.440084
623.164
-0.722744
5.50223
348.984
-4.16071
14.0434
872.807
-3.33924
198.67
-3.09789
28.0862
-4.97437
770.046
217.347
-0.0817619
-12.4648
-17.9581
-2.65729
646.821
-0.131059
1354.89
-0.741647
23.5291
703.718
1.26648
257.458
909.347
0.162672
-5.1351
0.563317
1039.89
1087.76
15.6292
37.7034
1086.38
-2.57625
-2.54512
21.9227
18.093
0.705875
43.4093
284.012
-0.487956
434.34
-0.262369
24.0497
0.0610455
113.21
112.715
-0.419467
1.67283
71.0718
1254.89
0.128688
1.02782
0.383013
0.520542
-0.0663619
1672.46
0.30455
-3.76624
18.0368
0.273311
1231.57
1.29462
-0.037305
-0.00909911
-0.520269
-0.142092
1.44912
0.0695878
-0.593444
-0.354548
-0.227996
-0.227013
-2.99026
-0.104437
0.028831
0.0346769
-0.351654
-0.033499
-5.83003
54.291
-0.270694
0.0474832
0.0425285
0.0222396
0.195241
-0.0522132
-0.87826
0.0521784
-0.0472797
755.53
0.000500866
0.299943
0.633132
-0.0428102
1137.04
0.0362284
-0.0528482
0.431
-2.90705
-1.31575
-0.564432
-3.57408
1.27189
0.922165
-3.81334
-1.73293
0.664941
-2.02824
-2.01721
-2.00863
-0.238875
-1.49765
0.93212
0.991123
0.875949
-6.82131
-0.833582
-8.31494
10.0424
274.769
378.419
-3.41952
-3.24744
104.137
0.326869
-6.26213
-6.85887
-7.82487
34.9976
0.0570864
-11.1962
0.920055
0.109935
-0.220315
0.00981237
0.21918
-0.627437
-12.4642
-1.09077
-5.56385
-18.5145
-1.93731
0.289047
-10.6251
0.160834
-1.81109
-0.687381
0.240968
-0.939059
-3.74278
1.07309
-0.034954
-2.75164
-1.31529
1512.26
-0.160935
-0.27737
1.29322
-7.70877
499.384
-1.14599
0.178772
0.0838816
0.0249041
-0.602459
0.368377
-0.0978558
-0.00746579
0.0339435
0.0889967
-1.80598
0.0240596
-7.18339
-1.13528
-1.31765
-3.82702
0.0447365
-0.133309
0.524487
0.0141388
0.0696192
1.27983
150.307
601.937
-1.8978
0.978755
1.5019
0.0154708
-11.1944
-17.2569
-0.169774
3.70029
1141.76
5.58176
636.947
2.02694
-4.19191
470.98
0.181273
-18.6221
0.240106
2.2838
7.16148
487.996
-0.638631
2.41924
2419.38
-0.839878
-10.4574
45.6418
431.417
138.819
34.614
47.6965
51.0317
410.823
207.057
-8.38832
2.36847
2795.07
-18.9455
678.941
266.844
324.284
167.182
-16.9838
26.7901
395.575
-18.8965
218.566
-9.71188
-11.9496
23.8094
-16.4023
0.0198985
-18.4796
-7.29214
0.684503
-8.97741
-5.92555
-10.4126
-0.293834
-2.78373
0.0105143
4.10009
-14.1338
-18.8952
-0.5941
-15.1631
-7.40745
-13.0482
-0.11607
-9.94134
1.2972
5.00531
2.78834
1.73874
0.590634
-14.1282
7.62402
100.203
16.0454
-16.8485
-5.73144
-17.5975
654.652
2336.77
24.4468
4.71367
70.8886
531.937
215.114
26.8936
5.18319
5.22893
0.476384
5.35449
721.082
10.6133
5.2016
5.94162
11.015
-0.7502
4.75735
534.298
1.12184
5.39362
10.1289
632.28
4.20314
309.973
12.32
3.97067
3.77228
1.89272
-0.0439397
0.332658
10.2159
4.33416
0.24032
2.02834
5.7772
-0.818625
1.31029
12.2889
1.71396
12.3539
0.0448134
2.45753
20.1167
0.322044
1.02613
4.37437
-0.49372
-3.06892
-0.32226
1.24476
-0.0312956
-1.04495
0.510311
-18.2233
-3.17192
-0.0673724
-15.4803
0.0702527
0.87688
-17.7873
-4.25687
-0.34612
0.205931
-9.71365
0.0881289
0.066349
0.378383
-0.0238728
5.03
0.674236
0.0454878
-0.00103558
0.72664
0.362691
0.385434
0.832658
1.48635
1.94149
0.368075
0.472075
0.408426
0.543209
1.02606
0.464167
0.800126
0.750018
-4.01319
0.297038
0.237394
0.274743
0.424654
0.374849
-0.523139
0.32253
0.346305
0.278403
103.564
0.285821
102.184
-1.86305
0.570834
-1.20008
-6.43815
0.094458
24.26
1.01919
0.234509
-0.792226
0.221935
2287.64
-3.20304
1956.81
0.597249
-10.0313
0.0150424
0.601544
-11.9992
0.558297
0.00153065
-6.61084
-2.00618
17.5176
826.035
-0.174281
0.229531
-0.497796
5.33329
-0.0240236
-5.87571
-0.636634
5.35431
0.252529
0.0396847
0.0516064
20.0021
-0.0979992
0.315193
4.23952
-2.89867
0.221506
-0.0881269
3.44179
0.625736
1.06699
-0.0398615
0.275995
0.0324692
-0.141041
0.30158
-0.0169277
-0.0626202
2.59366
-2.05163
-0.0844565
-5.85013
0.221663
0.636234
-0.746045
1302.22
27.3903
0.532243
-0.0313593
0.281372
22.0221
-1.11766
-0.0931506
0.430913
3.11344
1237.87
0.211946
0.0960768
343.3
0.0303544
0.0915255
0.891515
0.257215
-0.109156
1057.07
-0.138983
2727.35
-0.081383
-0.142767
-0.372264
0.180877
1860.12
1791.58
-1.22809
0.412435
1308.06
-0.473318
0.578632
0.436862
-0.0698785
2697.19
0.0142256
-0.990657
0.0604713
0.600936
-0.189311
0.0365392
-0.0240335
0.35019
0.0415591
2533.26
2814.18
368.163
-0.391881
-0.144829
-0.54701
-12.5694
-0.255138
1.15179
0.380195
0.107159
0.322213
0.35341
-0.105634
1989.46
0.0140008
0.13713
0.00857925
0.311601
0.015462
-0.0542265
0.161949
-0.148983
0.200165
0.0192907
0.18721
-0.214631
0.0288821
0.310551
0.0573159
0.0893395
0.0506927
-0.0878144
144.71
0.0991473
0.113309
2793.81
0.349027
0.57715
0.305122
0.446981
0.100805
0.976444
0.323219
7.71199
0.331901
-0.128202
-0.0498085
-0.93414
0.0736375
0.0690103
0.144276
0.364771
0.0610461
-0.0419912
0.67318
-0.83278
0.130504
4.39731
0.454477
-0.104698
-0.0279051
0.142813
0.321017
0.132038
0.0803675
0.156049
0.327154
103.167
0.185333
2.0719
0.242558
1.13025
0.178875
0.409568
1.61204
0.416953
0.273492
0.303059
1.15458
0.123117
0.386531
3.70323
0.227141
0.108114
-0.255674
-0.00223006
-11.7014
1.65433
1.87165
-4.10035
1.45832
1.48348
-0.555009
0.519385
2.60362
0.376868
34.4126
2.19913
-0.0647071
9.07558
3.53154
3.95583
0.138289
3.1501
0.206556
-0.860078
8.89227
3.10629
11.7518
0.141318
3.45288
3.42893
13.242
2.36852
3.16221
-11.204
3.57628
0.153454
0.0225423
-4.84646
5.40095
-0.208169
2.0862
7.46099
8.10113
4.3717
0.0406377
-0.364737
2.48618
4.99904
8.14552
0.0951257
85.7024
1.2118
0.293239
0.238358
-2.3085
-2.75538
-3.51512
-1.33016
-0.12139
2222.95
0.219447
1.22494
-2.80909
-0.980523
-1.28334
0.58964
-0.709421
-2.25533
0.395024
0.5393
-2.7443
0.161891
-15.9067
0.414661
0.250018
-3.02061
-1.38227
-1.01851
-3.83199
-7.98404
-3.18176
0.252528
-1.81906
-4.31841
2809.23
-0.622422
-0.232444
0.885611
1323.7
1208.16
0.172241
-0.124682
0.0409868
1558.14
452.625
256.256
108.715
417.152
-4.30715
192.425
0.22676
47.7984
809.562
206.039
0.873997
3.76035
102.999
573.75
0.129585
-17.8289
33.0121
0.0535504
-3.09184
568.233
-0.652007
-2.75639
211.677
287.111
-5.71874
-6.37377
26.2581
5.61639
0.308201
4.42203
0.0735456
40.756
10.3769
732.088
19.7694
9.4001
838.778
189.292
-4.33018
21.0062
232.375
217.611
13.1855
70.3768
88.7081
73.7067
10.09
-7.69266
0.305689
-5.96095
-3.95286
4.10364
240.815
4.60182
-1.28349
6.95971
-8.91554
7.269
22.7423
6.31144
0.334713
4.46528
0.185941
5.50069
0.391789
6.27495
0.148355
3.15606
-0.0946109
5.27255
5.11078
0.0310374
3.48482
3.01714
-0.135149
174.751
-0.132048
0.160525
6.05099
1.17564
0.305587
0.226985
0.153037
10.4926
2.6392
4.9245
105.873
5.32467
273.735
3.32316
567.899
12.7266
5.63854
2.94932
0.239744
0.102628
317.203
7.3901
5.64147
-0.609452
5.07667
0.436401
8.88731
11.6106
0.311758
3.70987
4.77755
0.235097
8.92861
3.08105
266.406
0.1689
1.15405
-9.90071
0.0540956
-4.02041
615.311
5.77621
-4.21179
0.183195
0.62783
1.20456
3.39923
1.41488
3.63553
0.754097
0.476971
0.44683
0.43329
0.286049
0.187437
-8.15948
0.450484
0.651975
0.747974
-6.1128
0.0879491
91.6942
0.453073
2697.97
-0.0260384
-2.24226
20.7265
0.019516
0.107566
1.15427
1199.07
0.144094
2275.29
0.0184932
0.154192
-0.829091
0.122839
0.242418
0.603751
-4.23464
-0.0197607
0.0581756
0.265861
1.02224
0.434593
0.282286
0.161915
0.781561
-5.77373
-16.5266
0.34513
0.303168
0.3626
0.309287
-17.2449
-1.77291
0.318134
407.516
0.0276103
-8.44271
-0.65656
0.166901
0.339711
-0.361838
-3.56603
3.33775
-0.812944
14.6427
669.27
0.24628
-0.406928
0.0907846
0.231041
-0.726263
-0.0228276
-6.54897
3.85134
2.44421
-0.335551
2726.01
-0.838641
-4.81562
265.487
0.482983
-2.75872
0.133321
0.232066
0.314986
1.2241
7.59597
1.58672
-0.168759
0.895231
-0.346696
0.105568
-0.0376286
1.82371
0.561028
0.517481
0.234547
0.178856
-12.2851
1569.6
0.701014
24.3426
0.257439
-0.009397
-0.0518011
-2.34779
0.246125
2802
0.272999
0.0631556
73.1111
0.228579
2.78409
-0.768515
0.774756
0.227102
-1.76659
0.00643615
7.8216
-6.2202
1.5396
134.051
0.395074
1.48815
0.414065
0.200538
-14.4134
-1.83765
4.81206
3.84434
0.11011
4.48684
3.1381
1040.3
100.787
-0.377129
1305.62
-3.78026
7.65736
-0.10998
0.174307
-9.36687
3.3085
630.495
-0.000864433
0.219267
-13.6364
0.153821
0.242012
-0.399942
0.0812891
0.241458
-1.37219
0.310948
0.0843193
)
;

boundaryField
{
    FrontBackPlanes
    {
        type            symmetry;
    }
    wallz
    {
        type            fixedFluxPressure;
        gradient        uniform 0;
        value           nonuniform List<scalar> 
97
(
2802.78
2753.26
2771.36
2826.33
102.133
6.22147
7.47467
108.91
109.649
0.138121
0.0597377
0.100256
6.2344
7.7453
6.45754
109.803
108.996
107.887
0.254203
0.217511
0.177772
3.3757
3.75504
4.50724
110.685
130.904
201.001
0.372297
0.344975
0.287068
2.34166
2.68795
3.03816
387.763
599.739
0.491028
0.437121
1.4273
1.70277
1.97634
191.922
433.872
0.559659
0.826777
1.00578
1.17807
1892.74
907.12
4743.39
0.856538
0.443527
0.554034
0.66732
748.955
612.055
205.364
1.21622
1.02144
0.285828
0.356265
644.022
586.847
266.306
1.712
1.47705
13.6355
13.3172
0.0617712
0.11581
128.759
89.9174
100.308
2.42228
2.05843
10.5384
11.8452
11.9288
104.617
106.615
106.155
108.237
106.826
0.015199
2732.68
2775.82
2760.71
2854.13
105.714
100.724
0.0122378
0.748645
596.336
0.215755
104.648
500.105
0.150563
0.633132
)
;
    }
    outlet1
    {
        type            fixedValue;
        value           uniform 0;
    }
    inlet1
    {
        type            fixedFluxPressure;
        gradient        nonuniform List<scalar> 2(0.00136259 0.000867545);
        value           nonuniform List<scalar> 2(2782.62 2776.32);
    }
}


// ************************************************************************* //
