/*--------------------------------*- C++ -*----------------------------------*\
| =========                 |                                                 |
| \\      /  F ield         | OpenFOAM: The Open Source CFD Toolbox           |
|  \\    /   O peration     | Version:  v2012                                 |
|   \\  /    A nd           | Website:  www.openfoam.com                      |
|    \\/     M anipulation  |                                                 |
\*---------------------------------------------------------------------------*/
FoamFile
{
    version     2.0;
    format      ascii;
    class       volScalarField;
    location    "0.6";
    object      p;
}
// * * * * * * * * * * * * * * * * * * * * * * * * * * * * * * * * * * * * * //

dimensions      [1 -1 -2 0 0 0 0];


internalField   nonuniform List<scalar> 
6576
(
-407.886
-432.187
-397.949
-406.81
-415.001
-394.046
-393.633
-382.273
-402.409
-400.249
-397.83
-389.927
-377.633
-392.586
-305.549
-321.701
-358.422
-351.95
-325.09
-316.667
-360.586
-386.756
-394.72
-465.951
-296.992
-254.002
-182.966
-435.493
-438.189
-433.924
-426.86
-415.371
-377.428
-277.825
-257.703
-275.462
-303.807
-301.348
-292.073
-296.915
-332.938
-379.049
-327.589
1354.7
938.749
2381.35
1518.28
1413.06
1855.99
1337.92
1347.05
1511.26
-2.97289
-2.94368
-2.95826
-3.0265
-2.41534
-1.88163
-2.83859
-2.9404
-2.91463
-2.91976
-2.90317
-2.91018
-3.00411
-2.91937
-2.6945
-2.73722
-2.75395
-2.79201
-2.74795
-2.82386
-2.76564
11.2173
10.706
10.9613
11.0164
10.7729
9.49697
10.3689
12.244
12.3919
12.0994
12.8329
12.3254
12.2582
12.1352
205.518
175.261
148.444
148.128
100.764
175.072
170.299
209.636
287.908
271.205
247.052
247.999
264.15
295.585
805.409
1098.95
837.003
857.079
862.692
717.938
851.589
1809.24
1764.55
1789.93
1713.42
1781.46
1979.47
-2.59247
-2.79786
-2.20231
-2.37064
-2.37578
-1.8678
-2.34689
-9.74437
-134.334
-208.247
-82.9524
-47.7483
-25.4861
36.6402
-2.65191
-3.1171
-3.69884
-5.80533
-3.32509
-6.91064
-4.34422
7.45162
8.24215
7.26969
6.08393
7.61288
9.30012
7.42845
3.06255
2.51042
4.33917
4.09661
4.16103
4.66868
4.01617
7.7824
10.4082
6.85416
5.94181
8.63523
12.9599
7.81305
18.6891
17.3894
17.4662
16.9446
16.521
15.2289
16.6347
15.3889
16.9496
16.1824
16.14
15.5863
15.136
16.5963
15.0214
15.7707
12.1938
10.4965
10.2292
13.2987
11.6795
8.42954
8.37558
8.98269
9.88662
7.70367
7.95897
9.83307
9.19655
9.27095
10.9396
12.3842
11.896
10.8823
6.19875
5.62279
4.50234
6.03715
6.53337
6.05183
8.16491
8.40102
6.68687
7.70672
8.90628
12.6163
8.90053
7.92584
4.9978
3.98913
5.33045
6.72045
4.26103
3.319
6.2352
7.03409
11.1318
5.94713
7.07397
4.12825
6.37256
8.07319
-1.14475
-1.26331
-0.805531
-0.440605
-1.39149
-1.00006
-0.358055
0.837336
0.190512
1.1529
0.811887
1.4051
1.76875
1.59177
5.86747
5.64726
5.13935
4.67625
5.5641
4.8506
4.70547
7.82059
6.5889
7.1416
6.34362
5.35369
7.73158
7.13222
11.9013
15.9418
13.2867
8.83244
9.99462
9.67959
10.7347
14.0688
12.2862
21.0315
13.7779
36.0377
17.5931
14.2774
10.9227
16.2551
-60.0747
-55.0313
-93.754
-56.0965
-38.2009
-54.8981
-85.261
902.463
858.567
801.348
883.634
817.696
714.732
700.507
754.523
775.878
671.963
701.741
748.105
622.224
583.446
619.967
553.304
274.84
306.436
378.213
348.974
410.065
350.808
264.081
352.883
326.935
712.905
658.942
698.771
432.107
443.908
408.826
497.252
422.378
401.073
447.339
-94.7865
-14.5522
-81.2495
-67.7842
-177.629
-209.098
-128.274
8.45136
-0.622279
-0.206522
2.3405
0.77937
1.31995
1.36112
1.03066
1.17132
13.1895
13.1667
13.5368
11.1599
13.1024
11.899
12.3448
163.552
134.548
269.209
0.969211
125.599
141.834
87.2906
271.721
224.275
150.575
181.875
109.535
237.081
194.005
228.7
307.907
496.33
530.309
487.638
483.1
529.636
415.639
452.555
477.826
441.958
870.871
938.259
874.475
884.553
979.083
831.081
988.727
891.704
921.84
959.044
968.039
899.522
727.367
884.183
850.504
822.203
633.603
514.228
588.589
615.701
696.214
577.89
669.132
275.436
185.122
229.813
215.742
300.552
163.781
265.281
18.8418
19.2094
18.9112
18.8924
19.7923
19.3616
19.7771
19.3238
19.4141
11.3291
9.60177
9.85476
7.82186
9.4086
10.3565
13.1098
3.62849
3.9775
3.93921
3.81829
4.03415
3.82763
3.92438
3.85502
3.67406
16.0271
12.2434
13.2572
17.7528
16.2624
10.5389
14.3609
34.2237
14.9193
-5.91303
50.0181
13.1354
22.97
26.7121
13.5076
12.3516
12.8274
14.0151
14.6559
12.834
13.4213
16.1081
15.1747
16.6723
16.5017
16.8105
16.9944
17.2155
16.9623
15.9313
16.7884
18.6502
15.1731
15.9607
17.2434
-33.3652
-14.5055
-13.6462
-30.7647
-30.6723
-2.90036
9.07194
-11.3059
-4.71983
-35.903
-55.3659
-26.5867
-45.1714
-32.2998
-72.5234
-44.6892
-176.27
-64.2169
-131.171
-108.109
-224.384
-61.1124
-121.26
-137.049
-127.583
-174.314
-127.731
-92.6576
-85.7802
-114.861
-599.864
-544.213
-489.22
-555.729
-832.731
-575.739
-478.272
-319.505
-290.092
-362.353
-336.069
-396.598
-425.121
-344.909
-1044.52
-588.216
-639.378
-269.116
-277.3
-181.817
-1252.96
-824.371
-833.558
-1027.28
-1269.32
-616.031
-579.746
-869.672
-968.686
-1223.93
-628.15
-718.012
-689.531
-990.034
-1145.57
-1473.74
-810.769
-155.37
-209.234
-416.627
-299.999
-27.165
-346.047
-52.1526
-120.865
-439.828
-267.11
-277.263
-196.328
-23.1933
-54.1482
-102.087
-20.4413
-18.6728
-328.79
-3.62159
-9.07783
-3.46525
-3.89304
-5.47965
-3.56878
-3.14977
11.0366
8.07418
4.93583
7.74447
3.86847
5.83446
1.12788
-4.68256
7.20213
12.5984
13.4723
10.7417
6.86752
8.0836
10.3952
9.49954
5.4978
4.26474
5.51816
4.96543
4.20658
3.1643
5.15224
8.41161
7.92632
9.5614
6.47631
6.21466
7.17461
6.67103
11.2636
13.4578
11.287
9.45004
11.3401
9.69548
9.22806
8.82362
8.71857
8.1909
8.89125
8.88716
7.34281
5.84092
6.10191
7.46
6.20814
6.655
7.79873
9.81826
10.1026
10.9519
13.3018
11.2707
11.8356
12.6626
0.337422
0.489256
-0.139781
0.931033
0.694861
0.291755
0.708566
0.46382
0.329417
1.33109
4.27372
2.92101
3.18203
3.20072
1.19034
2.15708
4.6705
5.36508
5.58965
6.41976
5.20345
7.48673
7.05801
-284.165
-297.596
-287.315
-291.481
-297.417
-300.356
-285.697
-304.607
-305.71
-304.038
-304.3
-305.187
-305.301
-304.044
-344.533
-341.931
-335.615
-338.416
-336.722
-341.867
-341.038
-273.146
-279.953
-259.524
-273.13
-261.884
-278.294
-268.99
-264.338
-259.486
-258.669
-262.17
-265.492
-257.611
-259.833
-252.135
-258.478
-261.918
-253.101
-133.672
-193.264
-84.1048
-184.032
-216.565
-223.021
-301.781
-159.444
-139.072
-150.965
-167.343
-170.793
-215.9
-73.8343
-305.314
-196.995
-215.48
-219.784
-206.78
-150.253
-173.678
-161.058
-293.001
187.72
132.689
295.51
94.533
-144.838
54.3229
402.008
414.64
435.509
365.981
347.684
401.987
224.321
265.434
391.855
322.347
354.647
267.279
421.946
418.392
377.983
384.905
370.085
425.917
547.504
474.734
374.657
459.005
500.689
437.994
506.743
559.803
505.647
494.585
518.617
521.202
467.088
436.997
690.801
638.181
631.544
664.14
550.185
634.276
706.241
959.666
924.51
979.014
299.819
694.07
659.089
635.603
655.758
668.364
484.77
911.475
793.341
787.75
847.317
928.722
772.049
665.393
910.689
799.291
1030.46
928.051
899.841
39.1502
232.918
22.5579
235.887
222.121
175.558
159.759
238.673
210.213
687.536
567.312
718.739
733.25
669.008
655.916
581.173
904.778
668.934
658.262
127.734
62.6445
7.97456
259.623
112.352
48.1303
110.891
475.393
168.624
300.006
205.433
176.23
42.1724
270.651
46.6977
76.8364
29.8192
92.1637
188.886
223.844
131.05
-1.40652
-111
-43.1094
-41.3339
-54.7143
-60.8441
1.26507
-73.8828
-106.118
-64.8743
-54.2228
-84.2801
-60.2619
-66.9746
-236.048
-266.924
-270.359
-334.661
-357.139
-295.742
-286.984
-137.298
-83.9381
-47.9931
-52.7293
-88.4894
-57.6051
-41.0565
17.6027
25.9625
9.40252
44.1658
10.8198
33.5358
14.8904
8.49464
17.9816
24.4193
17.1027
36.5303
28.599
34.4214
45.8009
33.295
30.2471
24.6388
11.8937
10.3936
21.7693
10.2268
11.6892
5.17606
18.1298
5.31244
9.20248
3.54667
18.4464
8.6313
5.0703
9.19642
9.74914
11.7074
8.88829
8.97685
9.28814
8.28241
9.18985
14.4405
16.1954
16.3018
17.883
16.4564
-9.15281
-8.66545
-2.83831
-4.03691
-21.8751
-6.8764
-5.04156
-1.8687
3.82217
-2.04729
11.217
2.25585
4.53967
10.3048
-21.5531
-32.6684
-14.7066
-21.4482
-16.3705
-8.92765
-8.82101
25.654
75.8033
-17.2189
-12.8504
5.05698
-61.2455
-37.295
-8.45503
-15.1892
-50.6869
-39.5458
0.0765098
9.63717
-7.44502
-23.8987
7.61735
41.0994
-8.04925
64.0136
-33.8146
-26.889
40.0174
55.7826
4.88222
0.936409
-40.1305
-26.4613
-10.5164
-75.9611
-36.0044
-29.9478
-42.0103
-31.7737
-25.0581
-57.3997
-98.7241
-63.0574
-154.561
-63.5715
-71.3695
-35.9583
-151.566
-96.066
-66.5768
-106.757
-225.53
-129.858
-108.199
-321.513
-116.421
-154.174
-359.862
12.5434
7.65246
-2.21424
-1.74495
-18.8829
-14.8719
-3.45843
-5.40957
-12.0056
-6.57731
-3.09784
-2.93133
-3.00003
-3.22007
-3.31533
-3.35802
-3.21015
-3.2631
-3.18117
-2.98245
-3.44106
-3.21588
-3.24942
-3.51943
-3.10177
-3.46969
-3.59798
-3.70672
-3.90905
-3.18858
-3.14512
-3.00685
-4.04297
-3.58807
-3.48075
-4.49328
-9.02134
-5.431
-6.33298
-9.53482
-7.02153
-5.81859
-7.04007
-3.1277
-2.39318
-3.1817
-3.41915
-4.15702
-4.12488
-3.34011
-3.23655
-3.87559
3.18776
3.04194
3.89345
1.56013
3.60162
4.21136
2.96423
4.30727
3.64038
3.35975
5.06133
2.83364
3.99408
1.91678
11.7072
9.00897
12.2778
10.7221
9.78633
10.6127
14.4208
13.0231
10.3313
11.7304
13.7855
13.9945
14.4713
14.3312
12.7512
15.7645
13.1274
15.2613
12.9464
13.5421
14.3192
-1.32682
-1.35307
-1.25544
-1.33494
-1.35615
-1.23748
-1.21651
-1.24257
-1.30784
-173.771
-129.496
-55.852
-234.988
-155.635
-155.495
-167.332
-286.699
-291.646
-230.729
-196.491
-283.343
-290.059
-296.757
-279.806
-302.221
-291.271
-289.861
-297.009
-294.818
-298.881
-297.032
-293.937
-308.926
-307.319
-307.272
-309.499
-308.732
-308.403
-310.32
-333.299
-293.651
-262.592
-338.601
-335.105
-225.399
-275.006
-308.776
-306.834
-329.519
-244.587
-327.939
-383.775
-342.565
-329.039
-300.525
-352.02
-281.01
-280.532
-236.222
-323.765
-299.871
-384.953
-393.992
-275.959
-327.451
-278.09
-262.281
-287.685
-323.854
-474.771
-279.037
-313.53
-90.7811
-187.899
-184.951
-6.33422
-110.783
-25.9002
119.887
32.6168
136.712
147.335
205.825
160.409
129.003
568.167
159.423
308.766
134.48
88.3382
157.097
31.3114
-43.2051
-27.2731
47.8752
277.068
149.141
162.646
-100.754
-47.5553
-98.9222
-75.0151
-31.1345
-55.2304
93.1897
77.9778
-43.0953
-0.688846
85.9237
61.0789
85.1998
121.517
97.887
78.7842
149.839
62.0282
40.3438
40.5974
69.1696
5.62588
10.9019
-10.39
4.17252
-5.65392
-29.4046
8.39695
-1.80338
-21.7362
17.7051
-1.90609
6.40158
8.53883
11.3041
6.92077
15.1125
4.60171
39.2268
50.5362
21.6198
50.6706
10.3614
1.59514
-4.49062
24.2109
41.7574
18.4208
29.8618
29.9603
17.7204
7.89917
21.2891
26.1376
-2.5508
0.887445
15.1274
26.3492
42.0522
-69.2179
40.5162
12.3848
10.5746
43.7891
-37.9572
12.4972
13.2212
11.6863
11.5183
11.1854
11.1247
11.7781
11.4923
11.1212
11.6402
11.9354
11.8006
11.9347
11.8185
11.8375
12.1163
11.8275
10.8518
10.9214
11.3042
11.4325
6.62326
7.33725
6.46441
5.37594
5.65443
6.65635
6.23917
-34.964
-9.78185
-17.4377
-51.3164
-37.8893
-11.322
-39.6734
-89.1318
-93.014
-39.8499
-58.4735
-53.3027
-78.1545
-57.3574
-27.7342
-44.7009
-46.2976
-25.7221
-23.4582
-26.4777
-21.281
-23.1459
-15.4265
-21.4346
-19.2414
-17.0658
-22.6984
-27.5629
-33.6492
-38.5829
-36.1463
-30.5418
-30.4787
-24.6452
-30.6872
-26.143
-25.0621
-94.5983
-6.27838
-57.4232
-81.7351
-70.2059
-56.0338
-52.4294
5.0583
-24.589
-25.9508
-44.9813
-59.7598
-12.4358
-30.6327
-0.662711
80.2833
47.5855
-24.2792
-62.8662
-66.8631
-28.6682
-79.8112
-42.9489
-107.337
-5.56728
-59.8183
3.16942
-31.6223
-37.5199
14.0831
-22.4902
60.6598
20.096
21.4285
67.9887
-12.4797
-57.3472
-19.3354
-8.78853
-2.65378
-7.7842
-17.9865
-13.1848
-17.9582
-33.6578
-14.2848
-29.5394
-16.9504
-1.51525
-22.8814
-6.43102
-5.16823
-24.4478
-22.4628
-21.5919
-31.855
39.4087
-2.63689
-43.0417
20.4663
13.4758
24.623
20.9228
5.7117
16.5498
2.98918
18.159
17.9744
12.9676
3.00243
-8.69653
-34.2725
4.91445
4.29974
12.0362
-5.35427
-6.21522
-5.79372
-5.15563
-6.187
-4.87557
-5.95547
6.31668
2.89035
5.77392
1.6728
3.82206
3.82286
6.73863
-6.13845
-4.71656
-5.05159
-5.75612
-4.50398
-4.29939
-4.84415
-3.6747
-3.68298
-3.55298
-4.7402
-8.70676
-6.1298
-3.5849
-5.86084
-5.14338
-3.70869
-4.99189
-11.2356
-4.01092
-5.65882
-5.03575
-4.71931
-4.88885
-4.64147
-4.35426
-4.56551
-6.50364
-5.64193
-6.27241
-4.89576
-5.11037
-5.18813
-4.74598
-6.42865
-5.30987
-4.75433
-3.57166
-3.47388
-3.13745
-3.94001
-3.88287
-3.79079
-3.65984
-4.36046
-3.98156
-3.89634
-4.1088
-3.98739
-3.78337
-4.11471
-3.27582
-3.54592
-3.21154
-3.03651
-3.30764
-3.29068
-2.94048
-3.28936
-3.58616
-3.20721
-4.21238
-3.11493
-3.85617
-3.62317
-1.80017
-1.97908
-1.91362
-1.80526
-1.77066
-1.85918
-1.87663
-2.05574
-1.94585
-1.95093
-1.90812
-1.88083
-1.89113
-1.83141
-1.91284
-1.78644
-1.70189
-1.82151
-1.83361
-1.81702
-1.75102
-0.745847
-0.894795
-1.07868
-0.415142
-0.969452
-0.272246
-0.855645
-0.877156
-0.549496
-0.745249
-1.56617
-1.37154
-0.672993
-1.65848
-1.89112
-1.4326
-0.611626
0.403623
-2.18894
1.40889
1.44862
0.475249
-0.149806
-0.751777
-2.94185
-0.627034
-7.42046
-2.15983
0.938237
1.13329
-1.70106
0.316491
3.65951
-3.59196
-9.59354
-43.4979
-16.0898
-32.8128
-8.88234
-8.8522
-13.4477
-154.806
-126.014
-90.2499
-164.195
-132.004
-194.053
-146.485
-287.352
-306.991
-306.056
-268.764
-269.317
-287.332
-282.268
-248.8
-255.604
-209.636
-279.756
-247.555
-237.558
-265.124
-337.228
-337.342
-348.082
-342.642
-345.234
-346.648
-355.613
-338.73
-341.637
-334.949
-363.328
-361.002
-339.191
-328.495
-281.937
-326.774
-291.058
-282.276
-293.433
-270.715
-296.127
-389.24
-317.634
-404.359
-302.6
-314.058
-307.863
-299.087
-245.535
-285.001
-260.292
-370.012
-279.185
-277.063
-363.966
-259.007
-291.672
-220.747
-349.58
-347.431
-268.944
-330.587
-338.985
-345.395
-349.022
-416.73
-413.029
-349.44
-361.462
-330.511
-307.603
-414.692
-269.469
-199.764
-159.038
-160.194
-133.884
-147.365
-228.204
-192.137
-140.283
64.3541
41.0505
6.78301
34.0471
17.3814
12.7708
105.121
103.024
63.6267
27.7448
88.8747
184.259
239.774
162.731
131.41
210.825
323.256
116.829
116.573
117.009
35.657
28.8144
26.5076
38.2162
48.2738
37.1993
28.2173
15.916
18.0589
19.3593
21.092
16.0567
17.435
19.0823
20.6043
18.6553
20.4821
15.667
16.3487
17.4648
17.3454
57.6162
38.6577
40.886
37.5956
36.2497
24.7509
18.9767
35.918
33.2559
8.70259
6.21866
13.5125
4.15787
11.2311
5.06572
41.9842
10.7268
13.7197
14.6866
16.3987
14.8669
16.4233
15.4227
15.3325
15.9322
13.1743
13.0003
13.5166
13.4616
13.0702
13.9124
14.0043
13.3299
13.7869
13.7873
13.705
14.6314
13.8757
10.5545
16.283
16.5626
54.9296
58.2836
54.3022
44.0652
53.5023
51.6221
57.3656
48.3849
35.4381
42.8061
26.1962
33.8372
39.202
46.2021
3.59966
120.862
60.5549
145.413
61.1862
29.9071
23.2212
-18.9808
25.6542
-24.5541
56.0254
38.082
25.3744
-4.77422
62.785
127.83
113.954
25.8289
29.6784
-3.47813
49.5684
48.3187
32.7913
2.94742
60.3239
45.0754
34.2562
40.702
45.1414
22.2531
19.9252
26.3617
12.5312
-36.1534
-48.5473
10.6666
-28.3135
-1.42775
-22.6984
-18.4448
-25.6185
-24.8603
-11.9637
-24.7878
-21.9363
-36.1793
-26.8306
-12.869
-9.54424
13.7773
3.06776
12.3392
-1.82282
-2.83389
-2.50194
-3.91704
-16.9309
-18.0049
-13.9576
-12.3283
-6.89841
-9.94342
-20.9376
25.9042
42.9848
23.6462
7.94158
14.3697
4.84327
12.5476
14.7619
14.3632
13.9146
14.655
13.9071
13.6231
13.2838
-1.51713
-1.80251
-0.953089
-1.7081
-1.63409
-2.49923
-2.50322
-4.38915
-3.96464
-3.936
-3.561
-3.13479
-3.34832
-4.04906
-3.40163
-3.37055
-3.7862
-3.58253
-3.07023
-3.98261
-2.82214
-2.98491
-2.93465
-2.96294
-2.9141
-2.96464
-3.02032
-2.85434
-2.91581
-2.90478
-2.93848
-3.91039
-2.8469
-2.94742
-2.97406
-3.08865
-3.78778
-2.67639
-1.70021
8.29658
9.22403
10.508
9.31334
9.74662
10.0622
10.5402
7.81291
-15.5672
-77.6473
-51.6481
7.91484
19.3326
56.2801
-3.50777
-3.47718
3.47023
-3.9449
-4.02091
2.15535
-2.68419
-1.20067
-4.1528
-2.87196
-1.66545
-0.953529
2.26829
-2.09524
-1.07689
-1.38026
-1.56272
-1.94135
-1.77705
-1.07225
-1.38423
-2.41166
-1.27074
-1.76893
-1.18782
-0.626631
-1.67333
-1.94069
-1.54658
-1.27031
-1.4947
-1.59975
-1.40637
-1.4131
-1.62032
-1.61432
-1.60691
-1.5893
-1.26321
-1.35602
-1.40508
-1.42518
-1.41185
-1.60257
0.449635
0.508286
0.000314655
-0.302866
-0.405211
-0.0513083
-0.0354918
0.799101
1.47392
1.03652
0.965224
1.33083
0.809096
1.3671
2.56069
2.53864
2.48425
2.52912
2.53409
2.60098
2.61991
-14.1133
10.1703
-47.7931
2.66371
12.7784
-20.5174
-62.0343
-186.459
-184.149
-193.172
-195.907
-189.868
-196.009
-192.373
-221.348
-318.21
-193.89
-272.535
-277.14
-49.73
-174.344
-245.574
-221.826
-221.207
-268.255
-194.912
-246.7
-225.643
-225.84
-198.595
-156.833
-225.4
-200.428
-218.871
-208.044
-195.364
-210.255
-352.298
-305.39
-341.318
-304.89
-264.728
-372.466
-309.968
-287.767
-352.623
-314.849
-247.768
-198.961
-276.921
-289.507
-259.391
-403.504
-303.388
-298.475
-298.102
-324.293
-286.802
-296.468
-285.992
-304.628
-182.185
-310.007
-228.101
-342.008
-340.251
-299.75
-306.299
-288.511
-322.265
-311.42
-304.239
-311.709
-320.547
-81.5643
-55.0584
-69.7817
-104.887
-142.393
-64.0955
-78.145
-5.6238
-20.8802
21.4924
34.3223
-3.86307
55.5392
21.1882
25.546
27.9751
56.7283
28.4002
5.79853
14.7072
26.6186
17.1778
18.0225
20.2631
16.2428
4.37955
14.608
26.1844
1460.94
654.456
1717
534.017
865.197
745.061
1300.6
-87.4867
-499.77
-72.7713
-295.175
161.191
67.2181
55.1986
58.3471
56.2343
57.1882
59.5903
55.4012
56.6605
56.8999
52.6607
62.7247
55.5761
57.3983
61.7049
65.877
90.0906
153.528
81.3084
161.771
107.47
90.9366
101.349
268.584
220.307
139.285
244.493
273.237
231.201
201.654
81.481
180.199
148.507
163.84
149.876
157.226
127.946
177.786
71.5876
136.344
82.8162
31.438
47.1774
76.1578
90.172
32.9461
45.221
59.4311
56.0643
54.8193
62.3399
55.4459
55.9807
55.2751
55.6712
58.8841
62.8692
60.0857
54.7267
58.9052
59.3859
55.4725
49.1664
51.2701
65.5317
55.8522
53.4185
52.0153
3.76763
3.7567
3.18066
4.36569
4.12565
3.49038
4.10321
5.51538
5.81307
7.48221
5.79813
6.47091
7.95245
6.97142
15.1416
13.9657
17.1801
13.6839
11.6779
10.4806
11.2707
12.2638
10.1858
9.885
9.92622
10.045
90.2499
-2.66395
38.0136
41.9575
-10.7613
-9.72987
8.81208
-2.67204
-2.17431
-2.66421
-2.63565
-3.40503
-2.90304
-2.43468
-2.21852
-2.12807
-1.97737
-1.82645
-1.83988
-2.10154
-2.14069
-1.48677
-2.3602
-1.99965
-2.87755
-3.13322
-3.04272
-2.85808
-2.9942
-2.69435
-2.96495
-2.79265
-2.95629
-2.87324
-2.59081
-2.53822
-2.92833
-2.46542
-2.59476
-2.51655
-2.71359
-2.90201
-2.82039
-2.75555
-2.72824
-2.69336
-2.67087
-2.26059
-2.12313
-2.50611
-2.31721
-2.3583
-2.61793
-2.51453
0.933644
0.611996
0.224338
0.705412
0.132072
0.556274
1.36983
2.16225
2.25615
2.74043
2.83526
2.14793
2.44803
3.02008
6.96919
6.15614
6.27879
5.07799
4.13504
5.56157
5.93647
9.68009
-26.4466
-7.26606
32.0754
11.5741
7.19442
4.81237
-24.8485
-6.8827
-10.952
-11.9847
-42.278
-32.901
-43.1092
-55.8337
-72.2695
-65.5001
-123.052
-60.7538
-103.069
-79.419
-129.895
-84.7892
-90.4605
-223.787
-183.557
-134.493
-115.495
-143.031
-21.5808
-83.6397
31.6175
-74.2204
-94.2025
-78.1335
-148.566
-25.7707
-8.07504
-168.556
-313.63
-355.844
-148.97
-204.149
-124.275
-238.821
-285.041
-248.56
-277.236
-207.453
-228.255
-194.455
-271.649
-303.955
-222.364
-232.942
-245.243
-246.571
-239.834
-210.165
-309.494
-314.353
-308.829
-309.866
-310.449
-311.291
-312.989
31.3048
43.0374
25.4669
59.6147
23.6537
-44.8506
-19.4
-1.69638
-0.887027
5.75219
-9.28296
-23.5292
35.0217
29.7257
30.99
23.1777
32.3618
24.0872
30.3742
24.1231
-7.96942
-0.0628638
38.1001
25.8795
23.3229
30.4967
28.829
36.8314
30.3103
23.6039
27.548
32.4949
11.8995
37.9399
19.7673
32.4307
8.6314
20.049
23.3204
-5.8481
57.6303
19.4397
15.5404
17.9053
17.5878
636.645
-71.1149
494.351
2392.68
938.028
2069.35
2198.92
2194.55
2633.93
2004.82
2213.87
660.91
2649.37
1804.12
2152.86
2299.88
845.182
392.139
530.893
457.32
445.899
91.9756
355.876
199.854
3152.32
1977.86
175.704
370.556
356.393
324.723
357.302
208.217
246.174
137.881
195.644
380.519
114.528
96.3066
57.6727
76.2451
65.6697
47.4072
38.3902
31.3968
30.6752
33.7372
29.4903
29.1527
29.1925
29.4222
31.7382
31.3937
30.5082
31.764
33.0926
31.436
30.7751
9.33644
9.67192
8.80655
10.0129
9.75119
9.26924
9.67142
9.09669
8.31451
9.56312
10.4519
9.50282
10.9973
10.3369
13.4874
14.5331
12.2558
15.1295
14.2168
13.5851
14.9256
10.9534
9.66192
10.8538
9.2144
9.34144
10.3412
8.03366
-1.81055
-1.86012
-1.95115
-1.78868
-1.95994
-1.98525
-1.81699
-1.7834
-1.85129
-1.75091
-1.76072
-1.79462
-1.67764
-1.68885
-1.74433
-1.71358
-2.02136
-2.08583
-2.00968
-2.05732
-2.04408
-2.18506
-2.27804
-2.35652
-2.16653
-2.13489
-2.18078
-2.01575
-2.09993
-2.2344
-2.64869
-2.58116
-2.60619
-2.79895
-2.90988
-2.85111
-2.94984
-2.8619
-2.91717
-2.82735
-2.76717
-2.90284
-2.84115
-2.97813
-3.01979
-2.97365
-3.00832
-3.01535
-3.08382
-3.03614
-3.20891
-3.17148
-3.25094
-3.16265
-3.05589
-3.02905
-2.35921
-2.48804
-2.41056
-2.38359
-2.4061
-2.22169
-2.44841
-2.29028
-2.40568
-2.70819
-1.64659
-1.72234
-1.27134
-2.88208
-2.97649
-3.15603
-41.2381
25.6835
-22.5084
59.342
5.07683
28.6554
-14.1894
118.55
77.3096
83.8532
66.4693
81.6143
71.4686
69.2598
165.327
116.033
119.522
174.886
161.384
129.532
183.568
195.797
155.79
175.849
-11.6326
70.2783
15.0181
-48.1798
-11.5351
135.914
-84.1585
-76.2749
-109.805
-194.09
-196.31
-193.75
-192.733
-192.609
-201.403
-208.999
-292.093
-295.307
-287.176
-293.307
-292.356
-292.553
-278.007
-294.877
-290.025
-297.379
-294.568
-290.992
-295.414
-300.088
11.5618
-30.4096
-62.353
-0.608624
15.5699
4.13538
-6.8846
11.5712
2.73804
2.33133
11.3888
3.71204
11.5448
8.26662
19.3339
18.3989
19.3234
17.8773
18.1919
18.7517
18.8226
19.4609
19.5415
19.1227
19.3743
19.3848
19.2917
19.3852
19.4227
20.2346
19.7622
19.9195
19.4541
24.4077
20.5721
16.0627
18.9328
21.9553
20.4372
19.7559
24.6632
36.3213
36.4965
47.973
31.5279
41.4069
30.292
25.69
26.3235
23.8154
21.805
24.1281
23.2301
21.7944
857.99
495.123
-4.90635
587.193
505.968
896.592
270.128
375.234
284.444
316.491
-344.693
153.819
323.565
107.635
254.305
46.5035
312.763
485.094
438.152
153.868
400.894
229.153
413.046
187.966
302.163
295.707
-134.678
-84.9852
-66.4026
-144.688
-138.753
-142.039
-105.56
-62.9489
184.337
147.646
77.8479
4.34533
358.223
113.999
174.17
94.8958
249.196
350.511
126.969
406.971
210.949
-58.4381
-36.9797
349.401
397.49
305.172
397.319
190.345
-17.1409
94.5215
105.482
183.042
52.1866
202.844
8.65818
9.78657
26.9587
10.9078
83.5125
-93.3569
-4.36891
19.0514
-0.0288782
-1.47809
-1.25756
-0.871246
-0.920902
-0.7075
-0.947794
-1.06207
-1.24082
-1.53047
-1.32069
-1.35709
-1.66657
-1.34387
-1.43037
-2.05792
-1.97784
-1.57563
-1.37921
-1.69803
-1.73497
-1.61292
-2.97585
-2.96228
-2.92035
-3.09469
-3.16
-3.25495
-3.00583
-2.95725
-2.96157
-3.11761
-3.04138
-2.90722
-2.92923
-2.87435
-2.85195
-2.88358
-2.85659
-2.86235
-2.8768
-3.22512
-2.93931
-2.96353
-2.92878
-2.92513
-2.88335
-2.86267
-2.83835
-2.8365
-2.84468
-2.87284
-2.82107
-2.78653
-2.86185
-2.91146
-2.82299
-2.77267
-2.86163
-2.82633
-2.91654
-2.87891
-2.87641
-2.96308
-2.90888
-2.88019
-2.96466
-2.56671
-2.64032
-2.66102
-2.89244
-2.86221
-2.79625
-2.828
3.44347
17.6761
4.39092
3.0736
1.17379
-1.8391
117.033
105.859
49.4471
-58.9101
13.4058
83.9274
9.45752
37.4061
106.356
93.5334
175.185
-79.3781
-69.4511
-114.815
-113.689
-67.6678
-64.012
-106.632
-118.622
-77.6208
-99.1497
-75.1066
-98.2343
-88.4746
-82.3114
-184.091
-204.522
-177.292
-180.614
-177.238
-161.238
-170.112
-179.381
-198.666
-185.693
-193.809
-173.565
-177.571
-187.048
-187.682
-186.257
-184.462
-190.673
-188.34
-187.932
-186.092
-171.928
-184.869
-192.065
-169.911
-183.708
-213.046
-186.915
-313.759
-316.477
-312.083
-311.736
-313.771
-315.455
-312.207
-293.039
-291.79
-294.934
-295.907
-297.205
-294.409
-293.4
-307.694
-301.081
-306.475
-303.163
-298.41
-302.145
-305.764
-298.666
-295.539
-292.005
-286.418
-292.852
-10.2741
-13.7892
-10.8159
-7.64542
0.895009
10.2885
-0.404367
-0.633554
-8.38663
-204.071
-189.76
-109.53
-27.0483
-105.688
-230.377
-171.617
-62.9179
-152.894
7.87344
7.33722
7.64375
8.8321
7.48198
9.38327
8.37708
10.9684
10.425
9.65642
11.6509
10.2549
9.22771
11.1063
14.6985
15.1943
15.4602
14.3069
14.5578
14.6054
14.3339
18.6393
17.7275
18.6526
17.2521
15.5972
17.7461
17.6837
18.0225
20.0581
16.5331
6.72721
11.8649
18.0533
16.3411
42.2152
65.7432
107.797
30.9175
39.993
35.5728
40.538
135.832
340.737
266.305
449.815
241.402
383.511
360.925
256.506
471.363
350.664
501.781
372.382
355.728
400.846
122.436
331.788
111.998
436.771
302.185
390.009
386.886
421.344
394.479
298.177
349.335
197.618
245.522
172.423
227.949
258.97
249.584
15.7562
208.918
269.051
183.674
108.352
278.798
183.175
177.535
140.794
188.441
171.482
198.318
233.818
94.6624
38.2525
108.087
184.382
64.4918
98.9582
125.764
116.364
111.363
102.882
75.5512
84.018
137.427
16.7398
35.2387
45.0324
10.2238
47.6572
63.6433
1.41228
-1.464
54.4182
151.813
94.6794
182.511
139.868
138.88
71.2883
135.589
3.07018
63.6534
24.5746
25.9655
-2.21261
25.3908
5.06076
-224.271
-224.827
-334.093
-202.406
-110.451
-150.015
-239.813
-616.41
-536.466
-493.033
-500.809
-511.243
-510.632
-511.417
-352.708
-322.468
-382.432
-388.023
-351.255
-386.72
-418.806
-99.0665
-268.131
-426.911
-456.966
-288.461
-341.298
-359.578
-164.43
24.7281
-520.963
-189.974
-411.13
-13.1713
-222.634
-207.117
-211.01
-140.125
-203.212
143.484
76.271
-263.67
-190.16
31.1869
324.11
-359.421
-361.053
-323.905
-406.894
-428.482
-388.148
-405.139
-449.321
-499.078
-395.157
-428.921
-540.304
-495.243
-481.894
-185.602
-226.932
-146.83
-288.752
-248.95
-287.498
-264.98
479.927
412.572
489.716
443.98
689.105
502.469
169.021
1764.62
1797.67
1778.45
1115.51
1847.91
2298.96
1293.7
1556.48
1724.55
1382.15
1556.58
607.153
1230.88
1169.84
1228.74
1323.47
1390.11
1404.23
1358.23
1266.36
97.0359
103.153
120.412
97.8979
92.7209
115.558
146.513
126.399
121.313
122.743
146.43
114.918
122.214
128.429
62.4757
56.682
44.9499
116.487
36.5094
99.6158
162.018
24.1969
18.8799
21.7079
26.1186
18.6695
23.2368
25.0283
4.86078
8.75822
12.454
12.2249
14.8487
13.5928
11.8767
11.354
7.25585
13.6049
10.4634
11.9213
6.8594
5.81949
6.97563
8.02034
12.2073
10.765
12.1959
12.5191
10.0569
10.3962
11.3683
10.1665
32.7329
-0.897576
24.896
-42.0332
2.89
19.3533
-2.47907
-1.61146
12.2612
10.1075
-13.8637
11.1304
-2.59876
-4.19709
3.40323
-7.66259
20.0479
-0.225586
11.0036
23.891
2.5686
-4.72097
2.80905
1.07283
0.310222
3.37765
3.95822
0.34171
1.57593
0.983749
0.475619
0.431141
-0.572436
-0.604352
-0.979882
-0.711265
-0.378239
-0.663918
-1.09457
-1.26535
-1.27202
-1.27199
-1.3017
-1.17653
1.84438
1.99908
2.36128
1.90542
1.45779
1.85796
2.20624
0.995532
1.8964
1.76591
1.93511
1.17711
1.15697
1.88251
-0.413999
-0.587002
-0.153881
-0.397131
-0.618889
-0.169627
-0.0648748
-1.93533
-1.77533
-1.63208
-1.48445
-1.72154
-1.71097
-1.50587
-2.36467
-2.24533
-2.43032
-2.42384
-2.34902
-2.65317
-2.50823
-2.60084
-2.69161
-2.70202
-2.55039
-2.5847
-2.81326
-2.87619
-2.88534
-2.79612
-2.87239
-2.87095
-2.80084
-2.93639
-2.88597
-2.89315
-2.9086
-2.86817
-2.89162
-2.92874
-2.90535
-2.92851
-2.90283
-2.87019
-2.90651
-2.95995
-2.91995
-2.93373
-2.90252
-2.90557
-2.84976
-2.89847
-2.89942
-2.95578
-2.96188
-2.87876
-2.88364
-2.21333
-2.21771
-2.38291
-2.03293
-2.15821
-2.33298
-2.14213
-0.186236
-2.08396
-1.3968
-1.7296
-2.33561
-3.27316
-5.0799
-0.493597
-2.84074
-1.23502
-1.24752
-1.25804
-1.64377
-1.12393
-1.2763
-2.72669
-2.19891
-1.85778
-2.55436
-3.26718
-2.78568
-2.38153
-2.2768
-2.72935
-2.52214
-1.34884
-1.76138
-1.5634
-1.73068
-1.47923
-1.90311
-1.7074
-1.02964
31.4324
40.0429
0.473369
31.1715
35.9063
34.1627
0.780374
9.92899
2.25369
1.31162
18.3161
0.0492073
6.65978
1.02537
1.82576
1.89676
-10.0841
6.13974
-5.56214
5.69791
-49.5369
-27.738
-2.53652
6.4193
1.16669
-68.027
-76.724
-44.014
-60.1909
-46.833
-56.2652
-40.6247
-27.6332
-29.2006
-48.9251
-9.46863
-32.6444
-39.31
-33.3503
-154.778
-161.631
-128.147
-173.104
-134.605
-174.738
-163.038
-0.884915
-7.08653
-23.5098
-7.97491
-76.546
-116.596
-116.683
-184.932
-87.9195
-103.741
-104.434
-115.942
-192.939
-222.082
-121.566
-179.003
-171.247
-210.02
-186.912
-12.6841
-3.23096
-32.4165
-9.48452
3.1162
-1.15798
-6.55189
-21.7424
-102.452
3.46926
-65.3492
-14.2419
25.0668
3.50573
-38.3405
-20.3188
-127.327
-138.693
-61.573
-60.4172
-90.7765
-113.296
-87.8883
3.60241
3.14642
5.19942
2.49376
2.61348
-8.88948
88.1471
-59.7986
42.3132
11.9171
-22.6741
8.46219
1.14056
2.51499
2.46587
2.24809
3.79
3.01034
2.38695
9.69952
7.69215
8.75644
7.84173
8.22345
8.05234
9.58186
3.4245
3.45491
3.10216
3.08737
3.30868
3.2446
3.60151
5.67283
4.05016
5.15086
4.86023
8.27981
4.24066
6.95965
3.43957
3.66458
3.75977
3.7234
3.56126
3.97202
3.81308
3.91864
3.84134
4.16702
3.72175
3.5118
4.74595
3.62811
7.18674
3.88843
5.12127
6.94658
3.62326
24.3782
3.71973
-1.26009
7.3933
13.6947
11.6533
23.2772
389.15
271.018
335.456
444.006
259.2
400.164
23.8245
179.819
-29.595
173.234
115.378
267.31
174.911
233.177
84.0988
154.074
568.286
286.267
218.51
326.543
202.262
54.5336
322.298
131.401
109.632
202.777
-348.318
-394.219
-384.613
-494.338
-415.697
-420.056
-406.359
-366.987
-426.556
-341.074
-413.735
-477.644
-264.792
-439.177
-238.583
-133.452
-330.502
-463.508
-398.484
-249.21
-391.519
-248.026
-445.753
-467.914
-228.523
-140.246
-316.213
-347.8
-398.756
297.024
360.629
270.282
83.2081
-25.1029
65.2237
115.537
-321.875
-371.847
-251.61
-318.9
-92.9963
-180.281
429.83
351.145
248.894
219.622
447.278
481.598
730.501
641.523
861.046
828.61
827.255
1023.1
966.162
710.586
505.572
938.386
718.992
706.222
1129.21
975.097
919.702
1270.48
1007.73
381.677
270.187
419.759
570.525
208.346
258.88
448.324
624.076
296.661
349.176
342.211
733.228
531.272
257.498
213.811
298.854
242.794
208.201
235.278
222.783
204.605
195.921
239.814
73.5914
102.312
35.6343
73.5415
71.508
67.1728
22.186
35.3066
124.245
78.4084
137.168
192.759
35.6485
3.47823
3.51945
57.1827
91.4701
2.89654
1.38972
2.60514
5.7473
10.4472
-1.55465
8.77129
12.6209
13.2186
12.8122
13.2602
11.2428
13.5563
12.5504
15.6227
14.6936
15.1297
13.5429
14.1088
14.9919
14.4684
12.8144
13.2328
12.9855
13.7328
13.4765
12.8411
12.8599
12.6996
12.8869
12.6235
12.0988
11.9055
13.7132
13.5155
13.3685
13.514
13.6623
13.3982
13.1234
11.222
11.9987
11.4575
11.5342
11.8011
11.0344
11.8418
44.9187
40.2228
36.923
25.4687
14.6952
46.9659
-8.46344
0.296446
0.251101
-0.442788
0.107416
1.04459
0.665144
-0.65733
-0.36648
-0.356322
-0.115734
-0.540793
-0.667391
-0.216664
-0.25447
6.31434
2.23731
-15.0732
2.72117
0.479995
-0.670426
-4.46041
2.33644
2.11055
2.4364
1.37848
1.32642
2.23274
2.30831
2.55862
3.07635
2.61412
2.61932
2.61006
2.94023
2.53236
4.41904
4.2987
5.07655
5.32898
6.60125
3.66789
4.14059
-1.56526
-0.356492
1.2246
-3.32808
-1.93449
0.0626634
-3.18958
-3.30202
-3.19357
-2.7435
-3.27895
-3.5343
-3.79918
-3.38535
-2.87851
-2.7312
-2.93163
-2.94453
-3.02429
-2.83026
-2.77641
-2.90246
-2.91458
-3.12907
-2.88694
-3.0607
-3.36191
-2.98822
-2.86874
-2.92258
-2.81529
-2.8957
-2.85918
-2.54284
-3.37128
-3.54782
-4.63861
-5.66444
-5.09572
-4.20957
-3.66328
-5.26707
688.844
774.651
764.438
665.15
740.4
739.252
773.39
769.937
774.691
650.368
740.704
756.109
732.391
716.456
709.795
806.589
738.524
690.767
668.975
815.3
748.137
722.909
-3.66637
-4.0197
-4.47697
-5.11274
-3.71825
-3.51775
-2.15727
-0.743424
-4.95028
-5.53517
-6.05639
-1.7673
-4.28062
-5.60532
-2.7155
-2.38166
-6.81029
4.15161
-1.72576
-6.00592
-218.439
-226.033
-160.022
-218.861
-231.384
-98.6306
-142.06
-62.8503
-45.6545
-35.571
-35.97
-38.1362
-46.6699
-24.6242
-1.51421
-3.14003
-1.47031
-278.339
-209.009
-258.421
-543.307
-559.936
-532.831
-534.183
-508.161
-534.456
-543.023
-518.39
-524.436
-509.631
-526.596
-526.791
-517.895
-504.582
-526.757
-541.638
-524.764
-506.253
-485.554
-550.619
-565.323
-555.944
-514.576
-545.272
-540.617
-566.915
-546.701
-534.524
-530.745
-553.936
-543.416
-535.371
-537.983
-536.506
-510.713
-527.962
-528.695
-548.438
-572.02
-557.114
-556.958
-546.626
-540.551
-485.985
-78.6424
3.49574
-36.531
-49.3507
-34.4454
77.0472
-32.0092
-193.078
-135.316
-136.785
-153.18
-170.886
-136.074
-158.574
-201.506
-169.124
-4.27396
-6.43562
-2.8458
-4.18564
0.039667
-1.66907
-8.23704
-266.35
-219.243
-257.307
-171.371
-212.03
-187.709
-247.281
-156.455
-170.216
-232.971
-5.49566
-9.54133
-10.5483
-1281.74
-1182.14
-1176.19
-1769.74
-1245.4
-1934.44
-1306.74
-1258.33
-1787.55
1664.51
1677.89
1820.52
1454.9
1788
1330.93
1801.19
1552.12
1474.38
1622.46
1889.44
1617.74
1611.36
1577.62
2001.65
-1301.08
-1102.82
-1171.28
-2077.46
-1346.12
-1490.94
7.31147
6.66208
7.5174
9.56983
14.0828
10.9876
11.7994
10.7888
1.84913
0.0783224
-2.03747
-2.00894
38.5711
0.0843762
15.1976
12.1282
0.536319
1.39335
-4.70498
-1.66987
21.4316
18.9943
17.7664
13.4453
0.655051
0.485688
0.440953
0.532101
6.88236
7.56487
4.86205
6.17409
1.33378
1.55049
2.69901
0.97115
-0.881617
-0.113117
-1.00697
-0.488224
25.5163
24.1336
29.6183
32.4131
6.39283
4.38423
6.22654
3.03625
2.00943
2.21289
1.96596
2.15178
5.7482
4.77122
-10.5571
-5.53062
9.80944
11.612
14.8621
14.3735
15.8955
18.6271
17.3564
0.699126
0.995286
0.663081
0.992597
3.217
2.16127
4.03118
3.43383
2.56578
2.6312
2.48844
2.61195
10.7379
12.8323
8.18695
9.78383
16.2365
25.7727
32.4988
49.8977
-1.04716
-0.88982
-0.856119
-0.848691
30.4278
40.6348
38.8604
44.3367
-0.925523
-0.91568
-2.09966
-2.59685
-1.35056
-0.669722
-2.42873
-2.03707
20.0017
18.17
18.6451
17.0724
32.0199
25.8248
28.1179
28.6903
0.0194503
0.00548184
2.16762
0.64666
-298.512
-304.54
-303.341
-304.332
-309.645
-310.365
-307.755
-308.094
33.5136
35.7287
29.4351
34.4175
-186.348
-193.318
-241.528
-241.556
2.73242
2.75927
2.73763
-177.577
-175.768
-179.188
-177.461
-254.166
-320.017
-349.405
-375.098
131.707
130.272
152.461
182.407
21.4739
-1.56203
50.6453
34.2107
171.795
175.831
333.044
303.934
-272.034
-271.703
-270.216
-271.409
-345.732
-325.533
-320.578
-304.396
-1.99006
-2.22366
-2.33209
-2.44332
-2.63106
-2.83569
-2.6161
-2.79993
-107.965
2.15369
-14.7753
11.8822
-1.4356
-2.69184
-3.03404
-2.82283
-285.465
-271.359
-276.04
-296.156
853.954
577.924
598.641
500.164
1.43136
0.627537
1.17771
0.750194
-0.422717
13.7216
1.14628
38.2961
13.3608
21.1641
19.7463
19.3622
18.569
31.1246
25.1254
-2.32593
-2.50064
-2.60438
39.0356
40.9832
17.5544
22.4068
5.6049
23.632
5.92334
24.5292
9.03138
5.8251
4.16597
-2.00878
-0.274437
201.564
172.933
183.172
141.333
102.439
22.8984
27.4143
17.229
13.0369
15.6936
16.0706
14.9199
16.336
14.1644
14.6448
13.9976
-0.490592
-74.766
-66.5188
10.2517
4.01752
93.5243
-24.7046
191.275
3.17473
0.0972768
17.6847
0.963733
-337.34
12.5359
392.442
-177.081
-1.83984
7.73378
58.6931
125.086
-0.328597
57.2283
9.54365
6.10152
18.0091
-179.11
11.3495
-1.59384
-184.115
-15.8291
45.9364
-2.13862
-107.663
182.564
9.31484
1.13324
3.55854
696.323
-29.6201
698.665
-0.763873
499.626
626.708
640.246
3.93731
-199.598
917.166
709.816
207.163
706.605
430.071
314.94
-9.90723
429.158
488.255
375.552
-276.05
-277.745
-273.012
317.811
-272.981
-269.743
11.8671
-244.277
-207.566
-258.917
-258.944
3.25429
-173.833
-207.097
-1.90835
-249.225
-238.913
-248.829
198.821
-1.06387
-273.222
-267.97
-284.287
-167.086
-273.428
54.4328
-275.558
-278.338
-301.717
-347.398
3.4867
-281.592
-276.333
-290.27
-292.118
104.232
-267.865
17.5593
-279.721
-240.496
430.699
-263.792
12.1918
-287.886
-280.064
-228.309
-285.429
-271.919
-329.487
-267.049
-243.45
-86.2462
-273.721
94.8844
-299.094
-181.543
-41.8474
-51.8481
-253.154
-39.2123
-74.8646
25.7884
-284.02
128.816
83.8006
131.874
112.651
35.2575
-381.767
-305.564
-1.9428
-616.601
-294.255
-2.52972
18.4733
589.232
-282.868
-75.2006
15.0759
165.747
33.3581
-2.08307
-98.6282
-32.4838
-4.20696
-56.6552
-271.366
23.2537
-85.2544
12.7136
12.0346
7.09183
-1.76258
-1.77028
-138.945
536.759
-224.784
-45.6693
8.43562
-5.78513
-2.12978
-355.394
2.14333
-7.26641
-182.08
5.18164
34.253
2.26882
37.4224
144.259
9.76348
8.05918
204.204
245.849
15.8976
-3.05849
-214.423
-19.5109
8.41851
12.1432
48.1314
-42.3798
-7.48982
419.829
13.6836
-5.44925
15.5442
57.4672
46.0168
21.0749
-53.746
22.3605
-358.563
-273.625
-183.93
-2.65587
-1.96246
-12.2702
-319.397
0.863791
27.346
38.6665
-246.78
-88.7199
-331.063
26.1956
-146.494
38.1857
-3.24776
40.7561
23.2279
742.466
393.836
8.90854
-239.193
542.008
24.5598
23.8093
-18.9628
55.1001
34.8825
34.9054
35.432
-307.728
19.8877
-2.74476
14.3039
-39.2122
27.5225
30.5603
22.4179
41.0755
2.70693
51.4798
-22.5936
28.3285
19.3289
-6.29845
10.2864
1.13149
35.114
32.4713
42.0922
28.0079
-274.739
-2.05071
30.1539
31.7785
40.1664
39.3513
54.3169
389.908
178.295
237.033
47.9865
99.6372
23.1055
45.1817
43.3634
-376.669
22.3199
-109.434
39.9603
6.25143
15.148
225.197
49.529
70.2122
37.5538
45.7521
32.598
50.966
419.108
766.336
11.2696
83.9429
4.07512
-105.104
3.1591
1.40642
1.62094
2.08795
1.91818
2.57781
0.785873
2.82161
3.03279
1.66866
1.45512
-307.42
3.27907
2.52498
2.24799
2.68305
2.00473
-156.689
1.55054
3.35472
3.0198
1.98866
8.83114
376.858
3.17543
3.32356
2.27837
2.34753
2.41068
4.40462
6.11213
3.09255
-18.9557
4.50446
16.9475
-2.83665
5.99395
2.64453
-14.005
5.2459
4.77015
27.4039
8.20374
15.5168
-225.174
12.7835
10.0114
-1.55172
3.66223
3.73327
5.30542
30.322
15.7154
11.7337
-463.158
262.292
324.924
92.3665
20.153
3.84591
-227.531
2.90508
6.80729
5.12772
3.84088
4.37271
26.3953
18.5802
18.4377
-2.13339
-0.956942
-138.858
409.709
170.508
1617.86
-2.72334
-326.019
104.23
3.60617
302.989
2.74491
208.025
21.3901
55.3484
15.8925
16.9158
8.89476
30.1785
20.0254
85.7094
17.8944
11.0803
110.467
18.5561
19.7602
23.5126
17.2172
13.9942
11.3528
18.289
-123.512
14.5713
13.7993
-185.733
-13.3477
-0.452353
14.7194
19.1626
3.95685
13.4357
16.2658
11.7388
2.50676
3.57729
3.53305
8.49705
87.2251
-7.09728
-87.7778
15.5709
-3.99341
28.4099
-100.292
8.77185
189.237
-20.1403
-185.787
13.8776
-142.411
-1.51049
-201.264
3.36923
13.2065
5.28534
-2.80093
-2.7089
1.94644
-256.77
114.041
-309.731
-307.017
10.1054
81.5678
-302.742
-303.906
-307.515
-305.936
-285.863
4.67577
-308.922
0.414732
-314.657
-314.517
-248.401
-314.615
-314.422
-312.959
-56.668
3.91907
-164.999
35.0703
-2.53522
8.05532
3.78751
-312.977
115.571
13.5361
10.0414
-45.0295
-302.319
-259.366
-34.4076
-0.542027
-6.49044
48.3719
6.1016
5.59562
153.242
52.9815
-306.615
-135.652
15.4084
-306.672
12.8693
-304.685
-319.519
332.254
-336.438
19.4034
-289.959
-303.276
2.45562
-0.0351475
-274.639
-296.064
-255.939
-334.137
-311.027
-379.675
-342.403
-335.151
1.66568
-304.766
13.767
-305.06
-345.212
-299.09
15.1017
-348.306
11.7177
-341.902
0.489836
15.5405
-3.16421
-338.496
-324.188
-339.4
-314.357
-323.152
-336.925
-299.855
-300.895
32.735
-346.81
-331.935
-323.501
40.8875
-321.439
-1.39282
-300.562
-4.81598
-311.985
-284.097
-305.969
-295.533
9.05539
7.11937
-307.835
-304.082
-311.634
-312.711
-311.668
1362.17
15.236
-311.212
-319.198
-217.199
-316.372
-308.399
-309.604
-54.9558
-234.578
-310.088
-311.351
31.4965
-66.0826
-276.074
-306.49
-308.615
-319.945
187.886
-343.035
-246.222
-0.460117
-200.323
-226.242
-205.513
-287.6
-65.1907
465.659
-290.268
12.1154
-230.35
215.629
-2.61253
-269.817
-158.075
-174.608
-303.782
-166.103
-197.772
-305.199
-250.904
-176.693
5.65464
-361.557
29.8844
-172.29
-190.295
-81.8876
-184.988
-145.485
-93.7699
-24.6939
210.572
-235.436
32.5903
-331.965
125.59
233.348
-182.086
17.4835
70.4542
151.465
-0.39201
-3.321
-3.44964
-3.36494
-330.567
-189.36
6.82689
-283.748
-2.76235
21.4797
-1.40189
1.91828
-2.17919
-2.92096
-1.92685
-2.05239
-15.1546
250.085
-153.228
0.756982
-2.29917
-2.92644
-38.5797
-2.63482
1.97513
2.5581
-0.498153
0.884178
1.32531
4.78947
2.91853
-187.323
-97.928
-0.07435
-0.358652
-1.64855
-2.12131
-14.1157
0.144247
-0.0477119
-1.19075
3.90082
1.39754
2.73787
2.83705
2.81918
-4.07456
2.68079
2.61932
-244.598
13.1542
46.0507
-119.638
-21.1398
-196.731
-312.366
-306.203
-245.871
-313.046
-292.508
-213.815
-286.651
-196.351
-269.907
-194.86
8.04283
2.66996
1266.1
-159.451
-135.753
2.45136
3.13088
-186.918
28.7162
-321.855
1182.21
1108.05
8.52324
10.2743
-3.34963
-2.72321
-2.64637
-2.77743
-227.307
-188.024
-270.393
-2.63081
-2.69975
-2.60543
-2.44099
-2.5095
-2.7574
-1.41532
-2.5141
-1.21769
20.3437
-2.75395
9.50007
18.3503
-3.04524
-1.37038
20.0364
207.842
-2.88896
-19.8039
-7.78688
9.12914
-2.42858
-3.19055
-3.35407
-2.61778
-3.11833
-2.43201
492.027
-2.59457
35.0152
-0.919972
-2.56013
18.2236
-2.42969
-1.37768
-1.29907
-1.86446
-1.74318
-1.95517
-1.96723
-2.75411
19.7934
-116.068
2.07543
-74.6171
10.9039
7.61731
-3.10891
15.3018
-1.21033
3.70813
-182.881
-3.20889
-3.09842
-2.01127
-2.74536
-3.091
-215.476
-2.78602
-1.00987
-1.77407
16.9036
15.5051
-2.71548
-3.43795
-2.86833
-2.80134
-3.47199
-326.243
-2.90723
-3.36564
-2.1523
-1.20672
11.5723
-3.23156
-1.79545
-3.07892
-1.57266
86.163
-1.46809
-1.6467
-1.53023
-1.58662
-1.65638
-1.33507
-1.81352
-1.66969
-3.00455
-3.35126
9.99691
-1.89701
-1.86653
-185.631
0.438846
-1.87643
14.2393
-1.93182
-3.35899
-183.681
-1.73879
-2.30357
-2.41051
-2.12361
1280.49
33.6777
-9.73308
-2.84443
42.7134
-10.7116
-46.223
-286.719
840.079
-0.491318
-0.363383
-1.90768
-1.9821
-2.63117
51.9721
-2.74824
-2.27671
-19.1097
-2.98767
0.350687
-2.33468
-0.478742
28.2921
40.8924
-137.792
12.4928
-0.914873
71.3491
-1.20003
-0.729462
-0.764912
77.8132
-11.788
-4.3636
-1.74347
-299.72
10.8223
0.805676
-175.832
8.39442
1.09513
-2.55707
1.71904
-2.82272
-1.25982
-1.98936
-298.599
-0.565778
0.738066
0.729642
0.377695
19.2947
2.71231
2.68562
1.84799
0.426444
-0.165234
-2.40805
-0.564324
1.94373
-1.30821
22.4305
-1.96647
-1.09289
-0.742751
-1.50832
2.57717
-0.452342
-1.49463
-1.14424
8.37741
-2.01406
-1.76312
-1.174
-1.29354
-0.811272
-1.23983
2.48148
-0.745697
-235.287
-1.90675
-1.77208
-0.475966
-281.675
-0.243163
-5.37142
-3.2493
8.27353
-0.48823
12.2821
-1.69344
-1.77174
-1.67757
73.1701
-0.594362
0.181095
1.00113
-5.51778
-277.462
0.881294
-1.68109
-0.306631
-3.32065
-2.0597
0.61956
-0.858989
0.558031
-0.352399
0.219492
2.22542
-0.402763
-239.901
30.367
-1.00807
8.93292
-0.106563
7.56577
0.810125
-315.2
10.9001
1.75975
-1.8754
1.45863
77.9104
1.44528
0.128785
86.5031
0.908243
-2.06189
0.291189
1.30037
0.195066
-2.69876
-10.8278
-3.56301
-4.35811
-2.01872
1.05457
11.4984
-1.96571
-0.79027
17.5417
40.1974
21.323
230.169
-0.54347
-0.259896
10.9091
5.18224
11.6909
12.4086
9.7667
10.3119
10.5919
10.827
11.0364
14.0624
14.9414
0.483993
9.03739
10.7516
9.96681
12.7548
-0.145971
14.8324
7.42614
5.03612
17.8567
-2.03458
18.5307
16.5247
2.01707
7.26128
-5.31616
12.4537
0.710732
-2.45682
17.648
34.9604
11.8944
10.5176
12.312
23.289
11.2864
-311.842
3.14897
12.5022
7.79055
2.81921
4.70055
-1.51003
14.9737
-2.34009
15.5867
10.6791
9.38943
10.8218
57.8393
8.34926
2.08779
10.256
5.27447
10.1581
-0.730132
13.4476
13.3981
12.0013
7.57885
10.0576
11.0688
6.90525
18.2533
10.1261
5.59638
5.14946
8.55003
3.11599
3.18105
5.35299
5.616
-1.38038
9.68635
9.94999
10.9803
6.72948
13.0878
5.90106
8.127
4.2623
9.69179
-1.24024
7.97898
8.60116
4.50762
-5.23577
10.9435
-8.66279
2.8335
5.59348
3.81845
7.01645
2.84291
4.66538
12.3217
16.321
10.4942
7.59609
3.1906
16.0107
11.3724
11.7446
4.93808
12.041
9.49048
13.6233
107.926
20.5899
10.5878
-6.67722
7.39785
8.05406
6.59878
-27.6197
-399.697
5.15799
-2.03139
9.06857
-1.78945
10.283
27.5606
80.2438
12.8003
-1.72548
-0.388267
-3.71606
-2.45394
9.07344
10.0565
2.72293
2.69036
-3.20682
8.3209
8.94076
7.27115
9.75718
13.4725
-0.273894
39.5069
273.522
-1.67318
422.266
16.5246
1.03614
17.2648
-274.364
4.62522
130.438
1.87728
-1.15476
4.30191
8.83816
18.0847
12.1474
13.9765
40.8222
-3.4701
4.64964
4.87107
1.10245
-1.36957
21.4262
10.4229
13.0876
-0.133538
17.4423
13.9228
2.21436
2.68784
19.7628
-130.744
-334.301
11.7115
10.2396
7.87775
1.89447
1.75278
-193.092
9.78596
0.532605
12.529
-0.0488662
1.03595
-2.77765
20.4392
-3.83932
-0.956566
-0.185246
7.77957
-3.33396
-3.14648
-2.37383
-2.92724
19.3259
-1.4405
-0.47392
35.1713
-3.04395
-58.9334
-3.52548
-2.89571
10.2668
-193.451
-4.01301
-4.34141
-308.001
-184.347
-3.75836
-10.6823
43.5545
61.2038
-3.4551
5.2806
133.161
-2.10986
-94.1373
14.1551
2.95581
-4.2287
-5.25972
-3.57212
2.47485
-270.135
-6.42383
-2.19419
-4.43525
11.1653
12.621
-0.37556
-3.56129
10.6488
-2.47481
0.0732981
8.02074
17.1255
-164.758
-314.128
17.2211
4.78838
15.8638
-1.38965
-153.154
-261.582
-181.67
1.11761
-17.1781
-30.3322
242.503
-303.12
-3.52598
-554.337
-510.978
-288.994
-24.5001
29.895
-1087.69
4.70193
-465.562
-24.6503
6.62752
-344.685
14.1011
6.98311
-511.233
-9.51883
12.6919
-56.0532
-4.39418
-15.1951
14.4766
5.92617
6.33994
-11.649
-503.21
13.2005
0.463484
3.37142
10.9923
12.89
10.3707
8.76445
24.6131
6.92627
6.73937
6.16263
6.1069
6.36581
7.81666
1.27747
6.86385
13.0111
5.9585
6.32725
-2.11666
79.1387
4.29337
10.9204
2.61386
11.5573
32.5443
13.1014
8.97781
8.56105
25.253
10.3648
3.82199
14.5638
260.286
9.31386
8.30784
22.7137
-35.1531
9.23302
-45.0919
6.26808
14.7242
-19.6874
-13.9321
180.263
-21.453
4.6419
2.03024
2.58699
8.5314
16.2101
1.24204
-3.68385
15.1212
-1.62026
10.2308
5.3243
-13.1258
243.322
-237.859
-3.01482
18.0517
1.52651
-2.43627
-34.5114
-4.86706
19.8189
2.36898
6.6901
-0.952252
-1.3287
21.3101
8.82544
2.29854
10.8288
-28.2345
-8.87546
-3.95439
-53.0298
-49.9223
-196.819
-29.5812
-2.66273
50.3378
17.7787
58.6993
-1.93996
-20.4493
24.908
59.4701
55.9109
5.55012
41.5004
61.9947
58.5862
30.7112
-4.16935
28.2732
17.5735
0.423898
-184.001
173.311
61.2157
4.82291
57.1274
-179.381
31.5914
191.214
19.3723
59.4377
85.5959
179.151
91.731
222.993
246.967
-23.4764
263.218
339.788
153.915
250.486
227.959
132.453
53.4071
-2.84166
56.3741
60.324
43.5845
-181.719
52.6186
52.9311
52.5756
56.2366
55.9555
-1.3036
53.0544
-187.05
100.461
14.0955
339.405
-175.731
30.5048
31.6454
41.6441
39.8115
48.3619
35.7422
32.0532
-1.73365
0.809391
57.571
25.252
22.3917
36.9115
41.7438
30.8582
37.2085
31.5455
32.9855
29.3298
29.8929
32.533
32.4442
31.6416
29.2182
35.368
30.2431
-364.354
24.0179
-106.386
17.2266
18.2019
301.946
15.2615
20.6176
30.7922
-1.91063
-2.27288
-1.94332
0.922813
-2.60545
-2.2466
-3.7558
38.2528
0.334812
-0.285101
-3.18958
4.45788
47.6433
24.1892
26.1288
9.11199
0.148987
0.516647
50.3084
-3.64548
-1.56565
-5.30852
-3.40683
-3.80202
5.56149
-4.13454
27.8515
24.1087
-39.2725
-274.394
12.0179
0.62463
-66.8143
-150.113
-62.0316
-187.661
-8.83002
-5.04204
-21.9737
54.2097
36.0418
7.78408
0.348786
31.0338
-54.6948
5.03568
28.3056
-4.20537
48.4855
56.0829
-71.1972
-139.326
30.8223
-11.1446
-0.605622
48.3431
36.3173
159.23
53.1433
32.4784
12.2291
-49.3773
13.1449
25.1936
2.84962
-480.506
67.5489
-544.724
-354.544
-496.372
-539.99
-364.336
-391.9
56.4852
20.3881
-401.514
-322.258
5.70276
52.9962
-333.512
-129.948
-196.33
-47.1109
-21.6051
483.767
493.718
231.479
134.738
-414.5
-149.386
-107.692
-16.0542
-146.737
121.118
-289.632
-246.359
82.8773
-505.462
438.855
196.727
-448.173
332.174
29.3024
1601.1
1624.26
1729.49
24.2087
20.3258
-469.652
70.5985
667.991
509.666
532.732
-8.50951
23.3942
-315.197
481.114
586.634
461.33
361.259
601.344
-516.211
509.508
477.033
39.2948
349.15
-3.82342
178.832
257.093
239.924
512.117
243.814
102.838
74.6694
299.795
2.7151
93.044
141.236
369.795
564.887
-0.97454
-0.605096
0.14579
8.32279
6.34486
385.06
44.3456
37.5737
83.5344
-0.749877
0.859228
-52.2147
-1.87688
-1.45036
53.0092
118.644
-14.8657
-1.14844
1.11344
3.0748
100.473
0.719916
607.682
446.264
-0.313762
-2.72556
-0.81953
202.507
0.344297
-0.964956
2.49039
2.6378
3.96259
161.037
24.4101
0.690358
20.0497
-4.40207
4.86411
23.1601
18.3934
160.351
42.5909
11.0001
13.8767
55.1276
1.40974
-3.02627
77.0202
46.0473
72.8307
78.3306
90.6707
2.17819
30.0675
6.07993
58.4505
82.1869
74.3188
82.6238
10.1189
113.658
3.02197
97.892
12.2421
21.2574
34.7543
-0.135095
74.4288
28.1095
17.2703
5.63018
262.78
163.746
281.421
-0.6545
19.3726
177.809
99.7546
239.279
3.20521
8.71979
154.447
208.347
131.653
141.231
54.2507
302.496
328.946
284.788
16.722
86.3506
408.67
248.466
324.387
196.833
-212.951
249.434
294.164
258.236
2.66706
108.233
409.423
157.692
147.412
63.4205
31.8181
85.8975
78.6813
68.5382
19.6293
15.4812
285.11
74.7057
74.6651
16.9552
77.8726
41.8043
2047.67
-1.95745
7.21683
189.065
535.255
36.8132
186.938
35.8694
145.836
36.5422
180.481
0.711216
-162.109
8.74017
58.3857
61.264
66.8024
63.6014
53.9216
-66.1316
39.9999
56.0662
45.0789
30.9362
21.2648
9.49279
-0.784148
16.3157
36.3719
6.8055
75.3532
47.8572
27.3557
71.864
33.8807
83.9421
77.5883
30.4255
33.4443
73.2759
82.2653
23.2811
14.8129
93.6497
163.33
2.6025
17.0734
-253.468
14.2675
14.9284
-271.441
-316.084
113.358
5.17483
793.623
-8.87
4.46077
209.573
27.293
55.7089
18.9969
-50.5673
99.8398
-1.78408
23.9962
39.1957
30.0074
11.3056
-1.92173
22.805
12.0918
15.2501
-22.0268
10.184
13.0311
13.3583
32.4278
16.5198
12.1354
10.0709
5.41623
12.8412
10.7461
22.1721
3.98408
3.04203
3.93787
11.3219
12.2016
15.5359
12.054
13.3067
11.4057
8.47198
110.134
13.4758
2.11058
2.92838
10.569
17.8741
27.4027
-7.29511
4.76383
14.1616
15.4375
16.1028
11.0011
27.2731
11.9042
10.0275
11.5257
15.6716
21.8467
22.5688
11.5422
-1.58378
14.02
7.56622
12.2666
-433.54
24.7094
26.1217
25.0634
23.8467
5.1723
23.5292
15.8392
15.0778
24.4715
15.0574
13.5835
13.0929
25.6391
35.6561
19.7318
27.4349
11.2674
18.816
0.866368
15.1243
26.2079
22.9263
17.161
2.30929
205.756
20.9086
15.3041
-3.96365
30.1953
50.5203
14.025
21.7027
25.4423
13.7255
6.17876
0.306806
12.1476
18.8339
44.2964
2.61017
8.42954
10.2594
28.0586
20.5631
6.89356
15.97
263.746
12.6238
24.5412
11.5548
36.806
33.084
39.9296
13.3216
12.7813
1334.42
-50.7961
13.6678
19.1307
16.3938
0.675357
-1.4717
22.4126
-287.529
14.941
31.4223
16.1387
6.07625
32.8142
4.51682
19.9076
11.6954
236.762
15.7945
-3.19898
6.6341
6.27263
20.3562
26.5806
-2.77538
25.3429
15.9997
-27.3392
19.4761
18.1553
23.057
-26.713
22.8411
26.7385
22.307
12.1616
25.091
-0.771142
25.6348
24.6156
16.0724
30.9526
41.8105
22.3697
13.5238
16.2123
7.9058
18.7714
11.6081
8.24014
18.2969
21.6432
16.1793
-2.04255
10.3829
14.043
14.758
15.5189
17.5157
19.0033
12.2376
13.8061
15.7096
16.3192
17.2495
17.5468
13.6627
32.9417
-264.008
31.9849
366.314
43.8555
12.5443
-1.46369
15.3825
7.6253
61.9814
11.3143
68.5517
8.48089
196.463
19.5607
68.9614
1352.59
0.865641
36.2863
92.4558
340.903
116.506
38.7483
111.396
90.0203
362.936
272.331
120.537
-26.9957
-336.027
45.5361
364.008
287.289
300.293
147.633
48.0756
98.5953
301.096
50.8353
3.30875
56.2603
12.8408
186.187
39.1223
-2.41916
4.42315
7.10364
-156.585
14.0427
12.7947
4.50804
-4.3462
17.6111
-1.81911
140.302
0.641025
0.0126129
25.3225
9.07384
-2.59002
0.0768876
27.3124
3.42657
-34.8239
290.349
-352.41
-1.51975
-2.51812
1.10038
-0.918909
263.594
138.552
35.2302
60.8338
48.1048
370.876
20.7835
131.712
311.858
217.075
307.478
113.764
201.727
325.939
105.596
0.580838
289.12
6.43378
1100.22
478.486
186.469
938.382
12.3776
0.0482653
42.7704
10.8208
203.508
681.305
11.7017
-135.987
19.618
1366.97
-257.612
-212.61
-199.278
9.08986
-0.431423
1158.5
27.9985
-2.1947
-519.129
-60.6252
-1.76675
-212.319
1042.79
-413.761
999.786
22.4805
-72.6589
911.39
-4.25827
-67.4017
248.676
19.2706
5.78293
0.191085
-0.268994
-4.65862
3.12462
-3.14368
29.9127
16.9506
23.1632
1.42295
19.5864
14.3241
39.126
15.0244
31.9128
5.34418
8.4674
19.5921
27.1225
37.3418
21.7829
-273.323
149.094
9.47591
18.8274
42.8301
38.3684
39.3163
64.5192
-221.337
-476.1
12.8084
30.9738
41.6732
54.2804
-23.5528
54.9503
22.5787
274.695
20.3709
9.02336
14.4676
5.77251
24.0013
27.0703
-0.786472
13.704
-28.9895
9.04087
1387.03
-19.0706
-32.1087
2.56736
-47.2295
1.54889
19.4835
-2.01676
2.9596
-175.508
12.1481
11.772
-2.98182
9.28456
32.7588
-15.6855
-2.28462
-2.50104
-2.63288
50.1923
19.5675
9.3392
-2.55397
15.9802
18.9694
84.8609
1073.94
-2.03053
11.2007
-0.961066
227.741
-3.47216
26.5971
-0.578758
-228.462
4.59323
-2.29956
-161.778
29.099
-1.06658
-24.8377
-270.226
-232.157
15.0856
-0.995541
-283.618
14.5666
-1.67292
-3.23623
-16.7247
-3.66847
-1.36314
8.28528
-1.51494
-2.27065
-2.68538
-262.98
-1.67278
14.1095
0.32382
-18.5427
0.259561
7.78499
-105.481
9.42617
-1.61682
0.0990329
-1.20887
1.62687
-1.72121
12.2849
1.01556
28.2556
2.98612
4.45521
19.5762
-7.68982
-2.76688
31.317
11.4117
-0.915748
15.9778
-0.134507
-74.8792
-0.431032
-1.84586
11.0486
16.0469
12.019
58.4924
8.66278
14.7704
23.4963
-0.613037
137.758
-169.928
-0.641646
-55.8207
12.4386
13.2564
-2.10188
10.138
0.260721
-2.68458
-2.11839
-10.5008
2.46962
12.7938
-267.432
16.4523
-1.23189
-1.85465
0.195067
16.6798
1.3648
114.344
-0.996349
-2.43869
10.5594
1.57569
-295.091
10.909
-2.71119
15.2087
-2.75431
9.13585
-2.74672
-0.543972
-2.4343
-1.75593
-2.78961
-2.60402
-3.56737
-1.80896
-2.58714
-67.6281
-1.52221
-2.32097
-2.05198
12.788
21.4609
-1.68505
-1.87192
-297.318
-20.4226
-181.147
-83.2675
-280.098
5.19806
-313.251
9.71746
-107.061
-305.094
-1.82641
13.4465
-285.808
5.93538
-2.96468
-2.27957
66.8978
3.22972
-3.22742
-190.741
0.420663
-91.9282
187.849
155.829
12.7535
8.97944
6.61695
12.1223
-2.84395
7.35626
9.0297
-4.4421
1654.48
-308.785
37.9011
12.4234
-201.771
-18.9648
-80.785
-328.568
115.924
0.0117639
-297.222
-311.493
-1.46439
-306.266
-284.659
-0.678488
6.02585
-14.7746
13.8558
15.7789
-308.274
-333.965
-158.341
-302.052
-310.759
-279.705
56.0899
-282.684
2.01063
8.58318
-327.291
-1.21181
-45.0195
-242.966
-323.185
-1.63891
-341.476
8.92583
12.6057
-225.775
-331.37
-2.71514
-2.44063
-341.623
-323.537
-215.513
-325.399
-335.269
23.0519
-303.137
18.1896
15.7226
190.04
54.6701
-298.217
-297.274
-365.813
-281.826
-272.321
-252.451
-293.193
-301.007
-290.676
-289.994
-310.421
219.244
-306.672
-2.31547
12.5608
-11.5948
6.37176
4.88994
-291.968
-0.51388
15.4354
6.16551
-310.291
6.91748
-9.2559
1.75463
9.93258
-183.426
2.69075
11.7074
16.1053
3.45873
17.7
14.8777
3.39145
-0.209246
27.2765
6.58999
1.35476
-93.9597
31.6486
19.7765
0.125221
-3.02839
19.6297
-419.738
16.623
11.0914
-245.258
34.7158
1.95695
17.3485
-1.901
-2.74163
1839.3
32.5281
42.4772
47.5145
62.483
13.8498
93.9935
4.82923
10.8023
849.79
152.788
34.6903
-283.502
1511.95
33.7911
5.97075
16.5775
80.5379
-3.60103
-3.14761
64.4745
0.910415
34.1875
7.99074
34.6833
-149.718
35.8357
-25.6744
-286.189
21.3683
-274.941
-5.30641
20.5312
-391.888
-2.91767
17.6464
197.956
8.35641
34.2734
11.5704
6.05304
35.4195
188.917
-159.64
60.6294
100.63
91.9893
-251.353
100.981
-19.9774
17.5407
25.1634
-276.033
7.03651
-272.875
2.0775
-209.448
17.791
-52.0185
631.543
-211.054
29.7473
-283.762
18.0956
-92.718
1.04205
-263.743
15.5388
-328.552
-1.66512
-271.306
-296.502
-2.29719
-295.861
-343.825
12.024
41.1268
25.0221
6.49709
488.758
12.5647
-6.07058
7.37755
0.538485
74.9855
-342.785
-274.216
880.63
101.377
11.0718
-325.613
34.8589
-412.239
235.337
-328.943
18.7029
-2.54218
23.259
-281.244
187.442
11.6367
-269.155
-98.6022
-406.139
644.071
-123.061
-273.359
-272.874
20.8622
-110.76
-338.926
27.128
17.0013
17.1018
-1.18266
15.3675
7.68906
22.224
-252.57
5.38478
-231.486
-141.229
-311.969
-335.855
-316.041
-294.339
-185.484
14.9801
13.3083
93.0445
10.6238
-2.09137
19.5649
-309.927
-278.881
-314.63
20.0249
6.91815
17.7983
18.5285
37.9566
-3.35801
26.7109
3.41238
-296.874
6.66751
-41.8047
20.5884
-0.981962
15.1235
13.7347
0.19934
23.3904
8.02652
61.2026
6.93341
19.6888
9.23692
-3.77665
2.55252
54.714
59.8203
1.29481
-0.18282
17.9244
63.3688
29.0131
-1.47677
0.864505
0.641346
7.42427
4.32137
19.0372
12.1635
7.65068
15.196
10.8533
21.1409
22.236
10.434
33.3032
14.2536
25.3386
30.8003
69.4716
9.56488
4.08506
27.8379
-364.649
8.75563
-31.2563
-2.91612
10.1297
-291.978
-408.324
-2.00717
-41.5341
31.6105
14.1797
189.554
60.8708
16.1726
-1.95242
13.4969
-35.4267
2.98969
-147.406
-208.725
-1.87748
-179.577
10.7838
30.0688
12.6339
-7.4444
12.0099
48.8067
3.92743
10.2917
5.16142
-4.29912
51.3464
9.86085
5.49941
7.89159
-2.40744
8.20123
-3.37916
-427.142
26.5957
-298.214
3.19928
-2.29715
-356.037
0.0555062
344.848
36.2781
2.69905
-2.92936
440.658
9.91388
-305.395
57.3399
14.6936
-272.704
6.86784
14.4759
15.9085
2.30093
-263.514
-281.101
-254.268
-240.918
-327.799
390.559
3.45017
-0.593577
-5.25387
14.5148
-273.965
-2.23959
7.46298
16.4063
-358.427
12.1735
17.4827
-2.91434
9.70604
6.79982
11.5542
12.0449
13.9993
18.3099
1.76533
9.30893
3.61462
)
;

boundaryField
{
    FrontBackPlanes
    {
        type            symmetry;
    }
    wallz
    {
        type            calculated;
        value           nonuniform List<scalar> 
97
(
-404.048
-356.787
-434.801
-277.102
1794.95
657.92
444.812
879.666
963.231
-177.163
-586.794
-278.846
-218.852
295.51
433.752
931.953
27.7893
721.558
24.5693
7.4213
-11.0894
-279.824
-278.151
-92.5404
281.193
-96.4529
44.9713
-95.695
48.8766
-108.552
-259.358
-292.26
-346.754
106.15
244.89
111.674
50.2243
-224.247
-285.976
-275.915
1722.52
-492.663
147.084
-142.26
-25.7708
-357.468
2657.25
536.386
3157.05
136.257
84.0402
156.825
-11.6326
331.394
443.384
306.798
-60.6418
398.831
4.39092
117.202
363.236
441.164
259.586
-522.68
-208.341
1763.22
2297.59
-0.487821
-1.64377
274.298
404.002
59.9859
-331.855
-246.318
-251.61
349.327
218.156
923.299
423.081
261.208
761
817.597
-4.48164
-275.903
-528.859
-544.647
-152.398
1620.96
2003.42
-1302.79
399.266
-188.378
-1.40066
1371.29
433.487
-1.74211
198.929
)
;
    }
    outlet1
    {
        type            calculated;
        value           nonuniform List<scalar> 
31
(
-2.94689
-2.943
-2.943
-1535.29
-441.689
-2.943
-2.943
-2.943
-2.94346
-12.2969
-6.78642
-2.96097
-3.00376
-2.943
-2.943
-2.94877
-2.94975
-2.943
-2.943
-2.943
-3.16699
-2.943
-2.943
-2.943
-2.943
-2.94301
-2.94537
-7.36743
-2.943
-3.02269
-2171.21
)
;
    }
    inlet1
    {
        type            calculated;
        value           nonuniform List<scalar> 2(-570.238 -576.934);
    }
}


// ************************************************************************* //
