/*--------------------------------*- C++ -*----------------------------------*\
| =========                 |                                                 |
| \\      /  F ield         | OpenFOAM: The Open Source CFD Toolbox           |
|  \\    /   O peration     | Version:  v2012                                 |
|   \\  /    A nd           | Website:  www.openfoam.com                      |
|    \\/     M anipulation  |                                                 |
\*---------------------------------------------------------------------------*/
FoamFile
{
    version     2.0;
    format      ascii;
    class       volScalarField;
    location    "0.6";
    object      p_rgh;
}
// * * * * * * * * * * * * * * * * * * * * * * * * * * * * * * * * * * * * * //

dimensions      [1 -1 -2 0 0 0 0];


internalField   nonuniform List<scalar> 
6576
(
2777.87
2752.69
2762.36
2766.66
2783.05
2790.84
2766.68
2767.19
2783.92
2773.79
2815.52
2798.85
2786.57
2796.19
2758.78
2767.18
2732.93
2761.49
2763.79
2811.51
2743.04
2803.66
2807.98
2761.33
2790.24
2820.94
2867.42
2788.44
2748.88
2753.15
2772.5
2734.84
2772.79
2797.91
2793.46
2812.56
2786.67
2813.7
2773.83
2793.55
2759.17
2749.92
2776.81
1498.57
1073.98
2480.61
1625.54
1512.4
1926.69
1422.69
1445.88
1596.02
-0.0434871
-0.0142702
-0.0175158
-0.122759
0.487766
1.03201
0.0768533
-0.0122841
-0.0127932
-0.0258096
-0.0223617
-0.00309366
-0.0759971
-0.0175351
0.0514182
0.0349803
0.0313878
0.00646288
0.0242386
0.000892439
0.0328351
13.0802
13.8032
12.6458
12.6836
12.4023
11.1631
12.0718
13.8624
13.9911
13.7369
16.4752
14.6515
13.8958
13.8111
281.765
257.075
234.024
351.8
265.339
364.248
303.645
242.931
402.857
285.394
391.467
268.668
281.557
329.361
815.601
1127.12
870.561
882.459
872.826
756.298
873.787
1829.31
1792.15
1794.95
1748.55
1801.53
1999.83
0.318086
0.139003
0.708244
0.555692
0.550558
1.03223
0.553143
217.008
2001.12
2468.7
2610.42
2485.06
2745.71
2832.1
0.27442
-0.190765
-0.761978
-2.90533
-0.425085
-4.00011
-1.43369
36.997
29.5837
14.3912
11.9111
23.6487
15.9403
13.8276
11.0929
14.859
12.2779
22.0338
13.2268
10.7509
18.5069
24.4371
16.7892
18.0741
18.3808
14.9754
23.5011
56.3267
61.4847
25.1388
58.9614
33.9833
18.873
17.377
18.8277
17.5564
19.2346
21.5929
19.4005
17.7542
19.9675
18.7882
17.2011
17.9124
14.3648
12.6931
12.3942
15.4465
13.8726
11.0116
11.3139
11.3408
12.1873
10.0817
10.3633
12.198
11.5614
11.6623
13.2916
14.7097
14.2347
13.2494
8.68183
8.09274
7.01169
8.49396
8.96391
8.53492
10.6218
10.8713
9.17057
10.2164
11.3762
15.0473
11.3578
10.4092
7.5685
6.57296
7.88825
9.25177
6.8186
5.87652
8.76644
9.85867
13.9301
8.73327
9.82328
6.90031
9.17087
10.8699
1.53204
1.4365
1.86006
2.19654
1.27224
1.66825
2.27999
3.42569
2.80515
3.72818
3.40019
3.96726
4.30456
4.1537
8.33305
8.07344
7.59182
7.15499
8.01653
7.27679
7.15796
10.1723
8.95396
9.46707
8.72165
7.75817
10.0833
9.5103
14.162
18.5394
15.5344
11.1343
12.2686
11.9683
12.9946
16.3024
14.5471
48.0291
52.8573
62.921
54.9742
65.0206
63.6757
65.7626
155.93
675.267
1450.99
276.544
213.521
259.061
1367.03
915.792
899.498
841.009
905.797
870.091
799.586
756.27
824.339
810.006
796.749
818.515
890.742
686.252
674.777
727.776
722.151
506.049
634.633
466.449
430.19
497.552
576.872
380.131
440.37
438.182
814.29
719.224
754.109
553.743
580.385
657.303
704.514
634.933
654.563
677.715
661.409
78.7246
295.957
258.676
531.407
355.49
521.213
610.09
204.795
1.78261
220.427
9.85415
3.40887
3.3646
2.81158
3.02436
15.2966
15.6577
15.5756
14.2952
15.2341
20.1441
14.6536
453.7
476.948
552.506
374.854
469.123
396.066
396.157
499.928
457.671
389.031
482.429
467.915
438.381
521.684
384.769
452.231
657.925
601.366
547.863
571.894
583.928
485.238
515.842
538.178
588.73
884.963
952.351
879.666
916.997
1015.43
854.327
1013.91
904.264
934.4
963.231
996.68
939.623
811.332
934.956
898.383
847.323
733.078
637.796
680.444
722.927
774.239
709.398
754.939
438.805
399.301
432.276
408.09
472.653
376.376
457.629
20.0911
20.4059
20.1252
20.6509
23.3091
20.6395
21.2326
20.5203
20.646
23.7562
36.9523
22.1389
32.4789
108.303
73.485
58.5099
5.99247
6.04464
6.03007
5.29156
8.73869
5.31618
7.71166
6.81925
7.86756
32.6287
83.7963
328.17
46.5714
32.9768
24.7735
28.8899
1516.17
1509.59
1514.36
1397.16
1453.83
1440.67
1521.02
16.0594
14.7415
15.3068
16.4388
17.0434
15.2207
15.8326
21.8112
18.8542
21.8732
22.4193
22.6382
22.5327
21.9572
22.7361
21.475
20.7045
22.7887
20.2983
20.4641
20.111
1294.87
774.34
126.682
1061.51
570.44
136.645
147.045
129.011
134.045
171.007
154.427
265.299
269.715
226.597
139.091
214.782
1134.61
1327.32
1272.86
1204.02
1102.16
1237.64
1436.61
842.756
145.804
621.183
855.966
471.039
483.05
1450.69
904.345
259.464
809.453
951.843
500.166
358.638
1013.17
1240.97
1285.82
1215.13
1227.88
1194.79
1168.07
991.871
1014.85
920.361
1191.05
1297.34
1297.6
1273.75
-407.545
1333.33
-322.355
1132.87
162.95
-123.783
1572.2
1039.13
996.045
907.094
-326.37
930.646
-382.717
1163.97
1023.45
56.9747
994.74
2016.31
1932.82
1745.07
1895.69
1795.21
1840.32
1802.04
2030.96
1731.75
173.594
695.452
-189.116
51.6767
-30.8698
-99.1923
900.745
-15.7926
160.089
-0.693709
-6.15145
-0.528377
-0.99162
-2.57957
-0.658188
-0.239184
85.1789
492.499
79.2604
81.8034
197.885
101.112
485.958
481.872
132.119
24.0069
25.4821
25.6131
21.8133
18.3907
25.1721
17.6462
8.18253
13.5603
20.4868
8.50995
6.85746
9.68529
11.8956
10.8741
12.6921
14.2967
8.9651
9.38108
9.99722
9.15975
13.5234
15.6783
13.5337
11.7513
13.6131
11.9422
11.4486
11.0836
10.9916
10.4907
11.1381
11.1604
10.0849
8.57056
9.05001
10.4619
9.18383
9.64035
10.1146
12.2105
12.743
13.3281
15.721
13.6614
14.25
15.0822
2.10108
2.24005
1.65558
2.65633
2.43866
2.06075
2.45568
17.7197
8.08423
6.03938
39.0606
312.691
20.2852
48.9573
14.0934
5.25938
16.5376
18.2647
15.4584
31.4623
16.1609
25.9232
17.0121
-172.045
-220.036
-121.944
-252.288
-256.48
-211.859
146.88
-286.606
-297.672
-255.942
-245.631
-297.371
-292.556
-291.121
-339.031
-332.421
-321.828
-332.061
-198.463
-321.745
-337.791
-237.455
-241.218
-222.633
-238.058
-224.77
-243.251
-234.089
-239.072
-209.107
-232.903
-221.335
-237.032
-192.097
-234.603
-226.899
-232.251
-9.87862
-145.099
265.172
226.524
313.434
273.239
252.819
245.04
140.538
286.336
286.157
305.048
101.55
283.232
249.822
328.651
-6.88329
71.8984
78.9745
100.194
52.9192
168.275
95.2798
122.002
-2.00955
500.899
269.392
617.058
267.891
173.82
454.56
676.084
599.001
655.061
493.719
427.483
699.515
524.728
599.323
466.679
479.542
559.718
540.777
687.673
632.384
596.362
578.07
451.617
654.752
741.667
692.013
513.547
586.408
621.558
652.81
701.031
733.348
639.968
551.907
598.933
581.743
605.318
589.774
798.848
770.166
732.173
785.379
710.833
774.116
838.304
1001.94
969.585
1009.42
372.25
739.654
700.708
649.066
690.654
703.259
540.233
941.72
803.446
816.355
870.133
936.977
802.852
711.162
928.953
830.146
1053.61
931.953
923.251
51.9487
245.718
27.7893
269.117
256.355
190.925
175.361
275.986
244.648
698.571
577.875
721.558
765.531
701.265
679.96
625.83
923.195
703.665
694.915
139.422
94.959
46.4769
271.311
144.666
96.9458
139.08
527.607
241.429
341.948
237.086
228.48
114.971
322.695
111.497
161.977
104.546
168.476
244
288.643
189.909
56.9023
-51.1172
23.4574
-11.1119
33.3874
-25.1374
41.7998
88.0418
30.1513
44.9108
165.726
167.6
53.4445
146.803
-104.623
-97.9508
-131.765
-217.084
-231.519
-133.95
-162.663
206.546
278.446
246.907
272.897
255.367
267.815
262.565
450.566
256.559
424.137
269.502
322.881
397.129
401.638
414.061
441.946
94.0583
119.353
101.857
409.598
241.619
146.488
86.7132
306.499
80.0812
142.174
253.065
306.585
24.9051
226.656
227.992
520.652
139.363
48.6544
79.3511
50.0624
53.245
57.28
94.534
15.6142
13.6197
10.8495
10.9417
11.2263
10.2542
11.2171
18.3425
21.3151
54.845
24.6143
36.3675
725.482
166.854
176.831
364.362
514.911
166.483
1001.06
250.989
143.094
138.072
151.336
140.68
230.006
152.121
597.352
294.596
926.726
399.354
887.07
901.339
1339.01
1423.74
1704.71
1396.29
1386.04
1444.84
1569.55
1614.33
1559.16
1561.49
1542.4
1421.42
1024.97
1034.08
1028.98
1353.06
1489.43
1442.77
1474.96
1372.04
1154.32
1163.16
1238.9
1516.5
1489.15
1456.46
1286.3
1297.23
1496.48
870.563
1471
240.543
1171.45
833.238
1457.88
1297.51
1468.41
1249.97
1183.02
486.353
1837.46
174.955
1418.4
1831.26
1661.68
1277.09
1895.28
1966.26
1645.26
1582.75
1934.67
1773.61
1652.33
216.799
887.186
0.613487
27.9602
3.41764
-11.8418
-0.443259
-2.51252
-9.09935
-3.69602
0.128009
0.46605
-0.138075
-0.302239
-0.223698
-0.471586
0.0344642
-0.368265
-0.273151
-0.0482123
-0.55938
-0.307635
-0.341463
-0.611407
-0.167471
-0.561382
-0.689886
-0.811549
-1.0273
-0.261757
-0.218232
-0.0695178
-1.14244
-0.687517
-0.565647
-1.58222
7.59506
11.013
8.41185
7.08158
9.45469
10.5189
9.48591
6.68265
10.336
4.27465
4.78014
3.40118
2.80937
11.0546
11.2653
3.54926
5.7555
5.67316
6.43163
4.17576
6.24594
6.81551
5.55266
6.76852
6.11472
5.84727
7.5488
5.34738
6.48162
4.43069
14.0732
11.3609
14.6034
13.1267
12.171
13.0046
16.7783
15.3954
12.7207
14.1662
16.1719
16.4157
16.9593
16.7745
15.6796
18.7043
16.0382
18.8301
15.52
15.9999
17.0318
0.768078
0.663823
0.841843
0.79199
0.684644
1.59704
1.47588
0.926345
1.09626
1335.74
1445.58
1492.28
1292.31
1360.97
1395.86
1360.25
-79.0951
1214.45
1236.54
502.857
341.342
-279.303
305.874
-82.6197
-204.584
-116.656
-279.627
-273.197
-284.547
-287.491
-286.798
-283.58
-306.115
-304.384
-304.496
-303.947
-305.674
-304.385
-307.53
169.734
222.112
254.529
191.136
378.817
378.837
450.662
331.115
171.719
-121.602
396.609
318.878
-47.8582
311.252
-280.144
112.416
308.109
347.631
352.114
415.738
328.195
371.237
-31.3361
-8.56269
-3.84083
218.86
269.635
255.41
249.5
195.08
90.1378
-12.3236
-51.8478
364.862
233.324
261.896
293.316
140.559
247.851
448.464
398.134
450.553
362.376
399.893
402.293
472.352
595.414
195.396
357.943
167.133
129.742
212.002
86.2972
25.3003
48.209
102.877
281.193
173.893
186.617
-90.843
-37.0678
-96.4529
-48.8108
-17.0339
-44.5796
103.785
106.834
-6.37633
48.4659
94.7785
82.9067
100.135
132.451
120.704
90.4275
157.619
77.8946
44.9713
66.0487
82.8295
9.85034
24.6456
118.257
9.36095
39.2524
-12.5749
11.9889
2.49728
13.9597
21.7704
10.1337
16.5072
10.7661
14.7403
9.55252
17.3394
163.384
236.745
251.486
159.07
89.0498
157.601
71.8443
270.75
265.188
312.327
270.824
271.638
223.651
293.221
226.92
32.3574
613.478
45.4559
634.563
68.8299
79.4258
669.652
642.677
855.269
815.096
837.368
846.406
740.673
13.8758
14.5631
13.0831
12.9336
12.6372
13.0302
13.1568
13.0612
12.7655
14.2102
13.4608
13.6267
14.4863
13.5459
13.7609
13.825
13.8936
14.0326
12.9469
13.2707
14.7039
35.6144
20.413
12.8612
46.4688
21.6242
13.9272
22.3874
1528.54
1564.25
1577.7
1501.62
1493.92
1541.62
1534.4
1487.48
766.642
278.876
262.673
262.104
443.475
892.019
1165.22
1309.58
514.715
1338.96
1032.65
1338.21
1360.39
849.654
175.936
1341.88
307.353
173.139
362.286
1333.09
288.292
280.005
753.362
333.496
276.123
1047.31
410.485
276.524
872.908
1121.53
762.104
671.227
1192.05
775.219
897.302
682.174
1035.04
298.348
845.182
710.885
951.951
808.942
1115.33
1509.39
1570.97
1559.58
1485.26
1466.53
1474.18
1493.01
1434.02
1453.72
1386.31
1552.16
1517.36
1571.94
1557.18
1471.22
1493.44
957.972
1677.33
1518.69
1621.21
1517.88
1393.42
1341.93
124.391
132.835
138.581
131.761
124.046
819.571
331.685
580.891
126.819
212.916
1550.03
183.159
185.824
200.089
200.259
179.887
179.686
182.762
174.671
1360.3
1553.81
1528.27
23.2761
16.2671
1217.36
814.816
22.2588
32.6494
80.5974
92.3291
20.8791
449.795
164.773
64.6132
443.626
489.798
62.66
59.1141
-2.11391
-2.86702
-2.29935
-1.85567
-2.91512
-1.36457
-2.67526
18.3764
22.2582
17.3021
14.9379
18.8399
24.2783
21.2354
-2.63155
-1.24498
-1.61597
-0.00189779
-0.951544
0.0338828
1.2181
-0.781193
-0.802579
-0.6465
-1.42002
-2.07907
1.80724
9.0779
10.5583
11.1714
10.9507
-2.08304
1.02477
4.71731
-1.45447
-1.91762
-1.65142
2.00471
-0.055461
-1.25487
-1.51157
9.84512
5.35923
0.503622
3.05174
2.87906
-0.991395
0.0166284
10.0793
2.17094
2.79139
-0.581485
-0.532195
-0.182653
-1.01772
-0.97183
-0.861089
-0.709887
-0.756649
-1.1295
-0.933027
-1.25657
-1.10801
-0.803375
-1.18654
-0.332007
-0.629238
-0.299266
-0.0521624
-0.360588
-0.388752
0.0126649
-0.426114
-0.705246
-0.328545
-1.39564
-0.2635
-1.01134
-0.744802
0.669773
0.477835
0.516891
0.677804
0.738697
0.623886
0.580156
0.32661
0.423356
0.405149
0.500502
0.501514
0.517498
0.550936
0.585021
0.695788
0.819871
0.722241
0.767845
0.93311
1.49476
1.50201
1.39298
1.19519
2.06777
1.71398
2.25196
1.56356
1.41693
1.75503
2.93995
4.4503
12.9952
2.00511
1.75648
3.54665
5.8132
36.9748
14.3081
26.4134
43.3621
15.2202
41.9979
35.6501
16.7177
14.2393
16.9094
286.9
94.5961
122.629
37.2858
27.648
17.9715
1073.71
73.0539
309.629
1455.68
1695.29
1610.56
1665.85
137.706
141.292
1468.13
1532.57
1556.46
1482.48
1538.42
1428.91
1500.12
50.1751
-100.954
-265.285
71.7262
76.7193
53.1578
51.5293
8.9435
45.5992
52.2097
-8.95137
22.4831
-135.668
16.3991
-262.574
-209.097
-186.709
-268.716
-269.342
-232.255
-263.663
-149.482
-267.509
521.863
-289.165
-127.309
-262.957
647.93
225.02
32.6024
-209.49
-184.307
-215.163
119.716
-241.181
279.521
339.563
47.0276
369.742
361.465
259.292
138.739
384.954
359.58
385.62
181.234
69.7545
367.447
294.541
406.579
398.426
469.778
143.483
320.63
206.236
344.656
364.519
169.859
356.575
231.492
-120.93
-72.5716
294.954
375.086
416.81
207.193
369.382
450.966
-106.898
-86.1861
-87.2363
-75.735
-142.767
-134.509
-88.1434
84.9377
61.5782
32.6569
87.5748
71.5052
22.2207
153.807
106.15
72.545
37.3647
102.76
195.272
244.89
198.045
167.092
236.519
350.295
141.988
144.146
153.141
37.0018
30.0504
27.9606
39.8892
49.7286
38.6541
29.8897
17.26
19.5119
21.0302
22.545
17.5369
18.8888
20.7533
25.3001
26.3715
35.32
18.709
21.3125
21.6931
20.3034
88.8326
52.0756
71.4366
42.0775
41.2882
36.6238
33.1875
40.3206
37.5385
10.3726
15.4406
22.9458
279.395
51.1837
347.721
104.425
13.6517
16.0965
18.1473
23.9074
17.0315
18.8084
18.2645
17.231
18.2868
14.6844
15.3385
17.0036
14.9536
15.4052
16.4625
17.6116
15.2119
15.525
15.2957
54.3648
129.251
15.4041
91.9653
214.417
219.962
533.123
252.423
313.895
66.4579
104.373
72.5662
69.8927
70.2149
133.356
331.954
199.87
321.578
330.583
333.254
1126.76
852.29
942.178
745.403
652.066
1050.8
1185.26
1199.45
1226.94
1174.82
1240.16
990.34
900.207
1168.67
1411.28
1455.8
1465.84
811.944
619.217
1030.73
448.494
1250.72
424.77
752.485
1381.07
1395.85
677.402
171.931
710.859
1064.88
1042.47
419.103
519.561
967.445
1226.38
1195.21
1091.54
305.174
488.206
1498.17
275.086
279.771
669.267
965.729
820.097
1030.83
110.579
206.547
125.369
844.583
461.219
824.109
1550.47
1567.88
1550.49
1567.7
118.24
115.471
118.67
393.209
128.268
123.532
195.564
1608.53
1802.65
665.027
195.176
469.954
1140.16
1199.1
17.3852
17.2547
16.3866
17.5839
18.5895
16.0558
15.7437
1.14632
0.873473
1.68347
0.955083
1.05527
0.164605
0.13333
-0.913524
-0.957966
-1.04791
-0.648648
-0.16637
-0.410675
-1.16283
-0.451139
-0.437932
-0.897712
-0.655468
-0.0754074
-1.08081
0.104209
-0.0585372
0.00221051
-0.0628532
-0.0140387
-0.0540627
-0.109744
0.0837671
-0.0227385
-0.0180431
-0.0305504
-0.976157
0.0478981
-0.0394808
-0.0924243
-0.180715
-0.894741
0.229781
1.17963
11.1623
11.9693
13.3499
12.1801
12.4922
12.8341
13.3388
465.228
1966.13
2702.87
2742.08
2775.39
2760.59
2823.78
2.98352
9.04189
11.0655
1.18922
1.05365
6.13845
116.85
4.23057
48.303
-0.0960567
3.51008
4.30021
516.329
0.634362
1.7959
1.6738
1.32629
0.957796
1.17632
2.45079
1.48859
0.529653
1.66893
1.24002
1.79338
2.61784
1.54977
2.28052
2.28044
2.65435
3.60131
1.1598
2.01852
3.76423
3.5028
1.45194
2.79693
2.7922
1.6851
2.10744
1.2359
1.80555
1.46677
1.0067
4.5745
6.19786
4.12006
4.32883
4.10073
3.91744
3.10633
6.84325
8.36534
7.12195
10.7083
10.6551
10.4811
10.8338
5.70647
5.12877
4.90917
5.06409
5.04299
4.94867
4.91634
1405.23
1436.39
1618.68
1856.47
1890.13
458.871
1700.11
440.102
179.916
-57.6196
-68.8006
160.921
169.611
-140.604
866.115
730.714
912.934
833.775
745.236
1081.84
771.405
486.867
791.968
819.5
773.352
864.633
682.335
804.067
833.425
820.857
911.311
815.484
773.242
793.982
782.743
812.452
856.537
631.421
661.495
622.459
662.614
684.263
240.912
643.951
681.017
620.087
663.249
491.347
555.213
478.798
479.797
473.717
63.7885
103.756
-245.386
-245.949
-232.617
-145.548
-245.597
-195.509
-149.403
571.019
420.312
116.994
301.638
233.316
336.674
-247.572
-127.893
-165.206
-253.87
-255.046
-263.917
-314.842
111.337
244.119
141.232
232.543
172.865
255.183
222.709
107.13
157.076
312.471
293.796
276.688
315.05
283.895
44.6871
39.5028
79.2908
36.0019
13.5849
21.7663
29.0461
18.8972
20.7215
24.308
20.6812
5.92448
19.0394
38.9602
1475.91
669.431
1722.52
572.468
903.819
774.223
1329.76
-73.8429
-492.663
-47.6737
-266.75
200.276
116.962
85.3616
67.2329
64.3356
74.1138
67.8822
61.6994
62.3093
62.5346
61.5869
85.6109
61.2113
64.8855
102.749
121.594
203.416
378.614
151.407
540.334
1025.3
138.243
248.078
1442.71
609.929
1130.56
1408.2
1417.64
1395.9
1386.57
1426.89
1504.3
1470.47
1406.35
1460.87
1459.95
1451.63
1503.27
1377.88
888.481
215.858
372.549
532.147
210.578
226.14
170.121
530.367
305.713
235.686
59.1174
250.369
534.221
196.771
59.5658
93.2398
78.2396
298.502
64.1924
102.844
63.0743
71.279
67.8693
96.3705
65.1336
1034.83
192.44
357.044
66.1314
5.96704
5.84397
5.26942
6.42723
6.17914
5.52424
6.16418
8.2862
8.75044
10.3527
8.69941
9.40821
10.926
9.90871
18.7314
17.7586
21.0391
16.1273
14.4871
13.6148
13.8713
15.8855
12.7483
13.1759
12.2503
13.4604
1712.48
1601.42
2485.64
2061.36
1799.56
365.615
2294.22
0.0391656
0.55127
0.0876844
0.0323147
2.63509
-0.00754397
0.327388
0.449173
0.555756
0.664064
1.83042
1.02176
0.809975
0.686408
1.39307
0.545943
0.893369
0.0344197
-0.193849
-0.136558
0.112838
0.00427139
0.283747
0.213265
0.118789
-0.0127882
0.199961
0.318208
0.357688
0.0126324
0.427474
0.396111
0.409711
0.212767
0.0348589
0.105959
0.155028
0.182343
0.206713
0.229203
0.51157
0.622792
0.279397
0.48123
0.413883
0.180574
0.310191
10.227
8.36363
8.70856
8.48076
9.30415
10.5109
5.93724
4.74287
4.81225
11.5432
6.2815
4.65799
6.07171
9.79725
11.1019
10.4118
47.5083
13.7945
8.04091
9.73435
10.1921
1891.48
1828.67
1531.2
267.251
1356.97
1379.53
1731.47
1641.37
1891.17
394.12
789.618
359.1
1340.37
1453.51
1400.93
1060.17
659.374
416.195
423.204
400.823
416.121
467.054
403.704
597.987
452.098
854.306
662.941
693.502
667.122
798.63
421.495
539.411
421.828
1046.46
1088.93
1009.66
812.019
1134.53
1010.58
784.524
649.212
866.963
451.55
819.788
870.183
815.019
834.114
822.759
722.774
752.833
816.183
692.408
226.81
271.501
145.491
511.677
681.845
678.826
728.063
-270.478
-252.803
-292.482
-293.446
-284.847
-260.193
-285.658
103.939
99.0836
82.0211
500.309
392.762
254.665
294.328
319.325
413.939
438.963
405.453
372.861
458.427
347.957
427.377
392.533
419.74
407.126
435.718
266.472
326.388
377.411
288.316
458.952
282.895
272.429
290.517
247.254
231.529
136.324
57.793
261.891
231.206
294.929
231.595
226.122
149.917
272.12
25.1741
44.5511
152.191
43.455
134.919
204.55
210.167
681.538
-41.3399
513.689
2406.03
975.076
2113.49
2254.88
2226.87
2647.32
2041.87
2257.23
692.44
2657.25
1859.3
2184.39
2331.41
860.091
407.048
536.386
495.773
484.353
120.957
377.411
228.191
3157.05
2001.39
944.944
1244.27
1125.29
1015.33
1104.82
1035.02
996.555
948.268
887.492
1327.89
334.365
833.837
147.889
489.259
229.966
66.0392
124.868
57.4661
56.4646
53.1873
32.5589
36.9535
37.4664
40.7178
38.1935
35.3744
34.1077
34.3097
35.6527
33.9614
33.4463
11.4771
11.7418
10.9995
12.6744
11.7782
11.3202
11.7473
11.26
10.6316
12.2752
12.6152
11.7548
14.41
12.9267
15.8046
16.8289
16.1101
17.4105
16.4683
18.1892
17.2067
15.1182
15.2055
14.4022
36.4351
15.807
13.505
11.187
0.777672
0.716775
0.664503
0.76644
0.622545
0.611692
0.748443
0.805704
0.908025
1.07621
0.82839
1.3343
0.916581
0.847703
0.819106
1.03092
1.37074
0.94081
1.40008
0.808876
1.17216
0.832762
1.4357
0.468192
0.618768
0.663541
0.591379
0.73012
0.672214
0.564033
0.244365
0.298756
0.300007
0.102873
0.018223
0.0428321
-0.0217322
0.0399266
-0.0100883
0.0534429
0.144286
0.0348996
0.07031
0.311699
0.212563
-0.0394083
0.0425643
-0.0659688
-0.169083
0.706669
-0.0485199
-0.17418
-0.340154
-0.251867
-0.15562
-0.12878
0.39752
0.413464
0.274395
0.336263
0.282931
0.428974
0.2233
0.383484
0.279682
12.5247
13.9091
13.683
5.93351
10.2767
15.4516
15.155
136.874
785.954
152.155
373.668
48.0796
392.711
227.719
664.012
307.304
314.128
621.246
745.238
305.952
341.179
983.156
923.505
925.968
972.01
968.895
1135.34
974.62
1233.16
963.952
1416.84
952.167
977.715
969.58
1250.23
1315.19
1422.07
404.039
731.572
448.059
-164.855
-171.772
-143.187
-111.965
-103.009
152.839
-69.8367
-250.186
-189.823
-49.1795
-262.816
-252.154
-197.012
-16.3474
-192.944
-141.2
-116.083
-274.9
-270.239
-251.916
-195.079
668.453
366.513
596.762
254.734
36.7137
153.068
177.253
43.1326
101.268
46.2888
46.8913
209.425
20.9931
66.8754
20.5128
19.5956
20.4674
19.0917
19.6335
19.9658
20.0015
20.6812
20.7441
20.3783
20.604
20.5697
20.512
20.8573
20.6028
21.3821
20.9604
21.1354
20.7053
40.7845
37.2653
35.2938
68.8214
141.117
54.5452
38.2454
195.149
487.439
469.081
490.167
461.945
257.811
442.99
66.6824
67.1007
182.697
199.314
86.7235
53.7083
168.126
902.726
551.631
28.105
600.328
542.286
939.859
301.803
430.098
297.581
352.809
-301.636
185.156
331.394
162.435
273.648
76.2044
326.975
499.62
443.384
190.673
438.355
256.939
440.352
215.556
306.798
312.597
718.569
618.224
765.19
665.201
649.493
689.624
704.502
778.962
1086.07
991.197
1022.32
928.081
1313.7
977.597
870.177
1075.02
1125.31
1283.88
1097.44
1087.86
1046.09
864.906
779.901
1239.69
1333.34
1227.49
1094.33
1125.35
983.098
954.77
1085.52
1084.38
1053.81
1225.93
691.616
635.616
673.422
1008.13
938.887
882.445
992.893
761.171
737.979
0.821052
1.01534
1.38848
1.29941
1.53909
1.29886
1.21079
1.03643
0.773068
0.943432
0.920168
0.636969
0.907119
0.84689
0.581391
0.66253
1.11298
1.20682
0.914436
0.904236
0.999309
0.0692499
0.741787
0.817
-0.282283
-0.158255
-0.262761
-0.181317
-0.159254
-0.137401
-0.303218
-0.141933
0.0185055
-0.0376656
0.00407607
0.00134029
0.0159582
0.0691431
0.0423566
0.00162901
-0.31346
-0.00156827
-0.049536
0.00808507
0.00123851
0.043013
0.0479239
0.0722383
0.0635741
0.0554026
0.0333831
0.072002
0.093404
0.0461103
0.0227851
0.0718339
0.109016
0.0463302
0.0816292
0.0115756
0.0229244
0.0175456
-0.0349626
-0.0070482
0.00062052
-0.0575694
0.0429928
-0.00268518
-0.0663663
-0.266446
-0.283765
-0.1914
-0.179564
167.338
133.327
168.285
40.855
83.2841
62.4173
524.957
343.29
457.762
198.136
37.5855
472.822
358.893
121.906
1560.87
748.465
1457.53
909.878
1078.16
882.047
1496.69
1272.94
1584.8
1525.39
867.891
921.433
882.332
1324.18
905.346
1393.35
1378.96
-133.258
139.904
522.129
432.955
18.0038
57.1158
36.8348
602.133
223.207
41.0071
327.861
236.342
-36.2493
-149.215
-129.621
-152.386
-88.747
-97.0667
-93.4697
-142.915
-95.4879
-121.521
-76.2576
331.202
650.579
-62.0911
300.801
329.454
-299.67
-303.852
-298.187
-299.289
-304.388
-306.65
-303.385
-282.761
-281.372
-284.534
-285.502
-287.193
-284.337
-282.777
-295.898
-291.202
-292.206
-295.125
-290.269
-293.863
-291.329
-288.283
-276.532
-232.906
-266.417
-282.122
66.6595
144.528
62.6333
100.453
73.9204
150.699
164.007
11.0078
33.4948
451.965
701.429
434.417
518.929
665.951
718.619
760
886.078
802.418
22.0115
10.8123
14.7702
17.4052
16.4779
12.9148
11.9951
18.2583
32.2218
26.6036
43.71
58.4274
55.3345
34.0325
17.3131
18.121
17.3705
17.276
16.5104
16.5198
21.1473
23.463
22.8543
23.4182
26.7586
22.6004
36.7143
114.771
24.1614
27.0542
212.285
550.987
357.581
245.531
215.37
117.799
304.723
640.061
362.863
357.4
589.036
105.985
178.505
395.064
298.471
462.262
275.82
424.521
412.036
286.587
483.812
385.081
543.076
402.419
363.236
453.403
151.807
347.386
138.356
441.164
323.382
399.304
412.583
451.968
423.082
320.627
375.021
206.914
256.205
187.38
236.439
281.476
259.586
47.7626
240.704
288.434
272.641
223.89
374.951
288.401
301.331
283.158
312.236
230.017
239.923
269.889
135.411
76.7109
142.007
223.374
231.406
204.531
283.91
231.477
213.168
196.424
190.025
229.424
235.798
77.001
232.702
235.68
58.4328
238.305
145.814
87.9084
46.8784
231.225
260.318
315.529
455.355
238.171
243.157
243.74
246.111
452.624
318.772
138.554
137.368
123.827
141.96
126.811
278.356
92.4847
177.961
206.871
73.5762
37.6738
99.5788
-482.51
-248.593
-113.416
-114.284
-367.698
-372.194
-377.518
-58.4492
-90.777
70.7084
-235.907
-194.599
-234.548
-271.227
685.828
280.588
329.345
68.5413
91.5999
75.1849
31.9896
407.399
785.441
61.3745
180.46
136.862
842.834
581.848
628.871
628.743
655.043
621.851
946.423
950.149
588.321
615.494
883.215
1198.23
-202.752
-206.393
-42.4994
-210.914
-263.989
-235.661
339.001
90.6263
-63.034
166.846
-169.885
-354.669
-283.905
-152.863
331.236
321.567
374.648
270.276
247.14
250.45
198.314
717.459
614.709
691.859
665.743
981.029
806.353
391.21
1847.58
1873.6
1840.41
1283.78
1999.22
2503.78
1485.1
1692.57
1851.8
1577.11
1708.84
833.968
1461.44
1333.09
1370.19
1430.49
1491.88
1471.98
1469.66
1407.72
198.908
199.844
214.512
194.592
194.591
477.997
291.163
364.281
217.18
380.963
272.076
303.25
229.227
239.244
283.24
370.166
344.416
401.924
233.378
399.064
447.429
168.339
197.79
243.942
226.176
233.517
100.307
46.0312
114.547
68.8709
44.4838
124.753
219.708
96.6111
43.5169
48.8442
34.4586
43.5946
99.5277
160.844
72.959
29.4196
89.3421
13.3817
27.2694
46.3616
47.4402
22.6519
25.1977
39.1801
31.2986
1438.8
1436.23
907.269
127.555
901.568
1564.29
1162.55
1579.73
1361.28
1110.02
1083.91
1335.12
1582.44
1558.8
1179.82
1164.6
1435.19
1696.63
1132.65
1671.83
613.183
36.6038
731.589
40.7309
2.79391
14.6657
209.095
766.731
2.17686
3.40501
2.77949
2.32391
2.25295
1.48821
1.54406
1.12083
1.31204
1.66933
1.41121
0.985366
0.846822
0.930762
1.18562
1.10029
0.895895
4.48187
4.83341
4.96835
5.56251
8.32436
5.10293
4.97146
9.60937
10.4627
11.2785
11.8831
11.2262
9.94087
7.57451
2.31172
2.16817
2.57773
2.34786
2.30607
2.55663
2.63407
2.35155
1.03633
3.41682
2.48613
5.97934
2.97975
1.18709
0.319381
0.438114
0.241177
0.27279
0.374203
0.127786
0.233433
0.166981
0.10249
0.0658315
0.191259
0.183115
0.059728
0.0230194
0.000726135
0.0505399
0.000537125
0.00198029
0.0459233
0.00135665
0.0254919
0.0183119
-0.0190919
-0.0180823
-0.0152565
-0.00638396
-0.00927414
-0.0192932
-0.0198943
-0.00695759
-0.0170063
-0.0366503
0.00334809
0.00270975
0.00763796
-0.00855606
0.00127096
-0.0211625
-0.00897339
-0.0521943
-0.021775
0.0392589
0.0326536
0.534361
0.570038
0.391678
0.739002
0.640447
0.439402
0.603455
10.9477
4.83694
13.0254
1.16378
0.824469
-0.374826
0.186688
5.63408
2.39571
1.67445
17.0581
16.7513
16.6619
8.82074
15.6762
2.65826
0.420368
0.735174
0.0254406
-0.726642
-0.212707
0.237751
0.318308
-0.161719
0.0742764
41.7087
19.3573
16.2363
0.861331
1.23746
0.662586
0.88461
1970.42
1949.44
427.929
354.984
1249.5
2030.92
1901.09
40.7173
50.099
105.533
43.3782
58.7874
103.475
128.912
1588.28
1915.31
899.561
372.289
391.072
1419.99
492.877
1264.54
1199.98
1229.63
1953.85
1914.2
1475.62
1723.7
1515.99
1522.35
1742.5
1767.66
1542.22
1473.45
1845.7
1826.2
1720.3
992.777
1884.1
1865.92
1666.99
909.861
1649.14
-126.747
447.17
-137.495
551.002
262.634
592.002
1706.81
148.587
555.888
1452.94
1591.82
1501.72
1581.25
1636.57
1587.87
1595.44
651.159
972.962
1160.93
1489.18
350.632
1356.57
1481.78
534.508
444.331
1348.45
327.949
344.923
15.8803
503.999
1222.84
1442.81
935.793
1463.38
1491.7
1577.74
1579.59
1538.02
643.946
1455.76
1420.6
1466.39
1404.34
1492.09
1469.72
1518.87
5.84803
68.0534
644.376
4.67205
8.68405
1313.99
1139.19
1289.52
1466.39
1520.1
1485.72
1487
3.28353
7.96529
15.8483
3.86916
11.9894
19.5227
3.99087
27.0009
48.4575
49.917
49.3972
26.5398
26.5748
16.289
7.41638
11.2357
9.53085
4.54952
6.39493
6.07231
6.00847
44.2034
8.76495
50.7185
39.9816
56.3116
14.9953
34.8357
4.80939
5.39948
6.80056
5.38075
4.91166
6.84634
5.13692
14.6597
8.502
14.5107
5.22647
9.39778
20.5724
42.3947
90.871
17.0856
18.8829
454.707
19.4456
389.403
113.3
511.98
431.538
15.4615
82.7171
662.504
408.825
274.298
350.47
454.422
269.615
404.002
50.6851
206.676
-9.31243
192.937
146.624
290.332
213.002
243.7
113.189
188.75
593.702
313.988
229.311
337.06
220.493
59.9859
352.286
145.414
131.496
238.391
106.139
42.7457
71.4063
-22.3977
38.705
62.2037
58.4068
148.014
90.1058
191.075
77.8616
-21.0942
231.105
40.8918
131.085
223.134
62.3163
-28.7295
47.7625
182.723
-101.604
266.178
-23.6261
-252.494
169.886
208.717
109.054
97.3697
64.1315
538.21
616.037
527.113
347.147
253.051
334.849
371.021
12.4702
-58.9061
65.7557
18.1132
198.564
125.556
663.053
676.693
598.78
423.376
717.074
773.21
873.524
806.544
993.068
949.625
964.103
1113.51
1065.75
762.393
576.849
980.504
785.527
749.408
1178.3
1002.09
923.299
1289.94
1027.16
394.226
278.493
423.081
592.456
234.952
299.395
463.78
645.775
307.778
357.216
375.173
760.288
564.382
261.208
219.09
317.244
265.159
218.736
241.758
228.79
216.313
223.602
272.457
101.431
120.278
56.4023
88.804
93.0812
82.3941
40.2153
193.919
231.935
230.042
270.118
299.625
225.785
8.89361
66.3572
240.79
261.294
6.02969
4.70285
5.63189
101.366
182.051
88.3934
195.22
34.2271
14.7473
35.1156
14.735
147.251
15.0674
57.9033
17.3598
16.3439
17.0772
16.1871
15.8749
16.874
19.1305
14.3158
14.7571
15.0267
15.2069
15.0967
14.3786
14.4938
14.173
14.3812
14.757
13.6303
13.7863
16.2951
15.6801
15.327
16.874
16.9227
15.3021
16.572
12.8527
14.443
13.9193
13.1625
13.4662
13.5236
14.2674
807.761
581.064
881.506
1059.32
812.024
1056.49
947.477
2.08189
2.02025
1.36925
1.88129
2.95227
2.44793
1.13387
6.46206
13.1953
4.21496
6.14225
2.14924
2.61905
2.5712
300.314
255.639
507.33
344.243
245.275
25.2808
95.2216
14.5228
14.2193
17.3278
13.4096
13.5564
21.9087
14.3396
7.07442
13.7433
15.3173
14.8105
29.7071
20.0774
6.02344
16.3154
30.6642
17.0312
17.4896
65.1105
19.7566
16.1827
6.20704
7.3103
11.2651
9.37399
21.4971
30.5563
11.0419
-0.700784
0.221593
-0.141447
-0.607353
-0.672154
0.744237
-0.610081
-0.288714
-0.114442
-0.354955
-0.377044
-0.420884
-0.240439
-0.159143
-0.279209
-0.318332
-0.574738
-0.3007
-0.466628
-0.60132
-0.394718
-0.272695
-0.306194
0.0807919
-0.0127677
0.0500623
1.27139
45.1922
97.4696
8.9642
94.3334
-1.2815
2.4051
1.00358
-1.22612
758.911
817.879
805.501
679.299
780.376
787.671
797.099
785.79
814.667
660.483
756.379
761
774.607
758.67
730.395
833.978
786.883
727.817
719.754
863.537
809.404
808.065
6.10557
1.35562
0.1465
10.8952
85.6879
0.675515
1.65145
11.2515
-1.13259
-1.41811
1.29788
2.95563
-0.442899
-2.67611
0.210751
0.513467
-3.92777
7.05983
1.20344
-3.10321
2798.46
2766.5
2829.84
2773.66
2736.76
2854.61
2835.56
2866.32
2857.12
2854.19
2840.69
2864.92
2803.88
2852.33
1.39719
-0.201187
1.44139
2715.86
2821.76
2747.96
2752.54
2760.49
2755.64
2750.2
2751.64
2761.39
2777.4
2790.56
2759.94
2745.22
2752.83
2756.73
2761.53
2750.27
2744.48
2754.17
2757.39
2739.04
2759.74
2755.29
2765.16
2749.97
2745.23
2739.11
2747.86
2753.51
2749.15
2749.86
2778.21
2766.49
2752.43
2744.06
2716.87
2747.02
2744.14
2751.46
2742.54
2747.37
2758.47
2748.8
2748.95
2698.67
2741.61
2759.31
2343.67
1155.98
2848.84
2849.35
2837.84
2949.65
2814.19
2784.45
2817.84
2853.3
2841.18
2847.84
2817.35
2819.22
2768.45
2825.2
-1.31069
-3.48553
0.0830167
-1.2876
8.54443
1.29218
-5.30406
2756.53
2779.27
2736.93
2810.58
2794.3
2810.77
2775.57
2839.4
2862.22
2799.43
-2.47839
-6.5884
-7.60636
599.47
854.41
703.306
134.779
917.491
-25.3403
857.493
855.261
111.035
1717.04
1713.08
1851.05
1464.54
1813.92
1366.44
1817.25
1561.77
1502.63
1642.31
1909.41
1620.96
1675.27
1623.78
2038.93
579.518
976.862
929.738
89.8753
825.509
680.694
10.4398
9.41441
10.2995
12.0248
16.5559
14.0226
14.2035
13.6355
4.45049
2.6665
0.629537
0.644918
2407.67
2327.95
2172.79
2337.34
2.61403
57.6895
1130.35
1548.78
25.3054
28.7126
25.5069
33.537
3.23283
2.91064
2.39852
2.45025
9.27362
9.943
7.32093
8.61928
3.60013
3.49926
35.7644
23.7947
1.6834
2.30258
1.26779
1.74549
52.3991
184.667
32.7639
42.2232
28.2423
116.267
34.9919
104.147
3.55196
3.75511
3.51706
3.66788
576.468
293.907
785.499
170.072
43.9403
476.806
25.7272
17.7145
210.102
185.442
213.91
2.45963
2.71718
2.41156
2.70135
5.33991
297.74
47.7257
414.339
4.23574
8.16414
4.02336
4.02652
17.4263
156.457
18.0453
23.7571
254.788
1003.32
708.14
917.943
1.00552
1.1435
1.33733
1.23688
58.9343
74.3126
73.1337
77.5864
0.962921
0.958458
0.524606
13.3681
1.37283
2.04077
0.399023
2.64844
29.2973
28.0819
20.2656
18.8192
369.764
356.946
164.108
55.6034
40.8997
31.1188
42.7427
31.1543
-289.988
-274.353
-298.193
-301.027
-306.936
-307.63
-303.868
-305.487
42.908
39.9951
78.7037
39.0238
-0.261003
117.496
24.1096
123.526
5.14668
5.01493
5.1272
-141.347
-139.539
-142.199
-140.218
-65.3921
-187.465
-195.814
-287.557
219.135
193.12
176.872
217.799
1370.39
1563.65
692.463
808.144
235.961
318.9
373.933
364.605
-270.621
-270.193
-264.799
-269.934
-254.545
-278.517
-236.175
-154.337
0.581216
0.383056
0.218065
0.146005
0.943148
1.27868
0.378036
0.169525
1886.12
2025.13
1711.7
366.249
2.17522
0.367952
-0.163574
0.0609562
292.376
67.8076
-189.272
-221.516
1060.78
743.243
723.786
525.876
7.81411
7.35899
3.84515
3.32119
14.6578
105.935
45.1966
895.531
384.881
31.6811
30.1121
30.1397
48.6257
375.462
142.765
0.485644
0.363696
0.272911
171.904
194.352
139.511
137.221
46.4011
279.631
192.004
867.376
246.018
169.247
8.13179
171.071
12.3294
406.123
256.926
274.732
231.617
223.535
1217.82
1097.48
175.341
15.8245
20.0498
21.8416
17.6598
19.842
17.3063
24.5003
15.9674
1.44171
1488.73
205.368
12.6364
45.1223
102.779
1352.87
231.002
9.31971
2.23926
153.692
2.71109
-330.903
1315.04
1136.27
148.33
0.607704
54.6874
139.359
153.113
1.50658
1777.05
13.667
8.49268
375.958
-0.536609
13.713
0.683983
12.2258
559.634
373.832
0.450581
1486.93
227.445
34.6652
2.8412
27.054
810.027
1135.56
754.937
1.1604
664.371
779.814
739.721
6.42061
-188.378
973.52
831.364
538.76
783.124
606.814
366.355
276.243
570.648
579.744
457.576
-263.953
-260.378
-264.335
488.506
-244.283
61.0893
14.0954
-184.043
227.039
-244.561
-232.699
5.75073
82.4514
108.92
1.17208
-177.827
99.4046
-187.368
434.129
2.08964
-271.431
-263.124
-282.319
236.299
-272.039
65.4348
-273.798
-276.232
-296.11
-311.289
5.46745
-268.599
-274.606
-251.992
-276.079
149.97
-254.182
28.7861
-273.438
-57.4397
589.643
-249.813
15.7198
-210.452
-274.245
-190.029
-279.285
-226.262
-121.432
65.7067
-120.509
107.749
-240.539
356.725
-242.946
35.2216
364.586
362.979
80.3844
485.982
421.583
512.44
-253.348
461.994
321.604
299.427
157.279
145.068
-239.796
-41.6005
6.96375
-105.966
113.253
2.52478
21.8159
713.939
-281.099
-47.734
186.756
318.027
185.749
19.8897
-62.9535
40.445
229.662
279.738
-121.724
43.7741
374.577
70.5337
20.2884
86.3629
2.15232
178.872
-63.8484
668.266
32.5486
131.912
79.5987
4.79205
0.362973
-280.983
3.73063
18.5336
-92.1581
22.2772
36.4823
4.90064
48.9726
165.931
115.672
10.3975
233.629
361.042
18.6835
9.93366
1798.46
-10.2015
88.6783
16.4019
71.6614
160.963
187.329
634.644
102.284
198.469
24.8662
436.85
54.0744
22.9311
265.236
36.1683
-220.851
-116.054
254.112
0.00836484
104.211
384.12
-168.783
3.45211
59.137
313.165
-102.286
-43.8969
-174.302
111.611
666.159
229.814
204.555
392.68
286.714
780.077
1117.2
267.42
12.765
721.961
46.2906
245.271
330.739
63.303
40.7205
43.5258
39.8541
-28.6167
171.374
-0.0773881
26.4601
1831.89
73.8294
58.832
318.497
309.927
29.3178
1464.75
682.686
230.86
568.792
211.671
251.148
223.725
255.046
224.217
56.9703
40.8644
-273.102
1.44905
35.9607
46.3394
68.0382
184.9
192.055
437.502
184.501
461.679
191.693
123.6
34.0778
210.672
46.0269
-293.744
23.4109
-72.7445
43.5183
9.73794
322.547
275.93
131.747
239.049
40.0754
47.5119
45.0349
53.3765
584.643
896.4
2489.93
87.597
6.16771
-69.7395
5.55905
3.06236
3.23836
3.68428
3.66112
6.50933
971.743
5.08729
5.01895
3.27166
3.09753
-304.714
4.70652
4.00488
4.1072
4.08422
8.1351
363.277
3.16735
5.45409
89.7025
4.48331
1181.82
394.296
5.29944
228.493
4.44376
24.488
4.54045
236.125
8.96329
35.0233
957.677
6.4874
1067.18
962.846
15.1475
6.13322
913.035
8.18897
24.78
33.0648
22.8813
19.177
617.29
28.9957
1101.28
0.954439
373.171
6.06183
27.322
141.913
18.3664
24.4844
-347.37
1416.82
342.836
923.166
187.736
6.96125
281.055
19.5764
191.159
9.42707
64.7536
45.2757
995.199
1018.5
158.962
0.638765
189.454
219.644
457.53
533.823
1696.08
0.0963012
-200.649
118.139
31.041
1091.12
4.85191
660.964
531.634
84.2217
19.5191
1128.1
18.869
341.641
247.996
843.155
452.7
297.208
544.263
19.7938
22.1541
40.8737
18.4494
20.8185
17.8545
93.4826
-2.21256
16.4907
18.4118
458.975
904.226
25.6448
20.0837
94.4173
22.007
19.03
17.5861
18.0086
3.96065
1393.29
9.06477
28.2621
93.8865
229.841
749.045
142.209
-1.12923
156.037
192.642
11.3083
355.662
1456.77
624.08
329.133
876.32
979.355
1257.31
9.62515
15.738
16.9681
-0.107595
592.347
3.49811
155.574
258.728
-295.136
-292.55
1532.19
813.131
-294.195
-295.13
-295.355
-302.554
-124.038
21.2353
-295.458
2.28036
-311.044
-307.59
-206.356
-311.676
-292.066
-272.864
750.693
800.237
-53.9292
586.684
0.236941
10.7489
5.72699
-216.283
413.724
19.1917
18.9105
708.507
-293.546
173.756
504.871
63.1813
719.767
196.284
35.373
27.4779
461.01
92.8147
-296.308
704.003
102.207
-260.337
24.3093
-294.673
143.035
1075.78
-212.127
25.0494
329.016
-293.207
6.94073
1.88363
-273.063
130.973
-36.5347
-330.324
-299.552
-289.054
264.259
-331.536
33.0254
-129.496
65.6887
-141.409
-214.546
73.0913
16.8012
-333.882
262.323
-338.98
101.336
17.8285
-0.405177
-245.767
-321.207
-331.845
-311.266
-243.576
-334.109
52.7193
-240.724
37.5038
-261.128
-284.755
-318.735
59.3606
-297.379
0.840664
-253.135
20.7004
-272.383
-219.414
-266.728
-261.552
19.8696
18.2901
-305.253
-33.1567
-296.512
-309.772
-308.857
1371.29
213.103
-308.477
-221.34
-116.853
-42.9142
-100.003
-300.869
349.027
107.432
-295.851
-273.049
2578.42
51.5441
-222.899
-235.161
13.4882
-241.375
386.681
19.5266
22.9767
1.43703
141.732
102.427
27.8146
-258.404
1681.11
536.002
-181.539
14.2543
133.16
1061.29
0.0694814
63.9638
508.941
480.501
-30.9832
149.321
-107.95
-141.487
106.026
-15.5046
21.0909
-288.933
33.1145
1187.79
-165.914
1642.23
-137.58
155.892
1164.52
453.267
265.77
3.21809
1061.88
-329.017
1639.9
1700.86
469.087
20.7489
1584.8
1127.12
16.8696
1.11182
2.49122
0.127417
-323.35
-154.394
30.993
68.9993
1.96079
25.9958
7.08795
44.964
3.26915
8.49021
19.5278
21.5219
799.877
1059.1
879.091
62.5367
27.0275
1767.57
659.496
0.143686
4.44542
5.08249
3.42582
5.30147
600.751
12.409
6.41116
-151.6
121.211
10.0288
8.50863
0.968666
0.449092
651.861
9.41568
9.28479
1.63222
28.6758
78.9107
697.094
12.8273
8.90017
2.81192
8.10194
9.52995
474.383
16.6368
57.3441
1258.61
175.302
1394.55
-309.555
-151.578
-136.882
-310.056
77.8787
140.369
-216.554
-161.921
719.304
-141.071
11.305
16.0889
1312.98
698.755
902.238
5.06088
29.6001
-149.676
1632.46
-243.28
1238.75
1168.66
59.4178
12.3038
-0.467557
0.0489859
0.0601675
0.0341808
-92.7699
675.976
365.998
0.0626361
0.0593049
0.207663
0.226248
0.197143
0.0542126
1.24101
0.180252
1.74537
222.763
0.0445187
11.945
20.8987
-0.243916
2.53915
22.3074
230.641
-0.0247875
1201.92
1481.77
716.75
0.226756
-0.217362
-0.25516
0.0367107
-0.225149
1.33053
570.299
0.00716722
1295.85
1.74052
0.00485172
20.8747
0.264528
6.35186
2.48255
5.95745
0.816363
0.657135
0.661409
1.29867
219.833
80.541
12.1174
1382.92
13.2674
10.0753
-0.29239
18.2433
2.34818
677.096
-136.508
-0.379385
-0.220929
0.638326
0.132582
-0.181624
12.2511
0.0781346
1.19533
0.919251
28.8745
17.8179
0.161811
-0.102058
-0.173414
-0.114496
-0.135215
-236.737
-0.0231297
0.00567688
0.554163
7.18683
50.4303
-0.414282
0.883473
0.571621
1.08515
283.739
3.66369
1.69951
3.61326
1.06091
1.02106
2.46091
0.645981
1.6369
0.0899228
-0.413267
35.1062
0.559785
1.29377
-8.05657
2.72178
1.11412
17.0562
0.584239
-0.200737
-146.692
0.823106
0.726273
0.220639
0.639438
1316.1
1974.57
2109.96
70.7667
2195.01
1727.08
1402.52
67.6061
888.317
3.93145
1.89829
1.13019
0.824115
0.973933
66.0558
1.33169
1.34674
25.7711
0.0656113
2.93651
0.469949
20.2675
257.966
2943.63
2829.03
23.6161
6.70478
89.3829
12.8634
1.45898
2.81567
1629.83
872.946
24.8702
2.67613
-290.53
419.521
2.55249
620.764
13.0067
2.81622
23.3518
22.0506
-0.0111353
1.59121
0.719234
145.902
8.20075
72.3338
4.09089
10.2767
1046.39
5.12766
10.2632
5.32515
10.3048
2.86479
0.404537
4.15019
12.1425
0.946518
26.5576
0.413939
1.26535
4.48016
1.36891
14.6967
3.00363
0.813698
1.10244
10.8609
0.33792
1.61998
23.5188
1.49684
1.3612
0.993646
8.72148
1.5186
-139.112
1.12518
0.724122
39.8142
417.745
1.82244
1709.29
1926.84
339.097
1.69276
15.4439
1.97814
0.579961
1.90834
81.0453
1518.05
2.15202
3.31272
1892.8
-275.64
2.69434
0.908586
1.54753
1647.04
19.5312
2.64281
0.296457
2.37109
1.60671
2.07207
3.92658
1.73233
1071.48
50.3062
0.955866
11.2063
1.75401
1364.89
3.16936
-206.604
22.7661
3.4564
0.515701
3.13973
107.495
3.10068
2.68257
478.912
57.7985
0.660054
2.32798
3.55403
2.36285
0.226165
1433.66
1201.06
27.6932
0.373171
2.76252
853.197
0.372873
1.18493
1336.42
1704.91
75.3408
290.781
17.0626
1583.53
12.8393
7.67865
13.5651
14.2409
11.4757
14.5355
14.5322
12.862
22.6732
15.7828
16.8108
1696.41
1485.23
235.83
12.0757
14.5731
1.7198
1831.2
9.62683
1885.67
1785.4
0.463263
42.9685
20.8505
4.6415
9.40582
1623.74
996.95
2.89634
0.319532
565.878
1916.94
468.733
12.7754
946.48
1256.94
637.547
-309.056
2265.76
14.8098
2066.09
37.0734
2050.88
2.14897
17.3294
0.314623
60.6691
12.9377
11.5766
13.3027
62.1633
10.5343
6.71074
12.5289
2196.67
13.3673
8.53105
1110.15
19.3324
14.2223
10.4612
12.0449
2007.69
9.17974
1688.88
13.9915
7.67385
7.75824
11.1243
5.91168
6.01392
8.29638
7.96774
0.958179
12.2565
13.7788
13.971
9.10751
32.6927
8.29221
10.4131
6.71934
12.0905
1.65599
10.3307
10.9534
344.675
1.35956
13.082
1508.91
4.85469
7.5185
5.81926
9.14209
5.14055
7.10909
15.0724
156.879
24.6986
12.9816
188.698
1292.88
92.2075
91.3308
193.516
13.9013
14.5922
15.3717
132.226
92.0505
49.077
21.7128
9.65992
9.91461
8.47264
514.168
2775.98
7.09771
0.983601
38.3368
1.34908
12.7402
870.945
92.5527
2909.48
0.62621
2.4758
-0.838804
0.252449
11.199
12.8548
5.48185
5.48872
-0.395307
11.0175
11.6429
27.0893
67.8379
16.1405
13.8457
152.288
1009.71
0.907934
433.487
21.7607
2158.32
2561.51
-271.278
1936.53
420.175
36.6974
1.72256
6.30047
11.4922
2683.96
2599.28
1641.88
2693.63
36.945
2227.33
2116.14
3.2475
71.2715
2455.82
13.3571
15.6022
2557.19
2517.23
16.5036
4.77627
15.4179
24.6627
1080.51
-320.16
16.2947
12.4732
9.97032
4.4436
4.31512
606.169
12.9608
3.1342
15.632
2.61838
3.62433
0.00896972
32.9071
-1.14605
1.74331
370.573
19.5965
-0.525532
-0.387511
0.398308
-0.11539
21.3993
1.26807
2.19309
46.2848
-0.179838
2857.13
-0.727079
-0.0174527
12.9764
2810.27
-0.929185
-1.36459
2793.97
-158.601
-0.871432
195.186
1501.72
122.268
-0.459922
9.39055
440.586
12.28
1617.24
15.8865
20.7039
7.59348
7.26877
-0.693093
12.0201
340.588
34.4847
0.639565
-0.59275
13.3543
15.0661
5.8353
-0.689164
18.5388
0.331304
284.336
13.2506
29.281
1279.77
381.573
54.8543
1511.47
146.719
1.32992
121.249
66.801
265.038
39.2254
1558.43
245.245
992.017
266.286
-2.2581
-256.85
-31.6616
114.968
201.487
1763.68
781.449
460.74
-172.245
237.268
17.4355
215.613
15.8076
137.426
321.706
1679.45
17.003
868.301
-1.45514
2407.06
21.3827
307.678
18.0852
1181.39
1647.16
1345.44
240.668
5.90705
17.6308
26.8392
35.9596
20.2078
709.482
15.6486
14.8515
11.7923
11.9469
12.1644
15.7745
2.84304
12.0295
136.636
68.2281
412.783
0.642353
1095.87
12.8991
32.8657
47.7686
321.726
779.924
122.403
269.566
26.66
818.66
14.1442
6.18571
16.7448
353.288
11.8201
10.6466
65.6089
391.913
11.3788
462.628
1504.52
18.1103
1224.32
262.841
320.576
955.166
325.669
1305.37
79.4638
627.658
87.8205
3.81719
575.095
1064.97
405.524
1780.18
1177.99
840.43
621.4
1578.66
106.19
1651.06
897.724
0.0637864
469.174
1470.59
21.8529
3.98936
69.8444
152.146
20.0051
24.1334
20.9378
4.88695
399.265
1436.65
17.6471
196.979
1125.03
1314.64
555.072
698.876
0.537772
790.522
325.721
129.474
130.016
195.234
291.166
63.7985
71.9113
11.5384
1264.11
107.322
306.134
160.674
1431.05
173.029
20.4575
2.3837
-131.77
1005
423.499
289.563
61.3298
-105.126
35.2844
1102.21
21.6189
827.619
651.927
1117.47
1105.62
1268.91
1163.26
132.359
939.261
1035.86
1117.53
1263.65
1177.22
378.508
61.8251
19.0121
63.0494
91.3906
326.409
-140.475
102.809
102.031
101.352
64.5594
73.3376
14.5368
154.631
-132.804
224.763
114.095
417.419
-48.3393
41.1334
35.608
157.839
62.6027
695.29
63.1603
193.869
0.9666
3.39779
72.9253
597.982
1385.66
72.4425
76.8968
42.7662
66.2426
34.1307
39.4089
32.395
32.9911
42.4522
35.9201
65.1089
50.9084
54.9089
47.1063
190.448
1354.48
1658.86
286.307
1183.23
330.94
1357.39
1382.96
43.4643
-0.66167
-0.470414
3.05835
28.887
23.9835
3.39477
-2.41933
307.485
26.8177
6.31332
0.417099
22.4149
61.6617
67.0844
69.5286
41.1929
24.9133
15.7329
82.3713
-2.39653
18.2797
-0.376974
3.11784
-1.31736
30.716
-2.62632
35.1374
31.232
840.077
501.879
16.6468
2.45082
505.281
457.654
273.006
644.003
0.939205
249.718
20.599
67.8064
41.8997
455.976
420.12
34.3863
512.435
70.6868
34.614
-2.94861
52.7923
208.484
367.708
738.845
84.9595
51.1124
14.9229
693.834
166.039
951.874
87.9073
550.128
13.8219
776.92
19.816
62.5104
17.4167
-29.5406
89.5378
-412.862
-6.97149
-373.815
-406.091
-262.128
-287.431
68.2785
62.274
5.7238
-224.615
18.7927
1051.74
-235.847
176.602
0.456391
178.495
856.234
790.887
533.263
598.755
545.221
-22.3652
163.644
345.726
1445.63
263.747
520.801
-97.9692
-67.9274
91.8741
-34.0624
654.222
428.593
69.4478
547.954
35.6689
1645.23
1669.42
1767.13
63.5576
33.7211
-257.784
448.677
940.406
541.585
836.456
213.271
390.468
375.109
678.672
705.665
640.252
499.372
743.192
-228.227
551.769
518.337
51.4306
381.653
1474.75
193.149
272.894
277.501
545.175
431.932
227.457
241.584
331.688
37.7907
132.993
320.677
435.961
718.907
0.256811
12.9411
8.29403
303.359
49.2343
633.909
360.169
186.419
212.384
0.225255
40.0615
295.625
0.675659
1.35152
164.376
323.103
346.078
0.342618
4.88178
5.95085
290.486
1.61613
920.367
645.361
0.641739
-0.25135
0.191094
297.782
5.16982
0.137051
3.25089
191.826
7.67381
176.24
412.036
75.1596
149.754
20.9961
126.308
68.4567
194.315
213.04
243.567
104.791
199.891
139.873
2.2575
11.0502
166.313
120.624
237.905
221.04
142.809
8.13172
108.126
55.5862
148.615
126.679
99.909
130.002
109.23
159.672
10.2175
146.244
157.056
71.1658
177.19
23.6288
163.244
165.098
55.4426
32.7992
284.153
211.487
314.861
15.5878
76.4055
337.371
200.009
351.721
72.9612
10.9927
320.762
375.256
335.653
168.059
84.5684
403.496
350.322
295.527
19.0532
299.656
430.199
356.144
345.685
373.014
-45.7374
297.113
323.812
277.424
26.0236
292.876
425.854
319.117
323.507
157.581
80.7461
100.18
96.4492
162.818
86.6847
26.1665
316.414
82.0378
81.7263
104.537
433.574
156.189
2118.62
0.853781
110.1
249.152
584.714
59.371
333.218
143.124
196.527
40.098
325.763
2.83974
25.2876
109.69
114.287
126.207
97.8941
141.075
106.164
387.06
130.487
147.537
52.6808
56.3858
28.8331
22.626
13.4606
18.5301
66.8061
20.5632
153.464
115.574
29.5234
82.1054
108.472
91.0904
114.905
77.6482
48.0642
81.4238
111.092
26.7812
19.9828
178.766
417.928
443.977
21.1215
81.6754
16.2297
535.515
-101.246
77.0844
433.531
551.865
1022.23
884.767
8.16053
344.864
32.8356
122.383
21.9645
808.876
291.715
2.69827
37.1253
184.792
35.1802
240.495
1.74982
1413.11
13.6654
19.0657
718.88
11.9113
163.098
259.378
57.667
31.4875
14.662
270.959
1089.96
20.674
14.7257
1024.31
6.08073
4.51465
29.5162
12.8839
14.3301
17.3919
206.023
23.6906
518.881
24.2875
179.941
15.2382
46.69
163.472
112.929
32.1222
40.9495
1267.85
142.043
16.1268
17.074
18.2039
46.1561
1730.76
17.8955
23.5922
13.0325
17.2856
903.202
36.2129
14.6455
1.01768
20.2497
86.4559
14.7664
-13.256
32.0856
30.3375
27.4534
25.4307
8.24422
25.2242
31.3384
16.8105
26.1118
37.071
28.8101
14.8938
175.425
1309.56
1323.05
1355.22
99.2642
822.801
2.61373
16.839
334.864
792.052
358.899
4.85807
990.953
25.6385
774.931
-0.924502
33.4685
72.6203
37.0726
27.4947
55.1056
22.1761
118.673
25.1489
20.5216
40.6793
63.655
39.9541
19.8076
48.1035
31.025
38.2528
647.489
670.103
1308.49
20.6617
30.6695
47.6917
41.3313
311.305
316.635
185.511
193.492
1370.87
1489.38
193.882
181.07
183.848
54.6419
1.77332
208.05
-125.438
16.5915
34.7704
54.7675
12.0008
39.9933
28.7575
227.478
19.6079
288.998
55.1571
12.4864
56.478
11.8603
25.9457
38.6811
7.37816
43.7229
52.7178
869.129
21.183
29.5594
66.4553
1534.79
96.985
29.1081
53.3774
43.2846
538.544
3.66638
997.682
1208.45
912.463
42.806
64.4006
24.0351
46.5872
17.9212
287.661
96.7389
384.899
15.7647
59.6781
67.6861
29.7712
930.346
18.3699
15.7914
27.6066
18.4666
19.121
133.127
709.792
20.6184
17.3606
17.9587
18.9666
20.0286
166.995
41.8242
-245.891
1184.92
545.978
743.331
13.8128
21.8949
427.878
141.81
114.206
14.9416
83.6646
20.7397
235.111
61.4466
77.7016
1400.97
15.6462
45.7833
182.964
360.28
165.724
52.2613
269.344
232.35
405.964
350.49
155.267
112.232
2778.2
151.232
380.054
310.746
409.817
323.714
184.181
216.628
391.142
177.901
80.4024
73.166
171.77
232.883
167.835
4.14592
7.09613
41.1634
130.28
72.7984
28.1952
35.8306
0.928428
28.9042
4.54815
347.049
10.2715
7.40961
31.8756
46.6883
19.4474
10.7329
34.6017
32.5474
108.191
470.009
-45.2571
3.88138
3.76582
15.3985
7.58686
280.707
320.485
196.658
70.4366
136.59
408.337
2465.53
201.797
371.932
251.626
334.188
189.323
263.465
477.977
392.714
2.4333
478.799
47.5671
1181.09
614.178
205.818
1079.18
15.2522
3.19961
592.072
933.541
376.329
975.093
27.7747
222.827
37.3594
1481.04
176.385
-115.842
237.926
11.2833
1186.23
1310.85
45.2973
25.9105
-380.688
253.708
4.11937
624.315
1282.22
-258.143
1195.68
48.4137
171.643
1108.25
-2.91048
818.222
496.857
56.3315
21.1161
20.1608
63.7426
3.62102
29.632
-1.87226
100.147
25.5564
70.5603
89.6311
253.557
29.1798
197.104
25.2765
37.0065
11.3109
33.6271
1225.23
1368.13
75.3493
480.255
-79.6844
589.471
1166.88
1247.15
323.953
59.9723
73.7195
497.336
136.533
-335.392
16.3921
63.2599
78.7161
60.5351
563.939
73.4253
177.685
1013.09
22.298
1587.49
458.554
300.45
135.741
1324.46
1.41502
724.565
764.188
1396.2
1413.06
1588.43
85.5188
5.01727
1392.19
3.19819
92.4998
0.694151
57.2087
133.909
64.0227
36.6367
-0.338514
2016.58
104.448
1812.41
0.427446
41.8949
0.187335
54.6426
80.3316
11.9496
1.20762
18.8122
28.0962
98.1741
1139.83
0.728477
13.6742
2.00354
521.987
-0.489404
425.221
1.29635
88.0848
19.6777
0.815282
1415.26
40.5881
4.00446
1248.48
-244.258
-63.4466
17.9358
4.09948
-250.979
16.273
0.705185
-0.371973
1436.96
-0.587934
2.46439
11.1771
1.89107
0.396458
-0.1078
124.521
1.02556
22.5031
2.25516
1381.46
2.08576
1311.87
48.7857
11.7235
1.86044
37.0411
10.9198
3.31149
0.836349
15.4692
3.10627
1146.41
5.5351
6.38176
415.776
-4.82421
0.716435
70.4312
1567.69
4.27922
754.894
1.89278
2733.86
3.53195
0.495118
15.8918
22.2582
1865.34
2150.09
38.8412
17.1093
1361.81
1.7703
1576.91
146.902
4.20303
2715.3
14.2709
17.1771
0.669872
12.1106
3.1855
0.114217
0.272719
272.513
5.01634
2692.34
2797.66
108.367
1.06788
0.885538
2.27103
19.6183
126.016
936.289
3.71111
0.247725
13.0283
4.15073
-100.892
2021.8
0.153144
147.77
0.109852
11.6436
0.130793
2.96547
0.144102
1.04013
-0.240091
0.224054
7.4656
-0.0242583
0.228255
1282.43
1.38439
0.395058
0.76426
15.9185
180.073
1.01228
0.803031
2780.04
1457.77
-145.42
1775.76
-239.424
22.3771
-310.338
12.6907
-34.9908
-296.317
0.567163
15.2098
98.098
292.684
-0.192578
1.01692
548.314
28.7489
-0.342502
7.89706
2.19637
1853.03
260.047
1679.48
14.5718
10.891
12.1396
254.253
-0.23728
9.8549
10.968
202.748
1678.54
-295.433
743.006
38.2292
33.4234
376.583
1398.83
-166.353
1109.58
32.2523
-285.949
-308.707
5.44926
-291.219
-254.477
49.9397
85.3366
496.828
15.92
25.1922
669.178
-178.721
621.962
63.1146
-286.553
-100.492
1533.01
202.783
4.54627
10.237
-287.978
2.10248
368.555
-177.339
-283.097
1.10393
167.855
1338.41
23.849
603.083
-270.614
4.26516
0.0890775
-327.275
-320.776
252.57
-322.451
-324.648
410.283
73.6545
47.9222
18.1367
217.338
385.588
-226.594
-73.31
-239.906
230.81
-270.776
1254.77
-237.923
144.133
51.7974
-183.004
-25.3689
277.07
-304.128
4.09896
26.5352
710.948
19.1469
42.1685
-97.1596
93.7955
1570.39
8.15075
-307.582
30.7016
930
3.40473
12.2557
227.943
4.10506
13.8992
18.6936
44.243
43.1628
92.7225
5.95336
2.44613
32.9377
12.2806
3.56393
636.265
37.1211
61.2112
225.085
45.3166
36.743
2792.79
59.8172
16.1017
29.2528
1138.9
1265.8
22.1005
1.44556
0.105494
1892.52
486.001
127.163
139.088
480.134
41.1231
116.774
7.31479
14.4435
891.669
360.253
65.5829
-280.816
1552.28
643.158
16.5736
18.736
151.016
-0.566449
22.1152
125.129
2.67092
41.661
10.0144
38.4967
166.071
53.1646
194.338
129.61
1028.1
-270.823
26.2931
222.497
-124.548
26.9077
63.7493
380.174
899.358
227.052
19.8201
183.81
84.292
200.586
54.1223
65.4191
191.353
212.11
-193.639
109.175
1063.32
441.586
145.138
-274.365
155.252
-267.867
4.68898
238.272
20.123
26.8935
732.702
-109.826
968.922
-71.2592
20.9803
75.4884
3.63023
143.051
1392.68
-316.675
1.42455
100.753
-274.362
4.14165
-277.063
-268.361
17.4086
45.3701
30.1352
11.9587
627.327
15.9844
787.41
9.76811
2.60115
147.538
-339.566
-251.635
927.771
425.363
299.952
-285.43
478.292
-249.013
573.693
-265.047
134.7
0.223678
77.0304
-179.264
414.614
13.2898
-249.17
1415.78
-275.881
764.072
860.628
-252.969
-269.393
24.375
-67.6376
-274.238
186.621
20.3255
23.7537
16.8772
17.0425
343.87
667.559
129.516
573.942
1137.6
1260.46
-293.172
-62.9139
-245.332
-258.868
-160.285
17.8829
16.3933
568.948
164.723
127.251
34.7714
-271.342
75.303
-311.613
21.2608
83.4048
54.4552
21.1299
2730.39
-0.167443
91.0208
19.2674
-244.81
17.971
833.993
1235.45
1.7147
2318.61
26.8193
3.17157
41.1461
13.3747
196.607
9.49793
21.6159
45.2866
-0.95971
265.404
1020.56
71.9844
138.652
207.632
924.91
72.6972
199.322
491.256
3.47938
3.2558
9.76288
30.133
60.418
1096.03
796.6
216.701
27.0756
64.8471
1352.7
12.9957
36.7917
57.5471
246.699
68.5612
194.837
1132.3
6.64218
32.8089
989.309
11.147
1276.62
-0.0404358
17.9743
285.732
-283.834
1.54567
2769.67
63.3319
124.548
356.463
64.9291
24.9248
0.753999
18.2446
500.086
100.389
734.698
28.3164
0.828987
454.214
15.9014
219.028
40.5483
405.299
40.8614
72.0423
6.42427
18.7166
48.5292
1723.44
60.2615
41.8478
8.42457
9.82722
0.481672
19.0347
4.89236
2785.39
918.056
-269.356
275.901
9.74615
-292.105
1.87069
1067.91
823.92
5.04713
-0.103237
516.223
30.9381
-298.711
78.6528
18.3362
483.226
131.76
877.123
17.3731
3.90554
-253.401
-278.47
27.0229
-221.654
-280.813
487.598
191.204
3.05461
1333.6
21.1654
-53.3003
0.54571
9.44075
18.7237
-192.693
432.759
19.1648
19.5648
23.7555
8.74551
280.229
14.1521
40.1744
1615.4
3.38145
11.7203
19.4569
)
;

boundaryField
{
    FrontBackPlanes
    {
        type            symmetry;
    }
    wallz
    {
        type            fixedFluxPressure;
        gradient        uniform 0;
        value           nonuniform List<scalar> 
97
(
2783.92
2732.93
2753.15
2812.56
1794.95
719.224
580.385
879.666
963.231
1134.61
920.361
1297.6
100.194
617.058
655.061
931.953
27.7893
721.558
1423.74
1489.43
1496.48
347.631
-12.3236
364.862
281.193
-96.4529
44.9713
1121.53
1559.58
1386.31
385.62
398.426
169.859
106.15
244.89
1465.84
1250.72
815.484
681.017
478.798
1722.52
-492.663
1470.47
667.122
812.019
649.212
2657.25
536.386
3157.05
948.268
314.128
963.952
952.167
331.394
443.384
306.798
864.906
1094.33
168.285
524.957
363.236
441.164
259.586
61.3745
628.871
1847.58
2503.78
5.63408
16.6619
274.298
404.002
59.9859
62.3163
266.178
65.7557
676.693
423.376
923.299
423.081
261.208
761
863.537
0.1465
2715.86
2757.39
2741.61
2839.4
1620.96
2038.93
579.518
1136.27
-188.378
104.211
1371.29
433.487
71.2715
990.953
)
;
    }
    outlet1
    {
        type            fixedValue;
        value           uniform 0;
    }
    inlet1
    {
        type            fixedFluxPressure;
        gradient        uniform 0;
        value           nonuniform List<scalar> 2(2765.16 2758.47);
    }
}


// ************************************************************************* //
